2.461705607068579993e-01 6.214446895014705263e-02 5.526781834204212013e-02 8.746025994451257779e-02 6.562463339726466727e-02 1.358023578769726181e-01 7.147588013327346723e-02 1.036585082572626937e-01 1.699511340804365500e-01 1.155665578421151835e-01 1.183447722223888582e-01 8.737679838698819701e-02 7.050756992413743929e-02 8.196765928877815244e-02 8.721265355692379984e-02 9.089827970545513725e-02 8.711488521225328741e-02 9.110794180567580169e-02 2.010142820456866514e-02 6.261014418287012828e-02
9.254904742812443408e-02 1.266746829387662733e-02 8.736684975316698354e-02 9.787715720746920089e-02 8.314380095143944494e-02 8.829700593839097042e-03 3.696974045842210677e-02 1.783217893128540357e-02 1.455061882339686585e-02 1.900733418352209755e-02 5.953041929796981657e-02 4.986604349681083431e-02 6.277552887076602584e-02 4.879695339372667334e-02 1.881977119225457587e-02 5.502170537532380390e-03 3.635971753191324929e-02 4.889156099904540254e-02 3.057586302349277890e-02 9.073311067795800100e-02
4.186549316506957968e-02 5.312505363534534425e-02 6.338153801318369140e-02 3.540015905896789356e-02 9.034835990644196624e-02 8.136651241027038559e-03 9.765579654647370267e-02 8.794498806437896221e-02 1.668525975619388271e-02 1.951989125888843601e-02 5.761141756657759544e-02 6.887147582056188377e-02 3.778878006170055537e-02 1.529619787445828452e-02 6.695834465351363507e-02 1.080843491020581221e-02 1.226891634768020357e-02 6.431818399945554710e-02 5.407764296778647117e-02 8.125835285863403784e-03
2.768365693461513274e-02 6.250879531804008626e-02 2.324937330358131313e-02 4.261383017004705120e-02 4.646530647349055715e-02 2.134565730372267600e-02 8.082574686874380299e-02 9.991797076781146203e-02 3.860909208305361023e-02 6.698980311938156074e-02 8.710734418232785048e-02 8.265281236138634358e-02 4.166449721506191445e-02 2.872729139593002343e-02 6.047194959007826109e-02 2.335734536939120323e-02 7.051272357179098893e-02 8.286376180446584916e-02 2.771854076435407294e-02 5.768379864031008414e-02
1.823886696837751994e-02 7.443615589501871577e-02 6.642704316994917091e-02 2.681376492472333992e-02 4.405733039838277861e-03 8.989690377780713837e-02 2.004979214166882281e-02 8.936401842111041383e-02 4.973515450899971407e-02 2.064237079292809141e-02 1.377572830928351991e-02 2.674804231380235875e-02 9.127670606998117275e-02 8.926823903283664929e-02 7.576895602440641975e-02 2.869495889235155334e-02 1.610862310003447970e-02 4.497597675950010254e-02 7.244377813559428614e-02 6.983409394405701298e-02
8.139117529267915485e-02 7.304447371808663048e-02 4.282915649854079909e-02 9.558310791988561261e-02 9.127991982293331974e-02 8.161521414523814633e-02 2.636700523660269468e-02 8.426980864922548053e-02 3.960161590983779512e-02 6.579275290236363816e-02 2.802380958253565535e-02 9.815788810706507772e-02 7.233524047169149519e-04 6.911274578289254567e-02 5.751055557905515592e-02 7.150564653768803902e-02 6.689339137381571099e-02 9.061462507690150325e-02 9.575417747201667162e-02 8.107142489335722457e-02
1.426432747427622966e-02 5.807398962188523722e-02 2.203826888423229477e-02 2.346388908936798690e-02 6.134096850196579104e-02 3.184479012565415851e-02 9.284024654711378610e-02 9.148968158296970354e-02 6.361003146177690581e-02 6.352713555986516658e-02 7.886108767684169019e-02 1.915357947423325380e-02 2.861330048825112826e-02 4.959266123898780493e-02 4.343125950837084526e-02 1.981375632053061862e-03 5.678224716356161834e-03 2.442180734166821479e-03 6.276000519125501942e-02 2.793808512058840871e-02
7.957795519862620112e-03 2.813892193241153417e-02 8.195246147938373138e-03 5.359230464442119729e-02 4.905277778303342162e-02 5.384097313371010579e-02 4.582929153922329912e-02 7.467246586519891982e-02 5.063815993604306454e-02 5.558705246300506275e-02 4.509273700604457535e-02 2.270206057822320503e-02 8.140893271432246558e-02 2.924296984157275306e-02 6.231221263878220645e-02 2.337591175671399624e-02 4.612872538764423158e-02 2.623701631718199437e-02 2.972640671302196041e-03 5.322495676171490331e-03
1.419223704444103756e-02 8.871151836420858305e-02 2.849021523741447626e-02 2.189911722652410075e-02 5.237126638850797718e-03 6.532101872734390191e-02 9.332556238150543915e-02 4.789230863162555890e-02 6.572783028147559381e-02 6.586866285905468299e-02 6.398237679876793427e-02 5.649205083356546864e-02 2.014363733804960463e-02 2.363319207361041022e-02 7.984866452356334521e-02 4.176877253163475967e-02 2.342364031222066156e-03 5.980690186758167576e-02 3.461354463841784940e-02 4.329040910663846387e-02
5.853692117891889923e-02 1.884207987561613631e-02 1.498105629554101828e-02 1.837827597515163600e-02 5.596994070850652703e-02 3.714493964829757022e-03 3.320845817464097849e-02 2.214705796059899395e-02 8.906163045080256468e-02 4.617499490676113538e-02 7.350099575512251959e-02 7.209235109486737680e-02 6.169973518139554303e-02 8.116938163881470825e-02 5.161929889113939934e-02 2.532079224468880563e-02 7.749589625532565806e-02 8.507507585768081526e-02 9.550904185544073499e-02 9.251047561215469672e-02
1.824318525579268421e-02 6.513305777969835737e-03 7.164296206726085414e-02 2.571107218208256232e-02 8.707427726223568309e-02 8.657172695079051739e-02 5.339244024596850186e-02 2.692014865504640739e-02 7.881186208343225752e-02 2.523655924160977948e-02 7.774011558045040848e-02 6.289994966177549218e-02 3.247466556263233634e-02 9.578159092891445903e-02 8.018709794315592720e-02 3.010014282279012410e-02 3.507554241349427476e-02 4.386318249018734960e-02 5.486644310756372614e-03 2.973271360240052966e-02
2.948202211744017920e-02 7.804438298906177240e-02 8.504052852250350292e-02 9.551739085453386791e-02 5.083090381516933154e-02 4.158493628698000516e-02 9.234727978292325834e-02 2.678246121619975995e-02 6.734192891689416705e-03 4.349014991555534559e-02 3.795352079059766213e-03 9.666608797341783021e-02 4.720936391545863670e-02 9.008245671685538580e-02 9.636260250531741844e-02 1.906005919914760538e-02 5.755194440705389131e-02 9.689882192478899148e-02 2.743414432703798062e-02 8.621558234448507829e-02
7.332501135965201200e-02 2.083968072857887016e-02 9.425170975891071501e-02 9.086593327153169586e-02 6.993493521388292888e-02 8.730837524754472834e-02 6.462828177634015459e-02 1.691842509598207207e-03 3.878532212471215435e-02 9.185695247207642522e-02 6.560619723540521420e-02 4.995849910362779728e-02 8.423316959749618804e-02 7.691658155930966578e-02 9.408297277019300742e-02 7.765470157571136012e-02 4.910259928874906310e-02 1.263049286931810025e-02 5.832857092027693424e-02 4.736250260863759248e-02
9.912026655991670876e-02 8.114651661154531626e-02 3.135911632223042922e-02 1.423507931847614073e-02 5.058658428254944606e-02 7.765572973867614082e-02 2.742716752772036623e-02 9.619124732290514068e-02 2.152357804353698459e-02 7.754227864810418758e-02 5.739613345050327553e-02 8.013891264027812877e-02 3.122067896325508851e-02 1.686180909234562611e-02 6.798250504894964852e-03 2.620538273208568303e-02 8.547809169316521183e-02 2.837809067142941372e-02 5.272353385079650567e-02 9.856817748105178856e-02
4.997896369451718807e-02 6.217828436608120735e-02 1.774201613520079088e-02 9.790452676595169657e-02 3.969763589550096006e-02 7.322485028989515754e-02 3.401185113197552345e-02 6.936791003228597041e-02 1.637998699978049366e-02 1.674987908764383887e-02 4.315201378537064647e-02 9.463692945070301121e-02 8.470239162888702766e-02 8.785528261425683272e-02 3.090219117865654688e-02 9.827577884202293168e-02 1.087012573677304059e-03 2.315031861986763945e-02 1.578595158645499513e-02 6.583796781073213145e-02
8.425368440064474884e-02 8.125436879415613711e-02 6.232815313431001869e-02 7.851886143846030508e-02 2.475171148885789776e-02 8.480752550427482495e-02 4.661106596844084848e-02 9.379664575898014056e-02 3.316228730861982277e-02 3.550732652499610786e-03 6.268207127146033231e-02 2.375395936448404521e-02 5.141618607719131151e-02 4.075224159610535413e-02 9.594042739813939125e-02 4.687058485962393439e-02 7.895934160644547950e-02 3.554634428684844225e-03 9.601117048749371885e-02 1.698208945193811076e-02
5.587312457274058730e-02 2.798855954332776438e-02 8.765414464513975046e-02 6.728624296048524300e-02 3.257751246976089282e-02 9.002461617287968454e-02 7.349108037545110106e-02 7.398935331983826080e-02 7.188509851622566782e-02 2.991799967266497648e-02 6.385908549843034854e-02 8.664220974360210825e-02 5.838977586891420934e-02 1.013580206115666238e-02 7.186645898261011245e-02 1.350530261440082737e-02 2.350139767115463560e-02 8.935842782261044226e-02 3.223160108972254051e-02 2.020322874942767286e-02
7.204869229269438013e-02 8.711332141523575601e-02 3.550193448858914025e-02 8.994923693337408821e-02 3.899514417396843236e-02 1.450618777398017360e-02 5.568735352069964506e-02 5.530885249126051006e-02 4.126909003401151715e-02 1.917187251716220495e-02 7.071213928688206696e-02 9.384619292893002507e-02 9.672378354301815195e-02 4.432219034689577342e-02 6.096064840988976719e-02 2.686325590736240651e-02 5.761742498013747160e-02 9.431006361625192402e-02 5.412332597931850814e-02 2.035884332646836770e-02
9.175018162457415638e-02 3.325633899553428335e-02 4.082318869257543087e-02 1.317191434399223081e-03 9.214396537395087849e-02 7.034910661837941170e-02 3.220612423935256124e-02 3.763103131500499660e-02 4.352613738450863967e-02 2.025737988892395598e-03 7.949332842618334061e-02 6.295886756448881849e-02 5.681525003074253122e-02 6.749276330744473362e-02 2.120743394399111914e-02 5.210427672827697837e-02 2.292393637143733814e-02 7.352892277118501518e-02 7.280870606621869801e-02 4.651447386903296254e-03
6.577575264097561270e-02 9.396385432454514020e-02 7.670626495752530527e-02 9.862193900186570772e-02 5.606755770331677685e-02 8.501341687406258063e-02 2.614188038900422395e-02 8.559150149624389359e-02 7.975293717820852724e-02 1.103347542855290936e-02 7.811150111914211616e-03 7.751374289820189833e-02 5.127667121063218814e-02 2.665632026491765449e-02 3.639780394896354604e-02 5.982804747788572804e-03 7.270663033516201745e-02 9.624873920678272965e-02 6.782388055772771429e-02 4.246943103086822657e-02
