2.516613462447883642e-01 1.249105618946959456e-01 8.133880044365882078e-02 5.092458435400924743e-02 2.993678227922958596e-02 7.909651110686460873e-02 7.709797746329802304e-02 1.645574516390865480e-02 1.196548909490318877e-02 9.079310268700616082e-02 5.126421825131860510e-02 7.807908520040281186e-02 2.980583658523962287e-02 7.577673840117959969e-02 4.258833720657987515e-02 2.987554068529373746e-02 7.653565678235280112e-02 9.241622292868766075e-02 8.633553860374734712e-02 1.357715899657559455e-01
2.666717923386985323e-02 6.965660272246795848e-02 1.595774934823963528e-02 2.691859108487320087e-02 4.985973694730845562e-02 3.672291038824983256e-02 3.063022610134980006e-02 2.596191498858255869e-02 8.954271434629591797e-02 7.769357424552970209e-03 4.077286966609340590e-02 2.862892139027473082e-02 3.913784669913525360e-02 6.765046174834264681e-02 1.411854962511861593e-02 9.552387908944202921e-02 1.448510981874245873e-02 4.961968024375269792e-02 5.650393127652220474e-03 5.297798703028811645e-03
4.048615875583053136e-02 1.674353025651351828e-02 5.862707864818057779e-02 1.504156688548152938e-03 5.534237568431420867e-02 2.074679269322304842e-02 1.764641318483049087e-02 7.632646653477054288e-02 4.160065771773009680e-02 5.552294989480799359e-02 3.976691636398570900e-02 1.186589806193961809e-02 1.420480271617579129e-02 2.946711686253932275e-02 9.044465092576793250e-03 6.248850027693075154e-02 2.471097799320946115e-02 1.203926733517728456e-02 3.365418631113522435e-02 1.917105047724622369e-02
7.410292404285072354e-02 4.157110460534918506e-02 7.800106900245211417e-02 9.423935817020132055e-02 3.603820776517201868e-02 3.111248111351780019e-02 4.564878105389289648e-02 8.786383872568004003e-03 9.924190860700238259e-02 6.785979964631819183e-02 7.527901216093470238e-02 1.621511260216573769e-02 9.277211848096923730e-02 8.389092007877084478e-02 8.142608489094421698e-02 2.283769480651154371e-02 3.200614445146059833e-02 8.662491906806918385e-02 9.399886224002984569e-02 1.704680346680522915e-02
2.058282682672407660e-02 9.388809421906675612e-02 1.743787683725850574e-04 1.308534408644954766e-02 2.481687726889978546e-02 1.835922033861370206e-02 2.452132860245179874e-02 1.690068183616116881e-02 9.731542241992564152e-03 9.470602608986924964e-02 7.246886814342945633e-03 9.493891504390442049e-02 4.022487486071188445e-02 6.187937913853513994e-02 2.701547555221246733e-02 6.533836840552513514e-02 7.549014392731472067e-02 9.797516568613773291e-02 6.613912129502775260e-03 1.955756580516482268e-02
5.861832428485687363e-02 3.986140995906015810e-02 6.203583059413837753e-02 3.636924875564636478e-02 2.704078097634998734e-02 8.408383333569832696e-02 5.531042358415026033e-02 1.023069909741705120e-02 9.967175227463421355e-03 9.472731579689731840e-02 6.106795404299611429e-02 3.947307905812590806e-02 9.481646290565041990e-02 6.135897319965336050e-02 1.422102055694873801e-02 2.126752948290396017e-02 7.395792254441535540e-04 1.709303248453780677e-02 4.707678606897825260e-03 7.581746918719023919e-03
1.495478871664268627e-02 8.723157526292702607e-03 5.040210226407546013e-02 8.811604612232841471e-02 4.014716843762955976e-03 6.257719804313992273e-02 3.928833233896466930e-03 3.694584112596056846e-02 8.349869353577421896e-03 3.433406342036180586e-02 5.151074237870019445e-02 4.414484185373268588e-02 1.560346353448439742e-02 1.066960325887169637e-02 7.778446081179130056e-02 4.119480584576840076e-02 3.385485394134795517e-02 4.602496594484291326e-02 4.965006307971279315e-02 2.886017577610886647e-02
1.393181385240914796e-02 4.961418567040836586e-02 1.422277091897196193e-02 4.594223193271153305e-02 9.446087517188664351e-02 2.693755379683782092e-02 9.664466087768851243e-02 5.204452209875059382e-02 3.064542920688482358e-02 3.170976051243783872e-02 5.342752371769387415e-02 8.816134850462953310e-03 8.755209466982950828e-02 4.572534702094298992e-02 5.491233140756084791e-02 1.105937337100883038e-02 5.613292071323790211e-02 7.617959518364615656e-02 3.954779276832292439e-02 2.841515899368256617e-02
5.732564764175314409e-02 4.657470725258708311e-02 5.337386151509026372e-02 5.755505864957688976e-03 3.194734523379783031e-02 2.218777883341941509e-02 3.081215524980880638e-02 4.011168015498396688e-02 7.839141406342660379e-02 4.330736975846513626e-02 8.923083309850449174e-02 2.762949368461142894e-03 6.406941778979334534e-02 6.740363607250925149e-02 9.281812252406727859e-02 3.684840330918669887e-02 9.312070176981333824e-02 3.337158222753591058e-02 8.805099648831893333e-02 1.430481009271317161e-02
1.706091842493454719e-02 5.932164696059974429e-02 2.914028043626004649e-03 9.831128598275147568e-02 4.452981545175791617e-02 6.881931743116302680e-02 7.389996948114127551e-02 2.699774810624791174e-02 7.980723358088345765e-02 3.437128941175970204e-02 7.228584623512746346e-03 8.911661908655475750e-02 3.290937389007939778e-02 1.632838990354801290e-02 1.881513063598214824e-02 9.135677091971790287e-02 8.141444233316670609e-02 9.979653630559898181e-02 7.652984256773777416e-02 3.529522122537018941e-02
8.142740100568698902e-02 3.920199292604397562e-02 8.036848683517517841e-03 9.103279159497202483e-03 9.018552815323856164e-02 2.354524364526544621e-04 6.249868850241813156e-03 1.447616617689140295e-02 1.130682823176928399e-02 7.578030855189349380e-02 4.481453521659935213e-02 5.069009036557327319e-02 6.716980756627037585e-02 3.354237664923648277e-02 4.853383044637135657e-02 2.827726148917870941e-02 7.340470944231501649e-02 5.542466731292994275e-03 2.223431025805540362e-02 9.358067023616527258e-02
2.921171907793036759e-02 4.224348508163904697e-02 6.730741060661958597e-02 5.878330043035017577e-02 4.801412244965184289e-02 7.700472262302227033e-02 5.788388512872959940e-02 5.276709403381321661e-02 3.962609501541602269e-02 6.466252701082728094e-02 5.479968897963869573e-02 2.623319869742546471e-03 8.143910523039137039e-02 8.871334687518995111e-04 8.710329742422329158e-02 6.426517091548779315e-02 3.830187168523079694e-02 2.710618485756970467e-02 9.090393627655352082e-02 5.436766255152492011e-02
9.466077134288587713e-02 5.086434451338628718e-03 9.553876253149429232e-02 8.695797607882284341e-02 2.356524676131700746e-02 4.168093766798622313e-02 4.287764710939030721e-02 3.083991441320795002e-02 5.933533466863016165e-02 4.892798166406081561e-02 8.138315162627297872e-02 5.866136311520591534e-02 6.377376009847722516e-02 9.369511684564345300e-02 5.030530736493363936e-02 1.347658390019560587e-02 8.859104501208553417e-02 7.361499922614814229e-02 9.851542586394623768e-02 7.399210181946303325e-03
8.490442538539005879e-02 6.799903688509860433e-02 5.972884307170407692e-02 3.341288646902730586e-02 7.302029609358430540e-02 5.789582455429331982e-03 5.925117014708728563e-02 4.640989379682856214e-02 9.825685088444646720e-02 9.331016100744228201e-03 2.948174005550681376e-02 6.299172946120036587e-02 5.525051623314697347e-02 2.918800980068815554e-02 2.088837841868135259e-02 8.844637056001455888e-02 3.598336482526992564e-02 2.371870878001636207e-02 1.565682732244660924e-02 7.329927169723127883e-03
5.506676182335114300e-02 3.695813125471490018e-02 3.149328380235070363e-02 8.111533041710078384e-02 8.748306888684170834e-02 3.936051053268865840e-02 4.952340783061747603e-02 5.401586493173593864e-03 6.778277070196590814e-02 4.355959392991471356e-03 6.828135129967305428e-02 9.883032463729285455e-02 8.182770446271725104e-03 2.025095622692257846e-02 1.907115145101552500e-02 1.901411085783170224e-02 3.318125938878361408e-02 5.883203918315716048e-03 1.416524500228385532e-02 5.954501652229519243e-02
5.191944509243914818e-02 2.980755625355622357e-02 4.834236660747696229e-02 3.348271856404399366e-02 8.853639024773084232e-02 5.845584222383826654e-03 4.045795683920958008e-02 3.227116965026163159e-02 1.522266167267547626e-02 5.595829434118583523e-02 5.773046714387956163e-02 5.820619042213981409e-02 2.631531474553522321e-02 8.645833372972644426e-02 9.070269673987862991e-02 5.849388808850963101e-02 9.372398024507676284e-02 2.287084340263799767e-02 7.438284139695419683e-02 8.346314534361992665e-02
1.928657833215944445e-02 6.284762798193370414e-02 1.238133230687010929e-03 6.660156731829862398e-02 4.667589690547700038e-02 5.589380667522807905e-02 9.197643808171484733e-03 9.975144243585107318e-02 8.517928756522108111e-03 1.389831459996985347e-02 9.327554744996996439e-02 4.788982988153180076e-02 1.053227696303301632e-02 4.111926831726553377e-02 1.001414818182709901e-02 5.104605672971374020e-02 9.986127131933988932e-02 6.343431352680662522e-03 2.627497452296261374e-02 5.316840606068362618e-02
8.634885646970545670e-02 4.302211391086774306e-02 8.136244216659266337e-02 6.599982410364338414e-02 9.075109580586476765e-02 1.739006480760617659e-02 2.273269079557717343e-02 2.543671706331571830e-02 8.749651941077338235e-02 2.408455157769368027e-02 5.665489626802090728e-02 1.206491806182358184e-02 9.551583573481559064e-02 9.116683743831258124e-02 1.345190898659039992e-02 5.863240620171905615e-03 8.274264043708479122e-02 2.495778130987318447e-02 9.611520535154743916e-02 8.413740655761542397e-02
3.639587549811310746e-02 7.997167054827630794e-02 4.182894874251574108e-02 2.501023658747292266e-02 8.272557035796590519e-02 3.813214051297669077e-02 3.637519017553775269e-02 6.031152143298046386e-02 2.032024255923537033e-03 2.888330142856221361e-02 4.485111653831811568e-02 1.987831850303926201e-02 9.053314773906152510e-03 1.629584159517585493e-02 8.864016077495061319e-02 2.292590073801472825e-02 6.054579497663518245e-02 2.859407905848641157e-02 9.495114351130702623e-02 6.060745737857486937e-02
8.287505963450701729e-02 1.695677858873716540e-02 9.335854047100777472e-03 3.705110912121956264e-03 5.694786959091546925e-03 1.559156540318581453e-02 3.784162811647873246e-03 8.972779529000142473e-02 7.514701540234972055e-02 1.262118586399412282e-02 5.008306930892728742e-02 6.004061510031152848e-02 3.090651501418139116e-02 4.421159741144892186e-02 5.627475056995517172e-02 1.972465381921291450e-02 4.739558594386725221e-02 8.121573626253504596e-02 6.381869910006593427e-02 1.869106634977822992e-02
