2.405244773181855200e-01 8.552462393806976870e-02 2.123872474973388311e-02 4.934334303618312378e-02 6.609069414337194470e-02 7.782751682322405773e-02 1.679653185105255409e-01 1.017139061365326391e-01 1.382288938534664835e-01 1.031848497532793230e-01 6.671560924267291859e-02 1.480835290921878600e-01 8.425856678762924656e-02 1.537543842192432564e-01 1.218114843748456522e-01 7.112653232031822259e-02 5.488265379371241176e-02 3.033831397926735687e-02 9.150925129489007048e-02 1.673043217519163961e-01
2.272901353035852029e-02 8.413270700971827928e-03 6.452643447176360791e-02 4.131840432813780467e-02 7.313428458968072865e-02 8.200160141520955459e-02 2.450361773499261375e-02 1.052018571887168297e-01 6.642955266176660267e-02 4.738013071926770736e-02 3.781320993057336877e-02 1.019751514359990840e-01 7.486543626601346868e-02 1.360156312735965765e-03 1.060715484518152951e-01 8.229190674920019988e-02 2.017506925086034325e-02 1.788651799397541348e-02 3.740991685657963500e-02 1.017120421048118284e-01
2.191536838463203560e-02 6.513779739551385506e-02 2.128199408899946257e-02 2.098657953920454039e-02 1.183708388304270664e-02 6.538354570618822026e-02 4.181269950752576625e-02 1.059143366362091665e-01 9.767330289479808636e-02 2.648413042612166035e-02 7.664945295298924988e-02 2.534269225813172779e-02 7.880625460314714947e-02 2.576312117190442466e-02 3.456890035936598105e-02 3.283741953836213749e-03 1.439158020160619805e-02 9.797229383729862129e-02 1.057443121157332494e-01 4.078623533558765890e-02
2.466191849244035728e-02 7.716095796736777146e-02 8.697839701561442538e-02 4.778161028974759611e-02 5.221292828956943660e-03 1.041588934951203499e-01 9.709109609946827910e-03 8.473170754788564296e-02 1.023019292556363175e-01 2.565048441792810996e-03 1.024018133832800409e-01 7.626664481279566560e-03 3.727872039469273119e-02 1.020572047146209027e-01 9.149823835770516667e-02 3.879102439915219774e-02 8.495804831075291774e-02 1.979320195276802058e-02 3.749649325171145083e-03 1.740835298284909571e-02
4.623016990132511328e-02 2.011426293697064077e-02 7.376430555026904090e-02 6.452480239214820716e-03 6.200527021931095950e-02 8.845622804358159452e-02 1.207890316897352288e-02 4.640482391461478451e-02 1.688172993356236093e-02 9.192947435642892517e-02 1.043516728532277033e-01 1.077623369949005407e-02 6.106818780011476211e-02 3.915344675440439459e-02 1.767400260473883915e-03 7.777048654984924925e-02 9.771301238299704220e-03 7.865428294853572810e-02 5.744460181044659663e-02 4.410081479612749412e-03
6.776475370739951098e-02 8.686783409964239644e-02 8.344319351842253984e-02 8.781107342079930156e-02 6.519769627345012308e-02 2.730145344407814909e-02 1.228049235978085664e-02 1.164036762084498869e-02 4.321394926761415456e-02 9.157896369410502280e-02 2.408631748491094418e-02 2.995003667405406102e-03 6.151177934778769008e-02 1.047898043557671521e-01 9.547560394579582624e-03 6.553179672051322180e-02 1.904899558390784134e-02 4.264726725757674031e-02 5.167336872007849413e-02 8.041077634331475488e-02
8.842393824587246876e-02 3.070518406054384072e-02 4.386159453685604254e-02 2.470645501120675384e-03 4.669806181114406068e-02 5.275491726284023408e-02 5.281006311805368919e-02 1.010773621019807889e-01 3.884005906899189176e-02 5.653909617603555121e-02 5.734446504257640492e-02 1.016870085840982652e-01 1.025271850513670840e-01 1.741829296223281615e-02 7.863013355972521545e-02 8.174602410972749145e-02 3.026583883135070333e-02 4.415057304533399896e-02 1.004515244765059323e-01 1.066767775227025344e-02
3.726278948777324296e-02 4.138090006665700454e-02 1.513898184849167897e-02 4.517196229692451576e-02 4.392694913966090249e-03 7.127926228501527128e-02 8.224230469683216360e-02 2.417175370989170860e-02 3.045145444366165882e-02 9.434980642091611580e-03 1.040586306155381613e-01 8.461027944844753956e-02 4.138010125096246161e-02 9.803824862533440376e-02 4.547127969759428429e-02 8.382843473140173807e-02 9.493054170772081968e-02 9.559816603048904016e-02 2.639010487522291948e-02 1.067362187816554842e-01
7.183268223669293795e-02 1.969887071759993460e-02 7.900167623868114761e-03 1.030737363812617297e-01 4.267331653899433114e-02 2.438180393326820194e-03 7.978117980932231124e-02 2.651587864441986436e-02 1.061836765215053019e-01 8.596796960457918357e-02 6.826714504071941525e-02 7.305707680502246393e-02 3.376432906256027905e-02 1.051198088096313987e-01 7.400850745149012422e-02 8.094409265634854023e-02 5.440005160014318997e-02 2.322894136143023244e-02 4.191516071880574575e-03 4.281443187780284432e-02
6.723010174229177016e-02 7.797124387938590001e-03 9.430278941005104665e-02 3.972622682017865753e-02 7.831199915879395734e-02 3.003647101191272636e-02 5.870875745837801640e-02 1.766633583192175417e-03 2.458036380272067990e-03 2.527331238825582249e-02 5.235142104826113335e-02 6.840696981198596260e-02 9.765955388606155363e-02 7.114452038589108573e-02 1.642442571963787651e-02 3.446190901502199644e-02 8.375967089049120295e-02 1.194060379939506679e-02 9.717450461197157940e-02 8.384469567018291991e-02
4.594219545429843732e-02 1.393492601100432618e-02 9.143934490420786709e-03 4.633004770659507332e-02 3.657568156116407926e-02 8.999424980765537152e-02 9.170441818812108403e-02 7.061410675810128601e-02 3.666421849194671095e-02 9.088399413846093289e-03 7.455308945295610612e-02 7.660397952710638891e-02 7.724704242969733514e-02 1.056400011784241894e-01 2.748094625437249791e-02 4.010811179881264288e-02 4.775402575519836074e-02 1.224270349906951549e-02 4.048750592091469869e-02 2.360055606247511359e-02
4.450136354406800110e-02 4.650489998217412907e-02 6.722748207797155096e-02 9.611726876328320623e-02 9.951590509657164130e-02 8.106638255970825824e-02 7.950043372816183174e-02 3.342203750315964061e-02 1.044567992906209469e-01 6.915376492030698985e-02 6.932683031918843164e-02 9.138154787298821691e-02 4.481826242505587699e-02 4.122157176681088414e-02 4.983403179741912464e-02 6.416382226707877112e-02 8.456364101043088721e-02 1.305157498981705452e-02 2.332749105127397693e-02 1.029693591479228787e-01
5.116400933919938894e-03 6.515393849787098901e-02 1.557737840043732155e-02 4.634601059099736908e-02 2.149696263106293942e-02 6.668820541855251249e-02 2.564966409250309110e-02 9.717542697202180557e-02 3.486388038107138265e-02 9.220672763400517002e-02 3.865622057103754172e-02 6.194488893131806784e-02 2.128630644245643397e-02 3.096216955241283889e-02 4.189716682583546209e-02 1.055304008781230984e-01 7.814872693694825678e-02 1.611302663109641028e-02 2.831199861056591174e-02 2.484385097641005763e-02
1.927031461287933775e-02 6.932898363622275184e-02 2.231941280229977204e-02 7.589460605868904308e-02 5.223475079124636350e-02 2.595372268254513004e-02 1.663090111451279510e-02 7.091922241854865805e-02 8.659405257092531172e-02 7.184549405481566002e-03 3.514561069671197358e-02 5.612726727420713768e-02 1.552129615313176678e-03 5.193922868060370929e-02 5.581829039461692898e-02 5.342258354981394702e-02 6.352313295497167590e-03 8.627572861311451347e-02 5.313217232666266054e-02 6.862165798816720341e-02
3.444946146241270601e-02 3.637727282679402430e-02 6.237400467356026684e-02 7.735076931693918301e-02 3.010128981565316636e-02 6.149633143883571212e-02 5.249204737812904198e-02 3.251565797059440682e-02 6.296627042868729873e-02 9.875053153691618069e-02 5.432328419152455089e-03 9.665852377056570466e-02 9.846988104799939134e-02 5.992782021268433512e-02 9.728646931203077663e-02 2.078402436865799813e-02 8.807236072598451093e-02 2.894137570779252433e-02 1.242361456483282237e-02 7.382359389792982410e-04
7.497608836243926760e-03 2.736850575648371378e-02 3.395463069671601775e-02 2.861020906930794930e-02 2.806155990969591910e-02 6.907576616998552244e-02 8.445552305507378343e-02 9.577666817745129901e-02 5.565706832586048841e-02 6.269793175316631939e-02 1.352116485661739986e-03 2.008147695073373221e-02 7.048335085072408857e-02 6.545211547388864182e-02 8.627254889147872863e-02 1.916577426160478905e-03 9.032402025427704872e-02 3.069501862727145799e-02 1.012842541139336860e-01 8.354094268172458648e-02
7.043939785460077985e-02 4.083045492530185117e-02 1.038886660811051965e-01 2.802836986055442028e-02 6.968043803890325294e-02 2.157691533429416386e-02 5.999829372743139405e-02 2.778657553101559347e-02 1.013312224060122224e-01 7.911379248779348838e-02 9.238514303731618083e-02 6.913132200144486705e-02 1.010378354371908871e-02 6.675447177519668041e-02 7.460578236155772369e-02 9.313883909379837289e-02 6.681891650172895603e-02 5.583209700686009302e-02 7.799164379483779219e-02 3.519027752830439226e-02
6.901978537943305458e-02 6.906183134278714997e-02 6.085630622767856240e-02 8.279190209960562985e-02 2.889888557619825146e-02 7.984696546381458981e-02 7.906039028006030256e-02 5.386061548077596822e-02 5.391176384568092950e-02 4.809391647387362134e-02 1.064326484426697354e-02 1.050468319616179591e-01 5.619130176473455252e-02 1.018488270281499158e-01 2.843279833070999629e-02 7.452310358516606170e-02 5.990720339415456924e-02 9.197712773488155719e-03 6.958057620835272905e-02 8.239758588286114072e-02
3.811100423195165621e-02 1.005468349733303207e-01 1.258017114466821428e-02 1.000756191107446957e-01 8.971914753413480492e-02 1.004624512056608854e-01 9.382619027403722722e-02 6.032278459058306591e-02 7.193600531403961107e-02 1.063989327066224427e-01 5.846990395014211445e-02 2.980670912393203198e-02 1.972122704538583488e-02 2.099713322272204682e-02 8.533276272159300013e-02 5.205123714520545897e-02 1.023523907029374042e-01 1.627946833202568912e-03 6.056838099636965844e-02 1.857320091017501456e-03
6.517595789125082972e-02 3.548866026439650989e-02 3.425098017114577148e-02 9.312126297945322317e-02 8.113001419540813441e-02 1.028642508579356157e-01 1.007697789197578922e-02 3.088083713824957624e-02 9.002337642920656136e-02 6.233562580410498266e-02 9.820218673833414069e-02 8.126087255997045677e-02 5.156592393268141089e-02 3.467191878755951362e-02 8.578907906265309524e-02 7.346201647697216119e-02 4.297038520213091600e-02 1.671102564332763510e-02 1.039631147800630789e-01 7.412823702896761957e-02
