2.949063226046063635e-01 1.203721095604402269e-01 1.435265271566663892e-01 1.360651894415778329e-01 1.178018137077874450e-01 9.866762228034509086e-02 8.380027458597506806e-02 1.368576354080514035e-01 1.418854692167625109e-01 1.548553211404998797e-01 6.236273010932483901e-02 5.174713240900097322e-02 9.606310097324011199e-02 1.274440525466735974e-01 3.674587950081997095e-02 1.101999011141078094e-01 8.734363474452992715e-02 9.821979231355373874e-02 1.727948528890462243e-01 1.648442852581515905e-01
4.242070642838298433e-02 6.938149148023950441e-02 6.577491485542354133e-02 7.749047283897828042e-02 8.458928859677140866e-02 3.012513284904504499e-02 6.418586466440791283e-02 7.305557702159352906e-02 4.829396120842573137e-02 1.435956537215120690e-02 1.432431893636750865e-02 6.988308323948708156e-02 3.531312335081598919e-02 8.538644013207602468e-02 1.970680868023725468e-02 6.253155338876659197e-03 3.082908723271549079e-02 9.578173678699203331e-02 8.285941375169082745e-02 1.976208673196733299e-03
4.679758404530187654e-02 6.038028482943080810e-02 7.626620932504965533e-02 6.674736906420944416e-02 9.733505473544679532e-04 9.085482988293901163e-02 9.577126440174699162e-02 9.229992597931227505e-02 2.272464115446646421e-02 3.884912674301985169e-02 4.536611042473892748e-03 4.128133852472762322e-02 6.449459826091575188e-04 3.778627997229867808e-02 6.455870226308291215e-02 8.091121714770466156e-02 3.024970835387819079e-02 5.589820044066762250e-02 2.119135077028757794e-02 2.823175925892906779e-02
1.409263342698104972e-02 1.481338438180032115e-02 2.697987166033430015e-02 4.413835709379550221e-02 2.929651864461929600e-02 2.434923407603770823e-02 3.341682547222771943e-02 4.090318368306431612e-02 6.418150782999725024e-02 3.857887249599623036e-02 7.818948313595203148e-02 7.854855056580595241e-02 8.876990966595327270e-02 4.861879612103561787e-02 8.691342089490913803e-02 7.111526383056224199e-02 8.565532426317118420e-02 4.799933754417186338e-02 9.358648718641229824e-02 2.682468623888753165e-02
5.418903878869118845e-04 8.185990153777306100e-02 2.223642654393201065e-02 9.337599314120782756e-02 8.357827851688193199e-02 5.658776069173981210e-02 4.155230008285910881e-02 5.638711183696296092e-02 8.391267744983493815e-02 7.697468152536607322e-02 2.320523151866034361e-02 8.263985510056959249e-02 9.532014686038345341e-02 2.625583103613660096e-02 7.939470044756370692e-02 8.592120392390911743e-02 9.467765046260935569e-03 8.041930284550555252e-02 9.495668624259677448e-02 8.935123104306555430e-02
7.672550050272432254e-02 5.860081764852481667e-02 1.031481999541510389e-02 2.881383861802122581e-02 9.705554752186873468e-02 7.200791961528744956e-02 7.190554475917593225e-02 8.433953560179340003e-02 3.376051751444403282e-02 4.704322876735126530e-02 8.783546258796980089e-02 5.821487027495245159e-02 8.611826707513399459e-02 2.383908210271828976e-02 3.917137440157008460e-02 4.706963592286420722e-02 3.584737706050207529e-02 3.143432068131262608e-02 8.483997873459115865e-03 1.214134185797920498e-02
2.786837949126962435e-02 8.489258698460626362e-02 4.717897869536691324e-02 6.560120106272883389e-02 7.734051356978460801e-02 3.544492382693477384e-02 1.942836128745757673e-02 6.825737672294091007e-02 5.677510577915341472e-02 7.598368070946803776e-02 3.837401896036656684e-02 3.643655588519623123e-02 1.864709722923994090e-02 1.229445170089222931e-02 3.628987622951096708e-03 8.152160006305957107e-02 9.999405441427416941e-02 7.467568431585216993e-02 1.952373439237716987e-02 6.510289744382714155e-03
6.460269470283001858e-02 3.339290625644502492e-02 9.132334338997849521e-02 4.904069517836232711e-02 3.783425024452036212e-02 5.678083524959152278e-02 3.539292307617252636e-02 2.989195944693559190e-02 6.488623530475734480e-02 6.857724767375503183e-02 1.236866667801154313e-02 4.945344322462819076e-02 5.314075900960631149e-02 7.085300161364059546e-02 3.903561006607653150e-02 7.687796799879059728e-02 4.583095824793393010e-03 6.304084704427059815e-03 5.783613959590821335e-02 3.695533680088913114e-02
5.976290580080480253e-02 5.360818206082351017e-02 7.352389712338021355e-02 6.066509793398475875e-02 5.213058408548418288e-02 3.504629219223789199e-02 7.882708024047363482e-02 2.938777811822401893e-03 5.013389452747829718e-03 3.045200043801312914e-02 6.182746059576576386e-02 8.116312775502199442e-03 3.027870078249952565e-02 1.039142602449072417e-02 5.447167720618892317e-02 6.784731382542089073e-02 8.978425359826308627e-02 2.186862471845673131e-02 9.151847475880953153e-02 4.261469789808985248e-02
3.958890279729956885e-02 5.401428048281378680e-02 4.517013345641607627e-03 1.395653724280735558e-02 7.845112734578457703e-02 3.526774698652096474e-02 9.057250424948971174e-03 3.618702510763701502e-02 1.983668311226602018e-02 7.099622787569180582e-02 4.499338818939847828e-02 7.864403519770769846e-02 2.046137166300199262e-02 5.907024741763464842e-02 7.773594050343930750e-02 8.053952242082972057e-02 4.338978864589519008e-02 8.049945656970300401e-02 8.149594905992052496e-02 9.873467580261538479e-02
7.420795854004351433e-02 8.630967978358841663e-02 7.785136302073943082e-02 4.061088767566959495e-02 9.379136533732793102e-02 1.010248296269113978e-02 8.044317035433740104e-02 6.068236573061600719e-02 9.240527056156798424e-02 7.892901257379174307e-02 4.247876851343330984e-02 7.208989375931304511e-02 7.860704884162594830e-02 5.834097482806192142e-02 5.009726809630391658e-02 6.636750806520723411e-02 3.264823839867897481e-02 5.102918968550845119e-02 9.277290328476657522e-02 9.481872378503741761e-02
1.270550202108031851e-02 9.623183888144326570e-02 5.618686221220672850e-02 4.430487735948213102e-02 9.511449409509513397e-02 8.640097616340924880e-02 9.367250147212669020e-02 1.299264682768869195e-02 7.920484288496501546e-02 8.225281475611957022e-03 2.388495334800791112e-02 5.233074807112191723e-02 2.122626587075232552e-02 2.523477160003466738e-02 6.990384942731499296e-02 9.449103400915915413e-03 6.259266026836707644e-03 5.969501279929515652e-02 7.802545101438899955e-02 9.477843310203981630e-02
8.596057325952440042e-02 1.940509183391281379e-05 2.088991697164075539e-02 1.708110460808728512e-02 9.486978332240565692e-02 6.066865890047266202e-02 4.211696620936438568e-02 8.305367496549349859e-02 5.916264468615833189e-02 8.725710745253786871e-02 3.720147752765275845e-02 2.689663326308860958e-02 4.693644300120123486e-02 5.743631802817608656e-02 7.631290181463375177e-02 6.005338742036830935e-02 6.692444834302606338e-02 8.276749562102080071e-02 3.856916668183146824e-02 7.706115861720837235e-02
8.105764778881560662e-02 6.577238374668629983e-02 5.148829771517352688e-02 2.642376836369195875e-02 2.544078182032957422e-02 9.804513703385411838e-02 5.103222204106729054e-02 6.860313822175483078e-02 8.086242117267111729e-02 2.989877448496734008e-02 8.026324174330005945e-02 8.265971373251952692e-02 6.319201362776197262e-02 8.227501876142893911e-02 2.053287697845544019e-02 9.038598296042266167e-02 2.301416358682476654e-02 7.901195129795976491e-02 3.395223298559466724e-02 1.640824717789961598e-02
4.988943467956113292e-02 4.878215685938143420e-02 6.487732737994784948e-02 5.379317095098536117e-02 5.374044106753375627e-02 8.954185439302715654e-02 3.438614945167234316e-02 4.576718440861579640e-02 9.290957583752391946e-02 6.805006644359390400e-02 5.970941793818023563e-02 7.432503942627342874e-02 6.117884032224341767e-03 3.005009353291645743e-02 5.382557915204965598e-02 3.885797838853941033e-02 1.680791294565816760e-02 8.911673235043587882e-02 8.028134739339441717e-02 7.849180660416819888e-02
7.501679570452590706e-02 8.060427621548794941e-02 6.238838554771480860e-02 4.328898240102165007e-02 2.092644646181449769e-02 8.843868069314646252e-02 1.105196874109890676e-02 9.928393186250965285e-02 8.295233788463002300e-02 9.474453464855543683e-02 8.750451174281165256e-02 5.491540822270857790e-03 9.259359055897591062e-02 8.005728225180573643e-02 8.597310426043430764e-02 3.079414552345851805e-02 3.251674184007252721e-02 5.333637177706782029e-02 2.497728880236763788e-02 8.295136960141847801e-03
8.129897185898490863e-02 2.102365436824805978e-02 4.444701444062675727e-02 9.211897523484685602e-02 5.560487369062177415e-02 9.444411183523583608e-02 3.726532819143251601e-02 7.984165525830649868e-02 4.937141355810001353e-02 8.358540915054001041e-02 4.913897382445989864e-02 7.252562746288331030e-02 5.229977452649537013e-03 8.362397966574142139e-02 7.595911886537402846e-02 5.004903191219037262e-02 9.813556615736457323e-02 5.967882809404015387e-02 5.069812935640569118e-02 5.648010106464235180e-02
9.781669796230302305e-02 7.055004499420122754e-02 5.836715359642686424e-03 5.087770883089259844e-02 9.029454761032741639e-02 9.718127263606507471e-02 9.841623168059178417e-02 7.740250215889198093e-02 1.620437789887425525e-02 2.659640202426799549e-02 3.750040970039034138e-02 7.290669453885166573e-02 4.767605966074291157e-02 9.038052582221944853e-02 5.129119616522814090e-02 6.519077832346990842e-02 3.429808091346359111e-02 7.755018777702984978e-02 1.734441303922167402e-02 4.248119271802255903e-02
2.420105236801178838e-02 8.196749812791678802e-02 2.889082601010970613e-02 4.779200434332308428e-02 3.143032095918751878e-02 1.269453070180225421e-02 3.445559745361466419e-02 3.940095892765837354e-02 6.386260721163743159e-02 3.890467364016277074e-02 1.295784980076214454e-02 2.938287810022107913e-02 5.917296377229786311e-03 6.747259491567321465e-02 8.042662307439871205e-02 8.678330241445390836e-02 4.785699027677028927e-02 8.596234443284039850e-02 1.885854804188162939e-02 9.834280736304137904e-02
6.758045963261677391e-02 4.694297052784537905e-02 2.085972210044223507e-02 4.280137651553609507e-02 1.932923963208589557e-02 8.205783875201619337e-02 5.216279206057258810e-02 3.597443347574378475e-02 6.098939914808291368e-02 3.715580481560668696e-02 9.857485605039717491e-02 4.927620069004606113e-02 8.722961376088704533e-02 5.178934189833762046e-03 4.334872057411411073e-02 3.305781455950090875e-02 2.643312966944648748e-02 5.842799278020732040e-02 4.566708872379666995e-02 8.406378531310654267e-03
