3.015210878835412611e-01 7.990181946996015305e-02 1.264516992597700638e-02 3.911337275018886978e-02 9.129332306060314317e-02 7.745275756730186922e-02 1.117088782187839607e-01 1.188916986974016821e-01 9.381087678223026805e-02 1.050604275790371356e-01 1.016337163914481090e-01 1.474116160755590821e-01 2.737467627140558607e-02 1.476265668296584121e-01 6.236982977201556422e-02 1.038286979457372083e-01 1.218011714997414147e-01 1.001338127459453498e-01 1.367885348458284245e-01 1.016337373590382176e-01
9.175968393918150501e-02 6.956309014986937489e-02 2.342117108964410221e-02 8.485723892266162915e-02 5.055736441720098950e-02 3.030386632597035362e-02 1.687144266744345852e-02 7.065384807005178902e-02 1.766683348466202563e-02 6.596855854362877747e-02 5.970206018237583095e-02 3.375896553598554256e-02 7.594911997675021786e-02 4.523298140225189695e-02 7.028651640352483188e-02 7.168784736929829926e-02 9.950523537761429838e-02 8.127407803937554409e-02 5.898069970079179020e-03 7.830325087310924248e-02
6.255804467824344593e-03 8.021232471739375702e-02 3.770216869925072795e-02 8.306403358393858738e-02 6.805928937457539352e-02 2.599767787690431334e-02 6.545516844152492186e-02 4.280784111288028770e-02 9.886418954434289530e-02 1.393187174819132679e-02 6.735578869926077406e-02 2.592110697850483897e-02 4.087413954051020287e-02 8.058923828272698819e-02 5.037950307342265593e-03 4.424107907927881528e-02 6.980521039773483760e-02 8.586215725997020654e-02 4.718076929887591447e-02 2.713695095930757084e-02
4.704055141252139714e-03 8.288310419893148151e-02 9.351289071984353329e-02 2.029616373857531450e-02 9.167312227045704143e-02 8.047044889106062804e-02 3.176282473981396903e-02 4.005469362453095705e-02 1.389978273452441239e-04 4.992615187731841951e-03 7.517789199973073933e-02 8.707231398206216610e-02 3.843036202049321393e-02 8.612568261903502664e-02 4.375352592362274223e-02 1.977669599600464720e-02 5.581213321205204247e-02 6.012012122345227610e-02 5.439042888592138247e-02 1.485544834199726931e-02
9.376327572158095480e-02 7.496794307312865113e-02 4.339972463686069676e-02 5.212112861794968716e-02 1.310606685415712826e-02 5.694394206508066741e-02 6.653170860550731980e-02 5.829133068856989786e-02 5.309976725381640450e-02 9.233784903193133220e-02 8.115804878707509606e-02 4.491074755245758054e-02 3.345820941567957674e-02 6.101645057765284208e-02 4.059111982545950126e-02 3.831589705582155725e-02 5.946326737498359993e-02 8.615241021147407308e-02 1.563262186110762203e-02 6.569469217442971964e-02
1.050394744834875008e-02 6.021730447553755999e-02 9.466366213602285529e-02 6.697730300207299647e-02 8.676736474438906388e-02 5.537804438350939912e-02 7.286700488179365109e-05 1.476628319958864927e-02 2.764773733152651319e-02 7.476574841314768960e-02 2.254388959607777146e-02 4.417000605902052235e-02 1.931623609636956736e-03 4.215110530216577278e-02 9.052786114387334840e-03 5.824730319805300482e-02 3.358358226136703290e-02 3.257898752506995649e-02 4.814787362835835222e-02 5.995366759635459286e-02
6.804002908297809848e-02 3.136084963414653964e-03 8.700665318920042940e-03 7.245040552093984579e-03 9.632508440863826737e-02 8.565215082356598952e-02 6.739171609943744867e-02 4.029509448903639129e-02 5.054370772192726124e-02 9.779076118443121024e-02 2.145283714609622777e-02 8.684162413829581151e-02 4.329821408439051000e-02 3.792473930882697686e-02 1.414193850834963989e-02 3.489142669506990757e-02 3.379065338131043150e-02 9.944412017517384461e-02 6.265989477850189560e-02 6.066122780998167707e-02
9.971556906963097849e-03 1.280233753100280640e-02 8.855756697682733158e-02 1.226560899674484888e-02 3.381428118548664152e-02 5.760945521098106981e-02 7.823900353127472007e-02 6.184213094868800525e-02 9.760033380051967578e-02 7.555784519073739658e-02 5.783415526281517061e-02 6.074328592484874723e-02 8.951001645678274832e-02 5.463585391356653997e-02 7.557373073804865560e-02 7.741396054169047934e-03 8.773711802190121978e-02 1.609352297014735728e-02 4.823537535633396628e-02 9.397391520848830809e-03
3.023593774413557700e-02 8.871566432050619067e-02 3.772239807164742831e-02 7.006879410898428362e-02 6.080574027089760691e-02 1.091501105693771893e-02 2.145271183912253118e-02 7.010655079443027515e-02 3.115588445427475584e-04 5.530671372074017628e-02 5.623019120621158828e-02 2.860707661612347380e-02 9.019273289131058899e-03 4.948959542747708579e-02 3.901663730865160412e-02 3.201194237995557551e-02 1.346624158919157432e-02 5.755604187563098662e-02 2.288101011002102725e-02 7.835828332555563880e-02
4.715472518023437060e-02 3.450509271739241740e-02 8.969245242962706199e-02 1.664385958799524667e-02 4.165491926199672845e-02 6.050682844449295494e-02 5.985532431485326987e-02 5.004155458097582498e-02 7.123682305976879181e-02 8.124842903925377779e-02 4.686604926218840804e-03 2.997792687040966644e-02 7.799138446161413274e-02 2.683885303871896832e-02 2.144790318027955944e-02 8.842433267524629770e-02 7.820277722933527409e-02 9.472039514682953354e-02 1.517386674911609494e-02 7.933325880419515863e-02
4.035576541474881346e-02 1.128892851991878526e-02 7.113503656652483964e-02 6.897893125532265912e-02 3.412590952499038738e-02 3.853212792439752316e-02 1.773974344084297203e-02 2.845353718470629290e-02 6.090247645518787750e-03 6.185054434620508579e-02 7.377008045107305567e-02 1.797234128488853916e-02 2.587971461726811320e-02 5.157837418313260258e-02 9.405278586685469899e-02 1.796298488058046747e-02 4.546124509411397785e-02 5.244760127436212671e-02 4.952777397728497233e-02 7.923979403069164595e-02
6.945418473125045122e-02 2.091059997736568685e-02 6.644775433717502178e-02 7.930286808672216969e-02 8.859819743664623659e-02 3.301447528979457868e-02 1.504748072396353692e-02 5.691168170786549407e-02 1.967977896509560953e-02 5.377891419860581293e-03 6.824358423161130949e-02 9.959952153608625514e-02 6.513727077912764840e-02 6.090840201672449716e-02 6.357478758009978137e-02 9.453138059727317355e-02 7.614075074790657705e-02 4.037190943041277236e-02 3.997046164939301038e-02 3.778993162685580220e-02
2.564216626951379072e-02 3.652095992739497199e-02 6.687015126180090308e-02 6.586499099022952164e-02 7.618492209885886768e-02 3.067665091706816075e-02 5.556376513835426488e-03 3.284362924517014032e-02 5.252828008329765708e-02 9.906503945082356655e-02 1.552243732323366253e-03 5.597303420340308394e-02 5.088694570600269668e-02 5.471997144446634487e-02 1.956535003876830325e-02 4.107750361137813000e-02 6.689663598439996028e-02 5.244870421649734660e-02 9.174833085072237049e-02 5.807485094758713107e-02
5.128099011107051242e-02 3.356563882769371399e-02 4.177946294708570485e-02 1.718636677844265258e-03 5.091444197144547046e-02 3.296057454034968803e-02 9.893522978959466696e-02 2.406513581638058952e-02 6.347779147321458426e-02 5.549721625367677602e-02 5.984542956481300746e-02 3.425192649539970241e-02 3.463189604726676224e-02 1.527643405972849491e-02 4.772680288401081466e-02 9.834390757279187767e-02 1.750110414621910623e-02 5.919615562437277601e-02 7.660973096914452940e-02 8.432769484082837386e-02
7.080324749649304084e-02 3.783296014247086725e-02 7.458139501272964891e-03 9.625763408223013406e-02 1.230343993684450757e-02 9.762953096827964306e-02 4.627674670769576365e-02 9.814077155477161918e-02 4.404319041484893588e-02 2.415244890254834159e-02 9.662706198579741612e-02 4.857892236217006832e-02 2.416951377133380705e-04 2.652157027958656002e-02 5.953811873543182753e-02 8.950902631639073848e-02 5.125480696690257881e-02 7.319577201204291450e-02 6.043889868004594101e-02 8.954541703373769534e-02
8.801006234349634250e-02 4.653504318897833114e-02 5.458074821152875122e-02 2.857743415594847861e-02 7.920022790080059882e-02 1.921348963489585490e-02 2.574079165020634261e-02 8.979246781803801314e-02 3.650133684821530583e-02 2.633930303835322478e-02 7.870391246951458086e-02 4.282763355533088234e-02 7.730552142708441155e-02 4.387426724117308302e-02 4.223931823163482036e-02 1.812374246125472363e-02 8.545773959967996325e-02 5.293700260687117520e-02 6.617452015880398442e-02 6.942958588778301576e-02
6.035298137079306291e-02 9.032499921908718199e-02 4.620835940349946047e-02 2.391221062904354266e-02 9.152348667586801545e-02 2.596077824727149874e-02 5.032362489572220210e-02 2.837663582452032429e-02 9.170468871425863089e-03 1.256586272655085823e-02 7.546313676242083490e-02 4.569963813482063458e-02 8.069716421344291790e-02 9.834955164805006533e-02 5.966633402432541811e-02 9.369285113479469684e-02 3.695589936540021742e-02 4.033146367381593850e-02 7.119694785413933913e-02 6.833355199605885277e-02
8.631437989504765762e-02 9.405991802872172222e-03 6.598777712849562826e-02 8.412351368130627227e-02 8.895151636877866863e-02 4.117348097736374390e-02 7.008089458526185755e-02 3.846860119538338119e-02 1.857192420528391841e-02 1.396109474987572473e-03 8.488649893297571525e-02 8.213683293390117157e-02 2.535605034961172649e-02 3.783092230951273088e-02 6.468881182743584091e-02 3.538903941706068867e-02 3.287085825623418250e-02 1.772629678654683710e-02 4.080112925020438347e-02 1.653825096403832573e-02
9.264590852657572650e-02 3.194483404967665002e-02 3.720312728241163130e-02 5.420756808757897643e-02 1.829477104708271407e-02 6.201683095708018789e-02 6.929688104048781563e-03 5.460482028032172253e-02 8.050084967814569170e-02 4.021907386590101163e-02 9.978887744882272703e-02 9.597635402397518278e-02 3.845580188116454190e-02 3.443640852073304170e-02 2.943571622223002671e-02 3.191502443225609220e-02 7.672191320051689745e-02 2.960658593017199275e-02 9.450788454932665394e-02 2.002339674827488189e-02
2.528954626027946073e-02 9.086178376808807340e-04 3.148920538001365177e-02 8.617461602322740166e-02 8.836777403477162618e-02 5.647320507162024127e-03 5.801132404980923613e-02 8.652781272673890078e-02 9.209835333631943843e-02 8.791444122930873462e-02 8.672298739227911335e-02 1.698047010834259282e-02 1.014255975892994904e-02 7.847247526675993345e-02 2.343200899379610513e-02 7.457915984125609854e-02 7.244898324044998783e-02 8.397573977469889595e-02 2.966017682223538732e-02 5.047989180097939288e-02
