2.313309320798989099e-01 1.026829531725858141e-01 1.231164919398192586e-01 5.984975618222380944e-02 7.379522288605022684e-02 1.253918491156457704e-01 1.146190614986366818e-01 6.099996739974652971e-02 6.557343738502741104e-02 1.660308188130613094e-01 5.320057478094551706e-02 2.817285930060642318e-03 8.527765319596958271e-02 1.623259281049958258e-01 1.271349741248479770e-01 1.267448470983532360e-01 8.563031997918772731e-02 9.678832938619197357e-02 2.510094086349383413e-02 1.004855911238535515e-01
4.271639766774734670e-02 8.971260537954223180e-02 6.219901848599126981e-02 9.868328501323984925e-02 8.944876936552439983e-02 1.818432358766323281e-02 3.664978699990561334e-02 8.787392682783379261e-02 1.645926417596195110e-02 4.287321188300058372e-02 6.249125192607008807e-04 4.706107082180151224e-02 8.650841349845080075e-02 6.756649708079980055e-02 9.349006008768259712e-02 6.082887979024741848e-02 7.482349317862295457e-02 3.570911862914074447e-02 1.921100082599199940e-02 5.515164263315531189e-03
1.628276211564378892e-02 6.324064444216093497e-03 3.594834761361178493e-02 7.355461196065002372e-02 9.104577422324455771e-02 4.013105325610071689e-02 6.117687719264289226e-02 9.234164763427153699e-02 2.086946688874096248e-02 9.030348466840720789e-02 1.253367265717896320e-02 4.765412871791433608e-02 9.906046182016892826e-03 8.139168488779746635e-02 4.549934816537237053e-02 2.244419956615797615e-02 4.508265014070451937e-02 7.142105326538954191e-02 4.425923612028630910e-02 2.760966260965409813e-02
4.564540519966855947e-02 9.105984282494167248e-02 9.900274756008378696e-02 2.815444990027723624e-02 6.625894586654494656e-02 7.626693276677665168e-02 9.685868881826911747e-02 4.426413850116588805e-02 1.968117996374908751e-02 7.842382213971070548e-02 3.861842966623041471e-03 2.685475378443324956e-03 7.986708348980686711e-03 2.515472810188601471e-02 3.784513803594557330e-02 5.447914212483694757e-02 6.393774644734640314e-03 2.194504736815919982e-02 9.147919809058119300e-02 7.582177112789739715e-02
3.525716264497137653e-02 4.431028591846244979e-02 8.362080874045778323e-02 8.464653988211590097e-02 5.712235357284600745e-02 4.590839710209454472e-02 1.492643767874453180e-02 1.935271716959499275e-02 8.082543765121075197e-03 8.608043368152296093e-02 4.190710703751088229e-02 8.493985861199194326e-03 4.050255702208286485e-02 7.801114818064758261e-02 5.120992412796984694e-02 6.083632093617447056e-02 9.020623502453201104e-02 4.994825005884229174e-02 4.281604497095044259e-02 5.877618260144343992e-02
4.627796825035172118e-02 5.646556184572715242e-02 4.659871020843622813e-02 7.870884905593414360e-02 6.710059190346609470e-02 5.015362162961701196e-03 2.308066458845291560e-02 5.574936884662065606e-02 9.617186602574827325e-02 6.950753815437286931e-02 2.399108591444491095e-02 1.293262520122991956e-02 8.383034493367980122e-02 4.922765260331037063e-02 1.215774200674171225e-02 3.736120012917792249e-02 2.591061678442283661e-02 8.620038926914777577e-02 9.907775081140947002e-03 9.553373516348054317e-02
3.228298855001398432e-02 1.379372991553406980e-02 8.594644759002106893e-02 5.074694868730358910e-02 2.759233773984970384e-02 7.600115096957897609e-02 4.158309277582305369e-02 4.119040085354031162e-03 4.631371177245072884e-02 5.316957572879266181e-02 5.282251154661680298e-02 4.458214268318754642e-02 9.013333612363076675e-02 3.677435336255352721e-03 3.711409746639467155e-02 3.255177454863910497e-02 2.067876989444457358e-02 6.750258939981083894e-02 6.613832484616014029e-02 7.059546026128168950e-02
8.919015224548142162e-02 4.755360926795402371e-02 5.023726728738165358e-03 8.698033787095782454e-02 2.043075585968190389e-02 8.844597791276909496e-03 7.477318992212234061e-02 5.539185050700435459e-03 1.574953970118420088e-02 8.695268328249687595e-02 8.576811046960262919e-02 2.555167318158875489e-02 8.127048071743557534e-02 1.613267030484042547e-02 9.754364709560166269e-02 3.375458375466940109e-02 8.719970436918764167e-02 4.498055782503058986e-02 4.681340235038283781e-02 4.969664295767663165e-02
1.145538125599564541e-02 8.009210080667232556e-02 9.672646515752086893e-02 8.195563263521654651e-02 6.361353027242928893e-02 5.631715610041226200e-02 1.405389926760707356e-02 3.631239336261360418e-03 9.032900220145964609e-02 1.370153451624082225e-02 1.174275806151919843e-02 4.162882134726575423e-02 4.874434730455024130e-03 1.873878438195061488e-02 9.629176112054195491e-02 2.055962774573938563e-03 3.607771394521461922e-02 2.861762558887961591e-02 4.323242802385558747e-02 6.855720363932107930e-02
3.308923856810203068e-02 4.220136203685848075e-02 9.395235812613982052e-02 6.246837578101641780e-02 6.591779455946589206e-02 2.097353999282839526e-02 2.139451755930596097e-02 3.031219326942724557e-04 2.466557007274690350e-02 2.132636924698871981e-03 4.695461404831241525e-02 6.403332682382457258e-03 4.252257453594752296e-02 1.438453952444109819e-02 4.499692387628639878e-02 3.431978840090168376e-02 1.701495271220579072e-02 8.639876775648081680e-03 8.674008557117190987e-02 3.032993905160870363e-02
7.585235212441068797e-02 7.340104494313821892e-02 9.843137284248663910e-02 6.339969033554064548e-02 1.783192463865317448e-02 2.996845104474983590e-02 6.750247342673787801e-03 5.770914387158866676e-02 2.219131770977483820e-02 1.513726153886115790e-02 8.949354213660004609e-02 6.514566839773343332e-02 8.143023440898819465e-02 7.000797127543696707e-02 7.425825558160396855e-02 5.201303127738182014e-02 1.496161049271238497e-02 1.628031819986065429e-02 5.362788824295792317e-02 9.959992881762325112e-02
5.831023296981596715e-02 9.744215857940602410e-02 4.103527717659012641e-02 1.047069826658123676e-02 4.639921298606406591e-02 1.335123119496378630e-02 1.789047719078695753e-02 7.584975762108325976e-03 4.513524585346576773e-02 2.360143704925216079e-02 1.184222056070553114e-02 3.091651854048760306e-02 5.602097064928354686e-02 8.330726103797780890e-02 4.950550695251156041e-02 7.765067028625594579e-03 7.816535548101094522e-02 7.379555643609023163e-02 4.089901142192012978e-02 3.741693966817660755e-02
6.126741654141536902e-02 7.529605813690548599e-02 3.336792387981807329e-02 8.054833301688524294e-02 3.059264666348060838e-03 9.130900384799046920e-02 1.005402733740545828e-03 3.701802989775293540e-03 3.905017744225963705e-02 2.245153953913987810e-02 7.024065262803862175e-02 1.518986168387247496e-02 4.849012268977407475e-02 6.191510190400128372e-02 1.099492000076428624e-02 8.456223485361497039e-02 3.853201943048296940e-02 1.288202230854867958e-02 6.421307768573017438e-02 8.418956122345311321e-02
8.819672701058364761e-02 9.593200472147446478e-02 3.439759747577549737e-02 1.063497922380811714e-02 9.647249898929156908e-02 1.616877951477125805e-02 1.073468938661770178e-02 7.232002797712033977e-03 8.717684777242194760e-02 8.927394245465200551e-02 2.628671696085623996e-02 5.659619541886149602e-02 4.214704097995502358e-02 6.436284014247406655e-03 2.049767413147607353e-02 6.098839658516242400e-03 9.464167819949892424e-02 3.765385786082558334e-02 5.358807128172365236e-02 3.373708013872776107e-02
5.450577214168896012e-02 4.511829476494619989e-02 4.575894961510956760e-02 2.073876777562169357e-02 7.846591727452324055e-03 7.308191523678235491e-02 5.306738663711230153e-02 4.146141202484130567e-02 1.883269087302050920e-02 7.841880911738263737e-03 9.298155555790765803e-02 6.124714764519680055e-02 8.029928358223535623e-02 5.114594240134263947e-02 1.632261722532451012e-02 9.275400392399599236e-02 2.583245993204086322e-02 5.784798176891214200e-02 1.518694005515907122e-02 8.873498052163578120e-02
2.630279703765392441e-02 6.337928790213663566e-02 1.432049273456145223e-02 5.177506735212908384e-02 2.381509330748401640e-02 2.663364019220386750e-02 8.696806762085591835e-02 4.665444232355310528e-02 4.231580864798998448e-02 5.944221261722948402e-02 3.925336119695735371e-02 4.191361256601185137e-02 5.043887889301273963e-02 8.328123896563321971e-02 9.076250624712232928e-02 4.715131672815386227e-02 9.510152334203078595e-02 8.289859817082911864e-03 1.999722707779968620e-02 9.865464310622287791e-02
4.116251959084169659e-02 5.851744093491462184e-02 3.402744139799170064e-02 8.265949571183239808e-02 1.232798094958838069e-02 9.338494767223293191e-02 8.076238310537552090e-02 3.319592452627308926e-02 2.349878284100718334e-02 2.458716697984962909e-02 4.634698256786634607e-02 6.660433694006136218e-02 8.998829116986567511e-02 3.946085595635462351e-02 3.386995321656004893e-02 1.097169925837531215e-02 2.146753814060240600e-02 2.100297275209661585e-03 8.807895800893339108e-03 1.395426361085732106e-02
9.265041841449064841e-02 8.132826583482735683e-02 9.339431745549914288e-02 3.992391441712540845e-02 7.721843059045727098e-02 3.299516251822110207e-03 9.154566782571579853e-02 5.041625994584642001e-02 7.433031583339567289e-03 3.931503427682912083e-02 5.350154857168974015e-02 5.809621888385843591e-02 5.425927468757108310e-03 1.536762075016543522e-02 4.936087555428373547e-02 8.533239051690853783e-02 5.406103492007255373e-02 1.607535638614936493e-02 7.845975371553606803e-02 6.920212960407573499e-02
1.181007460023494361e-02 5.524361237673219849e-02 5.248477858621880543e-02 9.774878641620728115e-02 3.962251405861558912e-02 9.575376238076993909e-03 9.352826971462939454e-02 6.964498818435083116e-02 1.215102252351020311e-02 2.361072877923527102e-02 5.290428405714808768e-03 3.115884709935501373e-02 9.766212346128922209e-03 8.288524846152701964e-02 9.171974818738851121e-02 9.966825013769263497e-02 4.564868358803049475e-02 5.019834327808499197e-02 1.269513877339314457e-02 3.276457500183238667e-04
4.354478863546597245e-02 5.214678360603131058e-02 3.206190351693949392e-03 4.614019254209257570e-02 9.496921700074417716e-02 5.360339274129233625e-03 6.712279144381864959e-02 8.615692981511298421e-02 9.386279729011841322e-02 8.841457873272130438e-03 8.573241638792182540e-02 8.866581440222087718e-02 7.560653084279345300e-03 1.203626271005515773e-02 1.398878222698281097e-02 2.345664998207164405e-03 5.375868937421018207e-02 2.087485423069007640e-02 4.438941380044736373e-02 4.925989524138733172e-02
