2.016499204412830204e-01 6.108271920848155206e-02 9.247615175944681742e-02 7.141067771126936858e-02 1.227741219471275846e-01 9.925994408585241124e-02 4.618545354157226057e-03 1.180469330320887689e-01 9.689276254332358784e-02 1.794293747287011298e-01 6.104097817071411913e-02 5.381565027983967187e-02 7.279489449930104383e-02 1.282838451847338190e-01 6.495470621263796374e-02 1.274661608999257678e-01 1.133407726337166271e-01 8.951356090580254998e-02 4.718862247885118044e-02 9.810838587164992519e-02
3.966182994888053925e-02 2.638795910345103496e-02 7.935176234211158142e-02 1.081455041246585508e-01 9.358518591109596385e-02 4.398092324460563945e-02 1.079664690153923391e-02 7.428923370030690587e-02 8.867836193424875890e-02 6.785728632822130013e-02 1.518744678417331901e-03 5.104401025329381725e-02 4.208004504931756734e-02 8.622297717131595374e-02 6.283684396307764874e-02 9.417524981673634776e-02 5.116102285708671454e-02 1.879670061327443423e-02 8.150310872145144492e-02 9.451626979577736065e-02
1.346451325517527761e-02 4.351095857922467058e-02 4.362230167983888879e-02 1.566303346460319601e-02 5.261318209688081726e-02 1.642037713740068794e-02 2.654861067989421758e-02 9.960828759171287683e-02 4.992997343332347682e-02 7.353590320438539718e-02 9.473968107027010144e-02 7.152663153819661945e-02 7.356808425459022971e-02 7.525590290931105653e-02 1.033412943419108887e-01 4.418057824983372128e-02 8.770550716677365244e-02 7.014491777320581989e-02 6.129093091171544661e-02 7.553301365028036729e-02
8.358004896861905009e-02 3.909838999892485678e-02 8.568015131241443066e-03 5.200328290545466747e-02 5.316362851503071002e-02 3.605099406928306133e-02 8.686898280767034464e-02 2.159419603232433718e-02 6.264401244196474150e-02 1.069216407190858864e-01 8.330113483879977854e-02 5.894930436299065241e-02 8.523483730325819019e-02 5.653815784262626598e-02 9.372681828222413636e-02 1.029901857528141007e-01 2.833142694518044069e-02 4.421090281086541285e-02 9.671630316405914474e-02 3.127289820201757664e-02
1.147661990625782960e-02 1.020779017931820742e-01 8.669810997897699212e-02 8.701219380361124162e-03 5.419016324378536642e-02 9.420644076653226021e-03 6.791060601901399707e-02 3.438658040686920492e-02 2.403499746440128024e-02 8.540416635348441199e-02 7.235526627417489254e-02 3.239656207741265642e-03 6.957233642197481471e-02 5.665371538988710903e-02 7.134413915118963112e-02 2.014323219575345908e-02 1.013792962452814972e-01 2.154080726451652883e-02 1.127319553654539119e-02 7.353567597155860613e-02
7.404395231112613496e-02 2.680250992995120152e-02 7.743870542076379537e-02 1.153060886347793274e-02 3.942445110807860781e-02 6.237067730730965626e-02 5.869684926581590634e-02 3.628317899371181349e-02 7.961298652750534513e-04 7.660091365973262234e-02 5.900708771448940487e-02 9.334825110143561699e-02 1.440209117766747503e-02 5.681055089487634796e-02 8.324753168809469195e-02 2.622451055210299822e-02 2.557178362197972191e-02 5.002032593498692255e-04 9.845502135129857724e-02 6.897829654839136848e-02
9.447598185893112122e-02 8.127265368221764374e-02 9.833519751901460826e-02 5.419201568958596782e-02 6.958522417094899215e-02 4.331571624466584031e-02 7.367578258079042486e-02 1.070891288192695606e-02 7.370204934097066007e-02 3.887692198673921296e-02 9.208006971368121185e-02 3.840577733730664994e-02 6.902492783830960210e-02 2.378612535458141802e-02 9.285604660955336376e-02 1.734183697931233892e-02 6.875148193698786547e-02 8.996985184950784253e-02 5.236263826414844225e-02 4.196094304601982738e-02
1.978066854003993763e-02 8.320775723071728580e-02 6.744654075172891450e-02 4.137179999342120718e-03 1.818793787117242711e-02 3.505631495364332217e-02 7.785017645434684497e-02 8.172318735904937625e-02 3.987608066923893635e-02 2.975885119345110345e-03 1.294590472191447031e-02 8.576409805556312049e-02 3.128405942175267740e-02 4.579636591081415881e-02 7.374984084080080105e-02 7.903368714764255620e-02 7.335463057172826595e-02 9.190870162205370952e-02 3.054847675773717311e-02 6.205559452138215831e-02
8.879960683583794367e-02 8.285338968087234413e-02 6.400508043318223206e-02 6.498594486607857379e-02 8.905903861654685489e-04 3.461219019424283116e-02 4.636538579835502299e-02 9.625007866055215744e-02 9.957061114977168448e-02 5.244924176738511440e-02 4.737402315640823480e-02 9.715031279013919274e-02 1.013259835458666692e-02 3.207970614994298114e-02 4.334990330996000424e-02 7.311403939943110497e-02 8.725974920521666067e-02 2.024584033428392799e-02 7.020010486970039432e-02 4.980486072032217632e-02
8.793469104750081811e-02 1.621531385423204130e-02 1.678685162871455458e-02 9.575700883359268556e-02 3.322577790454302876e-02 1.020429941805322538e-01 1.085692655552850799e-01 1.813763130993773995e-02 8.396860293121617691e-02 1.067668781939503514e-02 3.281598711824999792e-02 5.302599651546435061e-02 1.044918564783797223e-02 1.198651889340962909e-02 4.107398501791516970e-02 2.273292567475568640e-02 2.102152407623133698e-02 4.104934133121340006e-02 1.865956529505146885e-02 3.867121052702856415e-02
5.849793840545535611e-02 7.279250310145942045e-03 8.245796190338158804e-02 6.251876458489058486e-02 9.748442682342366161e-03 2.524929431603296567e-02 7.979160129274161239e-02 3.447666053751887588e-02 6.399362198882922736e-02 3.545334967340978138e-02 1.028856075325793318e-01 6.522999537184169527e-02 7.701939432072954506e-02 8.407881588518642535e-02 9.322891182912693142e-02 5.758139573226848246e-02 1.825637156089273544e-02 8.433532395711752783e-02 3.283937286984146831e-02 7.161095771726339043e-02
9.060843021262032781e-03 1.012556112020375071e-01 7.515937077648748854e-02 4.962664727963575495e-02 4.308584210313761570e-02 6.918198559831596761e-02 9.131198481980666581e-02 4.665414863121241512e-02 8.776055288327955228e-02 1.247267166419521733e-02 7.630993184491041692e-02 6.554143696850096845e-02 7.011646451249810286e-02 4.771248253652433241e-02 4.852063236136302388e-02 1.422737840644996282e-02 9.324914337215252369e-02 4.041544557532324167e-02 4.375024256150540636e-02 9.116386994896646945e-02
1.017489300454340884e-01 2.128672412871137481e-02 3.440047992672470162e-03 3.602902421859011106e-02 6.856128106173095538e-02 4.115209526771973492e-02 5.611297071999608865e-02 6.132676186189398027e-02 5.014618934066190220e-02 1.060726355919194147e-01 7.975941207241171726e-02 6.296217102247768371e-02 1.047679224775966561e-01 9.791280516641007181e-02 2.491245287436566480e-02 3.117506067659454524e-02 1.792900121151990572e-02 4.215872226170090664e-02 9.715937695872395308e-03 4.087909944531803452e-02
1.814544429215309528e-03 9.187083092510565582e-03 7.123394957609806288e-02 3.084070252888723371e-02 1.598099998583359452e-02 1.050862920534580275e-01 5.597338186638864399e-02 3.503546651426884401e-02 5.254755513631109015e-02 9.841002150588067099e-02 4.685615813414240050e-02 7.173706028651694044e-03 2.044994742470425744e-02 1.275000953537326447e-02 8.569756637575670633e-02 3.874338267240862166e-02 9.303211201283044518e-02 6.304913817976053048e-02 9.600350449638384021e-02 1.510432480264627120e-02
9.569453549686982030e-02 1.018178538779212355e-01 4.624453020127255315e-02 6.036687271214728756e-02 2.388665816541079429e-02 9.877353190635045077e-02 3.831013726446692164e-02 4.730432755461299460e-02 2.993559555173387621e-02 7.021307722694200559e-02 2.999225781003402383e-02 1.386700528924887828e-02 4.873471793309958056e-02 8.623858132509304442e-02 5.707623703006233645e-02 9.553018002823118748e-02 3.556088680700898730e-02 8.087427884118592036e-02 6.394114389884171523e-02 8.959395381966162031e-02
7.908062576596169846e-02 4.379137928030781696e-02 6.512139430664561079e-02 2.476356497421725641e-03 6.337294664313364127e-03 1.053676090959927980e-01 1.044342985928723294e-01 5.073635972262766081e-02 2.130093185722849169e-02 6.751226972458830577e-02 4.184553438358836613e-02 5.458680424359917127e-02 6.571750130208241225e-02 3.231101263784452032e-02 3.825653138184325480e-02 4.471496127344221777e-02 7.177272797675723903e-02 9.004587832286266302e-02 2.034148382782488204e-02 8.826617574026036916e-03
5.208775551827908579e-02 6.448648760209867159e-02 9.808883029736844075e-03 5.149639311808110187e-02 4.116060774989439841e-02 2.882139884934685134e-02 4.078820671661516351e-02 6.274682371921909418e-02 5.751035742221258934e-02 1.855148722321034449e-02 2.656786741260376561e-02 3.783219814173820889e-02 1.398496249607177749e-02 6.969440215216884948e-02 6.969277938461633515e-02 8.637090808638164807e-02 5.230844937319759080e-02 1.016099878137311369e-01 3.555622799997645855e-02 3.448123327934386056e-02
4.663764675842634738e-02 4.132667232789154210e-02 2.134566613504080505e-03 3.974736674010560800e-02 9.627671097820049428e-02 7.253869785668548564e-02 1.508048812179918832e-02 9.762142777995931608e-02 5.167946407432046779e-02 1.864367472862978048e-02 7.430238854055692954e-02 2.851672450067798889e-02 5.284967496427390998e-02 2.481904652084665486e-02 3.819361308578658742e-02 6.172296567894879765e-02 1.012070465247817408e-01 8.670908588460503330e-02 9.757098698675973486e-03 5.099043538415645727e-02
1.820608818729179757e-03 2.576525730852092036e-02 5.721199825723066734e-02 7.115055723064440951e-02 2.156379917250712819e-02 6.583555052650028050e-02 5.191308718137061656e-02 3.241294973798114487e-02 9.547832960523612578e-02 4.482140440047595320e-02 6.782077333624342286e-02 1.052411787565949441e-01 9.977721091625349481e-02 8.362988262708592746e-02 6.656991273939438791e-02 9.088057909254830535e-02 9.371119086675247511e-02 9.964393711599817127e-02 6.749706709035004082e-02 6.422992900019898477e-02
1.499212071729370474e-03 2.379028154404113152e-02 7.319867592043722941e-03 6.984742394233842133e-02 1.023602641043825784e-01 1.020913130562416116e-01 9.634199937424212448e-03 5.681883599076883139e-03 8.251368049673747998e-03 4.723778719775937468e-02 5.945588589200332535e-02 9.786159341755598651e-02 7.333161313048524969e-03 9.033197576699612819e-02 7.994183597488017934e-02 9.785817925070740275e-02 1.050142617943888024e-01 7.069319134348359124e-02 6.809639674386927521e-02 6.713439881609735427e-02
