2.724219598492044758e-01 6.939851957582450492e-02 9.692810039929922183e-02 5.507030958096476025e-02 4.682930806111425259e-02 4.985674391990825571e-02 9.013217354695052252e-02 1.353778568805237281e-01 2.891062777234156000e-02 8.616353844622889890e-02 1.343212656777753866e-01 1.293281461967173418e-01 5.701036745209876744e-02 4.433095675552990722e-02 1.536931383030243348e-01 8.466216871733556193e-02 2.168635192912563708e-02 1.239272349911645643e-01 5.858922593469554491e-02 7.845746588841687186e-02
3.644179215803360766e-02 8.379802997598970182e-02 4.567297185168983989e-03 6.077398881565045097e-02 5.216992068260514759e-02 4.149138199839658148e-02 2.849583601664947008e-02 2.811907608640590306e-02 3.413141285761230742e-02 7.354177772973967409e-02 6.488908666254171453e-02 7.222398909816023227e-02 7.469078308212488693e-02 5.370982382104597802e-02 7.466256841399281086e-02 2.946352382074081400e-02 7.228218261964029778e-02 2.617064138757923056e-02 2.660480151535251844e-02 2.847666041934131601e-02
6.099207225907907204e-02 8.071106213702328169e-02 4.196551016688684910e-02 9.147375279884609189e-02 8.812682712521235917e-02 7.612736636856998716e-03 7.684430836327545145e-02 1.845385050364688542e-02 7.546496701276442232e-02 9.229921837470400625e-02 3.580257608198668395e-02 1.080871930138238568e-02 1.239960381292710793e-02 9.443642235945581831e-02 6.043331136726257102e-02 7.632000262215728192e-02 1.786714252129594296e-02 2.630188493717755798e-03 6.726803725255488253e-02 8.894026927620851675e-02
1.726985916071775012e-02 9.405620357938833387e-02 5.519288059983296080e-02 3.061649784696496290e-02 5.008917570193070073e-02 5.038477316061742983e-02 5.702583910418788232e-02 4.967105934926657751e-02 4.665937414175033715e-02 1.243995806145014107e-02 3.242540915845916472e-02 1.566171112303349662e-03 3.202193710212308808e-02 2.668679064087632613e-02 3.645341413711329637e-02 3.354679465295153096e-02 3.108987263202836124e-02 9.243412246303152335e-02 5.586052099720970054e-02 8.952497550097124335e-02
4.182949506458810696e-04 7.684767737788594788e-02 6.990176488152001488e-02 4.027078912180635101e-02 9.522478136650833203e-02 5.851956145576300838e-02 7.173803900043672355e-02 6.312737546956036228e-02 5.180685213342566681e-02 6.944256648970395518e-02 6.798826592989511142e-02 5.325902429369758218e-02 9.938308772932515078e-02 8.188349540862686904e-02 4.040907268899316535e-02 4.409097852094559511e-02 2.062806531108046793e-02 6.836241633569845044e-02 1.135329476857337497e-02 2.718470201942351297e-02
5.877790286591189073e-03 1.014373666840345800e-02 4.801968294863238201e-02 7.739923276963893428e-02 7.627603099452270885e-02 9.647607962203386123e-02 5.796656531844268656e-02 3.454226909890487779e-02 5.232218925195906284e-02 6.523184582426971856e-02 9.654072785053012529e-02 2.073201795295653849e-02 6.185267499602005448e-02 7.402277714925585561e-02 9.801830287070802117e-03 2.578693777790530724e-03 9.633685820886050966e-02 1.093412082898963592e-02 6.197608653045792032e-02 5.017977315994748451e-03
6.758474234660620528e-02 7.845918147417541011e-02 9.600362600810304070e-02 6.969063563737155215e-03 2.485048485341783200e-02 3.421043258635945300e-02 8.291545364501817783e-02 8.963705447320932662e-02 3.681693863733696143e-02 4.168996889485188095e-02 7.425883339272232320e-02 9.727508554385766448e-02 3.619281570922380092e-02 3.593904625023380123e-02 3.174707841366080502e-02 7.886248768939058129e-02 1.877265673622654715e-02 1.104512592365578666e-02 7.582380632377216934e-02 7.935580746034831545e-02
6.889829178692193079e-02 5.685958579843537752e-02 3.308155477598635763e-02 1.687439827037487058e-02 1.397019605787348621e-02 4.880586685456281965e-02 5.073985397596778024e-02 6.961477977300814524e-02 4.968895348825702607e-02 7.383557038270291417e-02 5.571735788189371985e-02 5.184056883999188514e-02 3.043217695912282805e-02 1.127116669166805529e-02 1.404798232541484317e-02 2.009075606122401325e-02 1.831353457619879985e-02 5.591963360942592276e-02 6.644907466862953749e-02 8.370664905953523194e-02
6.651403307321145097e-02 4.884788036658704174e-02 3.533352029158098873e-02 2.909512398624408691e-02 9.675828217136173137e-02 8.031942428263716405e-03 6.793047737708713535e-03 5.112111735939670054e-02 4.566752029623645515e-02 6.991974515031473825e-03 2.790964674925148353e-02 6.027682623827843728e-02 7.415032049298073136e-02 7.877617856710417144e-02 8.167311911466434982e-02 1.781669649291588511e-02 4.224411358772162117e-03 5.839834046727063882e-02 2.065447366309876298e-02 6.624604544484199997e-02
9.133673832582171748e-02 9.433551515270005572e-02 8.241978688142960474e-02 4.077040093887387973e-02 9.313052715690844918e-02 1.740490659142146599e-03 4.141468090174915684e-02 8.901672368122770518e-02 7.873876749351725601e-02 6.005522111146702202e-02 9.273512087068755405e-02 5.309470139317487569e-02 8.086989064386455872e-02 4.861306043983853326e-02 6.094936710190035356e-02 7.827886247243522055e-02 9.271213496776731233e-02 1.325720148051993258e-02 9.573643191087222388e-04 4.100210670833024512e-02
8.449506085829351296e-03 9.773731736996432717e-02 3.514744726208759301e-02 5.527116282352470544e-02 4.309502293989793398e-02 6.995599709690508705e-02 7.920051850857504072e-02 6.544086363386097949e-02 2.567755872294781583e-02 9.041308165465894442e-02 6.980253150619004920e-02 1.497215289702591543e-04 7.352138425847580538e-02 7.963419801256645114e-02 1.114723357210081235e-02 1.218140430624034022e-02 5.764946106248453050e-02 5.541016217268710659e-02 9.599238006673449508e-03 9.751716291566769890e-02
3.093484992411159665e-02 6.459417984729996787e-02 5.289286414783016949e-02 7.313832223677307898e-02 9.700488278185637192e-02 6.757978793427635300e-02 2.416356088919133921e-02 4.153081449194127167e-02 7.523582712051735295e-03 9.707822745070385229e-02 4.795284492263079262e-02 6.575797833749587318e-02 6.066040182363377498e-02 3.579154642240651996e-02 3.095556278629763101e-03 5.229966450715806126e-02 2.444391752090092906e-02 8.211737368306075424e-02 7.432783806939766147e-02 8.304495175184511968e-02
1.862254152989213304e-02 1.584232500531251864e-02 4.947486387080094611e-02 3.290718057197905555e-02 3.659028961269605949e-03 2.428309209384436201e-02 4.861942572136634944e-02 1.570441317436542875e-02 2.657559519413858068e-02 6.080285612916065674e-02 6.675005502976283706e-06 4.090601025339099528e-02 5.716779545666262133e-03 2.685448072215570678e-02 1.613070092031420114e-02 8.069420802518656455e-03 6.469606649075454984e-03 1.950731897025679423e-02 6.594882407608866626e-02 8.536051501777458528e-02
6.307295092339594567e-02 3.815521398051635593e-02 1.802866751769964873e-02 7.884618250024598429e-02 2.226294995347355421e-02 1.834916826143420318e-02 2.890858107895688534e-04 9.686302159190277039e-02 9.906606577271570568e-02 9.663911581840640974e-02 9.113623822511057737e-02 4.263866614352540899e-03 6.874441524986181495e-02 1.571630024830790104e-02 2.945000440373701789e-02 6.095434750769510718e-02 4.801341800018871231e-02 7.121268021810277238e-02 6.105840476924993127e-02 9.345295716540441555e-02
3.939953424995532721e-02 9.725144130773705209e-02 9.597911000505654489e-02 4.864333612779955796e-02 2.898980262802293428e-02 5.056302145779530133e-02 9.421072535999068520e-02 3.663022848003456844e-02 5.851592551477846973e-03 9.406859765890859815e-02 2.768730863611636173e-02 9.345926796007254789e-02 9.555197818251530417e-02 6.905200977109730853e-02 9.315642439470933622e-02 9.246111607474488681e-02 7.444283227639013345e-02 1.370802970037810018e-03 9.580982319889921883e-02 2.864058196548419089e-02
9.229169669394535203e-02 1.990306088226902193e-02 9.030674683397829638e-02 1.870746081704002459e-02 4.519072622789453014e-02 8.497123838779652161e-02 6.789517718885375308e-02 9.456442549817897780e-02 7.420857594816192282e-02 9.852849332713072006e-02 7.603346018358635161e-02 4.235911895717114212e-02 7.776502539241120227e-02 4.602490530563355109e-02 8.162853979010285810e-02 4.372312846220524629e-02 3.977403293227054631e-02 5.210133669855511462e-02 4.158495100092607713e-03 8.632027293322511174e-02
4.799879069087004124e-02 4.865823868481237297e-02 6.343666155136186424e-02 7.958948548518725297e-02 2.564444027763075618e-02 5.713689596842697754e-03 3.186346197476480624e-02 3.791273885320601070e-03 8.215219534133566537e-02 5.636228262886551488e-02 4.470076374148225506e-02 2.199288240704623532e-02 8.283400368378142364e-02 7.136745301199512448e-02 6.370143767806058302e-03 3.514507678599433638e-02 1.364191018532150482e-02 6.262766573730885189e-02 3.469088939465769881e-03 1.989139434503410866e-02
7.114403805398084035e-02 1.356654729699837726e-02 3.423484295472298961e-02 2.880249023122990679e-02 4.331728347722353656e-02 1.861170615430463200e-03 4.366660591443571882e-02 6.804235767697640325e-02 6.332388802080617107e-02 9.712282741144798170e-02 5.455165870861773680e-02 2.155320124954125671e-02 4.401457571537922830e-02 1.738749734758973306e-02 9.330597812583056594e-02 3.656239724679597597e-02 4.314175657257163232e-02 6.579391564395899172e-02 7.045133411427689785e-02 4.532214104099946406e-02
4.899647809461754600e-02 3.887391798624809797e-02 8.696415056438241975e-02 5.207045334740396936e-02 8.161071425878495267e-02 1.719126814627738517e-02 9.834266683422622501e-02 2.190334191357390435e-04 4.155687847197930135e-02 5.378191489535719128e-02 2.524709596235785725e-02 3.362720684856846179e-03 2.005155029724616997e-02 7.571584397922631604e-02 5.692667659677590891e-02 9.437346942797221472e-03 9.499655954171368211e-02 7.743746898572904935e-02 5.128028491147723633e-02 7.152117241049792129e-02
8.935744878659873658e-02 5.198397472863780684e-03 9.104046750684959000e-02 8.373660498395579799e-02 5.604414899009091833e-04 7.234692350354919588e-02 8.391259762878371109e-02 9.457945858322205912e-02 5.277181435495214429e-02 7.161924417149721778e-02 7.606261879244569091e-02 6.556589816467667253e-02 3.872130354632875859e-02 2.375535192331483872e-02 2.733759064837409936e-02 6.657217544378767060e-02 1.605875418217251813e-02 9.771234694438747127e-04 9.231106013021883605e-02 3.473613502716057372e-02
