2.085640161123647196e-01 1.509130431561495622e-01 1.374421027232367587e-01 1.115525255732254528e-01 9.431169106436415595e-02 2.483392703128290552e-02 1.235344545376370617e-01 1.366618079892206739e-01 4.946710879870189204e-02 1.288377759979941577e-02 7.833020136008764234e-02 1.780622471121763237e-02 1.271800691289647345e-01 2.900770152747900177e-02 5.095449839701496342e-02 6.960005762626551851e-02 9.100315313761572766e-02 1.160307115654201360e-01 6.165090533149144431e-02 1.043256050776837779e-01
9.897381647592091991e-02 7.833066396956428479e-02 7.316969828133222664e-02 9.805509239334739280e-02 1.747782458858399002e-02 5.818596998662869946e-02 2.184990919224258019e-02 7.720801257550997942e-02 5.000133272995217759e-02 8.470980282455209398e-02 9.426301139398125806e-02 2.487915532591098572e-02 9.790129242071146654e-02 2.549017442720778043e-02 8.894765234081186689e-02 2.118567966759540497e-02 9.405236210075129666e-02 1.523432823098601688e-02 2.456767074948762800e-03 1.679046733857543147e-02
5.766520571348582314e-02 5.517771031861384151e-02 1.915717180644388451e-02 2.258533576283393643e-02 5.308086235782505380e-02 9.734711345110837188e-02 8.391063602476250827e-02 9.696591348855994330e-02 8.577522200002940522e-02 5.062316460425791975e-02 4.124534595745304316e-02 9.931931786801759254e-02 3.699775070666638105e-02 9.762071510365089022e-02 2.481204976024109390e-04 7.862571988387834221e-02 6.354835939813781309e-02 4.936562906414713320e-02 2.314598914639307697e-02 8.874170937261435799e-02
2.292088263930877265e-02 6.295255029865813590e-02 5.597548198828439237e-02 6.086432680248204941e-02 4.810146978978784710e-02 5.947020940341499889e-02 4.073159752437938153e-03 8.672198740274152107e-02 2.692233831496152613e-02 1.283348676080968767e-02 6.266763377356485143e-02 8.773945693780388355e-02 8.397830721450659508e-02 1.862764509876650015e-02 3.756069545781534624e-02 1.708246501607210352e-02 2.581407572168014156e-02 9.372464902221901151e-02 9.956181084542661819e-02 6.857686481440680715e-02
6.595277351384214171e-02 7.778018508975347023e-02 8.197154578618716381e-02 8.898806005196027713e-02 6.808069537777571012e-02 6.118900171448754532e-02 3.462733205776494932e-02 3.575069389612548637e-02 2.113850667566915739e-02 2.342602903941355674e-02 6.336158545363970718e-02 6.796357322895088537e-02 2.053397343309337764e-02 7.372261263931574604e-02 8.484134559186375102e-02 4.278321362345865325e-02 3.269814516586046216e-02 1.364620135451288796e-02 2.741438894639441903e-02 6.895120421890464646e-02
9.707852731409022384e-02 6.249832828625624670e-02 1.679668402436041916e-02 7.651162928311917855e-02 6.549662212566864650e-02 7.097678634561979671e-02 1.815180170149100110e-03 2.981458462435451415e-02 1.123182381881471237e-02 1.357965646885783695e-02 7.024501156756446374e-02 4.118312255988552245e-02 9.375744876363656388e-02 4.226025407616519625e-02 5.595570896575814690e-02 3.290775122776259248e-02 6.804244033117752555e-02 3.273321908719071388e-02 2.405995885341859555e-02 6.049132425148980030e-02
7.986354717439164697e-02 2.011336615261699601e-02 4.364809650323780987e-02 9.356240443254165706e-02 4.880882118701014571e-02 7.711738189725358961e-02 7.849922075495119334e-02 5.479487640680392319e-03 2.094705432249455070e-03 1.686141106193627184e-02 1.005083601854586152e-02 2.849990058702012163e-02 1.038968359124141719e-02 9.027763767175092657e-02 2.644831511693807036e-02 5.382418830003892624e-02 6.517506425101599055e-02 8.231326301843246152e-02 1.240015779145801217e-02 2.028438218027172127e-02
3.527791543977274596e-02 5.777308837656418977e-02 5.315715698104627601e-02 4.804788283348249318e-03 4.506985843759756666e-02 3.093774643680162820e-02 6.648339544140302766e-03 1.625502263621787444e-02 4.984640667197357683e-02 9.888395673242296458e-02 9.384281217151940746e-02 5.197766480180546211e-02 9.513272483265736157e-02 4.353967319644871936e-02 5.072274432523918991e-02 1.463592045692351309e-02 5.369880294665956705e-02 9.430001773990026592e-02 4.632454020133430078e-02 6.393422492353949271e-02
2.086862928847562845e-02 6.826370464097104851e-02 2.762688653600873373e-02 1.114777439108895034e-02 4.338040115446374634e-02 5.636002587787417029e-02 9.640147243921490250e-02 6.094060975999705809e-02 5.504674563916826108e-02 2.230891784287132584e-02 5.455601507741128509e-02 8.087053421843312662e-02 1.306770461284793156e-02 3.581004640756470236e-02 9.568110421758580647e-03 5.169659087582965246e-02 4.862732896125250559e-02 2.874103342699767596e-02 7.048595863004616935e-02 4.875793576921420153e-02
1.698978049134316701e-02 3.322628600620663314e-02 6.790466549978131650e-02 3.492460540508839778e-02 7.597190620758322022e-02 7.654675514731383579e-02 9.842022326671610866e-02 4.017190179239957942e-02 2.702620078794555625e-02 7.687662861903342415e-02 2.859066416043481995e-02 5.544591407692248120e-02 3.462863934540411082e-02 5.489820893739116858e-02 9.211587723027439556e-02 2.704405067962108167e-02 4.058103306205175509e-02 1.227767843517757473e-02 6.912726608354769452e-03 7.838969655394451008e-02
4.991915201803026614e-02 8.702508434157855965e-02 9.682892002939262610e-02 9.702401839623286950e-02 8.423071841594961806e-02 1.470674542244443384e-02 8.932399874163365894e-02 4.539374156550816247e-02 8.734754657400023437e-02 7.404807724579805239e-02 4.354067411289203049e-02 8.270841107630705347e-02 5.085852191483682117e-02 1.023304624281895546e-03 5.544128281642897449e-02 8.357562212104180377e-02 1.558824628240248512e-02 3.423891199064288578e-03 5.088587610727047378e-03 1.636130483596721572e-02
8.462733008364126119e-02 2.018253658577511336e-02 4.802834024044558975e-02 9.640332679772854740e-02 2.798172790411170008e-02 6.515662247572394372e-02 6.817358533919225250e-02 3.228063702738413060e-02 9.312935173840417025e-02 9.104350277913075828e-02 7.711951939460590100e-02 3.795195703896064171e-02 6.798543986134000794e-02 4.540790606404352531e-02 8.114101203737184020e-02 5.801113421299689682e-02 8.652215669177598656e-02 5.402166716918332945e-02 1.105747521111187862e-02 3.339137948762754826e-02
2.145992062872124212e-02 2.844920190840732888e-02 2.643815707795806047e-02 4.518965381094543210e-02 8.694653474475244614e-02 2.437960373210869280e-02 8.079540994116230813e-04 5.554631355958009747e-02 6.870476102593846279e-02 9.815471107939800766e-02 7.211211129903462302e-02 5.583028201574407462e-02 7.550663837821909585e-02 4.587705468261805974e-02 6.256713996932905530e-02 8.905401238594012892e-02 8.387372909851358027e-02 2.089052576330694549e-02 3.746679019392543802e-02 3.487779042804924762e-02
5.059054170700347935e-02 8.525347823814365122e-02 8.752423308546462832e-02 1.940631246786683924e-03 4.713089525005534353e-02 1.038999951066065311e-02 4.137191991370526060e-04 8.363290975770970581e-02 5.261823961258080273e-02 7.698436647781550790e-02 3.086110796153299779e-02 2.939144893791444460e-02 2.204562543106869561e-03 2.534802350485500233e-02 7.148630025883284667e-02 8.236249035772409688e-02 2.958703339415125200e-02 3.821963136949604878e-02 4.259239077686471919e-02 2.408286045317967888e-02
2.585616799842460709e-03 3.136365334544271438e-02 1.482459162243594634e-02 7.953125207809776109e-02 5.773358791216692126e-02 1.135729000494301135e-05 2.319407721329991290e-03 8.519904599520494726e-02 4.783884411087644534e-02 1.001171875211847098e-02 4.324212781261312089e-02 5.768987773895640006e-03 3.475399191857394404e-02 7.484044656765503900e-02 1.615284154116154378e-02 2.020983732723818926e-02 3.384809483473336794e-02 3.909107931048117282e-03 9.845990659440934101e-02 8.607483327894660530e-02
6.534867269891409328e-03 5.992830731861704952e-02 1.369777058115426854e-02 3.559739723924237181e-02 3.242993134099778768e-02 3.543276946770945734e-02 3.653051333044166071e-03 1.919457486977549495e-03 3.539653476547312272e-02 1.514107462930831642e-02 1.877485176191374949e-02 7.141413164832460803e-02 6.197630250356080117e-02 7.602694880838867242e-02 1.227456074538611080e-02 4.523457391572754255e-02 8.424296635686444323e-02 3.654641646812423206e-02 4.494554683300105297e-02 3.282991072136305644e-02
6.848330288692627832e-02 9.519054125417281478e-03 8.859111654954687776e-02 4.493896902149975559e-02 2.825741192504798230e-02 1.848180695666228404e-02 5.548300531151495463e-02 3.634592052020804015e-02 8.372884965819811509e-02 5.947705825876450914e-02 7.787703397478590306e-02 6.998058334867289509e-02 6.647542248725844816e-02 5.257364814794303343e-02 7.308402086603520142e-02 7.131549766033097593e-02 4.911782643668797382e-02 8.839479366006919303e-02 3.858217390959988585e-02 7.172162403221724047e-02
9.740393771336131046e-02 6.195656241482318249e-02 6.772250240961738554e-02 2.050410122362946938e-02 4.936066242119951930e-02 4.805639832918482540e-02 6.025590426662177923e-02 3.274769310071547895e-02 2.705973124316825296e-02 9.751270069225320691e-02 6.652722233446041467e-02 2.875266510644693130e-02 8.707313946057589071e-02 4.249771984792083401e-02 3.323312670822338444e-02 8.892631197600998905e-02 2.505542973508976395e-02 7.668274883574131839e-02 1.128514216726938038e-02 8.947656601544053123e-02
6.551716375328923980e-02 6.577083955604710874e-02 2.456847132605119097e-02 3.085990596277299325e-02 6.111627717981164137e-02 9.013071846066850190e-02 9.034823203888744936e-02 6.333541116751174871e-02 9.055217555637687377e-02 4.908204565631454908e-02 6.500867600886756081e-02 8.598883397761664105e-02 9.727000489417020335e-02 8.046432560076742513e-02 7.484320152386671199e-02 3.247231803635802078e-02 5.056716089776303741e-03 9.866572654227875883e-02 3.649362467739602350e-02 6.952158502595538747e-02
5.862247427702782510e-02 3.482038290713061063e-02 4.208819166503804943e-02 7.681529425725790172e-02 8.818172273731378352e-02 2.753889935071673900e-02 9.030415848591001257e-03 4.249597890320672144e-02 2.734078986234244127e-02 9.472814422354992880e-02 2.754978265071015425e-02 6.303611426274788321e-02 8.328744517688328741e-02 8.740805758429182060e-02 6.427173312851518217e-02 8.793834294739621971e-03 1.142464251998195381e-02 8.660921983922677259e-02 6.901715641449324319e-03 2.049777947761033305e-03
