2.419901906957606097e-01 8.818434061856289530e-02 6.473240372004666898e-02 1.530089419845671594e-01 5.079469894494032661e-02 1.136930577765720152e-01 1.408368833708579237e-01 6.395544936006052061e-02 7.367467142042774531e-02 1.357461409020082610e-01 1.471171211811461155e-01 8.809365796375821789e-02 1.064878639745607675e-01 1.470057199907066903e-01 8.053865059398676585e-02 1.237529762874274714e-01 1.367962416452980778e-01 9.147510685740448122e-02 1.601665811120042138e-01 4.384810615137652023e-02
9.062625918874443742e-02 6.065224297585562058e-02 8.763324354407320271e-02 4.482801087923796862e-02 9.831689698012008316e-02 8.998076497028691112e-02 1.055763199190129509e-02 1.089544730593714622e-02 8.911858613101582283e-02 9.913657655654334322e-02 6.202665590283907258e-03 8.030517105120527077e-02 8.647590507497960460e-03 8.192493397877832761e-02 6.072893393319039185e-02 8.429746538831664471e-02 3.649026172843914534e-02 2.729877701372744950e-02 9.775577817354696997e-02 7.174593287312723555e-02
3.966181458758660794e-02 2.508387397949547737e-02 2.561701607786347548e-02 9.424223305972176390e-02 7.244029969814312631e-02 3.768033847205137093e-02 1.052398347277143723e-02 5.538491160421726844e-02 4.049136818480433830e-02 7.405480038143873178e-02 2.735048067327522370e-02 1.292263208318308355e-02 5.693587158188249259e-02 2.906816623201277303e-02 8.924447371816662811e-02 3.266926630480148502e-02 3.676567117745793700e-02 3.087553468321701036e-02 4.483777372558031549e-02 6.969850257544693561e-02
3.523433398687303517e-03 8.645402102035844305e-02 7.533597171269237891e-02 3.584637953442356556e-02 8.778748946257766694e-02 6.780826978553776418e-02 9.200766530096385343e-02 1.415339182143852265e-02 9.390573818782063653e-02 7.034934994836233857e-02 6.804707484882359381e-02 6.431500755629120103e-02 4.017865343309800358e-02 1.754936865273138899e-02 6.977333869172822056e-02 2.654579623648151143e-02 9.967574674068643836e-02 3.835972343272491675e-02 9.415154154013488652e-02 4.714732999010115555e-02
5.832234439673381066e-02 2.688907144727211915e-02 2.789463461071409883e-02 8.983771827797393250e-02 4.073948504565799017e-02 1.359184785654454948e-03 7.432028886387742617e-02 9.519562279615173539e-02 6.482766026707224849e-02 4.536307035626030437e-02 8.854770818358782825e-02 9.802534960252935747e-02 7.993100150179172081e-02 2.383147085591471800e-02 2.000676463051878282e-02 1.044968927410553500e-02 7.866192028092362787e-02 5.873076479997781096e-02 4.419445235259781418e-02 3.380943893313231169e-02
6.466152501426541965e-02 9.016911949050294972e-02 5.305334580749155454e-03 9.856735113382740499e-02 1.593386420722913213e-02 2.663550440151764287e-02 2.271213569452718017e-02 8.009984773677673864e-02 1.892377829185533378e-02 7.610235248007020392e-02 3.925168388477266040e-02 4.904364576517782764e-02 5.733382969531135992e-02 3.147673110170695621e-02 6.046127633471876615e-03 3.923369617630271394e-02 1.889365220937929898e-02 3.933985835808245096e-02 8.527294159751803992e-02 2.258291724306308451e-02
8.648636323167658777e-03 1.703438489303115214e-02 2.729367537258962223e-02 4.049595815821500910e-02 4.095067318687706237e-02 1.851999935857895352e-02 2.165450103138191404e-02 3.958186905558939289e-02 3.039107603967668159e-02 2.132948210287345658e-02 7.588765322576856986e-02 1.286199441098733257e-02 9.077639605223022934e-02 9.635519105344925866e-03 2.464802419841792894e-02 2.600008007941896626e-02 3.710920356571723142e-04 8.073864883403711334e-02 9.228447149012523887e-02 1.917898888540850097e-02
1.451394661529592511e-02 7.415665811448535205e-03 7.217621051367341389e-02 6.997046097385410668e-02 1.840238825942736023e-02 9.650421212065123100e-02 8.578445452321512010e-02 1.850829427089609874e-02 5.672843791098380883e-02 1.526377531928824324e-03 9.466143082267064468e-03 4.279280423235310403e-03 8.619967048370959228e-02 2.682061904387769355e-02 1.688667098657847983e-03 6.386112352408691850e-02 5.001919738030530249e-02 4.462872021492303269e-03 4.789810055024908142e-02 8.862219815562061287e-02
4.384315718486491570e-02 6.873527445978018513e-02 4.406465003975950506e-02 6.240335060617897833e-02 8.885279985493116373e-02 4.746173449542923084e-03 2.009759403316839846e-02 8.641609123818344562e-02 1.597554329310779675e-02 6.270018618442475822e-02 2.560088925384439509e-02 5.421309187734729695e-02 7.627257580782811908e-02 7.478906551316000890e-04 4.996801110591276088e-03 1.425380027763398921e-02 2.638147241742433424e-02 3.046824375053810638e-02 3.900921422410205675e-02 5.468675286395523888e-02
9.507796425844972782e-03 8.472939974131060703e-02 8.939242497353398764e-02 9.001146738399470881e-02 4.768267400384862929e-03 3.774408816907023900e-02 1.417450488155562807e-02 3.393611717860228749e-02 7.581679104076877347e-03 4.837171305763404011e-02 1.043223880059941482e-02 4.811040113761730352e-02 7.647921132372463571e-02 5.431019757025724870e-02 4.130189836738835940e-02 7.449055564171462585e-02 2.275769828059658398e-02 8.594954510233543399e-02 7.844073398428369481e-02 6.956423028945198095e-02
7.320349437313707075e-02 6.839068455364470667e-02 7.224931403783963271e-03 9.595664232961513551e-02 5.109529694674254385e-02 1.268069414784541750e-02 2.253119001583304970e-02 9.506242048720964233e-02 6.714956733025834179e-02 8.586021696417732441e-02 1.226637541955325622e-02 4.354999380961362132e-02 5.658894109599697103e-02 2.249757017725936489e-02 7.834953143108730478e-02 4.803000037772141989e-02 3.774822065950977218e-02 5.736659303900440432e-02 6.367430977708418705e-02 3.631519621779312479e-02
4.072121529267729717e-02 3.754959777472068050e-02 3.757692563107794398e-02 2.094776352319709448e-02 1.605687865565059644e-02 1.679462032082324960e-02 4.836490686013450620e-03 1.797068539494535086e-02 9.221359746441515348e-02 6.247950233253574820e-03 8.979657112820566001e-02 8.429744112209758278e-02 1.056800256362755560e-03 4.058079902843342301e-02 9.551507695417614519e-02 4.815834137934493081e-02 2.447417639467236450e-02 4.805806487119051312e-02 9.180797065639281773e-02 2.192452690889138550e-02
8.783153888761356665e-02 2.315449153216091530e-02 8.619790903183935371e-02 1.558809473002186266e-02 3.558630803437303619e-02 9.196234890662836892e-02 3.672560882410826760e-02 7.257741244734285113e-02 6.253039431443095653e-02 6.192145734613219155e-02 8.449218691838922268e-02 9.686063342720477309e-02 7.317051922468560676e-02 7.242593204742021895e-02 3.764145463787785945e-02 6.785485447540033632e-02 2.154780127769666612e-02 1.285692987018749456e-03 6.462748270979737364e-02 4.086043003435498033e-02
9.444912111207307004e-02 4.735417752904338973e-02 2.529679975498087124e-02 6.403126137298979781e-02 8.714251852772447737e-02 3.493154625170941108e-02 9.697426465263571035e-03 3.853387335112501422e-02 7.360705709966065824e-02 1.642810150556626297e-02 3.439699267977443242e-02 4.304482767363576601e-02 7.277195984151767216e-02 2.552743647977872080e-02 7.147510061570767903e-02 9.828399759427343396e-02 9.709545945764490316e-02 1.272196593528761646e-02 7.759067451322315678e-02 4.559811207145963996e-02
3.298659249007416389e-02 7.467909566139412092e-02 5.825623515318594653e-02 6.817148172959393293e-02 6.481033833155579182e-02 5.846036387410972340e-02 4.907414727660217718e-02 9.870802006821188801e-02 5.047272443890974541e-02 6.999002841586125789e-02 2.621293753575121288e-02 1.163816450617537537e-02 1.951178785031955354e-02 8.932806743294573193e-02 7.743087431666452469e-02 4.876718970617163751e-02 7.884808308878622773e-02 4.043174026355555312e-02 1.023090316965701366e-02 3.781795835875478851e-02
9.207962956414994515e-02 3.114432260034161182e-02 9.670615238524588042e-02 8.871783030592382546e-02 3.706124061199560921e-02 4.612140032629014064e-02 7.521378807687418254e-03 1.494215124260784948e-02 9.309387853556250203e-02 2.652388907650329516e-02 1.612607801765139279e-02 7.015626011958528419e-02 3.916008790274685958e-02 9.459079898229424965e-02 1.880583738443912870e-02 4.745780823409141008e-03 9.856670809105973208e-02 1.922379531784739262e-02 1.262892773607576791e-02 4.259111270477708433e-02
8.844225313130353594e-02 8.607280053190746738e-02 8.248157402279199246e-02 2.808830472359048758e-02 4.075850046192689563e-02 3.287354242205348109e-02 6.407382610520252764e-02 8.136385568071811958e-02 3.030759448275094359e-02 8.179308666133809635e-02 2.810478650827469282e-02 5.424279414123193283e-02 9.042799161006398120e-03 8.395318182412384034e-02 9.908965006013960297e-02 4.976227754342733844e-02 2.353670393612727896e-03 7.829227963888474306e-02 1.069290683534883726e-02 7.487429953540475358e-02
5.494187113306038539e-02 3.091959857357379216e-02 5.060915044332861545e-02 9.029601527636299529e-02 9.086494647275032699e-02 4.525733732786875463e-02 8.337496007380208740e-02 2.832959596837941740e-02 6.548850948138235095e-02 5.169736462263715970e-02 8.943864978764842766e-02 9.307797090194434853e-02 4.902081952499544315e-02 2.207780487403157230e-02 1.413103532849357968e-02 5.744853560313602225e-02 6.601664129014200855e-02 4.886910421904480661e-02 9.272149044135909179e-02 4.720875883905627929e-02
8.155460522993025763e-02 8.053624278754517585e-02 5.741211836743823071e-02 9.369819787024555313e-02 3.607963246005085889e-02 9.665457989609464728e-02 1.671813646191010541e-02 7.364553833918312253e-02 3.261262881418083154e-02 5.561351781689045926e-02 3.324188759627733167e-03 5.575303570709675555e-02 8.455521664919801728e-02 5.553071913535898019e-02 6.579245153127401269e-02 8.332605366061103525e-02 4.101658312906462239e-02 6.858852849260739515e-02 8.288892437279024583e-02 1.456634277056682164e-02
7.067188368002819479e-03 1.621923416020942810e-02 7.470868117567229516e-02 5.548355727736126175e-02 1.917918926786471578e-02 7.192826995806193835e-02 5.474779746262625063e-02 4.424658439986006719e-02 1.020446758654415358e-02 1.961030110253956377e-02 8.691353003558775769e-02 9.817609561118790032e-03 9.598553006921731190e-02 1.394139679391951520e-02 1.940222384374752640e-02 1.364440833718889683e-02 2.948126264153901055e-02 9.517223519165568524e-02 6.912567239230314742e-02 9.201388166586893513e-02
