3.463440578489596078e-01 1.583663481829182540e-02 1.469785442705510425e-01 1.446433189721465229e-01 1.746056544454085979e-02 1.633437682343857056e-01 4.302285946785246867e-02 1.511941609133538589e-01 3.466165110643076863e-02 9.643926674691016832e-02 1.297820905538143443e-01 5.486708819005291227e-02 8.864825119852937085e-02 1.241369953469732695e-01 9.970873118755604891e-02 1.631301801398166995e-01 1.457051024639727799e-01 1.565912930663604929e-01 5.083728811568562905e-02 1.112084580574942277e-01
6.994282235262815062e-02 1.110344394420946165e-02 7.733535534989921002e-03 8.345463334490028917e-02 1.073711984806116210e-01 5.973462081659713235e-02 1.032151123092200362e-01 1.449281648139711699e-02 9.584087157510315369e-02 7.464759811027542324e-02 7.190494500412170087e-02 1.472081304736734021e-02 7.082198457477145714e-02 6.012255743129785342e-03 1.092781509707566878e-01 6.174459513923138965e-02 2.678552690423173857e-02 8.989067645806021745e-02 2.442539952412556975e-02 8.296838731085461049e-02
5.127389821856283281e-02 3.460298536146415999e-02 1.131903070318035671e-02 8.866034598369351705e-02 1.741426153252223843e-02 9.522813390833512193e-02 4.893789708841606717e-02 3.197534262552687023e-02 6.327631705365412140e-02 9.179200942589976764e-02 9.220493238482867226e-02 7.344107198101992862e-02 5.763305800824446157e-02 4.211728392709011837e-02 7.810758015980111268e-02 9.002058147318893477e-02 1.068061007999435985e-01 6.581580693864651221e-02 1.093062659023314549e-03 2.689139641179903034e-02
5.893145823360847191e-02 4.997065321976087993e-02 7.942541927161496373e-02 1.537944040447152515e-02 4.022775441302642307e-02 6.501068617241470560e-02 1.019360033787790193e-01 7.618323023058201811e-03 5.176532785156464506e-02 2.660472175196933447e-03 1.076778714280094834e-01 3.002605205115072701e-02 4.635865251542221205e-02 1.907588221893811303e-02 4.554846049356807425e-02 1.077872667641502219e-01 1.074067477857814507e-01 6.556936070114381676e-02 9.225732221073848494e-02 7.768691691343351802e-02
1.773225728538535204e-02 2.883448562941891974e-02 6.822234068542576413e-02 3.196950582269562219e-02 8.607482800006507895e-02 3.685391496069021638e-02 7.060410370672379199e-02 3.229947450288425670e-02 4.239055129902569163e-02 7.217123692061926110e-02 8.712951455823006452e-02 8.595516248768506062e-02 1.931996798942307164e-02 1.078025290491702731e-01 3.577264936110772370e-03 4.686372807014159425e-02 9.634866027535474164e-02 2.570327671960116050e-02 4.866025682038699340e-02 1.082762274300682476e-01
5.393758449914590192e-02 6.990866203105379484e-02 3.361329374859452213e-02 1.121089046706025792e-03 6.899179065097772734e-02 4.154652389005005636e-02 3.627224954065435669e-03 9.260206706772819429e-02 5.647191616208919324e-02 3.425697676680807685e-02 1.071606639337698980e-01 6.596830198864719885e-02 6.073176001080449193e-02 3.905723151744757565e-02 3.598401214325732539e-02 1.761909402945307027e-02 6.072961467896543369e-02 5.595177596837799111e-02 3.245630906799160803e-02 2.486714299069633233e-02
7.217924702163255836e-04 2.510507960961501014e-02 4.566238483388003477e-02 5.615568732724489365e-02 1.546049342931440918e-02 5.074329924092303712e-02 5.090498343090907839e-03 8.793631437616176993e-02 3.465976522353320100e-02 8.278986747052240192e-02 1.077490436720722200e-01 2.349820048829642100e-02 4.619447360731364360e-02 1.522293045800596732e-02 1.050380043981211098e-01 1.079697952756187990e-01 7.293877381653250669e-02 3.042372142130108509e-02 2.062299697874959981e-02 8.562585015498580532e-02
1.090269460104926480e-01 5.773758796759646816e-02 2.637753733918707117e-03 9.773118543414403836e-02 5.605606674194860140e-02 8.693148147337463605e-02 4.684148548711297710e-02 4.964437589293321795e-02 7.395865657402402212e-03 7.850081080906505526e-02 1.014370547897102404e-01 6.036564926930563374e-02 5.681129919792166777e-02 7.757901132466518690e-02 8.694949143311302142e-02 6.083849590053586748e-02 8.461624914856330504e-02 1.024892766698036750e-01 3.667291928325230183e-02 9.385661628591513914e-03
5.583113375556603142e-02 1.007621602162090679e-01 1.477208991719725605e-02 4.329282391217398329e-02 4.758940879730073903e-02 9.124296715753577036e-02 1.034157983644097556e-01 8.760078302153695429e-02 6.797761391086738769e-03 3.840624641410209789e-02 2.039887823864563327e-02 8.800421985390739776e-02 5.602332620266882446e-02 3.652504234654432164e-02 4.904216500979781401e-02 4.983454333405407805e-02 5.143044805672215836e-02 9.110543644477839265e-02 3.524175857086922492e-02 7.796294293282228505e-02
7.339385841273965427e-02 8.139320316588688486e-02 1.068311003965177058e-01 9.333746788924737747e-02 7.188217393112901477e-02 5.234063006966968579e-02 4.272803801352208913e-02 5.376176689282876481e-02 2.166036450556670795e-02 1.622419842400525322e-02 2.313542372370998301e-02 7.031091205847875281e-02 6.125381816628373138e-02 7.602319407156647724e-02 9.693448863570144902e-02 7.424109781637905359e-02 2.779157816620205640e-02 4.078255091594901183e-03 2.567375184687405859e-02 9.048560487692255960e-02
3.827872475863997037e-02 5.048900244775338109e-02 4.895652797719493576e-02 5.030296560533147748e-02 8.076186124725773241e-02 7.158019389370007257e-02 3.267302710553464384e-02 8.826967636742269821e-03 4.162542922780691074e-02 7.303036241951997576e-02 1.091912032268718552e-01 2.457462112620075606e-02 1.037513131250169668e-01 1.088292428942396091e-02 1.316582806223609743e-02 7.846291202746798546e-03 3.941069620405690532e-02 3.487259707823044466e-03 4.627899388054781959e-02 1.419342891473793916e-02
6.076516287109904463e-02 3.295199088470365106e-02 4.529876834119500595e-02 1.037081261460804926e-01 2.233206536764220998e-02 2.900777669940625414e-02 9.199921446855902074e-02 4.632654806362293542e-02 1.966350009596947931e-02 3.773669468575056862e-02 5.144945969696893689e-02 1.148499440478673375e-03 8.818287746525611814e-02 9.535077945755064677e-02 7.269340009652851264e-02 6.469446968213959925e-02 8.110295467758192600e-02 9.427883227040174952e-02 1.079495499195494840e-01 1.076978223167207316e-01
7.392225764359115769e-02 3.014257193693443276e-02 6.113029489011647007e-03 1.486799484354858411e-02 4.593727334835049497e-02 5.991624014161749112e-02 5.875202028196545301e-02 8.392191765800778580e-02 4.182534291419803124e-02 3.425450879268374105e-02 7.540994577100121332e-02 1.084603349191938793e-01 7.896294635083800362e-02 1.775022949828823984e-02 8.304948958266725190e-02 6.268939389570686582e-02 1.085401441206972351e-01 9.701449385388323521e-02 1.563526401858203116e-02 7.290167669547775731e-02
2.348094826300609408e-02 2.272297189240783666e-02 4.046723484763183054e-03 6.073423866140757743e-02 4.119890498367027171e-02 1.878307525455848864e-02 9.381939553968351997e-02 1.022268993184754643e-01 7.637790700901554708e-02 6.394267561669081390e-02 4.126074424119181849e-02 1.080708079062238716e-02 2.976856388649779320e-02 4.644827367287123615e-02 6.261213671589151153e-02 1.038311501949457372e-01 1.795473825620320235e-02 1.786415508252233927e-02 1.417839630605238592e-02 3.118167157282143720e-02
9.464147681816534319e-02 2.882022034157378024e-02 9.259976197845055934e-02 9.969962654910660693e-02 5.933901900099605720e-02 8.001026869640705252e-02 1.206576616694795406e-02 3.177544893370363999e-02 6.135761785146959246e-02 3.077772802591425064e-02 5.651601096462827156e-02 1.675096840660680528e-02 3.931430783343994179e-02 6.939272168121921047e-02 4.173301649234587019e-02 5.882393455270951144e-02 7.329885241051787431e-03 6.890373144821704265e-02 1.007418642588412960e-01 5.365683954802925870e-02
6.172982533122232940e-02 1.088971661220320547e-01 9.969200343417899957e-02 1.708767097244615063e-02 1.048054872697224693e-01 9.160956680807316732e-02 2.684112194788968245e-02 1.886471808384753909e-02 2.788842614394123134e-02 4.027833369399577007e-02 3.653436750738066254e-03 5.665199336096415211e-02 7.606687287541512299e-02 2.368274231900113769e-02 3.611722157608853595e-02 9.637768285211141539e-02 4.355272450177691962e-02 1.692825299704148884e-02 1.064005082125029367e-01 4.921321399901630589e-02
5.969559362402170055e-02 6.931530107966489898e-03 4.677541189389876342e-02 2.607219692046920320e-02 2.297551840311635660e-02 7.002857505816026396e-02 2.762849817714489037e-02 6.689231191345930113e-04 8.230875855892194615e-02 4.806808052919326474e-02 9.059463279921546250e-03 9.574921181758277999e-02 8.777313462505316466e-02 1.370735940050412695e-02 7.432014586448952576e-02 5.112936065638987865e-02 8.958771231734477883e-03 4.260964528409853791e-02 4.809958509991434095e-02 2.734228562638328294e-03
4.992612913073576908e-02 1.451905374784246208e-02 1.815158440570061038e-02 6.712721730710712043e-02 3.513108958162399625e-02 1.773096201277025649e-02 1.128274500971983285e-02 6.422632587571878993e-02 1.002327133246619373e-01 9.021007036688100111e-02 8.244755051140860436e-02 2.751102917478751020e-02 8.813328269746745214e-02 6.477300069411606742e-02 3.686040787183329087e-02 1.028254096820243463e-01 8.803386564408337278e-02 4.846795923595756395e-02 5.066837988283682571e-03 5.527419028213186036e-02
2.685216987978543760e-02 3.211069560153440722e-02 5.217378413894051964e-02 6.166366659784253829e-02 6.416268043632468443e-02 9.781709883825241703e-02 1.488492446644863569e-02 9.240244782412651570e-02 9.861077120511202790e-03 7.381467531282280559e-02 2.207019116722007748e-02 1.010313362739574533e-01 3.187343660827833894e-03 1.601946670702444550e-02 4.075663523183275377e-02 7.204615659015606299e-02 1.074178839801154528e-01 8.495209946907981979e-02 1.582354699954805974e-02 1.728853701364157364e-02
6.668888102827566500e-02 6.607758587856037320e-03 7.139384611250974844e-02 3.583952056748192228e-02 2.662819020267994177e-03 2.564225359770785570e-02 1.786221068427727016e-02 6.202014634965276156e-03 5.708545713079837131e-02 7.983521190123777549e-04 7.911663881952096800e-02 8.282950135854728890e-02 8.328425877137825284e-02 3.696412350854930834e-02 3.702233269053117198e-02 1.077203536568738379e-01 7.471059455614281752e-02 5.746052094864781412e-02 1.016767440549716517e-01 2.496836713553916148e-02
