2.780830640280764765e-01 7.825268812969017607e-02 6.341350403205753272e-02 8.878738409483129257e-02 8.733238993982916920e-02 1.310974820864279078e-01 1.006087461372127401e-01 8.649249533448791216e-02 9.269643940053820530e-02 1.362334240256552753e-01 8.263440309227453040e-02 5.656930441776908403e-02 1.110377413196554780e-01 4.944383065073458539e-02 1.029429406707971228e-01 1.351823818960875001e-01 9.680070370034760119e-02 3.726212336160332483e-02 1.174782583253411866e-01 1.526490058436470454e-01
6.238376780815402256e-02 4.620321116705547460e-02 1.909053562882734312e-03 3.251141843547705051e-02 6.685733821527049814e-02 4.021054277161391355e-02 5.125126952461298707e-02 4.208190933680253099e-02 2.596988506883527587e-02 9.739298962657827463e-02 1.624511519640994481e-02 2.739167320584243864e-02 8.989326195191615909e-02 4.353587570454815758e-02 6.048741180888339564e-02 1.908015620837421114e-02 6.822135650750946190e-02 1.672824934857173457e-02 6.912447952948451435e-02 7.327106537212592363e-02
8.718266277280298238e-02 1.335701456475282302e-02 7.690861299803408886e-03 5.354477594991353950e-02 1.119716968053698948e-02 5.336463384345934563e-02 7.096219245670365959e-03 9.475363108834229664e-02 3.583749656394178557e-02 6.007294336560085185e-02 1.968052911191152735e-02 5.684123547888880745e-02 3.869341266493463855e-02 9.721624776974545357e-02 1.997530184160777392e-02 1.356505320681704665e-02 4.733956347602966130e-02 7.908709892460709379e-02 6.569719635893472853e-02 4.695770878382159869e-02
8.964538954695497330e-02 9.681466395296484118e-02 6.164455152427038981e-02 6.387073850006706743e-02 8.943706613962361385e-02 2.574343554118068214e-02 9.172405901599084421e-02 6.636897529681744234e-02 7.907466673285767564e-03 3.777691745892031161e-02 6.926025075722118396e-02 2.456374443211633077e-02 3.411739111073335690e-02 3.652743676489843966e-02 7.616458490635136247e-02 8.535526631703881095e-02 6.656014660933087801e-02 2.679727143282885360e-02 7.866412332807470875e-02 3.549766336277859063e-02
3.519169033135245706e-02 8.451559970362991503e-02 7.398787063133556441e-02 9.540660188433575106e-02 3.584121049243632617e-02 1.216834398789261654e-02 6.110285101645371308e-02 1.221452184899707348e-03 7.360503700594005216e-02 8.862597491605368749e-02 1.205438121356219340e-02 9.339599047280744415e-02 7.233963638001703056e-02 7.193701865862993372e-02 5.840700567776599406e-02 5.837022564577207251e-02 2.290336853958906474e-02 2.559686944984228621e-02 7.063427317415302276e-02 7.555657601164596227e-02
1.494598918282745784e-02 2.658855014590500148e-03 6.311796309259685989e-02 3.484508517009286127e-02 7.753605022943466096e-02 2.244827695004541004e-02 9.875855000375955567e-03 6.649890713090079054e-04 5.891584410974622099e-02 7.354815176996155890e-02 8.420401035419512736e-02 5.119979878451992594e-02 7.294036595189100358e-02 2.366255908482942788e-02 5.240006471928942977e-02 7.593754552910068900e-02 1.535124968228752766e-02 9.535995175900544019e-02 5.694534171676415846e-02 2.748737644286032566e-02
8.563257644734645780e-04 3.464867984891804170e-02 9.746601845774421902e-02 4.380384369537040912e-02 3.899409290142481777e-02 8.674179519830048368e-02 9.517538346317752640e-02 9.514237048219081894e-02 3.792408951025916589e-03 7.749406774452959057e-02 4.418440036827986361e-02 3.956135272734229678e-03 7.001508831900350727e-02 4.354452042159478314e-02 9.025343380918711411e-02 9.766647665163522007e-02 6.627589012795394308e-02 3.511908299861832283e-02 6.936937131760867459e-02 7.585835622173721371e-02
9.537284484967296916e-02 6.855712183301428120e-02 8.757151874757189425e-02 7.716352094446747578e-02 7.062925464266672781e-02 9.428350528259349383e-02 7.766539327467403275e-03 1.227309765972023348e-02 1.203953495774370309e-02 8.683802637627625193e-03 7.242303975969266450e-02 3.050459444084296923e-02 1.669871855133864269e-02 7.261266593233586808e-02 9.850740619113033947e-02 2.547087182796409222e-02 8.246305427676162147e-02 3.124715164389206892e-02 3.060681286318420874e-02 8.310583765443142756e-02
4.432670095036265329e-02 2.529518534288540885e-02 3.955966048522796541e-02 4.669691892714689617e-03 2.350567296899900432e-02 7.572059918005194512e-02 9.338074299747838036e-02 6.366961038867956224e-02 7.402366350351295698e-02 1.912873136369959426e-02 8.950767988110955309e-02 5.544813376482300715e-02 6.341224538875545047e-02 3.295750516447689543e-02 4.918953041681151800e-03 7.634035132914646082e-02 7.333438881994125413e-02 5.262983085994113464e-02 9.688696772654638301e-02 8.814014163970305960e-02
5.905459127604693187e-02 7.612596506551048969e-02 8.502796898132325421e-03 8.031967486334759543e-02 6.573551055360253581e-02 1.344774040782599316e-02 3.148398604114223398e-02 3.058122752776740866e-02 4.524547338442575471e-03 8.006013065692789421e-02 8.926224172246427502e-02 4.376008684688752898e-02 9.235105015010583451e-02 9.291372350166045291e-02 6.100897511197104356e-02 7.460302522248221657e-02 7.881855406689250443e-02 2.191887335381980176e-02 2.212920781511668045e-02 5.736667582659400744e-02
7.395415758384325799e-02 1.591191594892823677e-02 7.930817119676993043e-02 8.141784574764118765e-02 8.120942130909160339e-02 8.218176631489276796e-02 5.784197656148382105e-02 8.670995953506795140e-02 9.712952808360751644e-02 1.910718351364658688e-02 9.933742830799435763e-02 5.919261953696117878e-02 5.326353501239924904e-02 6.482248184643432665e-02 2.374063416116158065e-02 7.387995710830667917e-02 8.911573274722155158e-02 5.480329419401216984e-02 7.767907207195696995e-02 6.770756155131679721e-02
4.052055911842544766e-02 7.692754914610704098e-02 9.887612259707148632e-02 5.617426421717489765e-02 6.830217152191675738e-05 5.779429166302283566e-02 2.507241666474002706e-02 3.006233593829079828e-02 2.677624964179402614e-02 5.498930190141607804e-02 7.394074850639587027e-02 4.483262669443532217e-02 8.239197481818547053e-02 5.914012041571029693e-02 6.381533577256498502e-02 2.537952760451867018e-02 5.245340922114273552e-02 6.300674904838023116e-02 6.294346486590038370e-02 7.699550980704696068e-02
4.471998366925403895e-02 6.270386304899218388e-02 8.970711801782083050e-02 6.171183127286924974e-02 7.101932805692390445e-03 2.678712737762809631e-02 8.397038474632479918e-03 4.702524945786838023e-02 6.875625611212964061e-02 2.246252088129996587e-03 4.432188386404914415e-02 6.367953214524058048e-02 4.964509500582230811e-02 8.427500204741372736e-02 6.378965922667077793e-02 6.673850684360180252e-02 1.930644035747961645e-02 8.120860811497336573e-02 8.693222468209474418e-02 2.528593743493170662e-02
5.504404401901353411e-03 8.132064068893329889e-03 2.453317509927537346e-02 9.633194115479612463e-02 8.312787099040938599e-02 5.869105007267823304e-02 5.161126249119064868e-02 2.826874590982546634e-02 2.491590389651100745e-02 1.583198525404422297e-02 1.155338097121185771e-02 1.407817193884508544e-02 4.385110019902909578e-02 8.666507155243143024e-02 4.169988281911049532e-02 3.148996407177533791e-02 6.144674621179480392e-03 6.148030387748884551e-02 4.530800645678548927e-02 4.769559950508903134e-02
8.163493880128552815e-02 8.130279425799849524e-02 5.684500144238206071e-02 8.153572533183645055e-02 4.039346838526939459e-02 3.200276570681240967e-02 4.673182807136445037e-03 4.070927382712411641e-02 3.977584699734518225e-02 3.997122967263788684e-02 3.025405265753008596e-02 2.482186330982788514e-02 7.829610426374018772e-02 6.610066798370171914e-02 3.394334570626211106e-02 9.998577205493464071e-02 1.203590006376723670e-02 3.404102980649396232e-02 6.510525771775144133e-02 1.448070435568824671e-02
1.217502084172191780e-02 3.589095572081240498e-02 5.710556369295022305e-02 7.748473409186583394e-02 6.574477694689601082e-02 9.427353089028817079e-02 2.529241594917144495e-02 1.557624239810251332e-02 7.710003816757260778e-03 1.597994884362596976e-03 4.816455257503722553e-02 3.969785604013458674e-02 9.636795678393120235e-02 1.863843501636974808e-03 2.864525335029478870e-02 9.193797203273504359e-02 2.614994028786020788e-02 5.004926156359702782e-02 5.563563032644981698e-02 1.433303964607369856e-02
4.234533218993296461e-02 5.743403160227256816e-04 1.351131294426861744e-02 8.773365124116222491e-02 2.200198428846460511e-02 2.624227245609564094e-02 7.764186073123276188e-02 6.377563185254646327e-02 2.728571068617655776e-02 3.217431222340984970e-02 6.589212502765201540e-02 5.873504578587205455e-02 1.478444547476024523e-02 4.929980499008114470e-02 3.091961060129899685e-02 7.068203336840893358e-02 7.700384635876095230e-02 9.983765328659210958e-02 8.877110496852490262e-02 2.001665147528084582e-02
5.991621332891703539e-02 9.614879468293587028e-02 2.432012335090383282e-02 7.323854054498857985e-03 6.594000634359513391e-02 5.892151770333686756e-02 1.393770358642452273e-02 6.544397397457091953e-03 7.976799551422791845e-02 3.662641351499995677e-03 4.375596859096515800e-02 3.507382945023529777e-03 2.332402349593766522e-02 4.368995862030067637e-03 6.832526118662513026e-02 7.696575870846010525e-02 5.010034752648093170e-02 2.420320774179143472e-02 9.695509279878695985e-02 9.033522679047860382e-02
2.720978416622044354e-03 5.704942207092680850e-02 4.054669294759628839e-02 7.770682575813264714e-02 4.985249503995112935e-02 2.153797991724770711e-02 2.326404769478003509e-02 8.827094758373865702e-02 2.258224362954413048e-02 8.428376918039716392e-02 5.344579332056586390e-02 5.556880585010393059e-02 1.229941888281628308e-02 2.916031995419175044e-02 2.261512818111233170e-02 5.994569784110438670e-02 3.161151092896402615e-02 6.806280373699417907e-02 8.242128071767791664e-02 5.388435942867897399e-02
7.190354002043386483e-02 4.063166560373732659e-03 6.521574940644732366e-02 4.766991500459290265e-02 8.607002740207631009e-02 2.043025590171345870e-02 4.204369866114041066e-02 4.478174125066176903e-02 8.273430617108334939e-02 2.197355465153906506e-02 1.471118457680894477e-02 3.878593272182073812e-03 8.683287582043650032e-02 9.225708605601674883e-02 5.211988074506371249e-02 5.852488726793320106e-02 8.095767441604785619e-02 9.740368474819389999e-02 7.469771606190393765e-02 1.617875862548322566e-02
