3.163410852748378410e-01 5.515184017235473524e-02 9.384493605333062149e-02 9.882422902932491704e-02 9.260351547435080599e-02 6.081084060950832371e-02 3.990414063977999054e-02 3.672354432565236304e-02 1.083026536365385428e-01 9.267087772921969724e-02 8.165999712208525663e-02 9.100337320809896713e-02 9.298216626358235537e-02 1.125110714748803198e-01 1.023515979913433155e-01 8.306814373832202558e-02 6.039364273983988812e-02 1.178256069923058064e-01 7.252290160435337363e-02 9.403799659206760198e-02
7.495635534452214921e-02 2.996463596561355081e-02 5.594689369910155370e-03 4.631795741124841714e-02 3.391062317504971863e-02 1.970168972670950647e-02 9.765391975025551619e-02 5.752664612892789686e-02 6.053856538838717216e-02 5.619634915716639756e-02 5.707073426135690630e-02 9.920873109321765027e-02 9.472619222659148241e-02 5.392471953014144059e-02 5.773436333914008789e-02 1.568946169650332553e-02 2.499579647805582130e-02 9.168802032671358182e-02 6.233136060114190941e-02 1.180324858406191051e-02
2.459089760613196798e-02 6.729764641981778039e-02 6.281867214736357174e-02 7.408170529753055344e-02 5.294535789031740158e-02 9.574926669617160602e-02 1.127696081859233014e-02 4.011216157852185576e-02 4.316314895041994948e-02 1.981500851266112737e-02 4.783520480222305804e-02 6.210291360102330321e-02 7.303111975689897950e-02 5.433744845582233474e-02 7.755265307321007606e-02 9.617725031079277231e-02 1.983176398316786188e-02 2.636584978638178978e-02 9.622177703484366407e-02 6.647669005633365102e-02
7.886896254922906579e-02 5.521162722162729214e-02 2.835348828366457408e-02 6.139552363107963345e-02 8.395317003203969786e-02 8.796588929604956530e-02 6.709707122485407405e-02 3.825987092010053880e-02 9.359003674839339038e-02 9.929067301084623653e-02 8.312148289503341544e-03 1.215253314200829410e-02 8.172446454468990096e-02 3.911508116152394993e-02 1.329296754440788611e-02 1.881022112539523436e-02 8.704312557838253528e-02 5.805344432760594503e-02 1.669703675528869807e-02 6.324456344936751906e-02
7.057809265778705599e-02 3.135726109752975249e-02 1.692687138782940012e-02 8.457327499595730658e-02 7.303274850701796383e-02 6.399137096760154630e-03 8.273281432715721972e-02 2.180257955198659087e-02 6.245985366589749260e-02 2.103538128131134111e-02 9.529029084289014628e-02 9.661590064837405345e-02 6.162559044073182002e-02 6.902091164031018411e-02 3.505423993724552517e-02 8.651762896616944226e-03 6.446094746462895098e-02 9.563739750454471056e-03 1.106837484363930660e-02 4.267345655281377242e-02
8.675275280812605461e-02 1.645612017247972611e-02 5.573552469963231198e-02 7.160256134161580022e-02 1.920956018007483751e-02 5.003069100141488597e-03 4.390199846917441223e-02 9.667189600739292676e-02 8.321829676008624110e-02 3.213795874583161988e-02 6.091241500396136349e-02 4.884087468495213608e-03 9.016815777430974010e-02 8.617824068700208340e-02 3.528176203159840568e-02 1.924227601981658500e-02 8.200748661824092123e-02 7.697647965508108703e-02 1.229601387414992579e-02 7.591140981398368515e-02
5.161323668980140333e-02 1.293725321873862109e-03 8.152163005166815357e-02 2.620535668595158629e-02 3.976858023967985711e-02 7.413161830088908777e-02 6.697875832416187725e-02 5.520325972132023723e-03 5.571665531671920329e-02 9.627337622422013630e-02 1.466481476064620572e-02 2.448466716775117569e-02 4.252502145167358361e-02 7.409676669644586766e-02 8.730471416902277348e-02 7.135516553911067095e-02 9.354180576211058168e-03 6.524083771962578548e-02 4.082951991433593497e-02 2.374622733846285666e-02
9.941518507474780830e-02 4.801167729123956285e-02 1.138436551305854831e-04 3.800637421867561483e-02 8.544571396534542118e-02 2.905911807319948650e-02 4.051038259501049850e-03 4.836127312608626966e-02 6.000709720253778745e-02 4.912342900942883589e-02 2.595796800830330042e-03 3.907529320077095941e-02 4.637081161901001475e-02 7.502930984653947977e-02 3.938465116846272956e-02 6.031204474541929095e-02 6.624025060538042686e-02 7.259676747745658076e-02 8.144082512958205830e-03 6.796357115735933430e-02
9.424591299470386208e-02 2.967804843623502928e-02 8.880739507630237839e-02 2.061542440719987823e-03 8.577694308427408210e-02 1.281691553297335112e-02 8.568246694940380437e-02 2.904203703188061939e-02 5.753598540629301268e-03 4.553123984698799476e-02 9.371781610102945803e-02 4.865907403393337355e-02 9.651335430051159736e-02 4.002844063480936847e-03 1.312649658231084329e-02 3.987747525521193048e-02 8.267626373099729031e-02 8.405242272481723564e-02 4.912025139078082803e-02 1.037139748561278878e-02
6.422316866204323682e-02 5.582398382566790274e-02 1.668433390797107244e-02 3.030710044601230349e-02 2.665766645638545634e-03 8.411763813732436867e-02 8.322280683452690231e-02 6.198340919783549424e-02 7.060210528394045282e-02 7.753896968189241679e-02 4.197060124076917170e-02 9.577920882328717217e-03 3.849457182333260175e-03 3.189490217125279248e-03 9.652549558896501847e-02 3.618390217259236791e-02 6.529655513498593133e-02 8.356355096045174624e-02 4.680114677835520154e-02 8.349392398986146824e-02
6.493364548429524097e-02 9.861728461664863443e-02 5.080542664836659728e-02 3.897010384295329730e-03 4.261272283023016805e-02 6.601814730037559170e-03 5.685863937397078044e-02 8.388404119788214763e-02 7.500312689410346123e-02 6.184820969603813806e-02 7.675337830167040104e-03 5.211409172230090786e-02 2.744040197832019537e-02 4.865000806301539304e-02 7.570757801748495552e-02 4.096528990246650626e-02 2.361632856406219519e-02 4.630323789969980480e-02 3.043412242350829189e-03 9.143910366049895488e-02
7.265412122382836069e-02 2.514710442642137389e-02 7.128509168173606525e-02 4.936978033788391729e-02 3.706493904360900343e-02 7.442960182496985433e-02 9.371371342163845042e-02 3.170744343484567518e-02 2.594902428997207869e-02 8.871063401630741030e-02 3.716617317817923899e-02 4.772495017411346185e-02 3.050014246645181906e-02 3.409698576463105184e-03 2.538113276724901501e-02 1.643385687427747696e-02 1.641208294020434291e-02 9.945541887503628331e-03 7.512091332010380207e-02 6.847249331891640256e-02
8.395283399653938328e-02 2.558282982839455051e-03 9.022107460240455512e-02 6.148810473354668349e-02 3.821250991118529949e-02 5.015299912474907584e-02 2.121325722096266755e-02 5.091405204005810398e-02 5.388004113663232009e-02 9.281086210384015267e-02 8.498963955660478187e-02 2.460723741084865079e-02 9.724621648307538169e-02 1.571654453397708503e-03 3.632168535078442867e-02 5.072613528739940147e-02 2.515681112232937000e-03 6.913626388588178795e-02 8.535020536126548471e-03 1.472833667995990942e-02
1.658580098842211623e-02 1.314623088415598634e-02 2.835143131865030044e-02 9.653747530223588669e-02 3.464826217794683000e-02 8.423651713395038931e-02 7.007951198635629930e-02 1.197459027733956995e-02 1.263329358641779310e-02 4.981058096800706353e-03 7.288506402280535423e-02 4.967980296758459091e-02 6.798942438123330156e-02 9.383246504089359785e-02 8.334665024468305983e-02 8.670579074219836313e-02 4.279532331976121373e-02 5.225704942809249881e-02 4.899286888690417702e-02 5.911647726209246292e-03
9.919864920029194955e-02 2.752641405869864569e-02 7.790626014207756300e-02 7.526572814967485980e-02 8.795842178388214860e-02 8.691060488202079215e-02 5.819654948037498304e-02 8.456681820879287381e-02 9.060002168754119345e-02 3.024708842861869793e-02 8.869392748689518269e-02 5.815607232344471161e-02 4.005997196006683136e-02 4.069788301167320127e-02 9.619618365659887704e-03 9.118612134155100468e-02 9.348702545430376265e-02 3.431716569253811383e-02 4.153572060128805227e-02 6.536748736633150869e-02
5.528908026799851660e-02 3.379007445291681844e-02 5.884226842964201259e-02 1.193923258128679749e-02 7.653150635334689256e-02 4.344331439234472465e-03 6.854722623006463678e-02 8.606354206149270658e-02 9.679269584490826639e-02 5.815991909749496612e-03 3.702742738707209824e-02 7.920866569932200063e-02 2.784720141538706006e-02 3.613923620832689559e-02 6.841237071686673277e-02 2.166269220934252671e-02 8.711856930393668819e-02 8.998377274803485981e-02 2.384747447362664183e-02 7.234000226039696835e-02
8.238207461212626592e-02 4.767486316485933240e-02 1.923912076390268608e-02 5.098567432579379638e-02 9.404041069680818543e-02 1.706514954052091790e-02 5.602889097958940051e-02 7.029684888251973296e-02 2.201503814250782738e-03 8.168231146790183930e-03 3.082907185753327658e-02 1.230365440828620240e-02 6.617405665557821171e-02 3.857151306898386894e-02 2.806122811779059381e-02 5.775858199591387548e-02 2.936559687761585227e-02 3.990993975767942979e-03 5.916316122172887021e-02 3.882529369786909268e-02
1.545771508214079971e-02 5.140318904795060546e-03 4.815041864388839438e-02 7.714787983832893659e-02 1.467481103969804461e-02 9.719681276999136976e-02 9.860277917410198434e-02 9.202121766683217519e-02 9.033600253177523354e-02 5.105243078110536376e-02 8.556442079480799934e-02 5.134227061402339004e-02 1.173279082464422432e-02 5.916567481518551080e-02 9.165903645476265738e-02 8.838693563895520799e-02 1.421844303434316534e-03 7.835991175940516806e-02 9.316107267984143070e-02 4.785450666205971759e-02
3.525643754591123447e-02 5.191751321046689238e-02 8.617110447247183780e-02 8.679983200016705425e-02 9.257188008478325902e-02 4.289715195691700539e-02 3.409601407656338845e-02 8.780090146880245583e-02 9.244916597288090065e-02 9.596637721337342164e-02 2.743524495715199407e-02 1.043064343928439344e-02 3.984418588273704043e-02 9.028510930921064201e-03 3.251840344897063279e-02 8.713790822235084610e-02 3.787760548647087916e-02 9.676351280340461658e-02 8.382823859062227267e-02 9.440047195567573268e-02
3.496128618690498568e-02 9.762813230252249952e-02 7.168479228794163993e-02 8.404268841955631411e-03 7.010830949970437397e-03 8.024983248444501893e-02 8.196679530716555195e-02 8.803911856495441612e-02 7.419995935307961699e-02 7.782180153490947383e-02 6.848379950618634082e-02 9.555885480802099596e-02 2.382245289872116090e-02 4.596670152919690722e-02 7.520110357956835689e-02 1.458437862965530386e-02 8.095963053920773866e-02 3.577283081069420473e-02 2.276621186944056963e-02 6.566459078744486810e-02
