2.634400256116330441e-01 6.797548837975400660e-02 9.113475638251897215e-02 1.693732324452391913e-01 1.709120258268496118e-01 2.907591561638905864e-02 8.372779678837943829e-02 1.017229466640037772e-01 5.834099076598903838e-02 1.273684435233512768e-01 7.240219997037285193e-02 1.048339474179144221e-01 8.122463978223234959e-02 5.887300285939776889e-02 1.106709657737966479e-01 2.079395374527995277e-02 3.607390597095482682e-02 4.420032165345391673e-02 1.050722526546654795e-01 1.369754224642580898e-01
7.121111137393791590e-02 1.295993238558388466e-02 5.507637916777671783e-02 8.814379295488916632e-02 2.589366599629905688e-03 5.508840938381754336e-03 8.473558598007790987e-02 3.823854243057626251e-02 7.640605550647529276e-02 2.827276701508268930e-02 2.232281498300408076e-02 9.836937087147594461e-02 8.831543854687001760e-02 7.696381062054177824e-02 2.183195468025386429e-02 1.146707058454998762e-02 5.893510644467486737e-02 8.909538376822939698e-02 1.362219115884725357e-02 6.567439864119124782e-02
1.453296969088258006e-02 6.479009435032631603e-02 5.048878989629104752e-02 9.326397968773492142e-02 9.154790676787766257e-02 4.300222933461476243e-02 9.621541315235328240e-03 7.586599561885315479e-02 3.784244184877214728e-02 4.748395675452799468e-03 3.915978163616402885e-02 2.663499544765896010e-02 5.901343466892497447e-02 4.013613997182011173e-02 3.310180674238272442e-04 9.014425875886794559e-02 5.458294415404287003e-02 3.641862383720171487e-02 5.660751882640498167e-02 3.640931079522402580e-03
7.655825712652558623e-02 3.008598133190553206e-02 6.743890772956732949e-02 2.775169537234955033e-02 2.935011956817394976e-02 4.651804349476112294e-02 1.918867142788379873e-02 6.657857387511782743e-02 8.242882236668808149e-02 6.687390103703083621e-02 9.384547785843489268e-03 9.714284604301756665e-02 8.685625798280768861e-02 4.119974737735580123e-02 2.592103432025968587e-02 5.632793581457917059e-02 3.739697875126225812e-02 3.645718344611499628e-02 9.716270857390713056e-02 5.180145126775213132e-02
5.495973468514713661e-02 7.993803624833023536e-02 3.028605773774748627e-02 3.306670455347752308e-02 7.031127921746678500e-02 8.919935578025343925e-02 2.959993141676016404e-02 7.468036675939375424e-02 6.799219144357461497e-02 6.896990276112530127e-02 8.624000922161213778e-02 5.174716615465879861e-03 9.588856779663083862e-02 8.207110713977533445e-02 1.143394171600931042e-02 6.328223113452817461e-02 4.844654035361997679e-02 5.529107994845151863e-02 9.069632457079428167e-02 5.191207368462995991e-02
5.829907784513300301e-03 4.928451749948216387e-02 2.496930139489983436e-02 2.171152200581048103e-02 1.777644206227566720e-02 7.670018754761338819e-02 8.980625864688920879e-02 8.829673435661977710e-02 8.636135861903515565e-02 7.032957968897737833e-02 2.890047873141619178e-02 2.813099726437085293e-03 7.875554654865672688e-02 4.244514852817778128e-02 8.440895294570877061e-02 2.496010913500439424e-02 6.627514584135028863e-02 6.554638171383819767e-02 8.732616998511799622e-02 1.343342754416513435e-02
4.308758811633150998e-02 8.742906895345836649e-02 3.029509291471741556e-02 4.133348491648015932e-02 8.010608022152499244e-03 9.984061412896086396e-02 6.083085506894284761e-02 8.136163850851746426e-02 3.550474837756941587e-02 9.885161214268078922e-02 5.769415065848587654e-02 1.241976530927614390e-02 5.977829906969157154e-04 7.769588697748372463e-02 3.973417526918472664e-02 9.003119216356944565e-02 7.346713102163605902e-02 3.346708813466627019e-02 2.214863073322106621e-02 8.689556715261603781e-02
4.566899536853086250e-02 7.931402190475939085e-02 3.325949929854291748e-02 1.273361474552373723e-02 7.423372001194886161e-02 7.114059091713957617e-02 8.764160614427506102e-02 1.511806625341584158e-02 1.387708255445080363e-02 9.055382303325121285e-02 5.762665640174699511e-02 6.627676030377029071e-02 4.576498731407137310e-02 5.831369105004313713e-03 4.396633336213128657e-02 5.399701507645454646e-02 4.019847205834142095e-02 8.356813282784744668e-02 4.081214650637994545e-02 6.744806542325811061e-02
9.503322497452186546e-02 5.280249084237606527e-02 5.207804276961411349e-02 7.521754471950445331e-02 3.769714151336436836e-02 1.838309801502475624e-02 8.064100568950893777e-02 6.298307621468780815e-02 9.504912795361258881e-02 1.537391494457471947e-02 3.061286134950661625e-02 6.786773466153829537e-02 5.036990493557132187e-02 6.963684197023292666e-02 5.496708660222150711e-02 9.829952150602420946e-02 5.063064763062491425e-02 1.108321895415486161e-02 3.269228241488391501e-02 8.064936558425161994e-02
3.291863384746494120e-02 4.984967688712421685e-02 5.332687218781090310e-02 7.291002776605176594e-02 6.791163205393380489e-03 3.625105305289213348e-02 1.822205403488106473e-02 4.857799940193666122e-02 9.170512446562328890e-02 8.869980015435345588e-02 2.148809757877683316e-02 5.826363610673658544e-02 1.810096623410825320e-02 5.720756904395885023e-03 9.922097701904487171e-03 8.516704158807238134e-02 2.960370114986615731e-02 1.650603367401068042e-02 5.212407979950171161e-02 2.103712197048554153e-02
9.396590820507058628e-02 3.981766233873451633e-02 5.629129979468262823e-02 3.403748997259579273e-02 2.965039744008546654e-03 9.006158405519976151e-02 5.304298444058888617e-02 6.582121989321912392e-02 4.769013277613988466e-02 1.617817168031101746e-02 1.869884125790572879e-02 8.025317734001119474e-02 7.244143722330770307e-02 9.595195063836969851e-02 1.745249936918321851e-02 7.760374489447902091e-02 6.649139642695799102e-02 2.831443198682300974e-02 6.707622028124431146e-02 1.504967207806817697e-02
5.170433767927445912e-02 8.628070464241633633e-05 2.102516002459337008e-02 7.201468951361367221e-02 6.683870285600111705e-02 3.501375343824969510e-02 9.233490897519157359e-02 7.720117329335186851e-02 8.906687064409733734e-02 4.020304093589335825e-02 1.583525550975514382e-02 3.578231237579661966e-02 6.870866045893038454e-02 1.591085142327214319e-02 2.447971367790133940e-02 3.043187288153780326e-02 8.115791986332321351e-02 1.524139464987303051e-02 7.730164674864865859e-02 8.201746766113354736e-02
2.196223376802108797e-03 9.735839108953281418e-02 6.809419282832582243e-02 7.413179987358861633e-02 3.791932055052913558e-02 3.893204747723545689e-02 5.670452110718422756e-02 7.191586754865274267e-02 5.790159332320275049e-02 3.754040346285515695e-02 6.763820400316976345e-02 7.980768841004928782e-02 9.037169190156969442e-03 2.611559882597645071e-02 6.533131463312887022e-02 7.924143362787117173e-02 8.809638124272282933e-02 1.926351643557274937e-02 9.893446227124960690e-02 1.202501005756568923e-02
1.719617757306625069e-02 9.941471220713394077e-03 2.655498421879302212e-02 4.418342678756875114e-02 8.758147712453431821e-02 9.652370291443712613e-02 5.979102447042255325e-02 8.933981584755275318e-02 4.591610706123348123e-02 3.416302875506834619e-02 1.802435552123935608e-02 4.403541624040755581e-02 2.247842960378348964e-02 2.333852577516763033e-02 1.409120961058137923e-02 2.900299420676125811e-02 7.205216871105391344e-03 5.730901114074527652e-03 3.485714402602776291e-02 1.923809812984215301e-02
8.095034241198402480e-02 4.615315921705304136e-02 2.295426401163333172e-02 6.651332361877849118e-03 7.621174719903571482e-02 2.074171439840588518e-03 6.178539240610268074e-02 3.460719743171637719e-02 1.490834516448074146e-02 4.999930705686520677e-02 8.977347182533895742e-02 6.484562416216170522e-02 8.429219632200558865e-02 5.123688630069325733e-02 4.072661060418259144e-04 1.238493887844504052e-02 2.529808862815159654e-02 6.172147759233318626e-02 7.760690684051670118e-02 9.013633538479125240e-02
2.828172637866710731e-03 3.588081403460935404e-02 3.217703673081395883e-03 2.621281660543314448e-02 3.584365409547318748e-03 4.196534647302738175e-02 1.688294554742386698e-03 7.330502436162812663e-02 3.931890159597722922e-02 6.057266188338025770e-02 2.085081886300791526e-02 2.470035792618468021e-02 6.332077749834130742e-02 5.747236606798870190e-02 4.191319882921185590e-03 7.600758213549785487e-03 8.402458924234067206e-02 2.776526767924800826e-02 5.615183563426384477e-04 3.884916728345967629e-02
2.189694443939271904e-03 2.540213459246545499e-02 7.739428847716198212e-02 7.771873151918412548e-02 6.248691306170022636e-02 7.378764202801434136e-02 5.770009120348601472e-02 7.498578261627487918e-02 3.355413992329297351e-02 3.874822967413887875e-02 2.420756441725138361e-02 5.396766010367638755e-02 7.377893954365939699e-02 2.369974773135262794e-02 1.944472359817199861e-02 7.750003493335434757e-02 9.117390315990238359e-02 3.343828416614192008e-03 7.205893606347058174e-03 3.726717484217053483e-02
6.442147491833083439e-03 9.647241641037346271e-02 3.165976382372946013e-02 1.232027475132703269e-02 1.419704540669143415e-02 3.626676029624097825e-02 9.087883177228134324e-02 7.900557789910945140e-04 8.299678549130307115e-02 2.772958617441756315e-04 6.317071979334325238e-02 5.694946266260676737e-02 2.903154876301996742e-02 7.228408467847229069e-02 3.585144609886046357e-02 2.703620881746760136e-03 9.659780485652164073e-02 4.713439099735026311e-02 9.107067527677259466e-03 4.855703332383279336e-02
3.754055785473453533e-02 4.321442876175300013e-02 7.301394004463167275e-02 7.347559945793312453e-02 1.172953634013090829e-02 6.387571239125236500e-02 4.717501989693291542e-02 3.491858367060607371e-02 2.446632665614517643e-02 9.044711956160395028e-02 7.519967317230435988e-02 7.591046975526487273e-02 1.171546045305026443e-02 8.587045136867119122e-02 2.867297245375916015e-02 2.124609871787351903e-02 2.216612053610503980e-02 5.428460753362074516e-03 8.744366715587695293e-02 5.638272060866209717e-02
7.893157032516802396e-02 3.771372088586909949e-02 4.289777873215538245e-02 5.560316941675883667e-02 3.124572242619079454e-02 4.181004308049808549e-02 4.752127801672491325e-02 2.898930566230028052e-02 8.494764542304568400e-02 3.979207888049757225e-02 9.223459552411598927e-02 7.585100215415881142e-02 4.043383603036405927e-02 7.086895239881739472e-02 1.603847645031836189e-02 2.057582608794687046e-02 1.041901873217598862e-02 6.467672706626806378e-02 1.176529386585365572e-02 4.443359690990788397e-02
