3.217625659839528085e-01 2.869961379565851012e-02 1.178663679515530305e-01 9.091130737292506259e-02 1.096487165939325770e-01 7.334699940527709960e-02 4.735000517367869699e-02 8.768715914859928628e-02 7.511390617103941292e-02 1.005220268340236839e-01 2.648332522423136118e-02 1.170903408210871438e-01 1.075953200652310371e-01 1.138627497911524622e-01 7.696822069526343402e-02 9.051226658675312620e-02 8.960215420195938307e-02 1.210442709530722277e-01 1.011131625523387506e-01 1.664218861623681933e-01
8.394513183533242051e-02 5.995441210514074193e-02 5.208440479664602774e-02 5.592347161155258178e-02 4.163454145571137549e-02 9.576775681352745970e-03 7.362073277092015533e-02 1.800939663407470290e-02 6.238372020719438332e-02 5.600841767422553436e-02 3.456665613990383273e-02 2.660237025182073112e-02 5.577793769760600734e-02 6.314020710097469069e-02 7.912367019114310840e-02 6.628705073562586592e-02 4.871030596289564057e-02 1.041031416420504924e-02 7.201101217769083351e-02 5.812132538071758392e-02
8.982919020453717512e-03 7.370363887954342608e-02 2.320382091794086568e-02 5.156047217864290384e-03 7.316714175161651013e-02 3.318610809468349604e-02 5.486999065125271191e-02 4.182435837513132602e-03 4.035037183045191850e-02 3.341016514381920516e-02 3.929140103428901964e-02 8.177624522167518950e-02 1.452803974690850680e-02 3.743583730343642835e-02 5.047015744719318686e-02 4.941624488524004599e-02 1.431450116115871168e-02 2.899616610005592218e-02 9.717454308184730882e-02 1.118118732690729505e-02
2.653085771542618154e-02 5.393411345479129371e-02 6.146182518812120382e-02 8.757005938989716187e-02 6.291372226635637277e-02 9.595510913050643576e-02 8.378119859864781305e-02 7.411876743508385990e-02 3.784095357910767510e-02 1.038435309051192329e-02 8.395295191368379317e-02 2.813864527694859285e-02 8.531649741466118542e-02 5.703652931653028363e-02 7.342739072035871228e-02 1.275306511614217146e-02 9.088214340896538790e-02 1.603339025514193342e-02 3.357606604051665417e-02 8.174433497189396991e-02
5.533476655726520671e-02 5.112355853663855254e-02 6.738948329124637426e-02 8.231392251358488066e-02 6.936162402710457919e-02 9.806744067950588783e-02 8.428749998894032036e-02 2.627885640371430305e-03 4.465077628444644176e-02 1.929734307037197713e-02 5.066953702044488944e-02 5.769489357311403943e-02 7.427312106057248897e-02 6.389954404162208335e-02 6.018582673698520680e-02 3.294498672949715962e-02 4.817590907927145338e-02 9.333652551992080437e-02 5.977106633815418291e-02 4.315329501274098312e-02
5.605587165199799049e-02 3.034574191132849430e-02 6.804535687344796802e-02 8.679338685815064444e-03 8.986102881819262034e-02 6.955712947251661837e-02 4.677982626602903565e-02 9.339075574181752992e-02 2.061650302427631056e-03 4.417697527636922639e-02 4.845849997211968546e-02 5.604037701734584931e-02 8.246872022360036969e-02 1.957073339822213050e-03 7.733843237492050993e-02 9.216759366628182737e-02 8.706085024546147966e-02 5.682603994559448646e-02 3.602134444408568864e-02 6.865919780514570525e-02
6.073479454165199576e-02 7.101342062843493674e-02 7.057659127198094573e-02 1.552043602190078531e-03 5.110314226783549407e-02 5.729853814533984041e-02 1.269490387466154502e-03 3.582741044309861039e-02 4.229139140025145460e-02 9.255615576943654332e-02 7.842634097056150333e-02 4.119272274253005239e-02 1.894519902477817194e-02 8.645274568286916150e-02 4.922989840692346825e-02 8.086733410870928021e-03 1.313753337043211018e-03 5.732516367692264136e-02 3.984982639501788958e-03 5.322653785608521398e-02
5.518263645093279823e-02 2.738692083507023034e-02 9.597948482186946517e-02 3.835278592130291625e-02 3.650551027711256696e-02 5.192505472866291300e-02 9.214556397989341618e-02 3.734939740491993732e-03 4.163721045594098724e-02 8.669200131860924086e-02 4.911793430465321436e-02 7.238256023654085491e-02 1.468644236966111342e-02 4.234558230517176253e-02 2.468660647888254456e-02 2.596570078233350135e-02 6.501286831458409632e-02 8.149768429876524944e-02 7.708074888907430477e-02 7.549160834104473583e-02
7.372484535415556317e-02 4.023526921018152902e-02 9.793486724083827477e-02 1.303161217126702740e-04 7.148029005724762519e-02 9.150725774436316295e-02 5.982048889042746305e-05 4.374191502529746478e-02 2.050998149960693573e-02 8.767966974561575144e-02 2.039998665128163469e-02 9.168972973415849548e-02 3.642781063411265619e-02 8.502202383158891097e-02 3.734809929199153083e-02 7.886457598057970697e-02 8.761068912918899831e-02 8.334895099090931792e-02 7.977966849453466125e-02 1.210073247281405820e-02
2.079062252040665693e-02 5.161392746800019804e-02 6.839625842495498931e-02 8.934900831818362588e-02 7.822776370927038425e-02 1.919211636826165940e-02 2.345296215919599053e-02 9.150357478171200487e-02 9.332119749653466911e-02 4.163999646527478948e-02 4.045162644193187051e-02 5.128188314401778414e-02 6.222212742688912335e-02 2.340644246511720816e-02 5.479878987087069553e-02 3.287928029622196047e-02 6.906699126873631911e-02 5.904171256394213224e-02 6.311649878735874075e-02 5.583355116215507619e-02
6.274427954210799740e-02 7.216858047153740588e-03 8.733527151168812841e-02 3.588602145144233202e-02 6.490320580178342291e-02 8.523041548879907447e-02 8.573856247125254126e-02 2.942534066492238573e-02 9.286775996076200579e-02 2.483822942319912144e-02 3.761088724342721845e-02 7.233613683881834344e-02 9.358804607115855934e-03 5.296606015559640612e-02 5.526945820133678799e-02 9.454424764942472026e-02 3.236752983051314342e-02 7.650864296856450808e-02 9.426785038511154013e-02 5.049631108186491274e-02
2.342492426671349999e-03 9.472145647135393753e-02 6.619232952370346715e-03 1.576431805337745809e-02 8.618861325138052476e-02 1.436647734697651425e-02 3.840581775587659230e-03 7.025125134077936807e-04 6.063475385848711430e-02 6.962415068470102775e-02 1.725842928906799051e-02 1.493287302787894670e-02 4.535020993146682278e-02 5.894946699203154616e-02 3.726974399702009250e-02 9.986995095521720989e-02 1.740562118812414433e-02 9.795683917745319491e-02 7.084073045819924697e-02 7.077516150802194705e-02
7.906833589089116987e-02 8.848159201096461590e-02 3.901120896148213557e-02 9.593403078622038394e-02 1.509252489170541736e-02 2.886801949429298672e-02 5.766601411037165781e-02 7.753676727427243065e-02 8.586352854307445492e-02 5.314643278003527982e-02 2.468621650577309742e-02 2.660211789219755346e-02 7.923876221206185844e-02 1.115131446656291228e-02 6.005243264601001218e-03 9.878146067156956533e-02 8.190467362551634434e-03 3.649211198711268395e-02 7.968752224061927125e-02 3.483509681045517808e-02
9.308920351401660243e-02 8.397330012314441205e-02 6.582521042353454976e-02 7.110831237045145631e-04 4.747476553796814869e-04 4.373734476849691633e-02 6.879369750377022086e-02 2.147257776056553727e-02 7.712008842609852088e-02 2.737755696720311008e-02 4.593483389815823659e-02 1.456945684150137178e-02 5.002978082991447334e-02 1.318788741394740817e-02 6.160722199500615753e-02 5.737038596662700357e-02 6.570053469620810993e-02 5.715379485058996734e-02 5.064333412358637543e-02 8.967359052085727145e-02
1.907210055714994232e-02 8.313048841982570436e-02 8.196085001200296982e-02 1.333233135892031296e-02 5.962175224514237870e-02 2.697169628212739076e-02 1.716614544873710374e-02 1.947783524930235544e-02 4.189115965211410129e-03 1.939263133619442345e-02 1.580193584835853926e-03 8.526836575475622848e-02 7.726731080483653646e-02 9.393635223430468750e-02 3.977184534037630365e-02 9.698993085056884650e-03 3.489769320020041921e-03 8.627221770486470653e-02 2.672521561166530096e-03 1.539556570761986369e-02
6.130802254423851211e-03 9.370103984568323163e-02 5.786680398430402855e-02 1.404148060874492801e-02 1.436277136614394490e-02 1.503865334970067155e-03 4.420365437050485791e-02 6.087948214262980939e-02 2.191263794345623891e-02 6.316400259493119840e-02 5.878388667077094967e-03 5.576261737462603896e-02 7.953102926830188379e-02 7.437752703390221320e-02 7.886245525898893938e-02 2.698960710068076807e-02 2.473148565832599191e-02 7.092076280283875211e-02 6.632722844277821883e-02 1.696705956716315720e-03
4.305261712093399334e-02 2.879367654232180274e-02 3.131653661893153695e-02 3.226347463176211516e-02 2.939938928539064314e-02 1.749884079594657069e-02 7.132127717399237843e-02 2.581746726135537850e-02 1.672210329392919206e-02 3.584578187506246710e-02 8.484701993112660212e-02 2.585849623085474669e-02 9.984409495901003240e-02 4.575211337245445320e-02 5.080301292811948560e-02 3.275846031487105597e-02 6.207295275537893370e-02 7.618127321138291885e-02 6.101114090447865707e-02 6.858282812474934820e-02
4.295478373887300777e-02 8.441282420106636930e-02 5.010930513291075861e-02 1.359527078489897178e-02 7.419679905057860458e-02 6.505243831195213489e-02 9.357412749217908221e-02 8.349585921255794907e-02 4.783639014589594063e-02 9.625559413953076182e-02 2.267464670483460010e-02 9.837194825198283810e-02 4.752009887235397051e-02 2.413415654985784364e-02 7.575915132826194394e-03 6.524190625257630938e-02 2.383672754024229734e-02 2.612668458658063200e-03 9.828454323963688177e-02 9.751214576118705235e-02
9.554694985246563188e-02 6.036981220409509685e-02 1.723978648167268091e-02 7.130899210977245661e-02 2.514565813905612901e-02 7.843244960129590326e-02 3.210416470596120370e-02 5.100365006938526596e-02 9.900142513490126084e-02 2.009989327681149796e-03 4.319764693974194325e-02 4.235453763204702349e-02 6.202793659597691245e-02 1.548561774763934640e-02 8.145897423940885035e-03 8.903556628301981246e-02 3.245716181540560935e-02 8.128870853750835845e-02 8.818000909035771107e-02 9.675377001267428112e-02
6.473472333557615810e-02 4.959412953873473806e-02 1.237814718890449875e-02 5.330106470602002239e-02 6.565697703587021483e-02 4.449580383846146736e-02 3.818806096934795197e-02 1.733746869415273700e-02 2.231494677409559188e-02 3.854047041564539339e-02 7.924297815715320228e-03 9.497208016967148558e-02 3.712849186672424751e-02 3.228982296145525149e-02 2.106446967539107526e-02 4.712589647089259620e-02 1.678156357265580059e-02 7.154080943277752076e-03 2.168575413439213437e-02 5.420889899802081024e-02
