2.567958747755202942e-01 1.236449098490088883e-01 1.169149698928297065e-01 6.095317117899674841e-02 1.733585935506142817e-01 1.390099681401652520e-01 1.092316760617499938e-01 2.175473500992502335e-02 1.216379872226159946e-02 7.485102081891825687e-02 2.346036574261964325e-02 1.105615969749275396e-01 8.465154337864622125e-02 3.366912278519141460e-02 8.988481632211042793e-02 9.915425729497692742e-02 9.885259954446123931e-02 7.540283399390398933e-02 4.139932566863578633e-02 1.440720255419717932e-01
8.647994510535379764e-02 2.775860611067922090e-02 3.802682738865353906e-02 5.462587667628621135e-02 1.037248516461006381e-01 7.376769709209513026e-02 2.173369705445048553e-02 4.307074119126975270e-02 7.020583444652169630e-03 2.763329115608960732e-02 4.555638097182093671e-02 1.809565492001737400e-02 2.397400050761157309e-02 5.799755398603484435e-02 6.109092007031127411e-03 2.600016545514329674e-02 9.577323178391752845e-02 8.494325490562629200e-02 9.098991259986732860e-02 2.366421258108649534e-02
5.169098941582157131e-02 2.303093566726457583e-02 5.356854165855892691e-02 3.619983581967115005e-02 4.086136667489016772e-02 4.113654313978986482e-02 8.665304952544677225e-03 4.653299556730394748e-02 3.985392772633583776e-03 1.697727910618298044e-02 2.143527086044257762e-02 5.750240925682274101e-02 1.512268393350271398e-02 7.313270499795164470e-02 1.887193286420489440e-03 4.204296791242539966e-02 1.052323128163495797e-01 8.300910400218308727e-02 2.745766383423403970e-02 4.854094941857593076e-02
4.362931375785659982e-02 8.537260655910397511e-02 2.722167225023101184e-02 8.202204329699487595e-02 2.882006343443211521e-02 6.146218040380286435e-02 8.529873788506082966e-02 2.296136176574618826e-02 1.038025059540481493e-01 7.279302545591843920e-02 3.076801605456996186e-02 8.036538863155796852e-02 1.055511995801744624e-01 3.405714886047358538e-03 3.993155337251257792e-02 1.418017850756891733e-02 8.344677082660105494e-02 8.222690855615004402e-02 5.895292473252806975e-02 5.982116555776330336e-02
1.048314062761285248e-01 7.248836443973979971e-02 2.445434616355430385e-02 6.352551067988763955e-02 3.903791758765687639e-03 9.448177225308477048e-03 5.382045755730867354e-02 6.148610459890987978e-02 4.506876251765563890e-02 5.639344295849453570e-02 2.112114582140084407e-02 1.454217271249635957e-02 8.851583952042524350e-02 7.137547760208934333e-02 9.758558485207595445e-02 3.011409755382589079e-02 3.233728473359508138e-02 9.196477912628869822e-02 8.957067831193521110e-03 4.255278880228979127e-02
7.016852069326660890e-02 1.031823876170548104e-01 9.494570245630874067e-03 1.369353868594841601e-02 1.895792858430609545e-02 5.919190587156968053e-02 8.815314034892847428e-02 6.120574210655761738e-02 5.740512284458169912e-02 1.035374749697003105e-01 1.468456200178963611e-02 5.550155298718838486e-04 3.213989126060001061e-02 2.682175607930160910e-02 6.754048759558504977e-02 1.507468592112646590e-02 3.780438370484361099e-02 3.423326867563367126e-02 5.434353536817050287e-03 1.535254841855543742e-02
7.254339337154093459e-02 8.592345313462186607e-02 4.582534475136054025e-02 3.578550870393862327e-02 1.006790012828790021e-01 6.957997226560155846e-02 9.882638570075998052e-02 1.988454115497268609e-02 8.252295738875874143e-02 5.701468018128656723e-02 4.514062135829972899e-02 1.023902228619200661e-01 1.996024923132445200e-02 5.711943085454817409e-02 9.005201544620168586e-02 1.053686805687595734e-01 4.171950948391445896e-02 4.701325675536041290e-03 2.586630906948402669e-02 9.994363653376926726e-02
7.276215637595619123e-02 2.736973677543464573e-02 1.059577732235057052e-01 2.708779393943836628e-02 8.472688688051396855e-02 8.364462703016389833e-02 6.990989024381173700e-02 5.053763295257637789e-02 3.721513984837307443e-02 1.912088336657651391e-02 7.229097431301094445e-02 8.666015529706289078e-02 8.870368056282051938e-02 2.635369958568191222e-03 2.400403062351152625e-02 5.072107591458457909e-02 9.951684787234127416e-02 7.662229160548123842e-03 6.986295459118153917e-02 9.269799478779643109e-02
3.860076176652401519e-02 7.806403763724734102e-02 5.312215612135906539e-02 3.038776962408787016e-02 8.689130557670936283e-02 6.750159065426127036e-02 9.013998376948130498e-02 3.260346052432006037e-02 3.280731487211895753e-02 6.165326962524579624e-02 1.861974790700407154e-02 1.058042552378939821e-01 9.925528809120955087e-02 3.344538401244574050e-02 1.016833746935708049e-02 7.925150630855867795e-02 2.189509094177296417e-02 5.505166346561952972e-02 9.885929450576776134e-02 7.256818106932676204e-02
1.572693513827643982e-02 2.498915128028291605e-02 7.371814889597688714e-02 1.019442470885497248e-01 9.565046087007611497e-02 5.484077253866474072e-02 1.041781671249868979e-01 2.447609505650477288e-02 9.984230828722907847e-02 3.593315571015268800e-02 7.978943259683890510e-02 7.334310768836987959e-02 4.683433784520468768e-02 4.608749947448331080e-02 1.002461730933383241e-02 3.215981906791062078e-02 7.635939673198866018e-02 2.570554769086440261e-02 9.083611808049482650e-02 6.263447147877808374e-02
4.141394113405447164e-02 1.678350570909463782e-02 6.995862538490510429e-02 4.417885427960138722e-02 4.428446280436696553e-02 7.764760592585071008e-02 7.926825747974033942e-02 3.017702071446015655e-02 8.343222795626083210e-02 5.326611220978369476e-02 5.096104549203301498e-02 1.059050587049378822e-02 6.611568846939988586e-02 3.805176398795648285e-02 7.939278892983457625e-02 1.001834999824028627e-01 9.663476880970436889e-02 9.979028835614893456e-02 3.355749955500759996e-02 4.536199307697220268e-02
7.097146436385343149e-02 1.773551153359515659e-02 8.254773839811702096e-02 3.763272392411987771e-02 8.536301353349218246e-02 2.743639100215776797e-02 4.978336090900018635e-02 8.171612821686954908e-02 8.872150069456402957e-03 1.843598141127231194e-02 4.845451068224432972e-02 6.568298889780641026e-02 5.233386472371974463e-03 2.149676648864972187e-02 3.993804140199348068e-02 1.571495817653889918e-02 8.699276216042667320e-02 9.882715185304574712e-02 3.745997216099370645e-03 3.952080159161177469e-02
9.803457810836690989e-02 7.313805135549469871e-02 6.934434157173677282e-02 6.771015117557116492e-02 9.498912725217951991e-02 3.176886200306780483e-02 6.081745992260569750e-02 5.288552324297561558e-02 2.801849106333149930e-02 8.771284232429150951e-02 1.055696775240836938e-01 8.911833297735542725e-02 5.382231199603448868e-02 5.029451090524420659e-02 5.859763420237008857e-02 6.999073129659505454e-02 5.004376248014104356e-02 1.811024522264959025e-02 2.352812250373140582e-02 4.996281291103597116e-02
4.535050972688788040e-02 7.136841116028046217e-02 1.022815597190940146e-01 2.331619556942006455e-02 9.204466415911490007e-02 8.854207003390172914e-02 7.472540561843607487e-02 5.924037146359398612e-03 8.397345070046488558e-02 6.583477229853160195e-02 7.195522030998266483e-02 5.487198403825942206e-02 8.386956151793360098e-03 1.666623653501323951e-02 9.123751847321540098e-02 7.648765041237614963e-03 2.716983241798803100e-02 9.101570906699282815e-02 4.586718441292111925e-02 2.863801556308482460e-02
2.643954693518480933e-02 3.570807824716546591e-02 8.024553540492450343e-02 4.809172163136241768e-02 4.542698233301054739e-02 2.925513988963080597e-02 1.062207817454040304e-01 2.708875788849635785e-02 1.025618640677295468e-01 7.117582136262738668e-02 5.361731462165268691e-02 1.314379349322101175e-02 5.016415041826192273e-02 6.114186214309464545e-02 5.139511432547289732e-02 9.535190697771139812e-02 5.931117321736210229e-02 7.856519570413891818e-02 1.077993360020173142e-03 6.615016615891076979e-02
8.795515254163061014e-02 2.899854919460060840e-02 4.434127891476895289e-02 4.550366390355520957e-02 3.870545068194705673e-02 2.298474639989007626e-02 1.853398514098096583e-02 5.319160693768130999e-02 4.755463259200971848e-02 7.126182983019166937e-03 2.700692589444802366e-02 1.363255332559873585e-02 7.607726729832528512e-02 3.887678904489356296e-02 6.300052987332205312e-02 3.593951561775438758e-02 9.156668650862263836e-02 1.304201099665632836e-02 8.170357012790520346e-02 3.724014202897207165e-02
5.983766913909505797e-02 6.905703806851383464e-02 4.795786757127266063e-03 5.054108695530074025e-02 1.539446565400206341e-03 4.634400530083453845e-02 4.874911060052165845e-02 2.956407254726409542e-02 7.706183633133471822e-02 4.289252343345006935e-02 1.974931843969228093e-02 4.356024017575887280e-02 8.211650169019543699e-02 1.027493489088357054e-01 7.531295050746754371e-02 1.057105823352086776e-01 4.955224065006389594e-02 7.661553877281213065e-02 6.341180206321493651e-02 3.612989810664157114e-02
9.615786449338149799e-02 3.514087894438819998e-02 2.860042091437330070e-02 5.260568183013834831e-02 3.862888240385475846e-02 8.222264951539388911e-03 7.270515742348690469e-02 1.017117648124098300e-01 1.343473531139302915e-02 2.316865728879275929e-02 8.507956210221186144e-02 3.931393886632149337e-02 6.303695251561089452e-02 4.729570776413824507e-02 8.622589718698830952e-02 7.871713072616405571e-02 5.555408808085705169e-02 1.508705056846122716e-02 3.123521774890393454e-02 8.594013261891024491e-02
8.459633767985171027e-02 6.750942110004533314e-02 4.819623491018658334e-02 7.056971113036188126e-02 7.047237575988535285e-02 4.742187686776785233e-02 9.023243132167764469e-02 8.270005327676992202e-02 7.623332354562784019e-02 4.708157296106438988e-02 1.620361200459739261e-04 2.247219594473400320e-02 7.693988681058351597e-02 5.537524585157840851e-02 1.982609417724985612e-02 1.554656194848691268e-02 2.667218391156268159e-02 9.498707018218627285e-02 9.058849264850173111e-02 5.271685115625665552e-02
2.880780653347496043e-02 1.007276365467999618e-01 7.437624723522720527e-02 5.063314599732320759e-02 1.571568187729006222e-02 2.690563138137807425e-02 8.338500814223785695e-02 9.731036209116596114e-02 1.752030906203726332e-03 4.235835249394767632e-02 8.896563517341826710e-02 3.509665322401252230e-02 4.815540472856454784e-02 8.218709194135281892e-03 9.804059428368704088e-02 4.574743062718587133e-02 2.222963068937639994e-02 2.778845332377617022e-03 9.272988454272997061e-03 8.600793375448115285e-02
