2.295638516414734709e-01 7.100387076992858981e-02 6.832773322868687660e-02 7.870679668593129341e-02 1.672444885561801819e-01 1.236613530209293710e-01 1.314498555171859373e-01 5.554738300966109710e-02 7.622964029442297340e-02 4.872158991737268741e-02 1.295556304462265051e-01 1.020301204080469454e-01 1.271273001590110252e-01 8.192274293014878417e-02 8.775146323148801109e-02 8.968682659994303696e-02 9.013323676791237804e-02 1.388096922425566815e-01 5.274682232938755766e-02 5.589550574268165734e-02
3.590875388283677749e-02 6.253502651867011430e-02 4.228189288020831049e-02 6.153452298899660111e-02 7.890615286249673399e-02 7.756450756094535048e-02 8.129738851810475175e-02 5.813812391575559624e-02 5.820867517759640425e-02 8.648052485789220478e-02 6.049475375611937378e-02 6.917453141525536919e-02 8.638716725906853133e-02 2.006120579373831328e-02 5.001887150675791288e-02 3.621908278491518113e-02 2.668464842619275995e-02 9.607923512390693921e-02 3.877352011820836553e-02 9.356879098801576533e-02
1.577227501426089681e-02 1.223290603084571486e-02 3.667028280391498862e-02 8.955189321600193209e-02 8.520922933802946297e-02 6.240581925446332667e-02 8.496529168484945674e-03 3.100322813646199174e-02 8.214430427084006003e-02 3.550455488587841296e-02 9.878142335065419333e-02 9.139466424893494256e-02 8.992291774995751774e-02 9.328279953305332328e-02 3.287672508271382438e-02 4.389224261454685583e-02 6.689521010872433171e-02 5.760952607867387242e-03 9.884684764820872785e-03 9.781626867435561090e-02
3.317880861863171937e-02 8.013511366293388227e-02 7.739067847797132492e-03 3.875302321321130727e-02 4.573219264593941791e-02 1.845650077817214893e-02 4.820535220619240335e-02 9.997921050286941169e-02 1.049738641319393311e-02 1.111022955617483460e-02 3.475302485593230462e-02 9.061067963585126006e-02 9.827725615435177475e-02 8.302887805704600721e-02 8.970007933588453053e-02 5.445074492589692394e-02 6.477663887431454881e-02 1.583861013662890560e-02 2.490405609937166448e-02 9.217543210739909121e-02
7.505754262092699525e-02 7.117472207536222617e-02 4.598664805249963461e-02 6.570472898988316546e-02 3.683105400713142935e-02 7.473450490062584495e-02 9.057381515902178382e-02 6.097583497404302595e-04 2.546016692676408497e-02 4.466833674049924124e-02 3.757039606112525659e-02 2.142258254069782236e-02 3.061905745811489832e-02 1.156638773155369698e-02 5.808346595530379519e-02 3.499379613034621361e-02 7.956474433577964689e-02 2.390645351687238629e-02 4.176795419865148018e-02 9.288938008916336475e-02
6.196886012887325296e-02 6.944226618264180695e-02 1.319230309643404462e-03 4.045038333692422411e-02 1.427832860095645936e-03 8.525507065078133384e-02 1.054917997093747332e-02 3.365003132927013585e-02 9.574267248991348567e-02 5.778234874503466317e-02 9.052936379164240599e-02 1.237743000315044695e-02 8.231884426655190767e-02 2.863078186281985474e-02 4.450397343876916212e-02 7.494101101021100053e-02 9.551966857652895160e-03 5.118938823388502479e-02 6.347826382474065776e-02 5.096274152743859864e-02
7.008659462160216069e-02 2.351138868342069962e-02 4.713650469587629677e-02 3.950808204627165310e-02 1.840737727729765613e-02 6.522890591018502826e-02 4.519098017719400812e-02 8.998365470803788846e-02 9.770535650872941291e-02 2.751664483269282771e-02 2.485466185008746928e-02 4.936146756863676877e-02 8.003490177742499101e-02 3.347917991019946221e-02 8.245986586286283004e-02 7.491096660396391604e-02 8.162552378440873779e-02 3.616456903638187032e-02 4.475163893590105441e-02 4.508457275401443060e-02
2.437695019847103961e-02 9.248082931735085443e-02 4.639812807234033193e-02 7.166745972549999621e-02 8.925846331541520406e-02 8.839213930516410730e-03 3.149857761360762981e-02 5.786207773939922028e-02 4.801319089077632496e-02 3.123903467256439193e-03 8.070286712904882476e-02 3.553015427789319239e-03 6.974941899832549919e-02 9.601532219168952553e-02 3.458519753980376921e-02 2.829365866603289481e-02 2.686137574294432742e-02 5.852416322452128755e-02 4.921451286495957117e-02 1.767000039977721995e-02
4.416448608873553561e-02 1.695401507113233550e-02 4.527703354021592880e-02 6.782259987148274438e-02 7.590768477179263285e-02 7.322158705545114832e-02 9.892696649994203728e-02 5.464343399613157820e-02 7.651841030633384222e-02 4.714486665730387854e-02 5.241708635805975014e-03 9.441175489549430422e-02 9.734609948682572400e-02 9.466232556447540247e-02 7.000867797476825749e-02 6.132148251239789849e-02 8.780843024071233183e-02 3.063865141823149049e-02 5.946465280328491754e-02 9.153836897947237317e-02
4.940110924076077797e-02 7.979504877748980207e-02 4.214618613467400327e-02 9.295467418052571693e-03 6.645968648590498684e-02 3.717060573340449231e-02 7.278144791224526455e-02 7.005033564920414013e-02 1.035090857923842700e-02 5.259307371178091606e-02 6.611503627468796884e-02 6.170677772796204913e-02 9.412264817201064504e-02 6.367219176574248629e-02 9.629212258489706910e-02 7.671668727197351878e-02 5.619953629728161038e-02 1.017146697535260651e-02 8.136643978558229240e-02 1.798399405945947521e-02
3.715809488406596195e-02 8.329355576797096983e-02 5.177446735432988251e-02 2.409456011468670555e-02 5.674151722513242485e-02 6.528850971160175820e-02 9.660334649678584129e-02 8.549216383918155360e-02 6.170272185090364125e-04 9.842598148040959671e-02 3.242366612164935408e-02 9.705203712151347362e-02 1.088997958990484127e-02 2.696862884298572086e-02 1.139653726564783358e-02 9.341443134989413366e-02 4.130408550626166880e-02 3.903577835126288698e-02 6.556608063289671995e-02 1.834436455404550234e-02
4.916139368542905841e-02 4.277040179740577985e-02 8.211842746156765294e-02 7.742865094482623278e-02 3.685944220339383570e-02 8.449308886385267781e-02 8.712253520676326024e-02 2.103511806511249027e-03 7.157790754229124974e-02 7.337884254921833889e-03 7.895436812622014244e-02 5.804815150800404777e-02 6.303897693360974164e-02 9.773317809275884616e-02 2.236014715418160881e-02 9.489637812233733816e-02 1.616942922069508626e-02 3.474016197593784300e-02 1.429340642958901869e-02 8.993472379362514590e-02
9.791114876445673743e-02 6.504326518669749368e-02 7.647434658314078426e-02 5.448787783742688184e-02 8.937894577445613942e-02 7.191142698698549385e-02 2.073682354337034323e-02 8.769864116687316191e-02 9.973232821984892582e-02 1.753176173238416707e-02 2.255110501909634094e-02 4.413487395166282301e-03 2.082770196189502945e-02 6.783284829713415176e-02 8.453346022174243468e-02 8.997114669724343150e-02 4.762701671299675310e-02 7.999287325536882931e-02 3.632760482884552639e-02 3.616354226962218560e-02
9.950211832697822278e-02 5.883065013362714923e-02 7.834681602712861848e-02 3.226022490464167808e-02 4.552205146428755372e-02 2.223051094939842987e-02 1.651340404219585681e-02 1.532933911053022819e-02 4.717353138466980067e-02 7.377937978822879384e-02 5.832162783540230377e-02 7.316440677802842074e-02 7.641286894540767760e-02 8.346957535851851073e-02 7.047078763134388690e-02 9.636107426996053105e-02 3.041961080950949040e-02 6.115281467916493935e-02 5.949882171721443576e-03 9.993905380687230500e-02
1.184435641552775836e-02 6.849302692572048490e-02 6.604514440666198541e-03 7.776787076405616839e-02 8.170682937738177332e-02 5.912498483847417052e-02 9.434492294378893362e-02 7.865431901823616290e-02 2.263150327843473086e-02 8.133137204052620639e-02 3.048343429536737575e-03 9.396478495653405247e-03 2.785322793744758954e-02 5.207854168941627310e-02 1.978747333256969648e-03 4.489202478923201567e-02 7.921598593748577222e-02 3.284625461283102038e-02 3.499044334201523165e-02 3.695653386616307851e-02
3.591409712901497825e-02 2.217254023021182630e-02 7.662795679598539966e-02 7.791436805385933140e-02 3.091051312810721985e-02 6.223497840311953411e-03 5.219097708535080232e-02 6.687593136310868158e-02 6.500750483671380309e-02 4.748747584202362045e-03 4.208483298728019073e-02 6.348835792597534722e-02 5.760068690425992899e-02 8.595301291894907880e-02 6.499116829766216075e-02 9.442610732269889062e-02 4.163975916389746346e-02 3.632391329090291915e-02 2.758235058074353166e-02 7.314518081126118731e-02
8.650624113572831508e-02 5.758629737317488839e-02 4.063857549031887895e-02 9.935433698835363647e-02 8.500275491880154854e-02 3.391990350292213574e-02 1.016278325299504494e-02 4.253409767361237409e-02 5.392343665795092111e-02 9.411967196568572780e-02 2.603388550673357924e-03 7.869777590449379169e-04 3.451686009161007013e-02 3.286577607715296390e-02 6.951197026362090914e-02 8.707009538298506046e-02 1.739041920529359533e-02 7.367711796840981098e-02 2.802128315248945262e-02 8.541047565504124306e-02
3.512828626477165761e-02 4.917273420052936661e-03 4.061123845352552358e-02 4.780619142780861280e-02 6.413348758928470728e-02 4.055469779459835999e-02 7.529260723814651390e-02 5.473699779063019577e-02 6.262912731749546713e-02 2.927896358689662318e-02 9.786645160059642690e-02 8.014301922607658391e-03 5.489457324023096219e-02 5.658918604235305128e-02 6.491400416640758170e-04 4.565525218283113251e-02 6.254674946891343457e-02 4.524334973242627629e-03 8.442953002301667453e-02 1.292919461063338910e-02
6.961403572485905245e-02 1.370949113507502481e-02 6.612354559793720554e-02 1.708316715866384922e-02 1.378655292894304107e-02 1.144781848427581933e-02 2.613591702416200382e-02 7.440534749640290157e-02 3.093435475348342914e-02 7.382506340574236658e-02 7.548365628349905376e-02 6.373704096944098063e-02 3.253474725578817811e-02 7.010433460702948649e-02 1.345632875793226907e-02 4.196044669791098441e-02 4.542094370441569773e-02 4.949876194356509634e-02 5.712303073205991094e-02 7.229345852317396737e-02
9.280938546753891849e-02 6.474561453244781495e-02 3.329406624187947195e-02 2.933387352808934992e-02 1.508692721669765459e-02 5.761919506545930963e-02 5.259753455705305086e-02 6.921942105381964638e-02 6.832075508047311119e-02 5.842181505658231022e-02 6.308094355795895725e-02 1.972873690256780194e-02 9.207258632340205307e-02 5.497757564584794532e-02 4.587765937554078022e-02 9.866864756800619932e-03 3.297025090961418908e-02 8.361134359035941876e-02 5.887542019314637859e-02 1.567744219277537182e-02
