2.404186856418388252e-01 1.248274645941732097e-01 1.180669922672805128e-01 9.587377152027190541e-02 1.206256521805639248e-01 1.184745720619001519e-02 4.412897718636557554e-02 8.328482948485937953e-02 1.333941142301755811e-01 8.865882910806219264e-02 6.707102758380419083e-02 3.078661867549739237e-02 1.316959810596586289e-01 2.233213964936684934e-02 1.252045785398672728e-01 3.241779330088341571e-02 1.156814548615915927e-01 9.168593174479941488e-02 5.625215092683748946e-02 3.821752094538848066e-02
3.891531890772242236e-02 3.926269655423239580e-02 2.556539831672980517e-02 8.946240245109982059e-02 7.959961898280510512e-03 2.185081902645185162e-02 9.970467458431052366e-02 5.436583933520853368e-02 3.083900865749421641e-02 3.151716269794585523e-02 6.176157658439979103e-02 5.340135834504444907e-03 7.433233219863878694e-02 3.343504717032110690e-02 6.940514047700878375e-02 1.133268568064532689e-02 8.208842738085393720e-02 4.489235008415376482e-02 5.591936970424737918e-02 3.383800861560779666e-02
7.160160034895067527e-02 4.317088723520004501e-02 3.232623495925433105e-02 4.072581824958394769e-02 7.448852724496295152e-02 2.154913468426301881e-02 1.699362586458730371e-03 2.055264288022218278e-02 1.975529277478921264e-02 4.414116860376193080e-02 6.699875113814986183e-02 8.326709529285963862e-02 6.169890758759642019e-02 5.215297939068758160e-02 6.512095544570413452e-02 5.885236718890948793e-02 5.652030176764255738e-03 9.712159512134160844e-02 9.231193695202316585e-02 8.738791831755164663e-02
5.526448331295307631e-02 9.240134907531916478e-03 3.353938434593296825e-02 5.320695821425939359e-02 5.143425317518760670e-02 4.379620224991609412e-02 9.214235580944787896e-02 4.994609954936083535e-02 7.240467969778989488e-02 4.409901481099209875e-03 1.687002157433049529e-02 8.404877216815377639e-02 4.154095838652476641e-02 3.813314733742177026e-02 8.764483779717534284e-02 5.728709692534694753e-02 8.187468135123762702e-02 9.769897605480053204e-02 3.529638983216052545e-02 6.233318540683951275e-02
5.606438494949436691e-02 1.447851655469127932e-02 7.028476172931255594e-02 1.509287355710033952e-02 2.644772197659541954e-02 1.684323919717317652e-02 2.329985863963046633e-03 1.108035013505266446e-02 5.318921008899494401e-02 9.805499684333661425e-02 2.451358902917548724e-02 7.692926840650110565e-02 7.852454242087446301e-02 2.741743707011679281e-03 9.072510806306149922e-02 6.634681270792502916e-02 4.448875922822768253e-02 8.759618019633821917e-02 2.043592522557338351e-02 2.454881295991778734e-02
3.561268535842676553e-02 6.016663806337829018e-02 9.708718575836608466e-02 9.019778123435170936e-02 9.717685927374125621e-02 3.671889516377225063e-03 9.436380977926695640e-03 2.434528435780336768e-03 2.906107780197086932e-02 9.263207048559250756e-02 4.466171470342716714e-03 7.087407199137067682e-02 6.203666213626824605e-03 5.129318907647837517e-02 4.812783415486776573e-02 7.074836984639194803e-02 9.501768181751944764e-02 1.421387448731440545e-02 5.203103580967759906e-02 1.359647372594584638e-02
2.902979257486133779e-02 6.587368485364586412e-02 8.620178153240695695e-02 8.592029934136546920e-02 8.772003596806493553e-02 9.053492402534790706e-02 2.357083257648958860e-02 8.041854485728941460e-02 8.442377817421940767e-02 2.469335724698576082e-02 3.747135151554614046e-02 7.589693584928113024e-02 9.986862054813124001e-02 6.245682625830911716e-02 3.523040891632457650e-02 4.896076057291096073e-02 2.005971224972704844e-02 1.049456673899908966e-02 4.690952242740965838e-02 8.420368281831641655e-02
7.955602807213889294e-02 3.383672508875027601e-02 8.795005029607361191e-02 2.920124285103134140e-02 7.568954663732341791e-03 2.496607709535916472e-02 5.831988551917886149e-02 5.010766319662658674e-02 9.174081671250837455e-02 6.195502874516317648e-02 1.774593530574243225e-02 3.012205444738884699e-02 4.502295793408109259e-02 1.425542121462231027e-02 2.043738546386053567e-02 4.807742580865498327e-02 4.337999962030453238e-02 5.979474776490490209e-03 6.850858855895147759e-03 3.088512183775846826e-02
6.685304979089727595e-02 5.472155177892251698e-02 9.597009178618530478e-02 7.228550421148248473e-02 7.033816228968879647e-02 2.943637597933505129e-02 1.818168893637443079e-02 1.657904605852379351e-02 9.959745534864344885e-02 3.794273847102587471e-02 5.438502496311259891e-03 4.585545873417987833e-02 5.113771367018141167e-02 9.360870928561781587e-03 2.069332502143610489e-02 8.962715719840075312e-02 2.493643471806053155e-02 2.553946245838963069e-02 7.173675660561004697e-02 1.377087682132800521e-02
5.661780089850060316e-02 2.102042226602951480e-02 9.964336897995600129e-02 2.175395337371698393e-02 8.396846851359202057e-02 7.356920103169277414e-02 4.017690929028858160e-02 6.923668317369477410e-02 5.238375259194022471e-02 1.744018104940303626e-02 1.965488481813762109e-02 5.332621231501647602e-02 1.517554985749636383e-03 4.932283549085791224e-02 1.945083267371858909e-02 4.340275225211912696e-02 4.282002189710426565e-02 2.152086817132581320e-02 6.357506925135354703e-02 2.387394786645415101e-02
8.646121492643211266e-04 1.725166927971195571e-02 7.369783608406789421e-02 2.042858814208334955e-02 9.731861541673568483e-02 8.718441470169989438e-02 7.227930943769672600e-02 1.070748737157324430e-02 6.048661655745612292e-02 7.339609981307858300e-02 1.883610471689867172e-02 6.585834193032746864e-02 3.302455865277760527e-02 5.307452443261746755e-02 9.692589726149228313e-02 6.575245957705198874e-02 2.313390667603749951e-02 9.369251961793327588e-02 7.951444514612215908e-02 6.084021945227180601e-03
8.892649283696700546e-02 8.462289600845418480e-02 1.761225259675799557e-02 3.406413075856613848e-02 2.665191148337849036e-02 5.146183441262956043e-02 2.287114818399257551e-02 4.444419931379915006e-02 2.348865209195938678e-03 3.716569984366109580e-02 1.719460014305907065e-03 6.049464718384593015e-02 4.645931814900782636e-02 7.023909372606855495e-02 3.420638018393259289e-02 1.010929628409110853e-02 6.099827089043267231e-02 9.257579822104677891e-02 4.737559086204314041e-02 8.503074200455852660e-02
6.440888764233666797e-02 3.421091133225856451e-02 2.592354658905793308e-02 9.225051889194607613e-02 2.554477758199501583e-02 9.850935150529434303e-02 6.158478050987464120e-02 6.537509493879127553e-02 4.048122427244347371e-02 5.083403971236596930e-02 4.172325456217543249e-02 9.081705826697062181e-03 2.213215398037338046e-03 2.293762005785591335e-02 5.385469916350259928e-02 5.040754937299779526e-02 8.322195026729700684e-02 5.332128557299262162e-02 1.938982831628413214e-02 5.438111279899945916e-02
4.744203758826037037e-02 9.511022191111881408e-02 3.454477468168870580e-02 5.750558842007333360e-02 2.207159401188179063e-02 5.376521525958658648e-02 3.335973664775886832e-02 3.687191990069952491e-02 4.115340707699430972e-02 7.429919574381427250e-02 7.565800747464067333e-02 9.676670753296468669e-03 9.221627895453788845e-03 3.674893527161201406e-02 9.865016801022533088e-02 2.646527502717979305e-02 3.529633513503238618e-02 6.912998953587257134e-02 6.534544449239797215e-02 2.383726499490446127e-02
2.423762583509867646e-02 6.286946902489852496e-02 6.206545338717315424e-02 2.403357430898278926e-03 6.317615888848900074e-02 9.054989889908561518e-02 8.844143714573851622e-02 6.697827278468561352e-02 6.986955638834776994e-02 7.551018677396256762e-02 6.308074505337578353e-02 5.130818899890779439e-02 9.884037225727426712e-02 3.167894399370924097e-02 8.004883307060650655e-02 3.774442205745957152e-02 3.433479725651682885e-02 8.685860163020037161e-02 7.736984432990412497e-02 8.211745319664937037e-02
6.870044053596336200e-03 8.126138379641031917e-02 5.633646138637898870e-02 2.171414899569786006e-02 5.046880000588756243e-02 6.439559403009998068e-04 4.952952976153203457e-02 4.563652242526490543e-02 3.151629765767911817e-02 8.920060125436951592e-02 4.654912748920037036e-02 8.084158788378191518e-02 2.153004961638490741e-02 4.001206572768650771e-02 3.450321125380730741e-02 1.198542500543891068e-02 2.393889073611839280e-02 9.225158978735217841e-02 2.597629316350713591e-03 5.601903175596430196e-02
6.091574757790940015e-02 5.581908802321716712e-02 4.802061796733712168e-02 3.210176322038267582e-02 6.460976881111994696e-02 9.359567946019749229e-02 6.524158666929129324e-02 5.611230974629613510e-02 2.571904504286917290e-02 4.905893974328646122e-03 9.543868416671512367e-02 5.535954106324889740e-02 6.813208760217359661e-02 7.408790950422081134e-02 6.365844568787036584e-02 1.100549369897715381e-02 1.073305008217820961e-02 3.630213533583381141e-02 4.186284858658961827e-03 9.642013148529274269e-02
3.303211157794571501e-02 2.824807823677086965e-02 1.923024953748081467e-02 6.706816950117890086e-02 8.038445020283339904e-02 3.313968009353047972e-02 1.153097733633223895e-03 6.636895451599959805e-02 9.888123999031996070e-02 6.130855758675884254e-02 9.763451868030305347e-02 3.073779981714015730e-02 1.106131662696115993e-02 1.213579685690436942e-02 8.813922835972481939e-02 8.176401393925780692e-03 7.080810576297952297e-02 6.866723239831010184e-02 4.516705141040438382e-02 8.000832963860265989e-02
2.266290214104778322e-02 8.861537134248147207e-02 6.950072896890084617e-02 1.378597568152467590e-02 8.621367185221569251e-02 9.506057113458832308e-02 3.539241119994195744e-02 8.252973125790896702e-02 9.044888935190653623e-02 6.091180110196641601e-02 7.853783587248458486e-02 4.137445538329273531e-02 6.366813021739757550e-02 6.306861628899918665e-03 6.126026752760378724e-02 3.903091040345971902e-02 7.709062421554040145e-02 3.727871116820097308e-02 1.291397180059474827e-02 1.578081462833610601e-02
4.988405630971624177e-02 1.410619055966454496e-02 9.030100839303273341e-02 4.015974091897922711e-03 9.274796884681350828e-02 9.216876690461875410e-02 3.607217167575001160e-02 3.245163581844745515e-02 3.594022410179365239e-05 3.695676871828137283e-02 1.402520712619802559e-02 5.629412300917766010e-02 4.968367278366147416e-02 4.817400982684283406e-02 2.094692518201592135e-02 2.334342736322754519e-02 1.936590872833432453e-03 4.919310108779339358e-02 7.586641560428110387e-02 8.674476480465265205e-02
