2.142639880924042950e-01 1.215515861559289534e-01 6.588290749013619996e-02 2.405548644968856162e-02 8.662350887139916300e-02 5.341430560368613800e-02 8.475057815676781403e-02 1.078285754579600964e-01 9.064247557415329448e-02 1.129465792026651261e-01 7.097552942230038464e-02 1.149216364025420767e-01 6.018235924330768427e-02 1.369629693763327605e-01 8.329305986744379997e-02 1.046183568089560298e-02 1.422176616426766571e-01 1.223766693948597217e-01 9.452113463385598824e-02 1.416706734603362938e-01
4.267978814343106886e-02 9.728876017230479734e-02 1.497360637384539429e-02 9.360360383167565679e-04 2.804878330091625793e-02 8.623677856096442773e-02 4.301545403549540680e-02 1.917398705287079105e-02 8.038371651833386630e-03 1.028199347403173716e-02 3.702565733015635713e-02 4.807447891385022848e-02 9.693834257474365224e-02 2.190293816444645325e-02 2.180960561402546516e-02 9.414973237686463658e-02 8.880684887258030735e-02 6.706371704175988213e-02 3.477194133246419572e-02 6.511679205923863456e-02
4.792051471179417654e-02 5.493422379805345396e-02 1.578319479808065751e-02 7.819198126540827590e-03 6.254123289039095757e-02 6.387685428430538159e-02 1.910784584193403468e-02 7.317028652700856284e-02 9.578323630575227843e-02 6.319477966172855343e-02 4.240583333999105309e-02 3.511763533936246295e-02 1.681374023873833876e-02 5.194817372845156322e-02 7.781765064903753415e-02 3.736902913230174400e-02 5.857851248084881141e-02 6.509111328917079053e-02 6.593653840877093664e-02 6.263946434973528821e-02
8.092034062086306268e-02 6.162582218391982058e-02 9.796660683440307216e-02 1.486513032502583334e-02 7.221027069001473460e-03 5.787740968638011019e-02 2.513720539610369079e-02 3.299315741558256354e-02 9.162242712257161192e-02 5.428674002373146124e-02 6.121210380164058412e-02 6.424318069875152581e-02 6.403333538707312034e-02 6.817405958784468478e-02 4.780415587849756037e-02 8.868429157353978354e-02 7.028909591016123393e-02 7.539593581051333426e-02 5.476939477568874143e-02 4.939876576932477475e-02
9.021889623067219643e-02 2.574409303210283342e-02 4.811820837765097558e-02 1.112770781601654137e-02 7.430046815256065307e-02 7.747121375742023475e-02 3.125176244548055760e-03 6.375832978338709378e-02 6.714964428269221651e-03 2.263059239421805202e-02 8.969775330740006880e-02 4.091222499985417566e-02 4.037255679996275964e-02 1.597209686484125576e-02 6.985209460510545532e-02 3.199286045728583217e-02 7.191822952338640385e-02 3.433342929429429591e-02 7.459743754152808881e-02 1.291428561188783311e-02
3.995478741110012472e-02 2.642873143103670330e-02 1.600119096091221632e-02 8.565853478258855791e-02 1.080736114014831974e-02 5.635663484044103888e-02 3.990602319893013505e-02 1.645274238089706673e-02 4.827501401624204047e-02 2.378754462827971372e-02 6.220407914120404391e-02 2.483444683007249992e-02 3.202161218732491130e-03 5.727642445575124169e-02 1.366044215958570757e-02 5.320293761416475947e-02 1.216545954684805642e-02 4.091654379226089544e-02 6.896013506089826439e-02 4.608362607158487251e-02
8.922608996737102852e-03 2.935975518388281996e-02 6.857470476563455597e-02 7.922518534698068382e-02 5.927222453859676277e-02 6.335409844622867659e-02 3.431785065970822945e-02 7.579227520494274950e-02 9.233478937610363479e-02 6.156984493303863798e-03 2.672951170784314615e-02 3.019115647330118668e-02 1.173087382879124500e-02 8.682374180463396651e-02 5.756435400241743938e-02 5.428733283442710965e-03 2.293840766580973467e-02 1.928484177269358668e-02 3.640642698130421712e-02 5.932947877275527443e-02
3.440597514821421010e-02 2.395833237123923265e-02 1.168633644439877155e-02 3.809931024552402207e-02 9.413708777300781871e-02 2.986152936651387257e-03 3.215964192360354617e-03 9.632074045241996452e-02 8.857504713778474245e-03 3.449704551852127848e-02 2.820666640600670919e-02 8.768986994697658757e-03 2.953029264675227639e-02 5.963802837280202107e-02 2.292130294287499093e-02 1.395819488862893969e-02 6.491256020317809350e-02 4.105463955504460444e-02 6.300264423246751400e-02 6.320097336389296494e-02
6.655954006501732523e-02 2.943870706367065701e-02 3.256757773910557048e-03 6.705260827988747396e-02 5.898382812082880733e-04 4.778599805853534638e-03 9.041851185501736943e-02 7.582026000292191315e-02 1.839365528065701680e-02 5.313022602794029853e-02 6.120762483506536969e-03 9.252480920189810887e-02 8.529538485645843382e-02 9.854301587882308144e-02 7.289478855697655024e-02 1.256721473466002742e-02 2.364687944324042265e-02 1.941517239539976292e-02 6.332796557263628556e-02 1.323941457003837731e-02
4.161930559753485026e-02 7.630010701989822786e-02 7.140147104313129822e-02 2.343986024794458833e-02 7.473279816472359893e-02 8.139317600662067040e-03 6.427962436155057468e-02 3.874929156696283166e-03 1.245335337233273269e-02 6.326515349852332437e-02 1.794020849230927236e-02 3.807588941581451641e-02 3.383976937140140834e-02 6.900832591280231521e-02 7.503320653088225989e-02 8.000796696871610714e-02 6.011294705439873542e-03 4.533849913152143696e-02 3.436007098013844907e-02 2.643611154749784392e-02
2.932421161553991004e-02 4.216277176041199198e-02 3.586145556451680958e-03 4.855670016174253034e-02 3.346055357845351130e-02 3.668321891454887768e-02 6.170305588360528587e-02 2.397832587645148950e-02 6.517934393339362698e-02 3.896110696549835023e-02 1.295404258417397550e-02 7.493192605039537824e-02 5.621664135006020774e-02 7.602741602297769484e-03 2.722244793907593538e-02 7.672179848199142671e-02 8.985337696556519593e-02 8.966977539858440871e-02 6.212949548748367828e-02 9.116060624345774521e-02
9.882866901367301504e-02 7.605759414096957549e-02 1.060315091436124860e-02 4.768064337346911499e-03 7.749056038637537613e-02 1.448281518970925309e-02 2.888335945628946189e-02 5.479741586471523207e-02 4.275976219191730821e-02 3.830278105642182071e-04 4.746726932088775330e-02 2.738720468654345583e-02 7.954825012709834664e-02 8.000633799400426460e-02 3.169768545498761331e-02 2.463924174528974234e-02 9.704951344761840459e-02 7.395392776495506026e-02 7.435293655191732576e-02 1.841429762665375280e-02
5.531823944833670625e-02 1.918512167964332715e-02 4.441641538485890939e-02 3.548612846844226981e-02 9.673334573531371106e-02 4.529939290876823510e-02 5.854124495687305224e-02 9.588550229251339985e-02 6.642005171847328859e-02 3.681054812485824723e-02 9.399474024720760879e-02 3.333151312452188597e-02 1.664549137003978885e-02 7.492602353747659927e-02 6.835275384987626879e-02 3.680237466944798197e-02 5.475668046355352397e-02 9.676895350718987820e-02 3.765071260252346452e-02 4.243157552619428174e-02
6.388890563112204586e-04 8.517763756453890223e-02 2.424007061818316336e-02 1.913752402651450885e-02 5.243166067925970897e-02 4.273382244658201906e-02 9.934789226145221419e-02 2.160296945387244621e-02 7.040506434656840229e-02 9.824267641580679278e-02 1.172305620402064319e-02 3.590596736599799277e-02 9.950718729357362069e-02 8.308633621482108822e-02 9.409044715045287999e-02 2.659610833433406762e-02 9.289551148321782692e-02 6.105663980518846734e-02 3.257950339150277735e-02 1.036721863532277278e-02
6.958785539050359181e-02 4.969535624653678707e-02 2.342906915374910748e-02 8.610124783361614020e-02 5.888523421059851937e-02 1.584759844612136995e-02 8.318082092371119340e-02 4.065330117820790262e-02 2.063304926394387076e-02 9.330529891283600996e-02 4.769642829571980880e-02 7.406111080374916389e-02 7.743091637289886697e-02 5.629152590812075418e-02 2.060738887892143989e-02 1.653777835133318774e-03 5.676081714050737470e-02 7.542372756107235121e-02 4.762567742484737077e-02 3.033531125527293495e-02
2.734526844219965780e-02 5.763281017790192889e-02 1.200613683590979856e-02 9.043490282481658760e-02 1.313277626123154906e-02 8.094095240783041878e-02 3.346201963045223465e-02 6.392258432811694091e-02 9.576927435746215855e-02 2.442476477785019556e-02 7.529585146949666075e-02 9.783758192038494519e-03 8.862537889059710072e-02 1.272442505962115972e-02 3.228185484658657040e-02 3.431469393952248093e-02 6.061742725577898977e-02 3.999876306969664397e-02 3.576489813563542980e-02 3.197023881542108287e-02
1.939682969475391497e-02 3.964713230927288667e-02 7.247120003064885796e-02 2.204600929499520717e-02 1.382036794795854506e-02 9.592128832700028140e-02 7.894190835594307176e-02 1.205438812567722999e-02 7.672967903204247486e-02 2.750879523698912706e-03 6.579313898458492849e-02 6.606781453964649664e-02 1.899756253581271967e-02 2.285361773925233264e-02 2.543772571601184140e-02 7.070276324086842423e-02 8.315943273161474636e-02 2.173497289192652046e-02 5.265161248287069523e-02 2.032001073484467416e-02
3.627718375826408798e-02 1.010619811149788931e-02 2.537694538342919609e-02 4.990733029881384841e-02 9.763038095948573664e-03 2.396647211438293276e-02 3.267261891125850231e-03 1.540719408463451373e-02 8.177855252623394966e-02 6.912046399473581459e-02 7.886757931737863048e-02 5.806611353025780548e-02 6.240876699761365581e-02 6.267698084325692975e-02 4.710024781359260088e-02 6.701901100323755245e-02 9.796926046355623752e-02 3.524523419577623579e-02 6.196708908948345834e-03 8.226811941777545378e-02
5.512157246529464372e-02 4.152944456032955922e-02 7.262613313821623950e-02 6.291277654142506115e-02 7.025075485078666193e-02 1.966533200987473709e-02 2.947061170280956821e-02 4.479154395444904374e-02 9.033407448408314888e-02 3.820407654176094861e-03 2.990098548915459675e-02 1.752675409775802592e-02 8.523994129639212575e-03 8.613891195405454226e-02 9.769484617056455045e-02 3.776692509788674018e-02 9.804136244306616010e-02 1.937777061212819785e-02 3.415349662370404001e-03 4.635025744425674832e-02
3.783501527775019746e-02 3.081701683313460560e-02 7.508500224491379549e-02 4.909538630895115413e-02 3.040761158886178331e-02 8.176369299700890492e-02 2.520907493538878871e-02 7.501554884722833050e-02 4.054351608376974281e-02 8.479596097053231085e-02 9.294964921889415461e-04 9.466311296010423981e-02 4.710898858840754239e-02 8.344516317037188602e-02 8.553723206894298103e-02 8.605434324383555433e-02 8.170578121329401255e-02 4.440105455806112045e-02 3.594387084494245904e-02 2.678269797093546598e-03
