2.583737946419292220e-01 7.851590315811991794e-02 1.275428370782486498e-01 1.483423815253014921e-01 2.760078450171780939e-02 8.891022960674122011e-02 1.415805978055071357e-01 1.254732167037831414e-01 7.024893854158043016e-02 4.759881428399750924e-02 1.345176991550384726e-01 9.626411129060094551e-02 9.301559858260169400e-02 5.592734433146832884e-02 7.501492013225322109e-02 5.340422931596605638e-02 1.098390437293950278e-01 1.163142057747129227e-01 1.095898831613653784e-01 1.224007609084827031e-01
2.079441734237440567e-02 1.276857204737138519e-02 3.201405658239136337e-02 6.599008893154560684e-02 6.142039683100309136e-03 1.591047138825324447e-02 1.405698700662732017e-02 3.729208441830905718e-02 5.323522043208153698e-02 8.476863431969704210e-02 6.981078804377918723e-02 1.137623088960600971e-02 9.908625224528694320e-02 1.629986138145255239e-02 9.105464117103900801e-02 5.041387823612138164e-02 1.775327726953577351e-02 8.827604476911898868e-02 8.817513312174821150e-02 8.142734163192953678e-02
4.916533822690274946e-02 6.479594023359817878e-02 6.817715879637054055e-02 5.994730126926548636e-02 7.259739832358502731e-03 1.929505590382898580e-02 5.912091162789251397e-02 8.213308868219573733e-02 3.507860803021416868e-02 2.827261504788406571e-02 4.838197009040963448e-02 3.308392216301567906e-02 3.513955323165495609e-02 7.602157975854739735e-02 2.911335776103634101e-02 7.975407603995577840e-03 3.034737240986894527e-02 8.869873359103248867e-02 8.386798653941219747e-03 6.353680208676402985e-02
1.408808668149949019e-02 6.434611227808419154e-02 6.659686092525340939e-02 4.664270302149388370e-02 4.050252047283410539e-02 6.190398080321272284e-02 6.063931128217460442e-02 3.621186159267172217e-02 3.826042303844319481e-02 6.161867187084088537e-02 7.999248837151197444e-02 4.110031935467944181e-02 2.268541953961377214e-02 7.929494216616916891e-02 9.112914587233625352e-02 9.030925266416739428e-02 8.088731717683013411e-02 2.294618149868998726e-03 2.349575367098306888e-02 2.413120766297714020e-02
1.734673502042106616e-02 7.335212689371554962e-02 9.434579058056855039e-02 1.613921004167229211e-03 4.196523057541380608e-02 8.914216772262710531e-02 6.296669430002155288e-02 4.375695879568302499e-02 6.995316449128856362e-02 1.865464093950592803e-02 7.212582680283638470e-02 7.566408397748936032e-02 4.895239953198926922e-03 2.786281246950969223e-02 5.553244767249522484e-02 9.914276682993862500e-02 8.850894445472498595e-02 3.526116556304294963e-02 5.035192034338016598e-02 8.933069997882348012e-04
5.105973205929279640e-02 1.596943679832514215e-02 3.001455812121962829e-02 9.226541075277461257e-02 9.555152925995052948e-02 5.563065750842478840e-02 6.213942935885200664e-02 5.104080980848294674e-02 8.579555048332800082e-02 4.866555645366364008e-02 2.339223457335968398e-02 3.839425092958535096e-02 4.555764140930218357e-03 4.179834709768651818e-02 2.359753227623603497e-02 4.752162276706054650e-02 7.512560641607350653e-02 7.491546747715141508e-02 3.850734244900551329e-02 5.374029845670768440e-02
8.442540294702028519e-03 4.583995872329156562e-02 7.712843806713373662e-02 4.276464960353998368e-03 3.379562821951909331e-03 1.813167445782623219e-02 6.560878517373075480e-02 3.756834927666050095e-02 5.850588489574286982e-02 6.863320941406819697e-02 4.252729487784783630e-02 2.804635444946569633e-02 7.099242951774613342e-02 1.561230431489748528e-02 2.475608936665185666e-02 1.231085828682555554e-02 6.814095824195599838e-02 5.397547636155689693e-02 2.136853508512749633e-02 9.078866183117681454e-02
3.925834191344031165e-02 8.021665724510622375e-02 6.474147377709632556e-02 4.229189508160619004e-02 5.135789992295515527e-02 9.176894502263314990e-02 1.514888550593723737e-02 4.164051703230320541e-03 3.856045542876872928e-02 9.026593621745016005e-03 2.505562057523539471e-02 3.941169019855608746e-02 5.157779914299940455e-02 9.942866112459310124e-02 1.173830582437852647e-02 1.148174394855602277e-02 6.157650810949168163e-02 8.994780911538793888e-02 4.829016337754145349e-02 8.834397923504455977e-03
1.195793546777147547e-02 6.680771167474051919e-02 9.581200407202340730e-02 7.401427900250329150e-02 1.907342060439499998e-02 5.301620622814837147e-02 9.641297839227400135e-02 5.954039731248420703e-02 7.063503046084550208e-02 4.254159532267521270e-03 7.181881374412332764e-02 9.938990670228520230e-04 7.926912619117713887e-02 4.391729155586703709e-02 9.225764501545699603e-02 6.212284660737832365e-02 9.426691161092326521e-02 4.232394904561042476e-02 1.091060247141398959e-02 1.387790834287601187e-02
7.696166881906853219e-02 4.128357789926832139e-02 7.273030683656560302e-02 1.182491884077067207e-02 3.675695802931771422e-02 4.042019105963123166e-02 2.552273919203158770e-02 9.024305523655114236e-02 6.838431082685704487e-02 1.315932806410757957e-03 3.717350118563635814e-02 2.403417176369591207e-02 8.438905310117975067e-02 5.907977747498412147e-02 4.056180786769739838e-02 8.484627189997724639e-02 9.086693274578049040e-02 8.282636265146582633e-02 6.493028774418597993e-02 1.331194349978932594e-02
1.122572537367752012e-02 1.321383562531022217e-02 5.489857331934014373e-02 9.506764204658446626e-02 5.240751322401281803e-02 1.317678270477218305e-02 5.751872464859756479e-02 5.182260128051634912e-02 3.785295351549407272e-02 7.294305432987883975e-02 2.927918266490757773e-02 2.271416088435074428e-03 2.180816191889110162e-02 4.514585470143697710e-02 3.174412050554609177e-02 6.745504799106970262e-02 4.203524589443091708e-02 6.317121679652483446e-02 4.376509511859262569e-02 7.182624668962382664e-02
1.596570335290398157e-02 4.992142553714878916e-02 3.815954729624596725e-02 7.832655530582714742e-02 5.113117057835545737e-02 8.345090772849679539e-02 3.955269131127606141e-02 5.871456048192603971e-02 6.449304005038046517e-02 2.156203275304234904e-02 4.580069867050659549e-02 9.976960282226082777e-02 5.287222494428062136e-02 4.674740539878168705e-02 1.965598802125134801e-03 9.453550331609844593e-02 6.890027643995137729e-02 2.186418825056456530e-02 1.479209972261625976e-02 8.609052463317530546e-02
4.943661480588890100e-03 6.566421129399455103e-02 1.137849744993145798e-02 4.508232427893323069e-02 3.890896716789545018e-02 2.665673264836210254e-02 8.176614986254000794e-02 2.969211583654865136e-02 9.981066682879069507e-03 4.128831446851599467e-03 9.163287211738629923e-02 2.449887105722252725e-02 7.854246393003061488e-02 3.443905489564341726e-02 6.214158608835439884e-02 9.790662261206575789e-02 6.274811676589882314e-02 7.719089793513893294e-02 9.051831358363449792e-03 3.171056225354978997e-02
2.092555824435368347e-02 9.034062432526307473e-02 4.274433271883706920e-02 7.334427339844527827e-02 9.017056960449477965e-02 7.076218797902109059e-02 4.890112363973112691e-02 1.568977108519529345e-02 4.421377251404522840e-02 6.107865962033103696e-02 8.049251679851643360e-02 9.851480218877695094e-02 9.702031356830902176e-02 9.037735726342771558e-02 8.302937770312723842e-02 1.830064265860278580e-02 9.673361803526972502e-02 4.740641339210593247e-02 8.589872459173140962e-02 8.472951989504240444e-02
8.965957334506258203e-02 5.070200494143528580e-02 8.843980516508753720e-02 3.906893911620421683e-02 7.595210864231552450e-02 7.949380832772401373e-02 2.719457620215368771e-02 1.270372795975494148e-03 4.007380650675708422e-02 2.317314453917123165e-02 6.741436662074039299e-02 9.292243757669342574e-02 3.574691200802532220e-02 5.359444879084943741e-02 9.911209080607429056e-02 8.746749705827583377e-02 8.384061685769247929e-02 8.535870106593318463e-02 9.674312795511355589e-02 8.888106951571161929e-02
9.240045621018316835e-02 2.655213398245889408e-02 3.590797700069715825e-02 5.406655324498330778e-02 6.450988659844468509e-02 7.965278683813092897e-02 3.067870946902108431e-02 9.967341668854645675e-02 8.150453221331366641e-03 5.720185903450460130e-02 4.440146510062181577e-03 5.438528268541314992e-02 8.290274527797422688e-02 3.935982965245685139e-02 1.911857552640347166e-02 2.044800628540610621e-02 3.169234180473797652e-02 5.517997313211411847e-02 3.826079528460998858e-02 4.209011610309564694e-02
1.129309132248721564e-02 8.430149314267090799e-02 1.487915926716672048e-02 6.015325442545358531e-02 2.887811897054369872e-02 8.775642717981536889e-02 1.506024575604785268e-02 1.816108480678267981e-02 2.535951446055237021e-02 5.047048386781721047e-02 9.213092530189126439e-02 3.342829801321672845e-02 6.313442716061948290e-02 5.930165964603442696e-02 8.777090021545110032e-02 9.303448553364139506e-02 9.756896319683326657e-02 3.045392193275703319e-02 2.122281523173263906e-02 5.929345882631336523e-02
6.153276322295379158e-02 4.341016151398074951e-02 3.323035038038703315e-02 8.544396085070522784e-02 9.083599166832911562e-03 5.151396111845352177e-02 3.869424287968448346e-03 8.761692405447846221e-02 2.085667979471866884e-02 6.547820378498993288e-02 4.083688030703130217e-02 4.989164929557107775e-02 8.723191724208502473e-02 2.253685349558373283e-02 2.323731050772949447e-02 9.014619100244026378e-03 5.824384680620615928e-02 8.324803620569146134e-02 8.821224934423622932e-02 8.553316920107750798e-02
3.813071028325842882e-02 8.353391857113649788e-02 8.693284894671937657e-02 9.298194903690039370e-02 7.459305251204954856e-02 7.122116995348405644e-02 1.560863003753194637e-02 5.838712923825041534e-02 3.128570438541128373e-02 9.886912623479282569e-02 3.551718683615644884e-02 2.945308806486165651e-02 5.742913727161320925e-02 1.102699810838684430e-02 8.398583920755542387e-02 7.602277884573208078e-02 7.359938440407817750e-02 2.477584516733633111e-04 8.984791443973610958e-02 2.762790544137197143e-02
8.213704520992831659e-02 4.879761023874374520e-03 8.832952238256286046e-03 6.698898522447808979e-02 7.098659959713832235e-02 7.756983019940388857e-02 8.007804614603052096e-02 3.999275981044339567e-02 7.936186168096098781e-02 6.793295099470475669e-03 1.248866371459592811e-02 2.181317598175777292e-02 6.769800138531884004e-02 3.560518239466910900e-02 8.263108584203471274e-02 4.774961818233790928e-02 1.394610512949562287e-02 9.407488540026648360e-02 5.511286266457964683e-02 9.729653765654044939e-02
