2.771193012625625118e-01 8.862910121402697849e-02 7.311589043588614945e-02 9.052023081116114533e-02 4.288124509719787314e-02 9.630071544419505081e-02 8.317731817373519299e-02 9.236232698275530228e-02 8.303108287048352465e-02 8.978699601518391749e-02 1.309390177410830469e-01 8.872629918380761649e-02 1.338771064002405309e-01 1.287886258106156478e-01 1.111562580944245454e-01 7.954680649314925522e-02 1.697473820621738794e-01 8.851923662967282891e-02 5.840508231448567067e-02 6.693107261245150041e-02
1.053326139849377202e-01 3.946928298043126532e-02 8.567031810943966097e-02 2.503100832540397155e-02 4.589131609914311530e-03 1.212493576952324362e-02 3.608285277453811973e-02 2.649745781492748517e-02 6.503122594989509120e-03 6.600617767346814158e-02 4.448732351149999736e-02 2.914675145019201066e-02 3.083614688822993149e-03 6.200040491689951666e-02 8.871256401393651236e-02 4.000939662477981384e-02 6.330795516856821403e-02 7.073971607743313739e-02 2.952714790828805252e-02 2.427854516504675958e-02
1.030068596013246768e-01 2.491787467474290696e-02 5.453382225060580957e-02 8.224073771019866155e-03 2.926082835907491825e-02 1.388897829929578755e-02 8.065475049738017599e-02 7.244945406127420440e-02 8.409370656399567379e-02 1.278762630481455366e-02 1.730655748659539611e-02 5.235047292749692160e-03 2.763554093951101336e-03 1.498297635673397771e-02 1.984344638481797332e-02 4.833302374706504451e-02 1.347012989739602203e-03 1.539098630754494670e-02 3.508408672211880269e-02 5.700947772659723661e-02
5.570014963284140169e-02 3.702239460475573868e-02 8.929346385245254258e-02 2.740286602672724965e-04 4.282861148640221272e-02 4.897678165021367852e-02 1.595116282801400595e-02 7.725223199410689856e-02 6.675936364890500130e-03 3.062881505447944200e-02 6.666463760349407297e-02 6.744380237771541164e-02 5.529377534639406261e-02 1.048923296879842038e-01 6.591998102978416374e-02 5.558393078887396976e-02 6.624128966745647384e-02 3.398704004165823550e-02 4.495137946987285554e-02 4.257310784249877800e-02
7.189636715017726568e-03 3.649781809546873926e-03 9.057022304397635559e-02 1.021875426572532441e-01 1.177638807645674463e-03 1.032532005612809001e-01 7.195288237032441969e-02 7.180833116271978511e-02 9.103135336970595570e-02 7.623758940118234573e-02 1.031405714881129393e-01 3.922769031879271701e-02 1.006804138164664880e-01 9.866500792711363488e-02 4.498670345359282591e-02 9.964134008002126230e-02 6.962462253535513235e-02 9.367429954609629572e-02 3.402240974664328538e-02 6.612337850263566574e-02
1.052985446219532745e-01 6.495055270881804066e-02 5.399112716196610880e-03 4.327087808439772365e-02 4.069371338856589068e-03 8.205688197696307806e-02 9.615592968199623836e-02 3.352321287053652149e-02 7.861984232229002334e-02 2.479628065054730740e-02 1.126423862587825307e-02 7.063535595541796386e-02 1.944852316813389798e-02 1.005478312628146909e-01 5.788032697266723425e-02 9.175967866446664567e-02 1.972364974035742055e-02 4.007866746680215086e-02 4.047123183353571602e-02 1.042862346130124240e-01
8.319193002273191084e-02 9.436367684462623751e-02 5.156007301660368337e-03 5.424027096651927449e-02 1.556519168627269398e-03 1.343097616048222025e-02 6.638889389615595937e-02 4.086883349427259532e-02 2.919085854659178580e-02 1.651093816621354918e-02 2.884353560934892202e-02 1.036560223437846956e-01 7.262484934028615169e-02 7.891915112879256677e-02 6.865654612420696301e-02 8.815624254781134761e-02 5.230621201025695971e-02 6.341597854206794393e-02 1.032483559389059946e-01 1.017105098628786758e-01
4.093434037082450960e-02 4.882753190232641538e-02 9.050707677071062607e-02 1.845848601959964100e-02 1.741599418066795734e-03 5.311839933467256414e-02 2.812263442120000075e-03 1.830231366296520765e-02 6.883878535943660504e-02 6.051197093454036696e-02 8.935663097084775575e-02 6.524574654556632158e-02 8.962399217259092721e-02 8.771940393970452388e-02 8.848032907160252591e-02 1.222153547280700400e-02 9.523830361889380758e-02 8.274757655335587825e-02 6.804077945294614849e-02 6.272057279675585795e-02
4.484083009678108134e-02 2.367167737055753465e-02 6.491416912662348326e-03 5.838351477725717276e-02 4.913353013882960224e-02 7.700675437343432184e-02 8.253511929472309716e-03 3.461934771939000760e-02 7.782900317816039693e-02 7.285993564439992298e-02 9.156329197409597553e-02 1.278402294318957931e-02 3.858260928497009301e-02 1.023240870456698232e-01 2.201360817293764038e-02 8.692964994588486816e-02 5.071768571640929146e-02 6.151041872847785169e-02 3.608406051221969835e-02 9.692829954193997455e-02
5.808695234269733998e-02 9.702706530670850149e-02 2.101621746921149628e-02 1.835403174800008183e-02 2.631581663076891509e-02 1.004625043911690357e-01 3.192072161511595729e-02 6.800395597269508208e-02 9.518479248893783884e-02 7.421714765776249445e-02 5.661712994090292023e-02 5.955527456400889347e-02 3.594961197771737865e-02 7.669826387382554234e-02 1.352025163179938587e-02 5.262986223629768923e-02 7.566878963488171683e-02 6.729860170078919533e-03 5.151775692981337695e-02 8.435086082513150452e-02
6.901884390641102596e-02 6.504237452186537732e-03 4.744147088186888295e-02 1.361236511483784363e-02 3.264090539925840889e-02 7.797093342072458633e-02 7.810606770016380318e-02 1.986776572124851481e-02 5.491647286423497441e-03 3.887880366755033096e-02 5.217373272967710390e-02 5.930156321819304854e-02 2.315414433074340639e-02 1.019614861148494950e-01 6.925655637821247212e-02 1.058778896738858527e-01 6.483704688779770575e-02 9.645245164319204978e-02 9.481927647485290100e-02 7.184775518594831156e-02
5.621293664512585359e-02 3.540133290832730290e-02 8.014232828014564158e-02 2.100101905104700961e-02 8.467124066277835481e-02 2.080536462473939197e-02 6.788794392713967674e-02 2.900585457981225482e-02 2.937974899133349166e-02 1.188026418705269904e-03 6.448866191895161193e-02 2.763406326107924887e-02 3.924987993801355018e-02 9.776514374904626825e-02 7.185379897633142887e-02 8.036442455332372392e-02 5.848088938010588544e-02 7.283491841260210375e-02 3.720781518748363104e-02 1.046217657450809607e-01
4.749246851701159622e-02 6.428299155587455238e-02 7.112457119168830166e-02 2.809366041139379350e-02 9.605745385179473295e-02 8.912757023937512013e-02 9.447883504300391699e-02 4.335079650762802689e-02 9.121260131219516287e-02 6.845952425945620555e-03 7.287669059836952845e-02 2.128349378485841492e-02 4.024213003816590889e-02 9.133508404873912079e-02 8.891976371266240020e-02 5.835352409956462427e-02 1.687504676682829302e-02 9.840171330411948136e-02 9.934764303605764235e-02 1.026341553984968791e-01
5.456007661021584215e-02 1.034144118446005955e-01 1.050075780192897962e-01 6.913519260365995345e-02 6.838672986913212071e-02 1.612765976689838759e-02 4.598087283895095634e-02 1.701139033435109449e-03 1.073747243449471762e-02 6.997814602863680622e-02 4.009736247368288903e-02 3.891838505179612273e-02 7.645201748776826733e-02 3.394509249445579885e-02 5.662391640291431633e-02 1.138162668382970873e-02 1.720328412378289984e-02 4.687488592157255246e-02 3.060815423898199591e-02 8.655129433793224553e-03
8.998720298877946333e-02 4.641977137382246460e-02 3.229623076967207129e-02 4.886715914232039881e-02 3.270224926499742946e-02 4.104422007614935003e-02 3.239069247881430635e-02 4.532026687523174613e-02 3.030441255715795104e-02 2.094864702045957233e-02 7.268989780029586067e-02 4.789287894214161456e-02 1.201606689010417846e-02 1.876744782817044849e-02 4.363430747402372717e-02 9.124094630186944943e-02 6.877292975538492129e-03 4.118897135944489529e-02 5.261270160523835726e-02 1.778469924933996985e-02
2.312873204443283842e-02 6.043568754902067797e-02 8.799392881135886108e-03 4.765890718087873595e-02 5.319540566347867594e-02 7.670359667095150158e-02 6.611262248115506134e-03 8.281878325870635493e-02 3.922917109907568534e-02 9.136135349055709773e-03 9.790191045604564046e-02 3.637364950996369029e-02 7.166848420972694866e-02 9.465221624365555142e-02 1.665441252935585814e-02 9.701863732215262881e-02 2.732747729684693178e-02 8.241260650320114678e-02 6.189410504386259199e-02 3.899234425079240590e-02
8.449849455605830395e-02 4.493402523534901355e-02 7.543051598215579079e-02 4.212136673342994214e-03 4.545623059195425669e-02 7.276066860158078575e-02 9.801201461004395432e-02 9.191424715373994192e-02 8.696787025836955065e-02 9.489192106612276759e-03 4.141343624909721993e-02 4.414968836276590702e-02 6.934689925915242525e-02 1.883781622066266551e-02 1.010684741581720086e-01 7.404646216549615190e-02 3.391547204895108657e-03 2.375398986058413486e-02 3.129145664875213062e-02 2.649853300569869619e-02
9.239596134568492380e-02 4.632717725818871063e-02 7.196566178940509706e-02 9.176486243651262031e-02 4.725428921721608051e-04 8.659249405130553523e-02 1.054190905779770343e-01 5.580077949658547587e-02 2.086551267030217066e-02 8.456188972643463586e-02 2.768405174189715948e-02 7.376023339778178811e-02 7.316443772852702920e-02 1.027087522630743682e-01 5.054587699019111834e-03 7.241024243791495396e-02 8.440877681339654937e-02 1.050896588115421589e-02 9.268094727716313930e-02 2.833666474060770463e-02
6.716959295390521889e-02 5.129113405572337248e-02 5.379946451822191500e-02 6.349883678472383053e-02 4.118856107928535459e-02 4.063452343597578204e-02 9.914470976964487314e-02 8.361903819642810265e-02 9.000331717731366310e-02 1.453604786166199682e-02 2.652531000299625198e-04 8.848576549009133652e-02 4.538236463044840324e-02 7.200741990908873270e-03 7.733175098071735920e-02 2.434459974146509220e-02 2.221874294237934436e-02 4.117141836726716936e-03 8.701040163903198121e-02 7.097240173405708341e-02
5.618548655784622037e-02 9.662719940468542101e-02 3.193739181907891134e-02 3.630507682272757913e-02 6.920997036648214584e-02 3.560644603723909368e-02 5.254459853887966797e-02 5.352393603875749140e-02 4.618392808389119863e-02 9.917139998715961136e-02 8.580197615111014031e-02 9.765180739516463038e-02 2.662725490066129505e-02 1.142461539755022792e-03 2.997226885028311805e-02 3.062601011940603579e-02 9.136572492071448615e-02 7.001820481346981984e-02 5.563027907233293601e-02 8.444965109305094253e-02
