2.250956842379648049e-01 1.258945040868482135e-01 1.443873476923530630e-01 8.019264393638610156e-02 7.294690454044672201e-02 1.357962735364604268e-01 6.556486668197102075e-02 1.702338888009994611e-01 4.414484068814172879e-02 2.895369653469099386e-02 1.194757729330604701e-02 1.049632864254535780e-01 1.344352660450116033e-01 8.025522596097814376e-02 1.181629288531632072e-01 1.124541251510186579e-01 6.988433085199596828e-02 1.681257749212651254e-01 3.711190390727592270e-02 5.161824623263708972e-02
4.478183037621596974e-03 3.603761550941427666e-02 5.973894975386189604e-02 1.265835359059833826e-02 8.159645721403374630e-04 1.440342185261613873e-02 5.617113553976699203e-02 2.038329931918113694e-02 5.344107853940940900e-02 8.239418227352662827e-02 7.277728707616967774e-02 7.802267219864238157e-02 7.130199647971353916e-02 5.134176048360183930e-02 2.770407115147369842e-02 6.547799343223149882e-02 6.847081276454881210e-03 5.880399529818816640e-02 8.411934782274868572e-02 8.059806122243984294e-02
7.830050298887693272e-02 6.060366659515335069e-02 2.939690582551812790e-03 8.434432339365088849e-02 8.511589345836494125e-02 4.015940167039977297e-03 9.118060769371995333e-02 3.802550751821222319e-02 6.983815352727239245e-02 9.775566481642711247e-02 1.158717698350878594e-02 8.381976179128630688e-02 7.311111778563750274e-02 3.877793717877551366e-02 4.817000252948238498e-02 5.958408082026142583e-02 5.869578557658872500e-03 2.428435369925218204e-02 3.279945301625482312e-02 6.236978577049245159e-02
4.328081563847027691e-02 4.306993305382503245e-02 3.144850983941046424e-02 9.231881944687381214e-02 9.300275403641251881e-02 4.844802832239469836e-02 5.140664066740416316e-02 9.899307372159840690e-02 9.823528468930070590e-02 9.886909533302053188e-02 1.910187472636079228e-02 1.832723242747455114e-02 1.585093875287074683e-02 4.761554446906980653e-02 1.710825136207761018e-03 3.529953133212525990e-02 1.649154593708957936e-02 6.551513701930519740e-02 3.903583715080749528e-02 1.383539007611156446e-02
8.761118945503744426e-02 3.439467542614732531e-02 7.678407325109248838e-02 8.480660422214647901e-03 7.304963676473330558e-02 3.791879736174386378e-03 2.118204941539886255e-02 2.528249354509759517e-02 4.819890162380513834e-03 9.677291817565970844e-03 8.770770879690685529e-02 1.251336328578032259e-02 1.815604527347553995e-02 3.676971512957984828e-02 8.865256120687708963e-02 6.518557820107234724e-02 5.144951582960671788e-02 8.146874485815050471e-02 8.460377465337848291e-02 4.879367149242400808e-02
2.997326921667181621e-02 7.885046182912520962e-02 2.549530442931468091e-02 8.664346219024961215e-02 9.275004583519171064e-02 6.765569938058911548e-02 3.849527875616274436e-02 5.868151185414841042e-02 8.463031849882451940e-02 9.973143225372372092e-03 4.685546257134595716e-02 4.984205654780041184e-02 8.700415785007986971e-03 3.447161629842039610e-02 7.461662034312235847e-02 5.364221330493426643e-02 5.724498948592839087e-02 4.987777069473353642e-02 4.970831271022124048e-02 3.762337891527350181e-02
2.977747810854302138e-02 9.576553227410389280e-02 2.822425506117703931e-02 4.115198997777450018e-02 9.047446722727897628e-02 5.857745313457303482e-02 5.417249531446774458e-02 5.270441282201924343e-02 9.048427287527630036e-02 8.977912767772988634e-02 4.204641527730865191e-02 2.447110116437913041e-02 4.728737802158373971e-02 9.574636631954612509e-02 6.922393210081043136e-02 2.008365802630056665e-02 7.251168434354608727e-02 8.614397421803801635e-02 2.171434274977271026e-02 1.447030013761182489e-02
9.595958920065182640e-02 8.933916474480058101e-02 3.847865042040220923e-02 3.174813293123533026e-02 3.954660215189887210e-03 3.835155846347814562e-02 2.367012340458164721e-02 7.258371244379378806e-02 2.224145879398272893e-02 8.341529267650827154e-03 5.262671678740448583e-02 1.441468111448048796e-02 9.202301749101639283e-02 8.900387456405382813e-02 9.374940293710581907e-02 6.739828019459871700e-02 6.107910755230828992e-02 4.001950302676835630e-02 5.418597055842594434e-02 8.775857066476869250e-02
4.078153336726802330e-02 2.953471529150878544e-02 7.740577585240338183e-03 1.118138955783704036e-02 5.121534610869790671e-02 9.966890093244396009e-02 7.661964022699674359e-02 5.321348366824985368e-03 2.130284170383411890e-02 4.900935179834917804e-02 3.863364664539762489e-02 3.115343653655764516e-02 3.552034139612578884e-02 1.962184188400951934e-02 6.813009916162457436e-02 3.357358131614125718e-02 1.437211792291295288e-02 4.197365787931625625e-02 6.503423814210933240e-02 9.413651903351877293e-02
9.263273807054593634e-02 9.330964574587718996e-02 3.202537390252047089e-02 3.146466502745043359e-02 2.994716662201776444e-02 8.154461790659099651e-02 4.942904735113139852e-02 7.461131796148556990e-03 6.169496965598320060e-03 7.663220976427012610e-02 6.181816652266858281e-03 3.284165417361881861e-02 7.864973188286758510e-02 6.371068213201713792e-03 6.718372854004421579e-02 1.399481604356694886e-02 4.987414875224865929e-02 5.689843036359110368e-04 1.654537302915488547e-02 1.820790707339767917e-02
2.381640111715688322e-03 2.091569665180034385e-02 4.820934345443394359e-02 3.935105663996429914e-02 2.287660058657374831e-02 9.982922054127868483e-02 3.536500272658350819e-02 5.777174276056747104e-02 7.257190117786163630e-02 8.747999611710860490e-02 1.799434664548571483e-03 5.624325525972915379e-02 8.622498409168102840e-02 6.229298093035832290e-02 5.001200597653233243e-03 6.744920362916821677e-02 5.265762952009688663e-02 4.328041319832338918e-02 2.353549233128436960e-02 9.831804372034248438e-03
4.703940028477219398e-02 7.668609403016986292e-02 9.333639164997453719e-02 6.179857242549759155e-02 8.129105356975140084e-02 9.956589900285370276e-02 2.421531800121642583e-02 5.044763031938997999e-02 4.072011489690235270e-02 7.094827798889026538e-02 6.027762139987152129e-02 3.190943806111930930e-02 6.710959063934576752e-02 3.531704511563110022e-02 5.724563616132646859e-02 4.102801743312799870e-02 1.829272498594362167e-02 1.122692494553226977e-02 3.305767043501102453e-02 2.459579694519278478e-02
3.456066199967362806e-02 8.763826107100985974e-02 7.017372954390548034e-02 2.450547176318296303e-03 5.519386087130988966e-02 1.144787280347343665e-02 2.443782442318892523e-02 9.708983249667171855e-02 5.455411538684473705e-02 1.358828261245120794e-02 7.876434831699585803e-02 4.256348686914413447e-03 5.150753152420896319e-02 6.611203308417132329e-02 5.306722848598006970e-02 9.843460238069601242e-02 1.559049042167017819e-02 5.828318242463815385e-03 6.088071445762618938e-02 9.601476537540429290e-02
9.139180134996646721e-02 9.758041712083638519e-02 4.635068840676079965e-02 2.103579336767578273e-02 8.386912094783197102e-02 9.508642247181717244e-02 1.283951960141047760e-02 1.345086344793999886e-03 5.089697241017388137e-03 4.605269394720379328e-02 4.032248768987752030e-02 1.705233482087652533e-02 2.224350143367087584e-02 6.005956717732724437e-02 1.853798980255636636e-02 3.517064425298399664e-03 1.936447231506758376e-02 9.029925403732416700e-02 6.445181108855227436e-02 7.763596613367625132e-02
5.190297178353182883e-02 2.117979985110658714e-02 9.468813742150306023e-03 7.347130977141842767e-02 7.492592015735292932e-02 2.560247683910476038e-02 8.110488451749212069e-02 4.447241597196828489e-02 2.861318633746130768e-02 5.503288167191170560e-02 2.517015546655687608e-02 5.007144462806787516e-02 9.870534763200604356e-02 9.213839910572239889e-02 7.988739198242833517e-02 9.072166095367979743e-02 2.340555645077707636e-02 4.726131938583445075e-03 9.845636188393458443e-02 5.343974342283207973e-02
8.474476830993821208e-02 4.726920915666665141e-02 1.535353603752150943e-02 6.297947221428124021e-02 1.744809232036364025e-02 7.238946371472358698e-02 6.658315557238032867e-02 7.042729945662669355e-02 6.084197962675595012e-02 3.099299940670716819e-02 4.784709648037982488e-02 8.764244617145003358e-02 6.939619405408986585e-02 8.132618535290490891e-02 9.542609305202812142e-02 9.621596507527038766e-02 3.360120842436479377e-02 5.075803410484917150e-02 9.749231920522050121e-02 9.462433532473125616e-03
7.319548294156817680e-02 2.396640226897580814e-02 7.792885632781086647e-02 2.703204067209993497e-02 4.211225274702204424e-02 7.271616607892025796e-02 9.849020980145815896e-02 5.422211685830204131e-02 6.531430257504169945e-02 9.732010398928449268e-02 7.016164249393622154e-02 3.714330854123448072e-02 3.524558494116040303e-02 5.660778506004274235e-02 5.444650127775817888e-02 1.093627004418835751e-02 1.185281240573038408e-02 1.518148211316905360e-03 7.220617224365735720e-02 6.799831784749407748e-02
6.023732569864340830e-02 1.249784381366285738e-02 7.956476022998988651e-02 2.991170820273982012e-02 7.510818634009758243e-02 1.513514950466854402e-03 4.696955995499350195e-02 5.017712175370828143e-02 6.589165133346067127e-02 5.569152341701188308e-02 7.986596135593287960e-02 9.174921976051600425e-02 9.551877092095706345e-03 4.057237886194660359e-02 7.511579142064037096e-02 5.868552783502145598e-02 9.269230922524063221e-02 3.148410848954884961e-02 6.282984307139097280e-02 8.975673273138984332e-02
2.632993671588771539e-02 9.980373788766506993e-02 4.710865408509845587e-03 1.291991173086419822e-02 5.009112489219071096e-02 9.583779622843240087e-02 4.222949768685360650e-02 7.824565243537019710e-02 2.753792517240910565e-02 1.378614830097524280e-02 1.667014027635748200e-02 3.224356598756940306e-02 1.190499201570638464e-03 5.612900271278777053e-02 7.569607084977500455e-02 1.782805747409605887e-02 6.466158626193682646e-02 1.629946041569868553e-02 6.135135831836069364e-02 8.241873663552637397e-02
9.317050705148922224e-03 2.246234275699979938e-02 4.691130410313432142e-02 3.545943103495842463e-02 3.054698318123744150e-02 1.382786789823059470e-02 7.942167112498210724e-02 2.122579885436803870e-02 8.625277510779394419e-02 4.944650091859886798e-02 3.611191760913207149e-02 4.243994285629097002e-02 2.885691443204831119e-02 4.969266875921952986e-02 5.119707145122207037e-02 7.301867170000105045e-02 5.117413256298193602e-02 7.096630372551369914e-02 6.850993653775630521e-02 2.455639224463440629e-02
