2.718229561740320155e-01 9.515462581472310111e-02 1.063093165140842900e-01 8.437343092596139016e-02 7.929376635910154181e-02 4.450857549909360833e-02 1.292453525485739163e-01 7.858088873232188520e-02 1.364533082212311677e-01 1.168976399068183819e-01 1.230135003047320985e-01 1.286673694352137576e-01 1.051778279662128612e-01 8.083947341233248263e-02 8.330264371959067438e-02 1.352692071052293832e-01 1.003315163298257318e-01 7.592654836120001083e-02 8.144626326367740421e-02 4.066467809248831833e-02
9.083048078021044303e-02 7.759269707545400629e-02 7.863574606905304742e-02 1.269046363404633532e-02 2.889943820995075768e-02 8.872965254667826429e-02 9.836304707136445460e-03 1.839651166213007727e-02 4.912056511640257306e-02 4.381213401778302763e-02 8.465597432738329597e-02 2.523384877428880464e-03 6.111149289176532294e-03 3.426352799882905614e-02 1.458986591351037025e-02 7.867056811605313560e-02 4.054124304344142171e-02 7.931446854862854445e-02 5.896708978057457751e-02 4.234270535923698869e-02
1.694093041768927194e-02 9.025985190763244348e-02 3.599196695689702713e-02 4.137478745486958265e-02 6.078724903215874248e-02 8.530639400170143827e-02 5.477610375694860756e-02 2.215438782097203449e-02 1.464683217841370594e-02 7.134333160784374350e-02 2.401550591459059719e-02 1.485272167439627422e-02 2.236371162361532397e-02 6.704364491886194433e-02 6.293807435579658327e-02 2.988310736891833935e-02 4.548420445713712706e-02 5.139057878852604233e-03 2.185169619850267989e-02 2.267972274459764334e-02
6.089323104759617605e-02 7.561239877414017985e-02 6.948271785399802447e-02 7.835232008150518068e-02 5.461251659459048780e-02 9.823164619282742649e-02 8.002279531850672867e-02 5.593106945912114381e-02 2.229767522702910329e-02 3.504546991321966232e-04 5.928093544345507809e-02 5.657587724271473904e-03 3.320545162838357822e-02 2.763982902796901023e-02 5.964972328160590698e-02 7.320272098523591953e-02 6.732350398170917037e-03 9.941308820972977189e-02 5.567939949839454533e-02 7.898740387390816575e-02
7.939799804326731769e-02 6.964480775120840406e-02 7.707106825456522606e-03 4.262492125451435021e-02 3.067130989670445798e-02 2.154079163374421693e-02 6.939913550855196511e-02 2.015619657347619484e-02 1.580863386109674501e-02 8.398632581429804622e-02 8.487520191736863673e-02 1.542398404251787980e-02 7.064239407116032488e-02 3.436179327635426745e-02 9.183533070253491193e-02 5.484026122756564814e-02 5.504940972729251147e-02 4.420813060904769248e-02 5.304052156172234245e-02 9.796534432970856188e-02
1.245784875272989457e-02 7.371474890561536229e-03 3.334090862825130758e-02 7.437882400216876133e-02 5.577753537646294030e-02 1.272761252455126973e-02 7.258378173691071300e-02 4.870266203816878137e-02 8.184199972556999159e-02 1.373053895596795283e-02 7.105806424255936560e-02 8.630824538939167734e-02 4.631165411558019196e-02 3.026698916520858054e-02 8.544132237336865554e-02 4.778307359572162016e-02 4.818110697157725053e-02 7.418549203368752371e-03 6.761438468379271649e-02 1.799263199391110124e-02
3.281006861397869206e-02 1.744167168361532294e-02 9.254673356257582181e-03 4.555471995950663433e-02 9.258425838099421101e-02 9.338088259954749337e-02 6.534233828705957037e-02 2.512930458669927758e-02 8.354178566425579655e-02 3.075038750705840970e-02 6.734972422815624360e-02 6.686616972915904178e-02 7.272562880944567071e-03 7.347464991447338889e-02 6.595861934541406846e-02 3.640094007149057703e-02 3.379841964813164873e-02 9.699637426152578346e-02 6.400556882007620019e-02 9.678249874513378259e-02
5.566211752472405294e-04 6.966485365437073696e-02 9.968296151086912527e-02 1.684098042319539731e-02 1.527068405197292734e-02 4.018758463608770870e-02 8.835246707674203337e-02 7.452634950376717249e-02 3.815215737218546205e-02 3.408456504318459201e-02 2.185059929120772987e-02 4.115804428488485656e-02 5.279963135830229026e-02 6.351740878015590952e-02 9.830198593179709232e-02 6.129008584432195372e-02 1.360179617763764871e-02 9.227266077039683601e-02 7.556503387501001777e-03 1.112198646428286253e-02
1.330079154560660608e-02 4.976473771262594076e-02 7.934389504886900368e-02 6.760131933398716431e-02 5.617981823395939295e-02 6.926531258155858850e-02 4.777657037394204137e-02 9.703565767714955603e-02 3.173609406911056391e-02 2.346334870209655643e-02 7.613212178287365184e-02 5.222817812106392982e-02 8.986341278073722849e-02 3.253938299031644663e-04 6.803828805872863539e-02 8.117396625805407828e-02 5.896812048400874862e-02 6.990840084401171717e-02 7.618793036296024612e-02 8.553223822355025818e-02
9.010896285179487153e-02 1.857580904119621179e-02 4.388351855823002801e-02 3.577465999817173309e-02 9.197610058588087667e-02 8.975316940051354664e-02 2.183269719645535359e-02 8.141451483355016672e-02 4.192365389698149598e-03 8.787832376525584453e-05 1.543790818807135902e-02 7.018165456323226248e-02 2.794159157429711160e-02 2.411039328915543043e-03 3.857457569807692249e-02 4.605036142057070125e-02 6.291501031964971680e-02 9.149767636097366763e-02 8.609688138688792458e-02 6.250742297701271377e-02
6.232187661528379441e-02 4.595798826022510358e-02 5.213562130930328442e-02 2.136891767275057863e-02 7.451073578213814053e-02 9.702631753391300490e-03 8.045043362224134353e-02 3.851542391956735284e-02 5.761650197447887312e-02 1.200254282341356449e-02 9.481860661811197799e-02 8.553489218804334604e-02 5.907125417806215195e-02 7.488928300960111251e-02 7.285670621648747403e-02 8.773810138389526170e-02 3.346487065327854310e-02 6.249468356415251169e-02 8.562870566166200237e-02 1.568897165697236140e-02
4.258433258398894306e-02 9.837515128565038625e-02 8.810852888939901817e-02 1.026392084894518601e-02 1.627502479098033236e-02 8.397947502602952363e-02 3.655766959864204142e-03 7.179039814888943383e-02 5.909267399768270736e-04 5.781411247544139542e-02 7.495717608812231536e-02 8.066487375598431486e-02 8.434941218973106281e-02 2.418622570380915202e-02 7.554167509971479455e-02 1.809027386628461395e-02 9.860298584760766871e-02 7.518620138221966676e-02 5.578260892091792267e-02 4.223861728115381464e-02
9.033839916900629485e-02 3.324934687637081526e-02 9.025280288447790067e-03 7.545308433246913915e-02 5.580892677657278873e-03 4.038423753590932030e-02 7.841608191684719398e-02 1.178158144978408428e-02 8.779185416513525173e-03 2.733244618892638478e-02 4.864225300740552399e-02 1.776244634220742677e-02 6.096955862641130486e-02 1.407656093756207843e-02 9.380780517450118539e-02 7.744875282666710548e-02 1.021575020623198896e-02 5.367903168578159068e-04 1.355351165449358852e-02 8.995154040314179422e-02
7.846827502902435636e-02 5.314620246380413748e-02 5.758062024274428897e-02 3.659808293054628292e-02 9.382362403784838545e-02 2.217100980220191447e-02 1.501919478492075299e-02 5.201829640317820469e-02 8.716085808218673736e-02 9.003846733982186212e-02 3.905738085634347448e-03 7.140426456433106306e-02 3.737054364648535743e-02 7.496987719769046543e-02 9.410312095611568506e-02 5.285264370781837112e-02 5.156290503627833366e-02 9.950716425985789426e-02 3.798462772595809916e-02 5.916734837909892741e-02
1.882328575490693767e-02 7.127354626045517838e-02 9.985761907384971270e-02 1.399513331304231938e-02 5.843001394478680027e-02 8.048190712726890905e-02 9.318682619612606022e-02 9.547091193765475103e-02 3.897904249899898643e-02 7.496240644450658137e-03 2.060694269009366499e-03 8.495303070177458171e-02 3.938145888895133034e-02 2.717766039771000314e-02 2.207224776001348587e-02 2.796252398890431042e-03 1.065449948099993563e-02 8.456631279165040260e-02 5.521503343767624611e-02 9.703913001363716206e-02
7.417838702610363155e-02 9.185269739543493184e-02 7.693423686385864046e-02 4.662607657993057819e-02 1.282629326027153772e-02 9.419928707663133283e-02 6.784877203158284908e-02 4.655917088054556396e-02 5.226667593571263787e-02 3.598728958311953052e-02 3.864508805603589225e-02 8.980745141031082346e-02 5.459833395544056583e-03 5.084188841153025606e-03 5.684284608583996257e-02 7.804920401927159523e-02 3.691806079247395012e-02 3.890753262372775162e-02 2.340412636870436991e-02 8.162986005835647096e-02
9.261246074006364293e-02 2.950977434072561689e-02 3.917737642629139094e-02 7.355545962126808224e-02 1.675815541473446579e-02 7.179850970188378367e-02 7.731757155363011558e-02 5.187947547923053154e-02 8.613953145620445451e-02 2.706154953997772644e-02 3.763199863371450432e-02 7.216369708836888053e-02 3.250405178149523566e-02 6.988269235557192927e-02 9.552207242550776745e-02 4.080576559237508727e-02 3.325108008878984583e-02 2.593987434102485150e-03 8.145798266000849053e-02 3.540964817431768719e-03
6.352307327760219058e-02 5.811067530587538110e-02 9.097269948938169204e-03 5.346257476398835751e-02 4.378470704113601730e-02 1.251083785391478125e-02 4.022798151911364389e-02 7.668789205582182689e-02 4.559771970501983601e-02 6.746287744893609151e-04 5.981385379242540323e-02 8.679092226389290010e-02 1.402703257625290828e-02 6.463992234117270363e-02 2.707345992450391897e-02 5.966310367585792029e-02 2.849408986463166857e-02 6.084257010826914919e-02 5.173744824997830727e-02 9.815783133191331722e-02
1.561717215088976977e-02 4.711445827250812513e-02 5.413682897038150227e-02 4.789504254993137006e-02 5.741574055323037801e-02 4.264569926805820282e-02 9.162723290150730227e-02 3.960230992888384011e-02 8.733710995312943259e-02 2.314734266413816244e-02 9.872519778793630019e-02 8.015943964706087610e-02 4.291050733032330394e-02 8.644857725576544916e-02 2.616589346588452797e-02 2.695394100505934740e-02 7.254455812704907469e-02 6.501471492361213245e-02 3.774437876802652636e-02 2.009149019259937052e-02
8.071368732010282543e-02 2.500616513243322445e-02 2.582431428570904075e-02 3.594818803428402598e-02 6.506947834177125023e-02 3.561264274833141757e-02 1.663022340025627210e-02 4.950508481852614051e-02 2.678763370833914595e-03 2.963707484587197079e-03 9.727826330957896339e-02 8.870444100356457418e-02 1.091675902913291727e-03 3.667746127146454330e-03 7.941635062916672927e-02 7.718641392889287467e-02 3.178079051450083403e-02 3.999656683718260525e-02 3.166074443427507185e-02 8.217829180612022666e-02
