1.673005097190752577e-01 1.020190527535786151e-01 4.217874579710046562e-02 9.661263018747949516e-02 6.672401313441495008e-02 6.386443503023923884e-02 1.010634355147510544e-01 1.333617796485706344e-02 7.225451842759963994e-02 5.952787938268423035e-02 6.889663417738461915e-02 9.598193575822695778e-02 7.734619202211216737e-02 8.512040196864484320e-02 5.261178874751738788e-02 1.191554674686922943e-01 7.474818157771452587e-02 7.984726126885238751e-02 1.363971986917971169e-01 5.716716256495218973e-02
6.834821884914657475e-02 7.460997754581259744e-02 8.219479474630424221e-02 3.977103917068452316e-02 2.116016611010381951e-02 9.909665410500659299e-02 6.107825300231781163e-02 8.374123587985027317e-02 5.463502727920430124e-02 6.048526725709836571e-02 2.803301917692399212e-02 8.011121376546258277e-02 2.441772753353807154e-02 9.250588122649944234e-02 5.610553598468557418e-02 1.159618198189001949e-02 6.901471651410039099e-02 2.508977255766273867e-02 2.436689866878183515e-03 4.852436055680319632e-02
4.789655045573204539e-02 4.025566943422273503e-02 7.655831657025882753e-02 7.265415478547832331e-03 3.680183182698204720e-03 1.004998669997005968e-02 1.311537704402659932e-02 6.823562893759356485e-02 7.844175258457483646e-02 2.581807772042836804e-02 1.088665448560710656e-03 4.826371764692703042e-02 2.398144017135087763e-02 6.683240891673459041e-03 5.829618165108840788e-02 2.867562606795024532e-02 6.281415957504593583e-02 7.972398053032021814e-02 4.999376639663925120e-02 4.572335719916714725e-02
9.337397627919531706e-02 4.694752014766458148e-02 3.196025731517198459e-02 9.170754468312289354e-02 3.055923666974236230e-02 9.333239912458174414e-02 9.966966088389506498e-03 3.483208061617442536e-02 2.161971271035234565e-03 8.935260197877315652e-03 2.646576338251384330e-02 7.475595018283291704e-02 7.714956477814637059e-02 2.628073401448830643e-02 2.397569864581219554e-02 8.025368114659851837e-02 8.067718295589998423e-02 2.596341569346753003e-02 7.381855957084693109e-02 5.613991053890769051e-02
3.914847049672015578e-02 5.887656162231480472e-02 3.625507268750138151e-02 3.550945641237700928e-02 5.967382767681747580e-02 5.463373063035556476e-02 5.000127661487054065e-02 4.257197062526593689e-02 7.759161812226078592e-03 1.280622472838459716e-02 7.126181206982790117e-02 2.716389718596331701e-02 6.387424911933330118e-02 4.340798503717355900e-02 8.577576526690937342e-02 3.046170928795364358e-02 5.738580086613032788e-03 9.878967139588229474e-02 3.058560131573053939e-02 4.723296436913940882e-02
1.992537934569130892e-02 7.285282217441722830e-02 1.983465034167884028e-02 9.362666778346185638e-04 9.782861598685595184e-02 2.894970764080670098e-02 4.003113276967307232e-02 5.500462442512880218e-02 3.765485913451935979e-02 8.227651881601513728e-02 1.957019691326047570e-02 2.037992505896933995e-02 5.132296732531193423e-02 3.141447699247767317e-02 5.736238437583571215e-02 7.533729142537151646e-02 3.063468330808283291e-02 7.466953934407083437e-02 5.786214567309164170e-02 9.920573719078984443e-02
7.310350972977459894e-02 5.359253392641780134e-02 1.046999503907790688e-02 1.653529466790767607e-02 9.510445173123095036e-03 3.408290850628026281e-02 6.286250392923381503e-02 6.622502598780259653e-02 4.885804547512431761e-02 9.631645485782812377e-02 9.314687331261568837e-02 3.061087059305958244e-02 2.224624911909775168e-02 2.865126410171503490e-02 5.619312757324850666e-02 9.394245339502660386e-02 3.701288161677962485e-02 8.825766735484341652e-02 3.387076512786179466e-02 4.515913482886163566e-02
4.827307653266393189e-02 9.315349970431571758e-02 2.626372429559879068e-02 7.819052492005090782e-02 2.041452064443760595e-02 4.683383263942203500e-02 6.728515086389867672e-02 8.841161891437362974e-02 4.313591488173651456e-02 7.576265713519826639e-02 3.977799805210857631e-02 9.279615774186827926e-02 1.877459615049902400e-02 6.253353369352589175e-02 4.537936673177123646e-03 2.270643649095896097e-02 4.295673871008301448e-02 6.249816120651339318e-02 9.069410961122782722e-02 8.256505954869090835e-02
4.447937363653235027e-02 8.434088774817395662e-02 4.933989426100793274e-04 6.728608730161791951e-02 8.051017163244839070e-02 3.636725885417615295e-02 7.227351990184260888e-03 4.512500390276980022e-02 5.936260663817685690e-02 5.743822935093501059e-02 5.237483670247083251e-02 6.855170852505863832e-02 5.780214495572522093e-02 5.142714616718851300e-02 5.573258701862449094e-02 4.235872091839968517e-02 5.878979238923196654e-02 7.240553843535756096e-02 1.033869763482339089e-02 1.749993948853017026e-02
9.634046299244219957e-02 7.572722226603249840e-02 7.685738335777320129e-02 2.333686868979917284e-02 6.077133154167899121e-02 8.686697482482275134e-02 5.271500343209466893e-02 8.837408112129996329e-02 1.657799001435858108e-02 5.429319255556174645e-02 2.172031923044843993e-02 5.232635529693210885e-02 6.574565269555664171e-02 9.376228170579813115e-02 1.146980166318041332e-02 5.676700578706794786e-02 7.766581213902531977e-02 6.518098007847571151e-02 9.599263352273848526e-02 3.166323433319251542e-03
3.973375676299150533e-02 1.781185527010740316e-02 8.166616690818437330e-02 1.391328070024826571e-02 2.544578332519313937e-02 1.680736126793385202e-02 1.615721900601695474e-02 7.862095345772893151e-02 6.757177033756850415e-02 8.430305711709384919e-02 3.958213947257804670e-03 7.230096369918494192e-02 9.082669680195810946e-02 2.767526424036722763e-02 2.702156602791048329e-02 5.570840192752535801e-03 9.592530524913331358e-02 4.131551576007175264e-02 9.885985623621409979e-02 2.611782720802439256e-02
1.988661856314195842e-02 2.803058326526934943e-02 2.615135806594245590e-02 5.127872622366309863e-02 5.651581450808604301e-02 6.196793735289635174e-02 8.981443750244257063e-02 9.798742734712539981e-03 4.778314152653176383e-02 5.696360753385878994e-02 5.316543232666673391e-02 7.419255716615133500e-02 2.990576433375462598e-02 2.281071503617268167e-02 8.121272179365095212e-02 1.420090671756066986e-02 5.325302727820683396e-02 4.300756619557685734e-02 9.993313547511545325e-02 8.479817833294467366e-02
6.509194977391245807e-02 8.710204380076519426e-02 3.567193331938815076e-02 9.982108541395796897e-02 9.263268233771493332e-02 5.781864777660489230e-02 4.599429158308637050e-02 6.646057026114772504e-02 8.098655926005704497e-02 1.791301714386666147e-02 9.782087221333155003e-02 4.303741809289000214e-02 4.969589784464770871e-02 7.036765202922128093e-02 3.120831361724274444e-02 3.161832358186644071e-02 2.114359984896463374e-02 8.096243968208410857e-02 6.862052439623279876e-02 6.443389493265487544e-02
1.354493669888478038e-02 5.467155133173352832e-02 6.699477100052511624e-02 4.776788816751840333e-02 1.976346756677549530e-03 6.108352242875812049e-02 3.477455572552005242e-02 7.271233580112175521e-02 8.123322407531494149e-02 9.143741104762148630e-02 7.555961012883471994e-03 5.308589216565719193e-02 9.446223299815569019e-02 2.304684426737081682e-02 5.995773514039274416e-02 9.487423154589591512e-02 3.243322380391633342e-02 4.688423593331603190e-03 6.941907431514325599e-02 3.782755730381878734e-02
4.182706925422245009e-02 8.582851342510816606e-02 2.688659021777580968e-02 4.677889349312204514e-02 7.133387379818993679e-02 7.146731740999498483e-02 4.333248043911808699e-03 3.701349526510445964e-02 5.246867797015854207e-02 1.803489427319573610e-02 7.274990557858045104e-02 7.440749641403897330e-02 3.828702532832371080e-02 4.213777506298413411e-02 1.871953449063934460e-03 2.018000773950945348e-02 2.809683745959579149e-04 1.984433954713156478e-02 3.997672524645617953e-02 7.651660078607167015e-02
7.520683716195181168e-02 6.755662642298271292e-02 4.919579285345588183e-04 2.081985016933485168e-03 9.754875093575732237e-02 7.756392991959459859e-03 3.540031009349051822e-02 9.564427193932288629e-02 2.635120923477785038e-02 8.708942844767958436e-02 8.275952629644600655e-02 3.748861606369298383e-02 9.170983696615410408e-02 6.601272605139629768e-02 6.500117329285361178e-02 2.869424098990939337e-02 3.916905240696973156e-02 8.568586123711369185e-02 6.119506359328796830e-02 8.244580244235853728e-02
4.555747084080831455e-02 2.457219866154433316e-02 7.700651737849766032e-02 5.986280413262734523e-02 9.064472583095693758e-02 1.720505083503692800e-02 6.489909873305459154e-02 4.210708274101127024e-02 7.374561670524897028e-02 3.534761066001481516e-02 1.832358220970260396e-02 7.528011054717916040e-02 6.774225090766299029e-02 7.378904754971216118e-03 6.847636270738444164e-02 2.492743399515096048e-02 9.504543576414091477e-02 8.264517347496720678e-02 7.614651868307702187e-02 1.231927024231904743e-03
5.606194671072672886e-02 4.414314517925278791e-02 5.947336017171250128e-02 4.616762333047214062e-02 1.642443709061659415e-02 2.206794672256137332e-02 5.614803069053680290e-02 8.292898538034051970e-02 8.681361356078765718e-03 5.364079527038189549e-02 7.789309580208936268e-02 4.812600576274467246e-02 7.934452917171422315e-02 4.797401527230357732e-02 5.581128565102692202e-02 9.387947572924860984e-02 4.305614219322242975e-02 1.873603014971365541e-02 4.961422623410838631e-03 5.142052808405452036e-02
9.907600599955629361e-02 5.347860088136668910e-02 2.399134035280971189e-02 9.264936910503171474e-02 8.919635379928415528e-03 9.944610818724215762e-02 6.008510037514602775e-02 4.424401296634118685e-02 9.632015119451303731e-02 6.444525942964500487e-02 6.488347091588332616e-02 8.473148169166765109e-02 9.757365884282431789e-02 5.555851637713177249e-02 1.493691203223939182e-02 1.018787067499975565e-02 9.088983141265795374e-02 6.672147876729640076e-03 6.675968231630829974e-02 3.864491193381920653e-02
7.320441696308455787e-03 4.941612134159190095e-02 9.879171870737329941e-02 5.389825197831485393e-02 8.013497390354301642e-02 6.500378440660904700e-02 1.380109002719280900e-02 3.109930019827198550e-02 1.318491548648180814e-02 4.757781949677560018e-02 8.050296804017537111e-02 5.155555709255458391e-02 2.387301774963270992e-02 8.237162928010577584e-04 2.918152859047289452e-02 7.855485276142669393e-02 1.393100954825965410e-02 9.544350984193793186e-02 2.087430860982722111e-02 8.396170054139545647e-02
