3.328862317324561837e-01 8.780999968037631054e-02 5.785648919287836311e-02 1.767958662433084527e-01 1.881455511733488503e-02 9.645256442058275370e-02 8.144309479784297978e-02 1.119608400818634664e-01 6.246084078974652870e-02 5.768814610847795149e-02 9.816899637503978537e-02 9.490248562347228245e-02 4.905570923139017381e-02 1.643808837169384307e-01 1.162302589347613269e-01 3.690687942006618677e-02 8.608519997006092161e-02 9.172203322599255249e-02 3.671174193224564786e-02 9.125782831928065664e-02
5.953011440822045253e-02 2.936737386982548464e-02 3.042854995346649591e-02 7.677240649774677572e-02 1.608198187354299008e-02 4.789426448099847605e-02 3.109620559366340492e-02 3.840235000379331465e-02 4.882077741679499705e-02 6.676432730098845469e-02 8.179225603132470046e-02 9.190432044529620037e-02 7.570357882702684338e-02 2.586364946248170121e-02 1.367060053262696834e-02 9.453001185204040757e-02 1.288236464501773051e-02 1.544263551894550085e-02 1.043996962102234083e-01 8.159835681186387857e-02
5.764540930122764861e-02 1.071603911427436440e-01 4.591485448826211624e-02 3.044771740632734591e-02 6.463444835301329627e-02 1.683688432100165569e-02 3.961610078539121171e-02 7.407914909929026737e-02 1.054061609077664441e-01 1.017947739119543088e-01 5.539272732671644307e-03 4.939522244407491131e-02 5.598715827278224338e-02 1.787452862099904189e-03 3.111074842737699200e-03 5.949568568198689705e-02 7.879816158617626576e-02 3.899395649329965609e-03 4.706969212908768130e-02 8.127144520208474943e-02
8.267859809085141565e-02 6.675235498578194204e-02 3.634967334092933933e-02 7.907635495370091139e-02 2.408012635420359038e-02 8.142828504170122883e-02 4.793896362817703927e-02 9.474367743326023161e-02 9.307732439545525482e-02 3.336727040510056169e-02 5.828089947215347316e-02 7.886920074132167113e-02 7.031784586666545156e-02 9.292519382220021384e-02 6.538581903260543005e-02 8.922043877978697718e-03 7.767986585198670413e-02 8.369364845010825171e-02 5.005093342546029084e-02 7.600503783093234822e-02
3.505553431007647769e-02 3.325681779588896686e-02 5.474769406203159466e-02 9.085958433137603096e-02 1.357444885243653566e-02 2.304320790216601508e-02 3.106093887580480689e-02 3.118004632093602374e-02 2.608631019241092544e-02 4.740289684689530381e-02 4.038522051493286663e-02 1.385209837632680324e-02 5.113124993787315081e-02 6.969424585712476194e-02 1.196118972104744278e-02 5.294321982356044870e-02 8.889736925666134881e-02 7.267554527756857341e-02 4.174591776916022901e-02 3.431361319265897880e-02
1.237745180231097572e-02 7.030713764843996016e-02 5.907372857028033580e-02 4.679984465549225092e-02 7.363429710946661766e-02 7.686891144970016410e-02 7.198663324469170566e-02 4.298615730968933374e-02 1.432201590435419440e-02 4.389897728400316695e-02 9.565002134722022653e-02 3.686208523257980540e-02 3.827900721712653581e-03 8.544883133293815214e-02 2.934043329502007691e-02 1.132604148271336431e-02 8.027618729912473772e-02 1.000252444306757998e-01 1.132613038883161297e-02 8.703294894777607871e-02
7.363701127556900039e-02 5.614736853104755621e-02 2.291350600965238668e-02 1.456907994472881988e-02 2.688216547117138963e-02 7.176757438002272227e-02 9.497563332556972077e-03 7.499560267762526988e-02 4.343795315633269816e-02 8.323612796121886148e-02 9.702423351345589031e-02 3.997513129777831992e-02 4.155859860129956090e-02 7.352661270497969082e-02 6.172920387618643229e-02 6.397582019445027801e-02 6.550623711667528937e-02 7.187547910526932704e-02 1.048783118621727517e-01 7.149193127990084717e-02
2.675343730816624743e-02 7.809053325854205252e-02 1.233422094262089531e-03 4.984042099965155931e-02 3.701496190690893584e-02 5.824653514128452780e-02 8.616660674625259420e-02 4.838016239257267315e-02 5.804117435852149814e-02 3.546619514146309021e-02 9.653737931124820038e-02 8.405985042688393638e-02 8.013646305086569166e-02 3.146937437075530281e-02 7.720914829691137571e-02 5.743301229761386961e-02 1.002863220512065640e-01 2.691073520564860738e-02 5.450459016419161723e-02 9.490748035920958114e-02
1.042920456436690069e-01 3.402863665749071564e-02 1.207093143504203020e-02 6.180330227870205889e-02 1.010798221544220374e-02 8.923219518423061020e-03 1.076160467497102730e-01 8.153572050735349505e-03 3.366379109142979276e-02 4.937260168147684924e-02 1.522306178924724175e-02 6.813922147711966304e-02 5.133067225295979280e-02 1.022282920126671019e-01 1.685780069800451794e-02 7.133068284694121797e-02 1.788586352546014512e-03 1.626063673271066143e-02 1.004375289964094531e-01 1.419367582607123507e-02
7.610276087837762604e-02 7.779801567387931160e-02 4.891746838165150768e-03 5.673714034528815064e-02 1.494311032141078417e-02 3.695289560792986740e-04 1.024292544086385093e-01 1.025747024336331054e-01 4.095512447938032957e-02 8.295927864174018618e-02 3.475690500328044996e-02 8.492723586960421178e-02 4.659353529197024502e-02 1.730781310717300833e-02 1.070005170655202731e-02 1.631941622877124826e-02 8.863127205500423433e-02 5.656054852189395382e-02 7.368025691886470607e-02 3.681541958874923019e-04
4.853826476977979310e-02 1.410571404648837748e-02 4.241563174501759848e-02 2.528861080503267116e-03 5.626864702267567186e-02 7.277832161701541791e-02 1.006744156094002349e-02 1.863022066880427180e-02 4.711569604281826487e-03 3.375820424393393554e-02 7.063776908834618062e-02 2.599708553215619635e-03 8.106536550417768605e-02 3.074680025927729529e-02 2.760469364483120192e-02 3.683743807255702302e-02 4.528549676634935350e-02 3.743709793078592307e-02 1.977818433591866168e-02 4.622700754879708468e-02
5.488948737057660482e-02 2.524399570823490646e-02 5.843235605672051497e-02 6.998819251103421957e-02 7.677813646306581863e-02 3.196537218137147224e-02 3.854472428280868862e-02 2.279416135111959202e-02 4.398224710397927867e-02 1.903920382237292430e-02 1.054134311363149196e-01 7.687938787244534555e-02 7.150473639081160460e-02 6.845411129793047000e-02 2.694711704714205375e-02 4.135413969977228682e-02 2.810077263976138578e-02 2.831884423716254928e-02 1.298788131864586810e-02 6.708648973844510977e-02
4.380604626503705433e-03 3.204401122161628507e-02 9.890409219193038726e-02 1.353718314081993682e-02 8.005666650908364879e-02 9.011720813194928903e-02 6.947119866168326163e-02 2.461070383246432083e-02 4.583062764757432454e-03 4.353702961735871763e-02 1.823469097981131326e-02 9.085349244754205994e-03 2.660835753369063597e-02 1.043622360649938408e-01 9.363990735730054471e-02 7.769530098273837171e-02 9.315272451925828145e-02 5.137169016505064439e-02 2.937487436496101154e-02 6.078904155654328567e-02
4.218614931903619941e-02 7.616845314786355181e-02 5.753038430098114664e-02 6.478643029059498459e-02 9.474400686283671047e-02 1.861429247967290659e-02 3.266812954819857395e-02 5.670324007433737851e-02 4.764346014073593538e-02 1.006500096166430824e-01 3.342656626153586719e-02 4.537590194329588905e-02 5.963629324428730560e-02 2.733844342375544439e-02 2.956423896896753778e-02 1.358905575895084754e-02 5.441978246434754640e-03 2.473505903899049160e-02 6.330908185788872156e-02 2.736455402487362673e-02
4.651234754005271338e-02 8.985301774894569743e-03 4.750194847436090689e-02 2.080642415885752827e-02 7.541366595666425254e-02 5.411891803772091170e-02 8.940342504923837197e-02 8.577467250926232301e-02 6.355756232533417427e-02 1.054514309681467421e-01 1.047231833174269156e-01 1.062179868355915408e-01 4.741711177167621388e-02 3.743883789584626781e-02 9.486022450219418201e-02 2.136121575320271485e-02 7.702774160701676698e-02 4.139712014365077436e-02 7.020081103437564307e-02 2.782480851536068070e-02
2.133675429610295063e-03 7.111821475490730238e-02 3.415728807723170113e-02 1.060092626131747401e-01 9.783071607805800263e-02 3.626334028063132875e-02 8.396776628682335597e-02 4.093900581432195762e-02 1.738947521928912998e-02 4.701364554911634935e-02 6.456887228507038334e-02 7.897437255104274717e-03 8.163311467738132432e-02 1.643047529136099430e-02 1.300279790101310437e-03 8.231775700475182922e-02 8.536404518403449548e-02 9.531925639379761062e-02 7.156658737303522866e-02 1.530937886797255646e-03
1.033287502801691488e-01 5.469311069407870214e-03 8.546914199735297646e-02 2.632673679519531573e-02 3.158288314098037924e-02 9.085061264587755703e-02 6.412468975244983715e-02 2.374652848068966107e-02 9.949366763075265241e-02 4.475004936974589370e-02 3.818102928501770910e-02 1.283969688990821943e-02 6.980192976437400720e-02 7.915692044264335814e-02 5.311981503056649456e-02 4.712914028372313519e-02 4.528082810516212420e-02 9.681553554656693872e-02 8.695531861318651912e-02 9.728681151286328044e-02
4.614026976275040909e-02 7.554859808977065772e-02 2.383710063598180190e-02 9.067240980964663688e-02 3.968666793492402894e-02 9.687926092289823876e-02 7.766693574926046562e-02 9.217295721977006306e-02 6.941147634506640574e-02 6.583869459595305396e-02 4.674812317215066432e-02 2.485372984238688743e-02 4.120918967511955425e-03 7.583690867131533120e-02 4.437218299007911031e-03 5.320492462720092380e-02 7.843655866173084024e-02 2.149852683380131663e-02 8.388810626477548327e-02 1.005181412946741168e-02
7.040256056788614554e-03 5.894134125335293711e-02 5.907955440298142541e-02 3.880569382149051672e-02 1.850829058040285441e-02 4.172624138826493134e-02 6.315648356025088672e-02 4.252489056483828994e-02 9.846893621235264238e-02 1.197984578248662002e-02 5.736294757153975743e-02 3.201194285587121574e-02 5.987055994689915311e-02 9.871558608378604160e-02 3.885724169860522992e-02 9.157729630557230605e-02 8.409592769445775606e-02 2.248564324055464872e-02 3.339347260544306417e-02 5.964624969461528037e-02
1.039189865113828021e-01 8.589075671905865850e-02 6.766662879051255075e-02 3.833893626637894375e-02 9.019592062078309047e-02 5.517530460037013695e-02 4.291945094085191509e-02 4.491037277509748321e-02 8.761806787395461094e-02 7.617867139027124923e-02 2.448433390532306353e-02 6.194908045125029072e-02 3.861702715695151250e-02 1.054689040814367346e-01 2.431277008901573666e-02 1.057257457405994111e-01 3.352618012142200704e-02 7.679581705192865815e-02 3.530596786901210593e-02 1.007450877549696117e-02
