2.998544759442771102e-01 1.021316646549867702e-01 7.464363851710212328e-02 7.853392838238811013e-02 1.049712955816129931e-02 8.993734558720137273e-02 1.142507025397790088e-01 9.532738640543014785e-02 7.979700224482455528e-02 1.312910768384567550e-02 2.367536533146727754e-02 4.523158320547344957e-02 6.086569088999296134e-02 8.463077850405384406e-02 1.354612954019273063e-01 1.128258780791049076e-01 9.143708506593289931e-02 1.408615208897217586e-01 7.003481488155494095e-02 8.249309196995105453e-02
7.363192745669394634e-02 9.670224834969587402e-02 5.575854893099346093e-02 4.780535207398881048e-02 1.464041989354021404e-02 7.380147845707815679e-02 4.524222444247804481e-02 7.636396833078409885e-02 3.421418494695710466e-02 9.195083959229621851e-02 1.998262947346229890e-02 1.771613012309589813e-02 4.985253760661585709e-02 3.753530827081539428e-02 7.807550353783976327e-02 2.391028795986174446e-02 5.420530609431001290e-02 2.253519607678910932e-03 8.848074067957632793e-02 8.636925876867296292e-02
4.154934778769785869e-02 7.885088934516537584e-02 2.349438463766436933e-02 8.805963749525638762e-02 7.992649987180190652e-02 7.155789608412377843e-03 1.276567251494755730e-02 5.316630015892198635e-02 2.399958601038143716e-05 6.144724333265563776e-02 5.875123748636995602e-02 8.077481867810581972e-02 3.850823417510904068e-02 3.963191319314371408e-02 3.381780917207490023e-02 3.144156387644197331e-02 4.490134374938201806e-02 1.194175096112246731e-02 9.811686483545352389e-02 6.217998044292862014e-02
3.577730657582513241e-02 9.017816449730831074e-02 1.157422271301884568e-02 3.656118630097859867e-02 8.739519179997756737e-02 3.015190977956603430e-02 4.508738010170350308e-02 2.522529865755525347e-02 8.760817795623342119e-02 9.180331919373357907e-02 7.531392582932586177e-02 3.438057036607735512e-02 4.242935734147951221e-02 9.255381218683932099e-02 4.465426574741348381e-02 6.980688431058963694e-02 4.711963559698010423e-02 1.791687406639273089e-02 8.148038773089429088e-02 8.368998722142519109e-02
1.589430164635704731e-02 3.407948316993319321e-02 1.533686711079984642e-03 1.593932425519151153e-02 1.910898931652075389e-02 1.670618099611441768e-02 2.676781576609365068e-02 3.727729420792913473e-03 5.237813693189046632e-02 2.640181815237342688e-02 1.032929255891144177e-02 5.385374673242920157e-02 6.960268548986851822e-02 6.012827555250332967e-02 8.686752903808159232e-03 3.305104306608926124e-02 2.931161513726180529e-02 7.694670238427372966e-02 7.033320963649782043e-02 9.598595473802595812e-02
4.161358080563910822e-02 3.272410911608454598e-02 8.235417285498614418e-03 3.379076260479716570e-02 6.285345098277364539e-02 8.724259989888744071e-02 3.385031918009153568e-02 9.369537741670429243e-02 5.747322043857704815e-02 6.230104487971824256e-02 6.073473215281038201e-02 7.672705507108928957e-02 9.209371857132454472e-03 4.949124654741521301e-02 8.405108985927788046e-02 4.090263050618173080e-02 5.404449393298991350e-02 1.505669812787534603e-02 8.134726577326167885e-02 6.204388677994685658e-02
1.757194256830504550e-02 9.979850671923332084e-02 8.411625499241508208e-02 3.246345598863403792e-02 3.311096683402552782e-02 7.365080320335805342e-02 6.072884710080495019e-03 2.864336510963450249e-03 4.463929176050053516e-02 5.025455725872787771e-02 8.702997740033306673e-02 1.725747526614260924e-02 3.489016446598482146e-02 9.246648598938152219e-02 9.499291229103079548e-02 9.043496212888656183e-02 1.373711879659260740e-02 5.490460860123467374e-02 8.106648112311293231e-02 1.017874956848352524e-04
1.939138496107004755e-02 8.290422576323547288e-02 1.789846336881494374e-02 5.152144629122289848e-02 7.798706809759575753e-02 2.944476499769248592e-02 2.841261635971421839e-02 8.146358758031323199e-02 4.315549909253545841e-02 9.044968335662308123e-02 8.213757511281317980e-02 7.601184149094267206e-02 9.873271489928385491e-02 9.974375793406187185e-02 5.239799841201228658e-02 9.332466506738255896e-02 7.960304322208539007e-02 1.461376797209558258e-02 2.099568983788033943e-02 2.354160742520703536e-02
6.201300990917024691e-02 4.942742944714967335e-02 4.177146283231108342e-02 3.513538969075479662e-02 6.764450185771701818e-02 2.259485397651848221e-02 1.128525251620478113e-02 6.615415119757984269e-03 2.687785910263650394e-02 2.574538372337280626e-02 3.738847361968542643e-02 1.863753042029735532e-02 7.045211020146097125e-02 1.492810975983183130e-02 2.080305783404705691e-02 6.492963756618992666e-02 9.489603979585665983e-02 3.935126356837360950e-02 6.044116114575657367e-02 2.331771366312418436e-02
4.991648884841760891e-02 6.295159671818906233e-02 5.978670616056236571e-03 5.642911862865534339e-02 9.608754136188123185e-02 7.827119124117821493e-04 8.188695664119022277e-02 7.097658783786940651e-02 5.559562134269555728e-02 9.969990533863345994e-02 8.891369805062887544e-03 7.621719944162978766e-02 7.074338276403244197e-02 6.005464176042023955e-02 3.178477980684055876e-02 8.942804235349555153e-02 8.759587236111232578e-02 3.447279793944015708e-02 3.028155726452592955e-02 5.190589188392081242e-03
2.764668896110482679e-02 6.462244809415400304e-02 8.767017095314832975e-02 2.012213538977002461e-02 6.338567904540204703e-03 5.138256473662804885e-02 2.617011940419611271e-02 3.975584200226545302e-03 6.924688952199491154e-02 7.184187078179865571e-02 6.041981276837468662e-02 6.711111875637314206e-02 1.581078556362853701e-02 6.027081619516203026e-02 7.499912894564197963e-03 2.841706652813137668e-02 6.286529989214682812e-02 9.766753456348323259e-02 7.656277482987236538e-02 5.095576481504102140e-02
8.035937014952859725e-02 4.080659450518464917e-03 3.594758140508035743e-02 5.360596871162992896e-03 7.361705993153698502e-02 2.415305969504234762e-02 1.978806524548573295e-02 3.416283786271833572e-02 3.248496400008937801e-02 6.507030205436969972e-03 1.192853096494985755e-02 8.412802594161039593e-02 9.356561851155670295e-02 4.851803886422537820e-02 7.786593470493652358e-02 2.057846767919446675e-03 2.628247101878380607e-02 5.870899743497782174e-03 2.739166113577903502e-02 6.852110861123308916e-02
6.298556172033557832e-02 8.148983865265596593e-02 8.711816172617681264e-02 5.369835067123808481e-02 4.524067941692755564e-03 4.957774546806881233e-02 2.811149490589203229e-02 4.303126886412127899e-02 7.000673322615384719e-02 4.659426150146073198e-02 6.889993707662017686e-02 7.199978021359103308e-02 4.770068595381949175e-03 6.130247456626870123e-03 4.568216796263081803e-02 2.799083697476330290e-02 9.582627540911892172e-02 5.542516659852805838e-02 7.984455202880619273e-02 8.338570112186723116e-02
8.901102283978161445e-02 8.868507244813980672e-02 4.306376463240947638e-02 6.711522167608582889e-02 2.217366302874011069e-02 4.010668562108994639e-02 8.247227856313110728e-02 7.221887988066987007e-02 4.513163649773511976e-02 8.408486978622459196e-02 2.087766133325930171e-03 8.762172458046044166e-02 4.815369528732069138e-02 5.878167600588238978e-02 1.168420444688693730e-02 4.466437185405569554e-03 7.796520355960860627e-02 1.163915907888522089e-02 7.287280670567367058e-02 7.943920182201673341e-02
1.802669407648126512e-02 5.148864854251066631e-02 5.297455244157905224e-02 4.722095708483362020e-02 9.627664648604782049e-02 8.914125254927793285e-02 4.817157521623926381e-02 4.662989791300124059e-02 5.436680048678913663e-02 1.749808868847912979e-02 1.924316507963077724e-02 7.916075373918663241e-03 9.050552651410696814e-02 1.687645967844743009e-02 4.018765344251828964e-03 9.792085444555541363e-02 9.914905644551136321e-02 6.943454395675088819e-02 5.384574528998706949e-02 4.641879833705536695e-02
1.133106158393002577e-02 5.096402653730004728e-02 4.611475432808474079e-02 5.691207752445823914e-02 5.653432645384903060e-02 4.852913176485681990e-02 7.440524895773741043e-02 9.696672846776011045e-02 9.206035619906256795e-02 7.490584846717097262e-03 1.768042211150899767e-02 1.295241465097860672e-02 8.969266025993051505e-02 2.720710429728899829e-02 2.712026645658670646e-02 9.138243259581606270e-02 4.032014103186021270e-02 6.454414130085621426e-02 1.306286404505695511e-02 2.575975670771792070e-02
3.736327583091552523e-02 3.607140614899602415e-02 7.653639523119349329e-03 6.593663620154222721e-03 6.068916025088900296e-03 5.865712009604489435e-02 8.992728487736267873e-02 9.021956042780222102e-04 1.790319662046224725e-02 5.639433412019792535e-02 1.843115392704478689e-02 2.640851198411479223e-02 2.650443185902971038e-02 8.565209645132815242e-02 4.876395082612938053e-02 6.548452406254554048e-02 8.406795935150625232e-02 9.315316018148860067e-02 6.356041337788073675e-02 8.530484276003588717e-02
7.539258310853873268e-02 3.684504601576850391e-02 6.541567292908370690e-02 6.539162494688338656e-02 9.137977575919831175e-02 9.882564669611731967e-02 5.388757079924290372e-02 4.636649379806874471e-02 3.859207381972410561e-02 8.273646123020778065e-02 1.514507999232942576e-02 4.176553681612554109e-02 3.208390814960668941e-02 5.330858955001919336e-02 2.644101648124896897e-03 4.259191887332961640e-02 6.910400722658592565e-02 8.397650265406146619e-02 6.553372421861414741e-03 7.984628879071786409e-03
3.150956722958517947e-02 8.864316745088791916e-02 6.046415194901394452e-02 4.248274178200284299e-04 2.295897568085702913e-03 2.573195463129294286e-02 9.579974425195075804e-02 3.842816136562519219e-02 5.305474631028387483e-02 6.296285333324393163e-02 5.715048839521603974e-02 6.340390126871846277e-02 4.307668389486926652e-02 3.006001570616603433e-02 1.221531402111639825e-02 3.303717236588834399e-02 6.433513692258664707e-02 9.363736588498076940e-02 6.876650727333886992e-02 3.475767729674074380e-02
2.767970024666428774e-02 9.719522428501482791e-02 5.085838690433974046e-02 6.225934694534529523e-02 5.575036850853809511e-03 3.583609493391081563e-02 6.946332909752477025e-02 5.130317906366624325e-02 9.949350007493269754e-02 2.673914606909388956e-03 9.853165414127201815e-02 2.437037871283975927e-03 6.574130551337176165e-02 9.331263314270196729e-02 7.525530532772677084e-02 3.773847104084886855e-02 4.887317536995641754e-02 8.726407067157596065e-02 3.286576610770837459e-02 9.713800036781972125e-02
