2.366688602096650440e-01 7.481256743910814910e-02 2.649545651439648777e-02 1.275487354350383351e-01 1.366702107406878863e-01 1.049904948668381049e-01 8.049494679769317318e-02 4.167075554443884500e-02 9.471783606342583373e-02 1.446893551467908212e-01 3.945669015680484254e-02 3.474622994648920993e-02 6.142722030292192825e-02 6.940034045126917961e-02 1.107399392154080620e-01 7.010407967446113942e-02 8.480167658435956712e-02 1.450793256945904497e-01 5.951746397740520500e-02 7.826326570749915501e-02
3.568902454214784026e-02 1.006073525095656576e-02 7.037228480486081017e-02 4.786790466020463507e-03 3.131829327433519744e-02 5.298833313888678259e-02 1.274648884895780536e-02 6.681122464956740226e-02 9.844051615480169104e-02 6.270846321094251941e-02 3.922642833392778888e-02 3.175370061232001689e-02 3.261225315648167561e-02 3.863100075897773350e-02 8.390613425531971703e-02 1.475454096721972100e-02 6.921094144904764434e-02 2.075930871081010931e-02 6.181247157474802079e-02 9.211239948873702066e-02
8.299779345452362733e-02 1.153346414034569535e-02 1.465242643935562618e-02 6.995273813951813358e-02 5.073970993043287053e-03 7.014287987665415725e-02 1.926699063316781452e-02 8.496329867875941633e-02 2.300932674406267614e-02 8.045774168475343380e-02 5.379101215971338057e-02 1.516220047164105328e-02 2.006679639863356845e-02 4.980308054604988544e-02 9.541377856774788113e-02 1.901946772568029534e-02 4.174951282885341203e-02 9.079336722944086890e-03 3.731921280896904197e-02 5.115180806510804395e-02
9.859048271156078957e-02 8.493990231132560187e-02 2.383530700428803176e-02 2.248401224075672472e-02 2.700401990907001087e-02 5.531435332499815005e-02 9.203555347192333980e-02 2.635685091779990316e-02 2.349715783031891547e-02 8.086296428662131594e-03 3.604472333184297744e-02 5.302495397487597822e-02 5.506309526771159535e-02 9.855669832095542704e-02 6.476880615578281541e-02 5.250887153022865302e-03 5.195834193052591143e-02 6.542872891883329267e-02 4.558599776747551680e-03 8.098374971279082013e-02
9.528374715548994234e-03 7.178327082171515050e-02 1.974443717500261666e-02 1.589205530407778941e-02 3.438207333367284541e-02 7.709995119721940737e-02 2.332286386917542531e-02 4.026683797462443648e-02 9.515706252154459976e-02 7.284573788234686986e-02 1.755286551471067075e-02 4.704636978487654331e-02 1.818214172027544581e-02 8.559933619457842091e-02 5.148184809160121639e-02 8.283937180288486468e-02 6.062980060473352473e-02 8.119838366508212724e-02 8.080993519908022393e-02 4.402405972571572790e-02
9.231246272560741928e-02 5.590855121839766184e-02 4.244784537751448289e-02 4.021325582924065861e-02 3.041490881097063184e-02 8.712966827807108738e-02 7.894289292925232848e-02 6.879800576976440041e-02 1.430960350161802896e-02 6.805899391389196029e-02 6.127958261356905578e-02 5.257326569349905082e-02 2.533564997631132520e-03 2.768073091430829635e-02 9.204744963242121603e-02 5.911607915061792284e-02 2.303147134171571603e-02 2.790872437260350121e-03 1.467762434474175794e-02 8.769903227235333054e-02
8.849652987219118472e-02 1.367438478915545923e-02 6.349651356292999871e-02 7.859082827854735331e-02 9.043784910157641466e-02 4.058124306241929491e-02 7.084425952524525671e-02 4.379006898741515802e-02 8.278389642799499626e-02 7.801183357901468607e-02 5.882494639624359645e-02 7.719493714923636452e-02 2.116473235680559409e-02 3.815065475117889598e-02 5.621494005971790220e-02 6.336145889047992141e-02 6.073336287082620405e-04 9.344468041132435177e-02 3.880439261929442829e-02 7.097460317246007122e-03
8.422540358667385263e-02 3.499981712516243848e-02 5.391114645871051408e-02 9.173840875209508805e-02 5.660623090700762916e-02 7.061449714158840596e-03 7.275661426681642729e-02 7.783112963862970357e-02 1.694812856749437074e-02 2.176055158015255397e-02 7.537860586863337486e-02 3.514392532463902347e-02 7.969914598561468611e-02 6.010873170096091983e-02 7.023507477356713546e-02 3.669137330321203122e-02 1.027302559647225166e-02 5.694391622875721176e-02 4.075157808285392869e-02 1.599672674062072725e-02
8.885383153193880668e-02 3.117833834988956859e-02 7.805701466307121694e-02 2.669479532386378681e-02 1.070471933611326712e-02 1.291257018401868045e-02 2.114101394391764213e-02 1.127090801841800285e-02 4.516152304528701228e-02 7.305433010984961617e-02 7.337614659163638198e-02 7.455673856540150080e-02 6.744564584076934155e-02 4.563553990494981227e-02 9.499789228981271247e-03 6.771783378248483198e-02 5.433097015059778351e-02 3.097201191210497036e-03 3.315547382999470966e-02 9.573748615798030603e-02
6.479542351575878767e-02 1.320861372417838665e-02 3.261178111437819382e-02 5.203882820482565175e-02 2.340724886880396483e-02 9.289378855736552193e-04 2.423200924302570947e-02 2.744760082655468836e-02 5.463639535139630694e-03 1.526296874032073703e-02 7.840192261327555423e-02 6.121864064424867302e-02 2.393623956318276236e-02 7.735870151781312765e-02 3.957995509396589062e-02 5.470559356531750489e-02 2.096151868453364348e-02 8.830200388620079721e-02 6.013728879323362864e-02 5.896899260015498433e-03
2.036488056457606138e-02 6.376133065612737960e-02 1.696985568109296225e-02 9.006019027543182842e-02 5.363528533566648548e-02 4.056766078369320599e-02 3.987586994324840428e-02 9.597483272130288845e-02 9.356391895005580772e-02 6.999716227313651506e-02 3.644488039877299274e-02 7.441428539610900339e-02 4.541477252947447030e-02 8.653260903903869580e-03 4.175507947665684644e-02 7.558354364876330306e-03 2.637463743472363842e-02 9.940591910902252248e-02 6.702276150149798217e-02 3.035991344497585009e-02
2.343751859758102032e-02 3.818701764195842323e-03 6.892073591154909695e-02 5.190096365112217836e-02 3.886653918210285913e-02 7.233696674382356084e-02 6.946320248598064628e-02 3.123595986720469064e-02 3.794378138496980191e-02 2.094075880495873884e-02 9.553006809118898268e-02 1.445231039602464830e-02 8.886044701121839640e-02 3.488762398310132212e-02 3.487473983067625877e-02 9.190328113406887045e-02 9.850302016363020330e-02 9.122496858141759812e-03 6.289552422223920747e-02 9.701712917397130320e-02
4.338248247365738414e-02 6.057579353070805667e-02 5.400610238276920549e-02 9.919938692228896793e-02 5.745425196481965258e-02 6.228756184387138767e-02 5.168516018831939562e-02 7.128196820103487041e-02 6.196708479972173889e-02 1.985583980690991401e-02 9.137113776344522875e-02 6.368916510274139076e-02 1.131177321045526846e-02 1.013583961787922717e-03 3.509161966007275091e-02 8.761864990783829743e-02 2.434410996521873052e-02 9.431340870639026708e-02 6.748617472529304384e-02 1.652912737404080984e-02
4.893807148213929342e-02 1.968784155933535340e-02 3.730613745822643212e-02 3.991602725859810970e-03 7.027273943638466525e-02 9.726758307942379167e-02 3.471308172732785746e-02 7.409572764856901805e-02 9.206650434636955149e-02 6.978957587624555481e-02 5.723878125563528624e-02 1.900814222217313276e-02 6.095132745932502205e-02 1.922961048145688332e-03 1.112635871744732663e-02 2.329332011265261657e-03 6.409629666006223803e-02 3.070661373016352405e-02 5.639244642811916397e-02 7.454457360152423606e-02
5.854166519491441067e-02 2.374729685670843443e-02 3.074296151814064418e-02 1.257232634965975773e-02 9.999765407997329714e-02 4.155584053568644326e-02 6.346338530043771874e-03 5.942222616744131068e-03 6.594882793268659615e-02 9.116332903339496863e-02 5.996347779920407906e-02 4.843203699555811981e-02 3.250712479446454112e-02 7.517096416064467101e-02 1.027027776178091002e-03 9.225643646820503793e-03 9.706066329567442086e-02 3.519615677462983178e-02 5.326373264139772079e-02 1.776731372588688171e-02
4.174608043944114805e-02 2.108184605662379030e-02 9.529560706505044165e-02 6.850941870163006209e-02 7.900890071305646800e-02 8.555529278823238715e-02 9.467518787060028029e-02 9.246966247297833119e-02 4.246893075105356852e-02 8.335308918557896019e-02 3.618958400665004543e-02 7.377145068529648853e-02 1.961945676347956122e-02 4.633351159827334836e-02 8.898783748515165515e-02 9.295649295658374445e-02 9.997155042178096362e-02 7.020312915862714567e-03 6.497497309591361569e-02 5.730611346046465826e-04
5.994829155836500952e-03 4.936073479970516653e-02 5.142552349674955198e-02 8.102120700471109049e-02 2.808950551183029415e-02 5.711182608903797369e-04 4.263599486272665745e-02 7.528310195023558971e-02 6.590226904578359857e-02 6.298666652090290259e-03 3.777036871170021126e-02 5.996006536287600691e-02 6.590724507501988239e-02 1.700333410800688658e-02 5.995142497478875981e-02 9.406921492094515169e-02 4.411924837820453693e-02 8.721839689215772629e-02 2.112974266210601235e-02 1.401741953788011689e-02
2.074287470419877710e-02 8.881844500413273169e-02 6.981457108729814676e-02 9.212155882253263151e-02 8.915057243046702051e-02 8.724596146524769835e-02 4.976364815405372177e-02 1.110566490320946675e-02 5.254851341588458180e-02 4.265549673783122775e-02 1.116015038200186653e-02 6.377971902367707280e-02 3.106516459514540099e-02 6.436050158442053332e-03 9.539077028564713068e-02 7.357317212586020339e-02 2.663300155180638173e-02 6.804166616545397062e-02 2.232906751375263437e-03 3.207751099869319417e-02
8.480674722723052783e-02 1.537594985419139630e-02 9.856502851334115675e-03 9.906595190953948471e-02 7.793192853548040755e-02 2.857639508867309067e-02 1.249698141517239375e-02 1.547918919713523606e-02 7.234274681628395653e-02 8.004403836032403241e-03 4.007825572511149181e-02 6.711295713081444347e-02 2.346368488831068744e-02 2.197749990138275766e-03 9.923576380357940208e-02 7.353296217907839827e-02 6.592074729757858159e-03 9.350694100269850428e-02 6.405368864425829700e-02 2.290894669683417664e-02
3.099199224010406109e-02 7.536969502716117653e-02 6.625253686685644849e-02 6.315228542707099213e-02 1.877578717351724436e-02 7.210640922271636943e-02 1.039753920699425585e-02 2.859530600314034304e-02 7.854487749259586593e-02 7.695504835882931161e-02 1.657100050220726775e-02 7.568296960405458684e-02 9.031572553762076683e-02 8.832075759034857532e-02 8.360581946185846602e-02 2.314305493045059128e-02 9.858958566649836386e-02 7.066214572547922790e-02 6.146808005226822580e-02 2.155128824719720892e-02
