2.773104716952229376e-01 9.664020991174245012e-02 1.094606611899063553e-01 9.958524990524342257e-02 1.382194927176996768e-01 1.420737814662766940e-01 5.639772981343443153e-02 8.472531746735623148e-02 9.881021176672370732e-02 6.691116153456612425e-02 1.152800640615698063e-01 4.080983491526924550e-02 5.055543913761016001e-02 6.473755082588361631e-02 6.866313636704622636e-02 1.108981328742724565e-01 6.478044552250361576e-02 9.517888168602127441e-02 1.334491877547093752e-01 8.920681453529398508e-02
7.542548762391484973e-02 6.397120385232650530e-02 8.932163909031164140e-02 4.794591221948260595e-02 1.544611540125457975e-02 3.867345292316917704e-02 6.949579007760130211e-02 7.016629685053760168e-02 7.770372786129310649e-02 9.391217677791652285e-02 8.380718456279567796e-02 6.094715247757695464e-02 8.311321616439483473e-02 1.741698313687213215e-02 6.109093406400756916e-04 2.740223180587431258e-03 1.244962584417808049e-02 5.566892759381970000e-03 7.836219854802647933e-02 8.480163770259792344e-02
6.923280260000605479e-02 5.265059829578425110e-02 9.985862329349273758e-02 3.646538565565319440e-02 3.200994668290855355e-02 1.693431335528149465e-02 7.834283880476586304e-02 6.508822308777886811e-02 3.059487277736867850e-02 1.587115695005059113e-02 9.768648616348807323e-02 8.400000304161973907e-02 5.570452999576106651e-02 9.220964917467981692e-02 2.021391745994828570e-02 5.090887475714350047e-02 2.843236985759156881e-03 8.568287304188615394e-02 3.325064245101261307e-02 3.099912000079700983e-02
5.713159461602838191e-02 7.947299569340637859e-02 3.968705786882036762e-02 2.413570993118945365e-02 3.389350878290062902e-02 9.922101635710929568e-02 5.383227305722705636e-02 9.125886187881160350e-02 5.625189616684293098e-02 4.934035721868338525e-02 7.114939780913234757e-02 6.179571736994583786e-02 5.021847696634824942e-02 3.131898604525958779e-02 9.623143377995750647e-02 6.185346174842241279e-02 1.094629389245819345e-02 9.524297856012181596e-02 5.034491802747225603e-02 4.864325180101347623e-02
9.219330993244791161e-02 4.526186429581355308e-02 3.363692870050294555e-03 2.930901066411126937e-02 8.482575209178755057e-03 9.845519976878032431e-02 4.156324549533031709e-02 2.534568532004327635e-02 3.526121664874742878e-02 6.204884319332857473e-02 5.879653451907893708e-02 9.445807179244460061e-03 5.772218743683617259e-02 9.233611271642849783e-02 3.534385807795342033e-02 6.127716457136125894e-02 5.153795384250101086e-02 8.410189112797672450e-02 8.246908076883537053e-02 2.503392626163558621e-03
1.585934594049354107e-02 9.184383318676288266e-02 8.395865038977756711e-02 6.900733138301667902e-02 7.997868648138445336e-02 4.536331714560152412e-02 4.801047265760829963e-02 5.060747189918344408e-02 1.932660763174514143e-02 3.256440883158925187e-02 3.854332314761180212e-02 7.904722354249286986e-02 5.785337560901596121e-02 5.228510206445585728e-02 1.565194264772582639e-02 2.163370845714007902e-03 8.765100518979070110e-02 1.115284559586200534e-02 1.873518515010901345e-02 7.421692066857908665e-02
6.751991365622492247e-02 7.121086885147874523e-02 8.671815790428231974e-02 2.900901450653683641e-02 9.283659459811509362e-02 3.505429941286885426e-02 2.415612556591769863e-02 1.107189845077527490e-02 6.185997221886969932e-02 9.756723766295816169e-02 2.396303831790503030e-03 6.887165426899372056e-02 9.596261326111862888e-02 7.091266873266598159e-02 6.628309595261179521e-02 7.200506178721285955e-02 6.547107103684178531e-02 8.584913666736487814e-02 7.669672367440161231e-02 3.664539492479818028e-02
1.592597232519483638e-02 2.891253548936702222e-02 8.258362018614021083e-02 3.462582602118619013e-02 1.906359090774386797e-02 6.714031659759521486e-02 5.441572284572385870e-02 5.625167630899313709e-02 1.309905895590368673e-03 5.080578693117071554e-02 9.218215682929639665e-02 6.207549876531291005e-02 7.884029625017156817e-02 7.843309196741810041e-02 8.720304189406747133e-03 6.095487472315466726e-02 1.542959600043352156e-02 4.808094929462233824e-02 6.510597338912772758e-02 2.144011429991147383e-02
9.899486134033178009e-02 3.817778505830254215e-02 2.024158683982411194e-02 4.214511558306136690e-02 4.448603661154442585e-02 2.821948483440023248e-02 9.586988077251323848e-02 7.484351817327739020e-02 9.276129278197881023e-02 1.347183327905399238e-04 6.982333898112257076e-02 9.726238207441728623e-02 9.868881335880400063e-02 2.285403366159390048e-02 4.736208094449419204e-02 7.003786323118897650e-02 3.478624305946398463e-03 7.250885984449072230e-02 9.557412155774459850e-02 2.088498297444191243e-02
1.768134583455235539e-02 4.394484589857220597e-02 1.094776104753929571e-02 4.706695065774497977e-02 6.719148849065098572e-02 3.990612921824321889e-03 5.014347304601836364e-02 2.264026290514171980e-02 9.728577145282664429e-02 5.548643681435533326e-02 2.263984938991923240e-02 3.769617738410474539e-02 3.265436381748676453e-02 9.335409724324457426e-02 5.457479381807905233e-02 3.998045139090725814e-02 9.035290352839897565e-02 1.232441748502776172e-02 5.566505429410472522e-02 2.734522322051874399e-02
9.144751854963135973e-02 9.478685805031393519e-02 4.231088344204947567e-03 9.152332290068132536e-02 1.428644013525777294e-02 5.262169426439977649e-02 4.367207360927250447e-03 1.093015986235295126e-02 2.384060441956462745e-02 6.027753360539785110e-02 8.888443694640131565e-02 2.777821813469482162e-02 6.062603093965363010e-02 9.136702824534984058e-02 1.708181841524383446e-02 1.317931203221729512e-02 1.103409174241245551e-02 7.740916896914767920e-02 8.959613868142812798e-02 9.415594514459357800e-02
2.501089897631410264e-02 4.901221328610355643e-02 5.572925803278892115e-02 3.533423551211909569e-02 7.545725834079253236e-02 4.968135558509918781e-02 8.667866409200775113e-02 8.324668069578176899e-02 2.444789765528140521e-02 5.997594098929272255e-02 1.038442702821250688e-02 1.142859273117500379e-02 6.002796383201090130e-02 2.974468410564036491e-02 7.937407497515725288e-03 3.618366622630484614e-02 5.115273167653625053e-02 5.978914611756681007e-03 1.420786497217583350e-02 3.682835425360647674e-02
9.714939964434186892e-02 3.760799377779862340e-02 6.760382600983677603e-02 2.276130780011114199e-02 5.558704175685295207e-02 9.776918905629557177e-02 2.753222899965639472e-02 8.612139983215723327e-02 3.672568668034414258e-02 1.802478635189859110e-02 4.197258972085915821e-03 3.171039406092839713e-02 5.655862972695047119e-02 2.882914249616581881e-02 7.043669124964506423e-02 6.265088164420949679e-02 3.568097021069174118e-02 9.472916621100301027e-02 2.904461209166906560e-02 8.336591908556378883e-02
1.160311535638630653e-02 7.175012855505408238e-02 5.794644868409432048e-02 5.729739311438097893e-02 8.126471571823053186e-02 4.543180709274959039e-02 2.807003545869069319e-03 7.020520705984277521e-02 4.395004025347929583e-02 9.085967281033571763e-02 4.819154438811919239e-02 2.477246907227223169e-02 3.849371403695537458e-02 6.129252619040978511e-02 2.535776985566691455e-02 6.130661519674499016e-02 7.995327756119567642e-02 9.646014480725931262e-02 8.288354094952880835e-02 2.883692742757789848e-02
7.625666953996357300e-02 6.136083461490413060e-02 6.202272866002495055e-02 6.353023476969199990e-04 7.105362788743242730e-02 6.165570199662915446e-02 5.196403026630944805e-02 1.614456823414133282e-02 3.176160869017125021e-02 8.114719013792393021e-02 1.521653592010542393e-02 7.198836758868827623e-02 5.018237054162563715e-02 4.332878261147848908e-02 1.745974425109013753e-02 7.606153794224791709e-02 6.033431115077573376e-02 5.179790806714838075e-02 3.974547888389350775e-02 8.531162074693872388e-02
6.819194882631127164e-02 2.612913113057927644e-02 4.023110957130116017e-02 5.245035021457650215e-02 8.016921320931258768e-03 5.569793323900003312e-02 7.464756358348269283e-02 9.637529755535739762e-02 5.214912315145764365e-02 5.322398755227614187e-02 9.850538502920169748e-05 7.049197680556897050e-02 1.360659514053671505e-02 9.922261100005441703e-02 5.947468288819695442e-02 2.539761988613037369e-02 5.581352099452881188e-02 9.994800315593993512e-02 4.199113597514513713e-02 9.193542399307375046e-02
5.292319349623634400e-02 6.070568966658056870e-02 1.391441395888472037e-02 3.899752270494532408e-02 7.502336606693622845e-02 3.733144563684522715e-02 5.525847941877094077e-03 5.203795860666950157e-02 1.051090066167224141e-02 6.391973954531215973e-02 6.212875193469565016e-02 8.515423022127033975e-03 8.882263709768534188e-02 4.212166258800631446e-02 6.533578462119127642e-03 4.416892048655393643e-02 7.151726086144709338e-02 6.319627238629194066e-02 2.199986789077359658e-02 1.134270129415383514e-02
1.302423945756244796e-02 3.548437171709001303e-02 1.342192478504055167e-02 4.416767379817385791e-02 7.852443294877207991e-02 2.368374371222567096e-02 8.992998695245582597e-02 8.064387498538078125e-02 9.767212167063712980e-02 4.767626531004999502e-02 1.879509639134055096e-02 7.404873798865616030e-02 9.532731912664949014e-02 7.079505790385373643e-02 4.346304534023347904e-02 1.093966997127671049e-03 1.023865181969574279e-03 1.800489415749896224e-02 8.846911779847012325e-02 7.182941787662977529e-02
6.701793608055897633e-02 7.443978416900630390e-02 3.586815745943137262e-02 2.371940750890413549e-02 7.417060746836816321e-02 1.255263732632311280e-02 6.394615728455338433e-02 6.630803387452678666e-02 4.432380397721139009e-02 1.601275305544262034e-02 6.441890125112093024e-03 9.574543908525862124e-02 1.903852620348332053e-02 6.070535926665621140e-02 3.912817251661385859e-02 7.541572023385723772e-03 9.873817578291407826e-02 2.931043586931386669e-02 4.377216106027527476e-02 6.141236206064038666e-03
4.155616581829724154e-03 2.726710789841868543e-02 8.189569888446139589e-02 2.972816753619565017e-02 8.511081143615481515e-02 1.944958961161168468e-02 4.474043433692712068e-02 1.274148833507996598e-02 4.392643681979860326e-02 8.692917459324837892e-02 7.103554636882579432e-02 9.339476770540067196e-02 7.952717186648207426e-02 6.793421124887731588e-02 6.044889947600828872e-02 2.351637784030214187e-03 3.695289129506712511e-02 1.085379344377223124e-02 3.636026596948230966e-02 4.677588805059822857e-02
