2.922509693141898679e-01 1.346513579065201360e-01 7.079709470917641689e-02 8.278782294605034620e-02 1.135813617998757963e-01 1.050693711548480042e-01 1.226854475108206943e-01 4.921808468985296170e-02 4.750469790440313422e-02 1.270097672080997830e-01 8.709707631607728484e-02 1.360823898936341370e-01 1.559330925456987524e-02 9.752192972333775800e-02 1.705955359540730076e-01 1.047803782917112181e-01 3.738034111475957433e-02 3.525492647925540513e-02 5.427134267771097087e-02 8.728580420925477479e-02
3.952004423926395310e-02 8.822873887201819476e-02 7.227636268565866551e-02 7.934379856278565846e-02 9.350092710434940169e-02 8.507331920987495910e-02 3.509596023964361294e-02 4.075791645668543073e-02 5.202764330425713180e-02 2.839941847314298058e-03 6.715338617314486891e-02 4.286263155290069571e-02 9.532688186400946340e-02 4.585509488208940748e-02 8.273661785085434373e-02 1.041922200728572362e-01 2.205496846950146320e-02 8.656750733592462332e-02 5.761646999535028485e-02 9.028075435055105125e-02
8.927274756017726520e-02 1.029713157795115741e-01 1.953136811072472920e-03 5.841650323815458790e-02 4.644229454491793918e-02 1.035792320553307888e-01 3.383155133594557135e-02 2.000833165997567206e-02 8.203415676170759674e-02 5.096015311587566432e-02 7.058407127261637215e-02 7.627405844490499354e-02 2.432875452892507492e-02 4.989867082281049249e-02 1.352643628896840929e-02 9.853879672644472176e-02 5.206209371611997087e-03 9.528694352955272007e-02 4.342498249106421793e-02 6.899825078175493565e-02
5.897336292974957733e-02 1.655776677813049907e-02 8.895975924685134428e-03 6.667419411134550833e-02 5.505872969343621887e-02 1.046122547289118493e-01 1.036205350937984271e-01 4.365567318071185421e-02 7.508759449642243844e-02 1.970041127992301980e-02 3.175713625603086149e-02 1.872118019870735312e-02 8.163120972604294423e-02 6.656077189542275452e-02 3.041789216878248645e-02 4.827474045707566552e-02 9.691800308015429549e-03 5.455314494239781042e-02 3.833971317705394538e-02 3.588857952667362083e-03
3.185838115219224304e-02 1.108408128179756529e-02 8.272300692429701563e-02 9.346859550497865765e-02 1.792128101321278921e-02 7.938307581759733444e-02 6.330971576802328638e-02 7.101914570648809599e-02 3.942726677881120551e-02 1.946577106767668000e-02 9.389428976229500026e-03 6.436295697200727917e-02 2.123992349486397702e-02 9.279748942543894485e-02 4.607602717216854882e-02 6.878013396671335544e-02 2.462467475470750053e-02 1.425339286046443943e-02 6.820702871261845324e-02 6.635663451392048717e-02
8.900385885714126588e-02 8.029042188320248408e-02 3.029886037220703293e-02 4.928839793800017868e-03 4.345404352415712518e-02 5.621867519388631940e-02 5.930682231569047586e-02 2.138913960810952947e-02 7.190957204410343417e-02 6.003073686781852658e-02 3.573125139857211835e-02 9.895062688325342859e-02 6.435684846377551227e-02 5.598717809528201000e-02 3.365222385534311078e-02 3.254636086945267293e-02 3.885756015083410841e-02 9.830422289847838557e-02 7.218643413263768627e-02 8.936507273422053532e-02
4.116261898149903981e-02 3.808709503671415392e-02 1.537826894168820187e-02 4.257683763257909954e-02 5.998014146052634693e-03 4.500268740299042530e-02 9.527080853710358233e-02 1.253497524334664694e-02 9.126519519024625660e-02 8.361410862200779892e-02 8.360936595442816643e-02 3.033414892129259605e-02 3.824240195307815338e-02 6.234175229615206842e-02 1.774014060964270584e-02 2.549770407021241525e-02 5.204709267582381671e-02 3.342966935076279594e-02 1.054176479928872617e-01 8.500306911575665481e-02
4.724968251941942532e-02 4.953869739291030111e-02 5.983508336014042167e-02 9.147695781894644995e-02 6.926537943291342925e-02 5.747291422457773136e-02 7.531861910782512715e-02 4.149063371822411805e-02 8.139746548301723950e-02 9.297682750907880489e-02 4.701602370815446096e-03 1.039119712561699660e-01 1.042169964285065559e-01 1.033379344095831792e-01 9.482314859735760382e-02 6.234572354620022960e-02 9.264292391296752305e-02 4.182537999052202138e-02 3.854741902171944859e-03 9.455238439054761135e-02
1.203466445804941311e-02 5.195578420322224944e-02 7.626521547100112430e-02 1.009927360172571814e-01 6.503254387711444873e-02 4.427355659116963271e-02 6.071426698878535505e-02 3.956289038285915050e-02 3.084465372689700752e-02 8.792279645161693580e-02 3.948704998108147624e-02 2.392609529701081317e-02 6.676576244859167009e-02 6.952819940304723334e-02 3.129432426501219111e-02 5.045660993975298325e-03 7.543512876498105479e-02 5.419430100408225565e-02 5.564072849364232187e-02 7.912595410067069235e-02
1.041079490838964922e-01 3.529191072310641081e-02 9.583742770712644354e-02 2.491532085288744938e-02 6.125666634050626336e-02 6.705161600465664451e-02 2.772067210637533738e-02 1.295197810520058029e-02 7.993330668837918263e-02 1.259216564427949499e-02 3.444869810347880867e-02 4.504430997874098175e-02 2.425412096283511773e-02 8.495503950622854128e-02 3.981625805939158214e-02 3.553371103510381129e-02 1.489215162028050335e-02 6.661669159321301215e-02 6.226944581444555926e-02 6.339598634196537408e-02
7.787309526007941268e-03 3.640860752561571323e-02 9.195141000568980705e-02 1.977766470005957317e-02 9.257540432748062598e-02 7.949709917857625263e-02 6.890264306252817661e-02 6.754793897378973122e-02 7.038636484125315729e-02 4.823928808610354613e-02 6.215237200658744326e-02 5.767433606467245455e-02 4.806669787765294188e-02 6.541062002758313808e-03 2.703249917561141580e-02 4.185552834620265283e-02 9.696941298787927280e-03 5.374969028899622553e-02 9.702128326151922277e-02 1.511103887119296350e-02
5.183822658116902377e-02 2.225219703862272094e-02 5.384832900457608290e-02 2.780743998144397794e-02 7.262823624335724981e-02 1.897099914509272137e-02 6.604722866068880871e-02 6.574286417840388697e-02 1.626920969378245138e-02 3.560323289929856472e-02 1.051530025783506059e-02 7.212884024419100037e-02 8.560261085171771978e-02 1.613313970721125604e-02 5.934076201151540497e-02 5.002219928042390268e-02 2.424227528833385395e-02 3.293457625660577148e-02 7.300721334768979498e-02 1.346743128270663607e-02
4.714485119418514864e-02 4.917756023913750357e-02 2.051035187601305335e-02 3.345416941075370076e-02 1.497592475593637583e-02 2.185253767331722663e-02 5.686712017886138421e-02 7.507570261060986239e-02 3.675339783480696242e-03 1.672694869397382475e-02 9.211922190611261663e-02 6.314603355709512422e-02 5.037178371193912901e-02 8.854759036887759061e-02 4.651604493912574884e-02 9.614039566085347266e-02 8.588629490545714174e-02 9.192022509793879026e-02 8.339116501287809069e-02 1.045154502810432262e-01
7.238149078768946199e-02 7.451420366575561838e-04 6.918031588900871998e-02 1.835587395477050049e-02 3.383587634306309266e-02 6.171708809287189401e-02 8.341238668063706563e-02 1.042943352927455103e-01 3.219223841977877226e-02 5.054254158373763101e-02 3.793115183984396843e-02 5.530798102931125393e-02 5.720071805456604375e-03 1.026235489903313258e-01 1.840367782436845220e-02 9.569379951102117976e-02 7.434467996482953256e-02 2.284221278241196570e-02 2.026236383390073517e-02 1.744529712096916027e-02
4.095073075291608133e-02 3.224953430605602411e-02 8.605664412890245973e-02 6.482707133991367360e-03 4.219393386489182773e-02 8.534086375110394584e-02 4.060047082782462097e-02 6.646522423821554781e-02 3.672216524355037537e-02 4.401912173274814127e-02 9.609565519574687908e-02 2.243703847632465623e-02 3.497959122371096380e-02 9.355463165142092336e-03 4.122005805301329207e-02 4.131784613212918095e-02 5.306443526365198921e-02 1.034792461262045438e-01 6.651532341296534367e-02 4.808921280046282026e-02
7.664884145616158995e-02 1.776246581044662459e-02 8.264318048174680575e-02 9.214841317410982224e-02 2.884775364375438689e-02 3.164466141859875042e-02 4.213042177743581140e-02 2.399061785355819862e-02 6.023814751462788775e-02 1.763468321499927702e-02 8.800846448966108404e-02 9.086685362369230357e-02 3.585606326140197697e-02 4.310654809316528252e-02 6.742945211244028014e-02 7.619278202948731593e-02 2.063128018415855830e-02 1.751917695504199429e-02 2.280047625622757743e-02 7.995390060990963110e-02
5.431642486534760811e-03 9.999374017822550142e-02 1.626380582738799676e-03 1.576391019777987137e-02 1.483547663020468033e-02 2.653647910602392745e-02 3.042129811570093087e-02 9.183753719313429709e-02 7.133522417421936379e-02 9.102551819294484037e-02 6.478320578573550093e-02 7.227031968338708777e-03 9.704413107700214647e-02 1.005034816246734991e-01 3.486017307093011719e-02 6.237412734057469488e-02 6.014729857569770660e-02 1.382486110418781888e-02 2.694867989762154969e-02 9.440709829596413694e-02
7.457065444597198167e-02 3.161160142718067584e-02 3.014754781717837034e-02 1.050043784943421737e-01 7.623330774771160112e-02 5.096593800431692411e-02 4.358433526124706053e-02 4.495494338627080422e-02 6.347670952462518279e-03 9.441197313887152165e-02 9.769633232523564081e-02 4.243149751084429600e-02 7.434472136782090124e-02 1.098127182622401360e-02 7.079282083988502894e-02 1.284778437726546638e-02 1.386803307138495013e-02 9.172873466809916554e-02 8.328064685740785289e-02 5.455968656733581855e-03
1.050911573095731910e-01 9.127925248170512540e-02 5.301849849894103156e-02 9.350935747233966866e-02 8.614655792582887051e-02 9.711203580181410056e-02 4.460065163809447814e-02 3.964875340084889066e-02 7.070307466497056936e-02 7.496717767389574072e-02 6.292862053161560332e-02 1.010410918942274555e-01 8.992660826285456266e-02 2.503435967115835020e-02 3.411089917093527296e-02 1.001971720059137566e-01 8.152463626135886265e-02 9.643509194681558830e-03 1.000608415641047882e-01 5.586626359442811024e-02
8.861694292033704679e-02 1.122877911064082933e-02 2.476481204211920459e-02 5.437945150381433973e-02 9.142290723037375597e-03 2.855771602207116122e-02 8.849177943316557937e-02 1.416422621003251073e-02 9.136479177435991028e-02 8.041702373792362912e-03 5.391989675045125163e-02 5.601769065532502534e-03 4.841194106860299828e-02 9.503052461965920406e-02 1.412775378491077510e-02 7.163076818830191317e-02 1.027766819823344585e-01 2.635343090031776539e-02 5.528279195580375338e-02 6.703270689093022115e-03
