2.534701095636466284e-01 1.265366836735653533e-01 1.068296919060900269e-01 8.795524557213429961e-02 8.405210458087290781e-02 1.537446972050877103e-01 1.161572235219123922e-01 8.253857519882423777e-02 1.008126584801469772e-01 1.009539697302588857e-01 6.221089440080405236e-02 6.957236960227626554e-02 8.581303421103705920e-02 1.065351729410763115e-01 8.826046147112040496e-02 1.712987655027462530e-01 6.941091099303195455e-02 3.186036229610600401e-02 1.314040250645332475e-01 1.134779058787757089e-01
7.611707464601519257e-02 7.125372678160707407e-02 3.101855532294599607e-02 7.296533237760975676e-02 5.880393257725344269e-02 2.000424083024575014e-02 5.698927485342401150e-03 5.595507563979059545e-02 9.234518299517588402e-02 8.092436807401216792e-02 2.344489803332159769e-02 4.273268093990943012e-02 8.704226914592946840e-02 4.440332627452099612e-02 6.885452577682912856e-02 2.003233459621725152e-02 4.147982417655437376e-02 2.569518281009957120e-02 2.969015421144320654e-02 4.157011650659180046e-02
1.222284584042351158e-02 2.880857281694868682e-02 4.490625731286213701e-02 2.917467515813723308e-02 6.754041474127507778e-03 6.867101786527163299e-02 2.790026311689714281e-02 2.555034759309273221e-02 6.070533883058697872e-02 2.774181716881974138e-02 5.552162945202662736e-02 4.081332595213809679e-03 5.660039266745532649e-02 7.246661439270773997e-02 3.300698951639075701e-02 1.374452387280411698e-02 9.351123741506819909e-02 7.397224973575886042e-02 4.941220932332554550e-02 8.764700530472259443e-02
1.431702174002521914e-02 5.393889394087930710e-04 9.728349888174790683e-02 6.823749224584275963e-02 2.281150228189361348e-02 5.908768315281295869e-02 5.721868045700279071e-02 3.367338293579120317e-03 7.556186727039646001e-02 9.718246909251619658e-02 4.473760163176934007e-02 8.993282885931985771e-03 9.861682950274672232e-02 3.031779455090087907e-02 1.562326686983863192e-02 4.108379907640581641e-02 7.019994623966265002e-02 9.768998473138332250e-02 6.207607386293456653e-02 6.619867129152036400e-02
4.228617770253657177e-02 2.911348159059071530e-02 5.400049003132255387e-02 6.050038081932924972e-02 1.750115016663489342e-02 2.389711640185282135e-02 4.409886325630338333e-02 8.043571401689501854e-02 7.832942045086487004e-02 5.850371204719443524e-02 5.484668206759837211e-02 4.304123784240265760e-02 2.273325980878189087e-02 2.865504696408254642e-02 8.900490651090522953e-02 6.692550569699343144e-02 1.006423703597124075e-01 9.955295554132974345e-02 7.938838479732091002e-02 1.034070564702997859e-02
3.203579929429588996e-02 9.615183978303677714e-02 9.769081997449918786e-02 2.071433716572868011e-03 5.420380518369356110e-02 8.044161521564673067e-02 1.513568868259179516e-02 1.095665551696698228e-02 9.101262194518990045e-02 7.285733503723212934e-02 8.307154295180320391e-02 7.746897623522938647e-02 5.891124435154707767e-02 3.089843167856996808e-02 4.118643847316216106e-02 5.972950001881110332e-02 9.137113157699321142e-02 6.151345387001386916e-02 1.561560315032335753e-03 9.728455684575673668e-02
5.065713349337185381e-03 1.160289451985116981e-02 6.329381038334644383e-02 2.409521455945343171e-02 2.057380780291798161e-02 3.821882650821399607e-02 5.616431513712240309e-02 9.112713783526686651e-02 6.721885885511549863e-02 8.910533881495823205e-02 5.499194483228039138e-02 7.821300841602148168e-02 9.139888581116806243e-02 4.835846947878188334e-02 4.439830545275651880e-02 2.254062557413241338e-02 1.004259909620096591e-01 5.035282128072122651e-03 2.797093524094778835e-02 2.524088911002585547e-02
3.092213549362891542e-02 7.478158278101935952e-02 2.752732908525707886e-02 4.901218015945386919e-02 8.574443847209664571e-02 8.851504358090980795e-02 6.286462396097829142e-02 9.167059402107675947e-02 4.660150514836771470e-04 4.585415639386915612e-03 9.398376712256696630e-02 3.609315594263934335e-02 3.264747030764791891e-04 9.592194943564484599e-02 8.760946505117496452e-02 3.609249180492169612e-02 7.872194748608894732e-02 2.095992686090712362e-02 9.286036976568692869e-02 2.611557595710147645e-02
1.006876023061774490e-02 1.879377590917562582e-02 9.012885907930935636e-02 9.455695995988987190e-02 9.874415365809348366e-02 6.424155896060121038e-03 4.892816000587190545e-02 3.657674229511630268e-03 6.147766040722372344e-02 5.863682689654178826e-02 1.282019000106388203e-02 5.996343776577033741e-02 9.939263917955981631e-02 1.007029120690381280e-01 3.082539599172808356e-02 4.086894098905522604e-02 9.977592872252874501e-02 4.405055585237326737e-02 9.771895915392700416e-02 6.522073596135659346e-02
3.936415439769225255e-02 6.384868000350640838e-02 7.037003999850489910e-02 3.070715397475611702e-02 5.429860411795365410e-02 3.678952298214704236e-02 4.413565508787049840e-02 9.754333283328110726e-02 3.238788374777356455e-02 8.570408975781114436e-02 4.317312638149412712e-02 3.949560851093955605e-02 5.365208672184197669e-02 7.521761744611012157e-02 8.700079747658612250e-02 6.356696521735100656e-03 8.385953865189404999e-02 1.805365074159156688e-02 8.861078933591770568e-02 9.715859276052771221e-02
4.789094448012013588e-02 7.977707537085632072e-02 6.852946632509772373e-02 2.715835022132153873e-02 8.456236666541737390e-02 6.893701611976743582e-02 3.181074622898047433e-02 3.235027029657592396e-02 9.373576077453918409e-02 9.610948829925146375e-02 4.173486453264141360e-02 5.523884087827530404e-02 4.499950763051623753e-02 6.600122410622816238e-02 5.434728144355044366e-02 1.612047231614361850e-02 4.145365508528369575e-02 9.910807222800426322e-03 9.707258809301354263e-02 8.328109578081203945e-02
7.289069825098706823e-02 8.152069426284126730e-02 9.100601694332602354e-02 3.666980779786234955e-03 6.648511893909229975e-02 4.058865174733157499e-02 3.982642014403550007e-02 6.056104574184595357e-02 7.890267172907304560e-02 7.289727839269245779e-02 6.906359308232792871e-02 4.625476689295050098e-02 4.213389814142855933e-02 6.551367968423434107e-02 5.576063663286097427e-02 2.452275477903908749e-02 4.778306223100486916e-02 1.921739008983800248e-02 8.715858307336714350e-02 4.164258414902455990e-02
9.702821505462214113e-02 9.955373369797573813e-02 2.224767692638949731e-02 9.437047028246890734e-02 3.256887708741385001e-02 7.772015835574198894e-02 6.967724885674370094e-02 6.301554611720318333e-02 2.101072903326311678e-02 9.878694484623473659e-02 2.087703142215554392e-02 1.761126606082167798e-02 6.756909834144442240e-02 9.342196337719214927e-02 8.969738419211188696e-02 6.852503273363423630e-02 7.040264589142769536e-02 3.057684406336517308e-02 9.370952541030308502e-02 1.921696196833981574e-02
5.758466505704935845e-02 5.569158626021784159e-02 9.381917959178495692e-02 8.497671467705836257e-02 4.140475447416215593e-02 3.779077197847745175e-03 1.002539872291120515e-01 5.116567706563677348e-02 3.985523948903088587e-02 6.600260280335824847e-02 6.811168705308402738e-02 5.280081408963153977e-02 8.585371512522610438e-02 8.568614407924973753e-02 6.861826278289403364e-03 2.147569918302493983e-02 9.657093138844012603e-02 5.904000324273507572e-02 9.107978608872897841e-02 4.029699531029452136e-02
6.052736093943066054e-02 9.949502926582319551e-02 2.975129532185730521e-02 4.951419544472684953e-02 4.202221192942078021e-02 1.054930715524028846e-02 9.331580724986611453e-02 1.577239886957122750e-02 2.798001986343711875e-02 2.627010803678601208e-02 8.438947842643171326e-02 5.168074308584287568e-02 1.184904436498706779e-04 4.567475901485309325e-02 5.752572560729728168e-02 3.297915908908058413e-02 7.521064482575402776e-02 4.873579476963607604e-02 6.143099683005566469e-02 8.903238184392743559e-02
4.178690680216982922e-02 6.589908988170019299e-02 9.173494146507708835e-02 1.673069914255592011e-02 9.321123948743068044e-02 4.171561353499562280e-02 5.679290713676514446e-02 3.879041404211792249e-02 1.320196345910176414e-02 9.157896994882842867e-02 3.184292910124144477e-02 7.362322109148178306e-02 2.199412252725784986e-02 9.546694368837406464e-02 5.730643072894405637e-02 6.669926484200841554e-02 6.325610228179271224e-03 8.026467737201793684e-02 4.636898701718559362e-02 4.496877202953947911e-02
1.001765795964049965e-01 4.192867379636743691e-02 2.068669229915749003e-02 3.291087799115140211e-02 4.077437263209959632e-03 3.771285746083995194e-02 7.908357290180438592e-02 1.374442322869453073e-02 1.665366671232947418e-02 2.051652645943491740e-02 9.247157413881362809e-02 1.685557154729462256e-02 9.522156601778156149e-02 1.285336744153013633e-02 3.772776573051579013e-02 9.840489228449664227e-02 3.584791055084629065e-03 6.939232745115132828e-02 2.956711726955816091e-02 4.270771072826880926e-02
8.277729877730394259e-02 4.619641280350333945e-02 9.213836637104320937e-02 8.937582132459367945e-02 2.809623239381600288e-02 2.611347678879071682e-02 3.596302152962932257e-03 8.392587763989883820e-02 2.604437396021485273e-04 7.063756973800815187e-02 5.076055707847201837e-02 1.898545271903642057e-02 1.749831307339391392e-02 1.000080890251397181e-01 4.439298558043525134e-02 7.293901005838954177e-02 5.735347783474734062e-02 2.744003942509159327e-02 3.200059317172576287e-03 7.081237682434381175e-02
8.323578709071190532e-03 9.313775048242033117e-02 5.818287185872264566e-02 2.122202716216518067e-03 8.427372143401622162e-02 3.919568370176367000e-02 4.686002766745662323e-02 4.365559663610866364e-02 9.211482560439481285e-03 8.796145587110644828e-03 6.246222749364916532e-02 9.247721518684721975e-02 8.462128764128235697e-03 9.996426415346275351e-02 5.317878190492493495e-02 9.954829699327918599e-03 8.393963997839365421e-02 4.398965901740034545e-02 8.123391158083947614e-03 9.641302040672172780e-02
5.775434594698872909e-03 8.881782313198807732e-02 8.560664807883071326e-02 3.826252944194699634e-02 8.899836118770421134e-02 7.511206591430415191e-02 2.402593571346800169e-02 8.501112135277455462e-02 2.416559046971578084e-03 7.178001859024989162e-02 5.424375884198540804e-02 7.394591250060637833e-02 3.446357706064420712e-02 3.491329662351308830e-03 9.622901421647575559e-02 4.080301866402059191e-03 3.473748084949592613e-02 3.612110234241456413e-02 5.510881082846064150e-02 3.363631802770178369e-02
