2.146467016539229944e-01 1.292359841716514135e-01 8.074246778711725858e-02 9.338641096484243120e-02 1.117168229039006144e-02 1.092504555513204023e-01 1.283212410281565075e-01 6.321487971069085499e-02 9.942667039857688849e-02 8.792848097087996306e-03 1.128617270070443601e-01 5.659381489395251541e-02 4.870821249673611131e-02 1.267605177105170511e-01 1.022363375289345871e-01 1.112556727149292685e-01 1.203283383972477694e-01 1.507238031613497842e-01 1.484818952979068477e-02 8.054422105320335756e-02
2.623646551846658959e-03 9.062978735749916900e-03 2.428555688846789715e-03 3.714475778453060067e-02 3.576293415565412470e-02 1.231135089618109503e-02 8.413210953480247667e-02 8.117207613352200868e-02 2.638116540940969174e-02 1.799082391176331022e-02 3.716152551335964033e-02 4.495795933419553109e-02 9.862557897969931320e-02 6.135103554839188567e-02 6.508215975202726045e-02 3.265171733647033447e-02 3.486529030741254698e-02 2.705683722630208843e-02 5.007544011877151230e-02 1.902613564302898727e-02
6.670999099873724247e-02 4.139214778460435090e-02 7.564513766051415844e-02 6.637708098618873287e-02 2.119074735271150520e-02 2.698418776550972828e-02 2.904672504825039914e-02 9.447453859298994561e-03 1.076745247581871803e-02 9.582184039354776917e-02 2.401819474891442492e-03 8.793639560706045799e-02 4.683264956486027364e-02 8.665812130110361888e-02 2.558229295988793256e-02 4.662639537842663828e-02 3.863040097140161416e-02 5.869651392162050091e-02 7.367609946756670247e-03 5.317057467727766273e-02
2.143697841598122406e-02 9.072379636772242781e-03 8.310276077659108085e-02 3.865590023762891653e-02 4.494706040871916664e-02 2.925408551969456428e-02 5.399041353511192798e-02 5.342541630718070089e-02 3.773294855765790129e-02 1.043534396307925841e-02 8.705354937029316509e-02 5.361627445269313841e-02 4.203831534726604202e-02 3.383479471902951785e-02 7.105982271689233187e-02 2.635005406649084878e-02 7.681949742874293052e-02 6.943230182030957903e-03 6.253825985081198913e-02 5.719212594024652291e-02
1.455480115477972985e-02 1.248053925373486875e-02 9.511186118104923704e-02 7.216030745677756708e-02 6.122067830398408156e-02 1.550383013624888687e-02 3.506947827088102015e-02 2.959521931319412241e-02 4.073908756018675137e-02 7.503777394694220726e-02 6.239467641891060373e-02 8.384962695634504137e-02 7.227332003676792405e-02 2.210086649058697061e-02 1.882023403937391898e-02 2.869296494025101035e-02 5.280400490757511389e-02 2.418446314499233044e-02 9.844932653718106719e-02 4.221671528141555246e-02
1.879329537275917922e-02 8.868889494364717851e-02 7.362062871139139764e-02 4.629685480370346329e-02 9.388727516958000896e-02 2.172385157386872573e-02 1.226739966577734646e-02 3.994509272577617676e-02 3.332146639981821423e-02 2.635510671760962417e-02 1.934283636671295728e-02 6.152113842126310378e-02 7.256481137447176599e-02 8.713448340341756193e-02 7.763649261179358940e-02 2.517954856362501076e-02 9.740919368824016433e-02 7.204589584754726717e-02 9.451045797391399717e-02 8.352164657408923942e-02
9.275222194323361202e-02 6.917802448099541653e-03 2.906928455064421504e-02 1.423912054398497433e-02 9.358999955546098981e-02 7.304744208823434060e-02 2.756167857076075381e-03 7.051484643099456551e-02 9.107181195869853974e-02 1.205278667555431671e-02 6.226023940961323416e-03 9.751623142788939935e-02 1.626615481571317551e-02 3.933309729019830725e-02 1.935352036290324471e-02 2.849244100585781800e-02 6.008802120172288680e-02 8.559490576096495662e-02 4.668873088725217224e-02 9.595755927018642661e-02
4.208392576592977913e-02 6.173560994245051031e-02 6.815049718114617183e-02 5.021849925264870035e-02 9.052081342036848166e-02 5.756557566608205834e-02 4.150950810606340163e-02 5.541944789727298176e-02 7.819093526953248274e-02 2.490223190165816863e-02 7.017150468460835178e-02 8.759723547202537264e-02 4.391429538481498446e-02 4.901784001626111748e-02 5.317391471589672132e-03 5.200618226008740796e-02 4.570380477486455512e-02 9.002149066967619906e-02 8.808183782567996500e-02 2.333621486307890791e-04
4.660943502905037783e-02 1.457762553039823085e-02 4.680843583388916151e-02 7.390267137580876222e-02 7.465004661244455109e-02 8.849949190384721887e-02 3.915846639832817888e-02 4.834656886927867631e-02 5.509076654626611502e-02 4.941669498104091229e-02 7.171146871106788556e-02 1.319201384862297467e-02 2.168520843564025746e-02 1.877688182117979304e-02 2.200742317381011726e-02 2.319418822083380016e-02 6.992843234585958967e-02 9.950329979498151456e-02 4.798303365408207455e-03 3.782984304519954044e-02
7.067229822049939103e-02 4.052996548331200266e-02 7.451630453597499204e-02 8.613826493143839080e-02 7.225421991943439814e-02 3.869462512669974777e-03 9.039737516568685516e-02 5.777515437424241007e-02 4.330709412683969584e-02 5.483053229153642127e-02 2.952696037076096847e-03 3.467589407478884056e-02 4.027720770535370143e-03 4.308638349689530855e-02 4.596105351809576245e-02 7.111360212378539658e-02 1.105000480105903377e-02 3.780675501875720157e-02 1.768744518836533677e-02 5.659190057147867742e-03
2.539538627120649025e-02 4.717691354656289304e-02 6.114781469467980846e-02 9.148606824998262166e-02 4.347839792575969309e-02 7.399777496956637390e-02 5.856700750533969102e-02 7.096084030609893512e-02 2.048473201773679669e-02 2.181294516800473884e-02 7.559782995687353013e-02 6.771470417611881454e-02 6.313525939533275178e-02 9.527928651615080735e-02 1.457266059107316207e-02 6.631694438810176173e-03 4.660667262135437250e-02 5.480729321394428588e-03 7.965536133743233993e-02 7.116006180619019461e-02
5.169513664166516809e-02 2.344487359695639553e-02 3.178387811412384384e-02 6.459711290882157175e-02 8.715403945267793939e-02 6.023941677350469481e-02 3.305414065472655344e-02 8.624084449043829814e-02 3.379136629900186123e-02 7.061432003906936705e-02 4.939363338567534512e-02 9.789810346602917379e-02 4.009932718054440293e-02 5.277330306040828095e-04 1.363962970342768102e-02 2.226449426953092114e-02 2.326092377389804566e-02 4.343573774396563419e-02 5.372727468579779897e-02 6.428316649994096632e-02
3.196172928362244620e-02 6.844101407761854494e-02 6.980200118176890789e-02 6.420114197919302157e-02 5.006213834033593213e-02 4.903440431437299657e-02 9.604890278708028140e-02 6.982239364767434120e-02 9.725268040096950173e-02 7.428991278804046583e-02 9.073142287794240535e-02 9.077688385531362814e-02 9.265271430448911161e-02 2.250848470291025999e-02 3.150779383678448207e-03 7.020146298821021424e-02 9.651973675830259614e-02 4.483583350768203385e-02 5.641101806790195516e-02 3.320836903750702673e-02
9.141022989814906463e-02 2.684369131891334304e-02 8.572723869536043317e-02 7.342279875747391438e-02 3.202475483131679568e-02 9.505049349785517354e-02 3.456144347060174232e-02 5.977246930949762366e-02 8.764408647501450988e-02 6.356120128594976160e-02 3.031932055638637824e-02 4.939873794249695360e-02 4.604170188747672143e-02 9.911171381791222812e-02 7.967733630314122184e-02 3.384429415363499061e-02 3.303203546681765523e-02 9.592830376396156711e-02 2.758565577481744344e-02 7.059861861692710849e-02
7.491098355784535368e-02 4.566573515140531780e-02 7.195402703641255726e-02 5.111152844663242878e-02 5.534445547938821042e-02 7.790659972768421149e-02 4.765028800336072040e-02 6.318766625103809653e-02 6.274829702854720082e-02 1.299195499032049922e-02 6.571734169982133833e-02 4.816855707210634940e-02 5.869856148528374007e-02 3.587818048430170548e-02 8.406460699902169875e-02 5.328421199189523061e-02 7.744708474046189950e-02 6.956206584285651480e-03 8.271904982562558462e-02 9.270197825300784122e-02
6.197136381084467592e-03 1.856728683271013968e-03 5.547182345020506417e-02 6.963441665279053450e-02 5.673640929153659501e-02 9.530051137261044691e-02 1.455807183909813007e-02 8.495937405459701164e-02 7.819997702544149998e-02 8.118433862362721409e-02 6.690127480977746399e-02 8.852406521137279327e-02 7.808611232811490943e-02 2.865901605743161051e-02 9.786653125339422887e-02 6.776587925093274789e-02 8.061394881223969688e-02 8.729136320152218464e-02 7.533587554193794944e-02 9.478209843597977524e-02
8.395980920430078098e-02 4.804013120657025376e-03 5.223564490607363053e-02 3.839634354885610584e-02 1.839036863847680683e-02 4.989068652935274573e-02 3.266785759803270128e-03 7.103319386632676868e-02 9.059853081742443026e-02 7.533481260555305314e-02 7.183737528028467240e-03 2.824959234846995473e-02 5.745902263469859078e-02 5.318872168507504661e-02 6.281984884592275997e-02 9.419581447477801128e-02 8.686232975986060700e-02 4.290922428700697649e-02 2.855025647334864802e-02 6.671002583509194617e-02
2.880625913788742443e-02 8.574854034131432212e-02 4.452957481313447007e-03 2.810335412379424622e-02 9.370001995695348418e-02 3.691229547755614602e-03 7.821777602826057718e-02 5.488268196566226109e-03 6.345620790714548431e-02 4.815998714228884175e-02 7.513666511630552602e-02 9.358828703620869494e-03 5.851157893367782414e-02 5.510102335795191014e-02 7.757835331059120820e-02 9.762545206828605882e-02 9.926332769497356323e-02 2.944396145482816238e-02 6.206952566056862797e-02 5.351167360085036517e-02
3.092444218840445513e-02 9.831166789911953419e-02 4.357830867043038098e-02 5.759746315793434074e-02 2.013577587149210230e-02 4.036723075859927068e-02 6.075120489827301809e-03 1.952249096458369415e-02 2.591602008620728231e-02 8.455342101998038207e-02 8.226444621949977054e-02 4.029539745838100345e-02 9.698188106699135586e-03 1.050808901384917698e-02 2.135444074849862650e-02 7.340308217430736859e-02 4.508571113487839371e-02 6.944662683706358253e-02 1.091483338923560087e-03 4.144934346505343981e-02
9.323919370976768706e-02 5.280342996061945793e-02 9.646028069100265334e-02 1.704275864427746631e-02 3.265306590284914462e-02 7.928449998637300544e-02 9.544895520020953150e-02 4.466039350854187490e-02 3.140816801722070423e-02 9.455278856326351788e-02 8.587613700288111718e-02 5.237719262620137844e-02 9.406369216136675759e-02 2.207360003301594986e-02 5.527182384219064132e-02 8.950542257004978630e-03 3.952885378264230781e-02 1.218735014499627844e-02 6.581321129236276934e-02 9.121392641328285311e-02
