2.861838299921454776e-01 5.105802230199230074e-02 1.016201240468914413e-01 1.331076857573595396e-01 3.603979476472565779e-02 8.147875033428389480e-02 7.518632733546976553e-03 8.816147436655774605e-02 6.673763590469915241e-02 1.252544177104736867e-01 3.932068901788693394e-02 1.533311063786625961e-01 1.182960278033163282e-01 1.061804016419703733e-01 1.146675391474266809e-01 1.531320876458260316e-01 3.200127242363765695e-02 6.646074524833087138e-02 1.013517607438676055e-01 5.379207335091040765e-02
4.287534450394697716e-02 6.348872422603922538e-02 2.918009152671845879e-02 4.514790248263039069e-02 5.913579809843505508e-02 9.359108871118798634e-02 2.272519134964055484e-02 4.299179120056562803e-02 2.221721447543191855e-02 9.933188394892977779e-02 2.909716439443587460e-02 3.020427558845963437e-02 5.498707473312267752e-02 4.508448678624597111e-02 2.319929167282266252e-03 1.876523103723668970e-02 3.642656563024455809e-03 3.290653736601319157e-02 3.926703890665039082e-02 9.406636591268087433e-02
4.227273104912199903e-02 7.239358034247514451e-02 5.338419813625784605e-02 5.245189267422925572e-02 1.017414835686233365e-01 5.375355234344538630e-03 4.506049060995937286e-03 5.507107081841371848e-02 4.114533807845090381e-03 6.080261799644511023e-02 6.425304276773749490e-02 3.952481522020767635e-02 7.339996567439344144e-02 6.390812852721973469e-02 7.822178618000935613e-02 5.627799154167403839e-02 1.852940061009050385e-02 1.030052999034778288e-01 5.458649196489942512e-02 7.966499281556860268e-02
2.558688735590450639e-02 6.434875661669251998e-03 1.691592649160976111e-02 7.497706301192381961e-02 1.934288124622715599e-02 7.371504121937103027e-02 9.455305840151004976e-03 8.070310746689253467e-02 8.457853847484382570e-02 8.356967090662262287e-02 2.549001969254462152e-02 3.455610658167622418e-02 6.466487361447117999e-02 9.132357348774686190e-02 1.039965482048783446e-01 1.915035871694194605e-02 1.209447926577720232e-02 1.058933976559252171e-01 9.127526011171685494e-02 6.269020410062364768e-02
1.990378429152042661e-02 8.594752062353805400e-02 7.502741080786794192e-02 5.898724091041506606e-02 1.322702995624260719e-02 6.262006395702999747e-04 6.962106345335618285e-02 8.106584756964166361e-02 2.843851374593214104e-02 4.876262257562318653e-02 2.377128046684457222e-02 7.361636251775525996e-02 3.429800468486299877e-03 3.092841557473551342e-02 8.481043246229881538e-02 9.307328903408593201e-02 1.027258218236843379e-01 9.476953681940415361e-03 2.603273474081123709e-02 5.974522221356245999e-02
4.503919711777467499e-02 8.498700881696887033e-02 8.275583072051308220e-02 4.788065981021137618e-02 6.624259926738269855e-02 9.056972825441166053e-02 5.972373333804447543e-02 5.239405380986350558e-02 2.088673267390006583e-02 6.833027000957264674e-02 6.310950741820715859e-02 3.884900360964172340e-03 1.025684864018372722e-01 9.297975709244103715e-02 5.063019037584813586e-02 3.139584419334182780e-02 8.167467552808835296e-02 8.413454902742532882e-02 9.047589977920923732e-02 5.212698110431820964e-02
8.493401291890492755e-02 7.333657232916902802e-02 8.769136354596603067e-02 6.164870216865950270e-02 7.443229286030909886e-02 8.981979085115766870e-02 1.017128124840435410e-01 8.916764888004372058e-02 3.780474680842304397e-02 6.645397770176095231e-02 6.605142434696012477e-02 5.359056707319104218e-02 7.918493309290257354e-02 4.402980291197172019e-02 7.015063023448334101e-02 6.661401516631891562e-02 7.541676060858913677e-02 2.187016216250371389e-02 7.599092532335224859e-02 9.777904547384701217e-02
8.181987398286431901e-02 6.944619292139012079e-02 6.380003591329319601e-02 5.454307080741423869e-02 4.646701143643414827e-02 2.681178985864083805e-02 4.757208997072105011e-02 9.701001014243898490e-02 7.742721726670447058e-02 2.523311805664070831e-02 8.907298292929369254e-02 8.218374708108990359e-03 4.083359669401601111e-02 1.883740446111846489e-02 9.722363021451548015e-02 9.806166571790331243e-02 9.216279743022674775e-02 1.442400979125148600e-02 7.491890504933322592e-02 7.556731704049336751e-02
5.183222319162471541e-04 1.010022070931185234e-01 3.406389366001598418e-02 5.011495765566669619e-02 4.205252473365469340e-02 4.609045071850356029e-02 1.563797279215524069e-02 5.379525465077932000e-02 9.819616639652237189e-02 6.999920153895006214e-02 9.969258174766562619e-02 9.399203388851209984e-02 9.792852493095871580e-02 4.012789622662891326e-02 9.022959544322338432e-02 1.008929905346836187e-01 5.599422955863649076e-02 8.035736038429742989e-02 1.363750835024516751e-02 7.779092359629434517e-02
7.596983724694683637e-02 4.284111908462007179e-02 5.925300747934104939e-02 9.788323241907462280e-02 4.352398845712018849e-02 1.739167245989654831e-02 4.200327087204297483e-02 1.638373778771835126e-02 6.264258362959843063e-02 4.361198469211359507e-02 5.729216956352228135e-02 4.369085867664809775e-03 6.596093757028818894e-02 8.592667297894918121e-02 9.603564129190216014e-02 3.676500485626462561e-02 3.722623034487536516e-03 2.882435587403854582e-02 1.161528878037543580e-02 2.817710139764641186e-02
5.113241884464210518e-02 1.028648752163477953e-01 8.758227564535915610e-02 8.424711473496791780e-02 9.459307877925930697e-02 7.479728848044921163e-02 9.576911083521000290e-02 1.239696583097015144e-02 5.944520833197144277e-02 9.172406144232765624e-02 1.151658631756281859e-02 2.768335635449669860e-02 1.387883904579745309e-02 6.841025077497758788e-02 1.022149986558330698e-01 8.203899151086883890e-02 4.199354546734680727e-02 5.833180248910268401e-02 5.430300146679926249e-02 4.629566794807148111e-02
7.996855705159493233e-02 9.624923102740227943e-02 1.355765492389794311e-02 4.976447572766562466e-02 3.857693647192862035e-02 8.981279942426703689e-02 9.058115205849660845e-02 2.409389729664838942e-02 8.684117894578365082e-02 7.416744224308384481e-02 6.518089266014664984e-02 7.202173507439488254e-02 2.559014968514191496e-02 1.561915983998172011e-02 5.539610250921098156e-02 6.602822460398108384e-02 1.667103807772930824e-02 2.772632383486842156e-02 4.023917546142550400e-02 9.519171765640772886e-02
5.403796750795765609e-03 1.023096881092333457e-03 1.674021283881933775e-02 3.588808876670737495e-03 2.671108421199088270e-02 2.422206720914739375e-02 7.276977177521597173e-02 9.513806527753668196e-02 4.456665963789191443e-02 8.188838714567708843e-02 8.308535782138543047e-02 5.445717066302482173e-02 8.340171432947941776e-02 4.171394018396986508e-02 4.275754547050111126e-02 8.058281724100482823e-02 4.100609410622576417e-02 4.765361459789782539e-02 8.907315468649126822e-02 4.045615701716973045e-02
6.142665035449215716e-02 9.184761130134742879e-02 3.931975902617836083e-02 9.383188186709716383e-02 8.633605232739416380e-02 4.568925491528009336e-02 8.273203169659611167e-02 5.722379011420534317e-03 3.032978369847582831e-02 9.224420352431301692e-03 5.992064620982322058e-04 3.242415684417907992e-03 5.629353933958638340e-02 3.621995986143878611e-03 3.715464087770118523e-02 8.703990778174375276e-02 5.599056783187587177e-02 1.050624134577469448e-01 1.324731692843031210e-02 3.593789351034127472e-02
6.980930620905337336e-02 3.781501484143605374e-02 6.073573565360903398e-02 4.176835143644070519e-02 7.175881972011967369e-02 4.472193554156973089e-03 6.304786212205508444e-02 1.849378886438373185e-02 5.441672483933574639e-02 4.229579164056376794e-02 5.564568828739742401e-02 3.436188016676595264e-02 1.304577882565530894e-02 1.012597138043153100e-01 6.121881478449039959e-02 2.899465582071768591e-02 8.626722536186877399e-02 3.630851815549965278e-02 3.897800663079711847e-02 2.088607961658749818e-02
2.879664497412950594e-02 3.446343654988148764e-02 8.858420801244622222e-02 2.483746183588390541e-02 9.822768485892070800e-02 6.454337538451373861e-03 9.037878267358852302e-02 3.186939061643268793e-03 2.582852341064405949e-02 1.043376722556106917e-01 4.862192310579933896e-02 9.820150006656210018e-02 3.280008387881987869e-02 8.425230518217920531e-03 7.592097867941240141e-02 9.070367112971798595e-02 2.254328302668580017e-02 3.719068874542726111e-02 1.164015144212821908e-02 3.400407806762249102e-02
8.455242577338435706e-02 2.499235003571333852e-02 4.713578432905078663e-02 4.364018630246586927e-02 5.730862237220738474e-03 9.428628801274005142e-03 8.923247167959807991e-02 9.972755175821133855e-02 8.910110890572087161e-02 9.384926941123923616e-02 8.743428082413985669e-02 3.679652364016904736e-02 9.675252688711222238e-02 8.565904073684134368e-02 8.078846488250845947e-02 3.242758946937310260e-02 8.910935177011194974e-02 4.161805392282532517e-02 7.058394649283535049e-02 8.109983234847899236e-02
5.188516711163203288e-02 3.463107013352928476e-02 2.889825300424192847e-02 2.771198658677592741e-02 2.478778231463646745e-02 3.215570405592860226e-02 4.209160407970449075e-02 9.580914708860624462e-02 6.962902677229844406e-02 1.015044521023105856e-01 3.953422129933931856e-02 5.545163695784328939e-02 3.994434482465506614e-02 8.519789356654400292e-03 1.434128395055574677e-02 9.322676498916274146e-02 8.298134538296358942e-02 4.905926376596059235e-02 8.296545108746712638e-02 1.016527097605595675e-01
1.058998420016095121e-01 2.969888974555895747e-02 3.300939434563665564e-02 6.481491752531218231e-02 5.628852266535059462e-02 7.184723550177904428e-02 7.516838922680334212e-02 7.932032263083632628e-02 8.573156991680012592e-03 1.052070814733984949e-01 9.498477075055615504e-02 3.443554740602743774e-02 2.428615221907354585e-02 7.771792843982663901e-02 8.707390804423460751e-02 1.951450705238930855e-02 1.346080237942801766e-02 6.302043839698991991e-03 6.282959055607524601e-02 9.153678523233900466e-02
1.172902010049132852e-02 1.988632462887615551e-03 9.510697094495287884e-02 6.763043011057028042e-02 9.153222711045529147e-02 9.417665423203576414e-02 3.529922353542393892e-02 4.015519179324120169e-02 8.610790583583487201e-02 2.191926098591807232e-02 9.582285870096741986e-02 4.228148255702419978e-02 9.479794847679121061e-03 3.991540277339802184e-02 2.691482747931377151e-02 9.161318950424736374e-02 6.877873579501525558e-02 4.969093023187299424e-02 1.425723265382774010e-02 7.235509245617424701e-02
