2.100043604409380649e-01 9.755559942881297797e-02 1.544487804967174804e-01 1.391712352518832962e-01 9.446844836390436151e-02 5.643689859021334271e-02 8.679533079174348020e-02 5.034310143871439935e-02 1.457618363629871738e-01 7.277272322292079043e-02 4.095444813605082779e-02 1.031336684545099691e-01 1.074959878083888154e-01 1.104186031209871827e-01 6.678908126954408164e-02 1.066612699110771889e-01 1.134610052034430439e-01 1.324470192372077526e-01 3.787729912960920153e-02 9.782048681448848870e-02
3.643048653073085313e-02 4.822889785713987965e-02 5.309805479865689626e-02 4.924545700516325120e-02 4.724648120957705699e-02 4.897664495739705720e-02 3.660665725020495476e-02 1.213083083443051817e-02 3.440169150602251369e-02 3.497035094623673207e-02 7.986282101868807937e-02 7.649864916300269657e-02 3.834311459306458808e-02 6.269941413325381963e-02 6.714354161624407069e-02 2.226353991423276821e-02 4.219845745734235321e-02 2.826769223396730091e-02 7.797629242982513642e-02 9.283944586098062668e-02
9.918382624458046970e-02 6.901170998596813100e-02 6.297800299835365490e-02 7.414685654214274446e-02 8.658093282380252553e-02 3.675350431634055032e-02 3.334069892370016691e-02 4.795686161396579827e-02 4.614563858159530935e-02 6.640203508867173476e-02 8.687111368112543364e-02 3.880550598601460038e-02 4.208601501992732807e-02 8.253220217335993647e-02 9.868746836843533821e-02 3.883401549401013786e-02 8.148346158983243992e-02 1.525065992860297377e-03 6.013560774131487818e-02 6.273451719499538448e-02
9.969658229650366077e-02 3.735038526492519273e-02 5.608532992908291104e-02 2.655866967345432705e-04 4.095630057903756893e-02 6.704827619878500622e-02 1.903780829573216427e-02 9.374209399317928737e-02 1.975238610705695383e-02 9.756437621020148943e-02 2.690148386308523210e-02 4.402272845125810088e-03 4.553051105591598285e-02 5.608052151841964872e-02 1.929894925248960835e-02 9.269904361730131603e-02 8.521283826906440872e-02 2.910359084111147250e-03 6.830464640385676411e-02 4.935406065788250363e-02
7.212846490073558658e-02 8.521119192871680348e-02 1.853188720680988208e-02 5.470576248738739239e-02 2.932150693312774066e-03 8.471802287378417395e-02 6.057821188927904610e-02 3.149402629195412889e-02 8.684864303674783015e-02 7.686202842213261943e-02 8.781732334386112282e-02 6.590490207782356835e-02 3.928120828049716518e-02 9.031500297839839542e-02 9.189337185226355287e-02 7.869315741349031113e-02 6.784088855403015705e-02 2.516700856901720254e-02 4.161363071957092929e-02 4.946705973397343137e-02
8.104273347603858924e-02 8.181004040696296387e-02 8.857982742183517777e-02 8.795042049865973988e-02 4.746200721807680711e-02 9.051071880870231734e-03 2.930351817361556352e-02 4.851608610398516763e-02 5.344427979727157940e-02 3.952881140066009241e-02 8.466569056855011155e-02 6.294184409224061472e-02 4.104972195879896119e-02 5.671711780062913683e-02 2.781937240671018829e-02 4.847317129567899063e-02 9.428916333412529216e-03 7.475913277521802069e-02 9.574169071603612358e-02 9.056640257739945188e-03
9.094912245761214986e-02 4.300967376488534083e-02 4.425182884624783569e-02 6.490879034146590683e-03 4.057389830643655382e-02 6.296123479120489808e-02 7.786494073156677298e-02 8.407286606159389275e-02 9.549673006128842068e-02 5.355746784960960238e-02 5.762729444120995477e-03 7.897208498837895996e-02 6.003816137906205219e-02 3.860470147846657707e-02 2.429643283225592365e-02 6.695218405296983477e-02 3.436955122564604864e-02 5.265645902287197436e-03 4.587174259061655227e-03 7.547839202245049117e-02
1.525627394353895605e-02 9.812171826461030255e-02 9.871696663888523959e-02 3.165296287338714709e-02 7.821180095972621316e-02 9.457510293604870499e-02 3.237282347039649802e-03 4.192701561026384444e-02 9.445871469691116684e-02 9.822469637811959142e-02 1.251120725730486827e-02 4.636885088323000614e-02 2.856333932104290416e-02 3.682496056809481111e-03 2.737549146523651430e-02 1.122264396240290132e-02 9.346273659389840727e-02 4.155723609766024534e-02 8.196886035223735489e-02 5.608748136786174954e-02
9.740507753766208809e-02 7.685004706296447163e-02 3.958733107494688541e-02 3.412426336798420057e-02 5.187442953658154970e-02 5.989781154126774809e-02 4.511192771309980101e-03 3.053630358769987563e-03 9.629821385310133319e-02 4.313844415813344879e-02 1.785858685663245168e-02 8.107190220486672205e-02 4.449915530896055016e-02 7.153216516362467803e-02 4.139228492320182196e-02 8.137550160713585834e-02 9.350702794828238962e-02 1.751881456328270234e-02 6.154355080198938011e-02 1.847011183162524869e-02
9.516281247618164907e-02 8.118598952119004952e-02 1.365683663858484678e-02 3.326838320594708437e-02 6.877817234532866697e-02 2.584742351238986796e-02 1.895119212987239621e-02 6.485282806623274277e-02 6.150526549699014689e-02 2.519357890182147980e-02 7.681776302324189176e-02 7.719995738607586533e-02 5.833848341997765335e-02 9.306899631473990187e-02 1.002539336649999058e-02 8.638294217267800112e-02 6.417370697252178235e-03 5.182438979612843943e-02 7.925245541938364877e-03 5.136519618435016199e-02
9.833315748369104992e-02 3.605048873438585627e-02 5.982288831161758358e-02 7.061330967718547347e-02 8.542322059025232728e-02 5.569039102265896379e-02 2.325759960035163332e-02 4.952795990899792195e-02 6.273566959265682030e-02 5.800034350668920036e-02 2.405369960329372184e-02 8.318442876769170657e-02 5.720568361700555798e-02 3.467414998625768796e-02 7.459094249399171594e-02 8.976306530007872875e-02 4.885123294914224534e-02 8.975951038136920079e-02 9.958068038506567854e-02 6.506094527810718509e-02
6.317470913155898496e-03 8.927605446647431109e-02 2.204692725809876026e-03 1.916073454683052749e-02 8.530218024695176982e-02 3.117857323312885065e-02 4.804306213921713531e-02 1.080369703848366170e-02 2.812260951977947621e-02 7.562875744314953574e-02 5.567565712727482602e-02 8.935849411172798462e-02 1.450275183433757942e-02 5.319478938576232413e-02 3.312941961356938997e-02 8.819749982059282845e-02 9.578768613157274958e-02 6.535146266553891470e-02 8.776157505504839085e-02 5.800930284401156073e-02
7.974032527642537990e-03 4.741935347240915782e-02 8.540771013591058614e-02 1.131455874448378252e-02 9.657737299879870507e-02 8.352418342721112943e-02 7.780699510670263663e-02 6.380801491637178025e-02 7.590712852724829096e-02 6.184311697820731729e-02 6.852828511934827907e-03 6.638656417584510097e-03 4.554946109879343119e-02 8.515612926331433963e-02 4.894877101235937250e-02 6.227201163668987655e-02 6.748718673485588166e-04 5.673802920404955041e-02 8.594158904145003663e-02 8.454152158119346283e-02
1.786102687257883417e-02 6.542147012500394709e-02 6.689675721601344438e-02 1.805709122309734349e-02 9.249461806381556461e-02 2.155153824469158239e-03 8.337749849202968910e-02 6.947566129015465830e-02 3.988332057900115940e-02 4.631354442937141158e-02 5.178037341511377255e-03 6.843818985501372298e-02 7.310117032341299781e-02 3.854176462819777771e-02 9.170817617183879555e-02 4.376747426817975684e-02 6.133392464341772682e-02 6.849202156785355600e-02 2.264433329449276958e-02 2.986064792688614133e-02
4.152415691822275434e-02 8.450520971246794355e-02 9.749911087840136548e-02 8.205743583747338379e-03 2.480805797046486960e-02 4.771041699736480735e-02 4.710522721757353509e-02 2.562838042459514645e-03 8.292619065333030337e-02 1.326202710298651777e-02 5.095659479503880651e-02 1.401910724742587780e-02 8.660679408484505890e-03 2.327113960088202094e-02 8.628728887632579336e-02 7.260394539760350874e-04 1.665735704803690195e-02 2.260184130461795338e-02 9.265491325250024834e-02 8.328925130628121731e-02
1.131667571578901660e-02 2.190453058139016015e-02 7.384010932527687587e-02 1.500123071444475764e-02 4.827662526082054928e-02 9.046137452042407601e-02 4.787051263049223876e-02 2.759965189017497128e-02 1.469041377152909868e-02 2.014027507693198077e-02 8.778305221145860093e-02 2.102616705552594681e-02 8.135818875217984414e-02 2.398866135248858486e-02 8.073278596996223688e-02 3.443988841342859181e-02 9.697083306678269676e-02 8.290321050080291798e-02 3.983595830098135560e-02 1.631458398532252899e-02
6.269597114679513472e-02 7.999844992265481292e-02 7.155618874611656410e-02 4.845473775209432898e-02 3.638396800345178317e-02 5.763440463928616586e-02 1.688305919932470145e-02 6.890495183241241578e-03 8.289836621894709767e-02 1.077852154860248213e-02 7.689189889150827018e-02 4.923258591971603482e-02 6.129492071725323177e-02 7.239521718859108501e-02 1.540072094163269598e-03 1.826982326246335761e-02 6.226241557095243961e-02 9.134594564557374508e-02 2.632295994714211121e-02 2.385050482181241480e-02
7.000865052750393502e-02 2.034499123403845852e-02 2.511719809447675658e-02 4.763593967100476084e-02 1.005429919818623397e-02 3.416723881087505715e-02 1.726817746661186634e-02 7.479948958442166063e-02 7.367320302633384617e-03 7.390938738660780827e-02 4.754501184605074843e-02 8.536061155649245225e-02 4.864904287324661042e-02 6.416076670968770546e-02 5.703028122455933374e-04 9.804307735910845756e-02 3.958146483776248288e-03 9.555851689168344543e-02 8.363022293656018069e-02 8.553223526630135409e-02
2.563159667136691994e-02 3.774710660710341170e-02 9.321692821576788024e-02 7.223526381942774188e-02 1.492251573781833238e-03 6.573353130300456371e-02 2.408771282303895367e-02 8.612829404747118778e-02 9.911495914806853214e-02 3.029844136245043659e-02 4.144117614635803304e-02 5.621268973773650007e-02 1.008790280631480935e-02 7.378311585044812493e-02 1.160092662524440238e-02 9.398026645049441241e-03 3.802345525152232147e-02 8.820205997611835214e-02 8.199701435744546907e-02 5.640983882233357311e-02
7.674662829324765956e-02 9.762250799601222828e-02 1.992223251336862344e-02 3.449323236388100039e-02 9.377540461207950484e-02 9.082448026848478212e-03 9.571344801069736619e-02 6.736533520997010915e-02 6.350605474963487429e-02 9.404411905569096120e-02 1.408515355190798068e-02 5.823594248325920930e-02 5.346067216353396490e-02 5.425771381888540301e-02 3.075509904601218120e-02 1.765559373051806121e-03 5.590367931555917380e-02 6.919401459547416811e-02 7.082078741130509725e-02 6.679074262805113904e-02
