1.724376399325102671e-01 5.995924618273663909e-02 6.329323903758934944e-02 1.102051456602599205e-01 1.027210161393387611e-01 1.004437648898910684e-01 4.441502164766644722e-02 9.047103624962746227e-02 6.791327344699463198e-02 6.466205421135270970e-02 1.584450012110652853e-02 1.466682645956439157e-01 7.762601205950872552e-02 1.022281736646149380e-01 2.505752683344968784e-02 3.108840124812628503e-02 5.669293144202156715e-02 8.515885198218919871e-02 4.593135100405724286e-02 2.230806968392912842e-02
9.819308807623385038e-02 9.991571058007370221e-02 2.761242586528117257e-02 3.582243556655791139e-02 7.038488937585062402e-03 6.521066196832930872e-02 1.040915107185818970e-02 8.053399420596653313e-02 1.086453032307270646e-02 1.415446227274256945e-02 7.927515816472548160e-02 9.949962003372911368e-02 7.133103732344041326e-02 1.228333414470043862e-03 3.657541709049922513e-02 5.273566122709982817e-02 1.506219936469469119e-02 1.065234583559661156e-02 7.460361792520293911e-02 6.295592133768340704e-02
2.281569321260001892e-03 4.748268486661343102e-02 6.344995117701579534e-02 4.847354718815469199e-02 6.538424214818204516e-02 7.445460268920348068e-02 3.807606470920021913e-02 6.199659602677826120e-02 8.674035837762364420e-02 2.155135801926424260e-02 5.674408728196182750e-02 5.803551445075247339e-02 4.278165794394764299e-02 3.308576423172215897e-02 8.472302171635368029e-02 6.178595612492509409e-02 4.691805157434478235e-02 9.180487944461956928e-02 7.710653974609976702e-02 3.481350220366061926e-02
1.189564572664639740e-02 6.790745062601497017e-02 6.203451612473823845e-02 8.975700435506767105e-02 1.335235360336171212e-02 4.510123981422754780e-02 6.263899629066180252e-02 1.614777857964085420e-02 8.758309045126590198e-02 1.604616687048682905e-02 3.556181162418020712e-03 9.621593770329724127e-02 5.194274698910981286e-02 2.464348693840532484e-02 2.815925939324408558e-02 8.840162171225738816e-03 3.214163599410897743e-02 1.090297233235690104e-02 6.303265989333849129e-02 2.623693150224912576e-02
5.276957184738809842e-02 9.254120800753988518e-02 9.884401135718989817e-02 6.307672465817382168e-02 9.759631076341315770e-02 1.718716513038212081e-03 3.462529953997995485e-02 6.481642651018730550e-02 2.965225970049341353e-02 4.954766294680892913e-02 1.251260545676232197e-02 1.364426914451364985e-02 9.266486825744038591e-02 4.447416012757481052e-02 9.995843409530213997e-02 8.546802294753973184e-02 2.710425210786986117e-02 8.533145951919783589e-02 9.720477370368127423e-02 4.715555549049784551e-02
3.918720134798717863e-02 1.224270894314956511e-02 5.726690891823642965e-02 1.774993752700200142e-02 7.279351790036042713e-02 2.831110316097245130e-02 4.632186009052886161e-02 1.918317861218972464e-02 8.103506379453212505e-02 8.685002605233221873e-02 7.465868352193713586e-02 7.146390156115473014e-02 6.307747093933385729e-02 6.683211774942095229e-02 5.377114029587051064e-02 6.302061621955679094e-02 3.446915380582168953e-02 3.490675278968944500e-02 6.971033423929308415e-02 1.616763351757632625e-02
2.285148894514588830e-02 8.241282922701154146e-02 8.365985451705547360e-02 3.548058723702218059e-02 2.952348027243169130e-03 5.127339561453915506e-02 6.654762306889157319e-02 2.749356292401811466e-02 3.114254675028493499e-02 2.447323157439050545e-02 5.423391903810258902e-02 2.558782194198147217e-02 1.206776729586892666e-02 1.485466624247603305e-02 4.938055864716461851e-02 3.592236069535718608e-04 5.837287440791341653e-02 4.198477247008521734e-02 6.209782513200722692e-02 1.451883132854647936e-02
4.129012039936619249e-02 4.054663505419166605e-03 5.946563902269422219e-02 2.222068582035879522e-02 7.310079099630675814e-02 3.868051564129538350e-02 5.841350057905471405e-02 5.703838111292371116e-02 4.621553351413588279e-02 2.056382650165800713e-02 7.784889937405356508e-02 6.998534776921892797e-02 8.949459696115114049e-02 7.641239765771698500e-02 9.637787332101460658e-02 1.672711338191037664e-02 4.510813458586436855e-03 7.032518730961684339e-02 2.439991222507085361e-02 6.429472555461240857e-02
4.857954551122722203e-02 7.468658267693929764e-02 2.172952901237732034e-04 7.513374533014678669e-02 2.200228854624755245e-02 7.075606713457706365e-02 7.140938549744528518e-02 2.229050649612920876e-02 9.624244103186216370e-02 7.184757019933002420e-02 4.302302699354784189e-03 4.505752326612410402e-02 7.652926326702530480e-02 8.507406255576462073e-02 6.272439907591657871e-02 1.422710327496398523e-02 6.485191886267258066e-02 6.035214488236226998e-02 8.028749249881285757e-03 8.048872894407185785e-02
5.723878555636319025e-03 9.291194072724068276e-02 6.244980601808564763e-02 1.259379321265561430e-02 1.527179098510148686e-02 7.793094606063789842e-02 5.961880941000286677e-02 7.732502229687354678e-03 8.450538483922404032e-02 2.961699784646552522e-02 5.953835348242905029e-02 8.430557546999502272e-02 1.648777027768341674e-02 6.861989374154439658e-02 7.217100483495238195e-02 8.606278501338139597e-02 3.773431677732078798e-02 8.499226081333552396e-02 4.343619142685629757e-03 9.803703541088847062e-02
4.685957557241299254e-03 8.313505954513024723e-03 5.486914057850329762e-02 3.990380348026483642e-02 1.286660200586033087e-02 3.944419690879568535e-02 4.119798444100185308e-02 8.651077465566042388e-03 3.484244409614005444e-02 2.805811408076905669e-02 8.693639196269310754e-02 6.931169378687232485e-02 9.609134083135736915e-02 3.830305656612651571e-02 3.521526836826578688e-02 4.322342896795105388e-02 3.021405031715022546e-02 7.367141801075024685e-03 1.878145475360751271e-02 5.801575382863820296e-02
1.432291463056866582e-02 6.673422492797159711e-02 3.191566767800717991e-02 5.992718407967521921e-02 2.931286823477133666e-02 3.968962162816359190e-02 9.486927004749216852e-02 9.115958601053529564e-02 8.423816208907065894e-02 5.510213373896881428e-02 6.556923034303946407e-02 6.535959822476057612e-02 1.171116113747156830e-02 8.148169441415110958e-02 7.940537928315241634e-02 9.571996928835944940e-02 7.617251578969127211e-03 6.330460895521547449e-02 3.471209765949558046e-02 4.195705227993055259e-02
1.391677058765494572e-02 7.398603086464204670e-02 5.898970546189129249e-02 2.783006973282783902e-02 3.522652992071052813e-02 3.526376470397571405e-02 4.065416011766912613e-02 7.543016526793666458e-03 3.044606842893256976e-02 3.861288751264577851e-02 8.999946388399322761e-02 2.504547349728607902e-02 8.102392417442488837e-02 1.841210207249175041e-04 4.640137572436320995e-02 6.633642867833840218e-02 8.634644965974229425e-02 1.385265728677798763e-02 9.479688007926939664e-02 8.968370096891818688e-02
8.249998314641807107e-02 5.073829535280225712e-03 9.596868685188560122e-02 7.133782589087354908e-02 4.935901510754966276e-02 6.137022692549511452e-03 5.972504695560770793e-02 9.094230058249708898e-03 6.437105785578561834e-02 9.790411748623994992e-02 1.587830677439390492e-02 6.333762265213338516e-02 4.277628827326954153e-02 2.821641547197226152e-02 4.278811354157644603e-02 5.512361329247153496e-02 3.497599717149944137e-02 3.986752095681111302e-02 9.635309335021520483e-02 3.797942862847320617e-04
5.163378464928609912e-02 6.948244575388157207e-02 8.194671768464129036e-02 1.986954764606931045e-02 4.734561149553905696e-03 1.933136128703021733e-02 2.842120167091672159e-02 3.916559312339259330e-02 5.629650495588735953e-02 3.803212940372024259e-02 3.248804921500456078e-02 6.961461826662647401e-02 3.973106403112417612e-02 1.646876518133249742e-02 2.480574598104507561e-02 2.673337634013447928e-02 9.380773444817337714e-02 1.864912260054209237e-02 1.628929942384460539e-02 9.080965068551008490e-02
7.204397958440564298e-02 1.983204133749148432e-02 3.926019386327180005e-02 2.681996337280484824e-02 5.275663091738218985e-02 4.935397889741083982e-02 5.834871921580705306e-02 1.652353048158282378e-02 2.402910529620067362e-02 9.029494992180672752e-02 1.706299725760953775e-02 5.232584692376948676e-02 1.072619774073412316e-02 7.750601269374957081e-02 6.163865297484542871e-02 1.488013973903958530e-02 3.246889322310347881e-02 8.054320790943257646e-02 6.031242785082994301e-03 7.151427502631294009e-02
6.188288748489592650e-02 9.958169264991291458e-02 6.355641796649766362e-02 4.746631542339419668e-02 4.807967980030736221e-02 2.120007870445023493e-02 3.929862895062965350e-02 4.957890386741290595e-02 5.912726644822592637e-02 4.338198280267001328e-02 1.000153991783767071e-01 1.529529656947449523e-02 1.072563056199614569e-02 8.635488006045112519e-02 3.353384521786159644e-02 6.890084920923134071e-02 2.998129325819663682e-02 8.785878699291492511e-02 7.964476926711590299e-02 3.154530316563466941e-02
7.562058309303992809e-02 8.805434050961831460e-02 2.516873981134572572e-02 7.986967518510839498e-03 7.374777795935848201e-02 7.522016716801184499e-02 2.511823989233482116e-02 9.125648659923993322e-02 7.149406494444018878e-02 6.805973181181611265e-02 5.678266117444637218e-02 1.044745028881492212e-02 2.860997905977325645e-02 3.670447523918770466e-02 6.401428270111148011e-02 6.805813397716371782e-02 5.259154314716409789e-02 5.193050900650568458e-02 7.711718728275458734e-02 3.464374841544121814e-03
6.104292655087173447e-02 8.270394054057617073e-02 5.178342450500239384e-03 1.080714874545370130e-02 5.880704496189872316e-02 1.513623759526644234e-02 4.174288218051214888e-02 4.233301962800800969e-03 1.537270335526284490e-02 5.120952116664224257e-02 6.365845766047227572e-02 5.023577975291428771e-03 9.954390959950022710e-02 5.175741794419202318e-02 8.491889161179906609e-02 1.982815686740329458e-02 4.943085362540840244e-02 9.812798718435726542e-02 4.135385101604672348e-02 9.786805681183090300e-02
9.289881421178627918e-02 3.539763176216613461e-02 5.602131753666777375e-02 5.980186514479911286e-02 1.466058787896112534e-02 1.946100496139812480e-02 3.833700243975626809e-02 2.256427722386910792e-02 9.872918508943342997e-02 3.108625969541756184e-02 9.381064819890859788e-03 2.850960745074949260e-02 6.333463927008904648e-03 8.303053170145803519e-02 1.397915624397317712e-03 8.982197138020225902e-02 3.339366674892095543e-02 8.242687722854580290e-02 1.639285035059817250e-02 3.514799094639215610e-02
