3.019580411944022269e-01 1.087560355827890679e-01 1.510065942017867202e-01 2.472377910911257096e-02 1.097347019593472583e-01 1.026045402915992388e-01 1.320117756798424441e-02 1.047978086620920436e-02 8.691358012026505209e-02 8.477701225042640065e-02 1.356607766738378573e-01 6.120108510795702061e-02 8.445936523459959822e-02 1.187497776557243229e-01 1.529087745705891566e-01 1.172680688956515282e-01 1.374474580137923785e-01 8.715388837288949586e-02 8.200102048742004268e-02 8.693769946622693923e-02
4.289587657226056477e-02 2.761082751133379226e-02 3.967367348189753534e-02 2.793876519295999256e-02 6.937971390858961585e-02 2.866020883820532758e-02 8.437564267772268423e-02 9.328094889545131274e-02 4.987082344854759652e-02 9.784561799523890102e-02 7.942287111246038034e-02 9.775646414727111322e-02 4.482442968037479020e-02 9.200815988394284162e-02 1.889718215894199693e-02 6.938947299769469834e-02 6.524686700834786413e-02 2.735029758309158801e-02 1.443390394633346091e-02 3.765861680067427580e-02
2.521703944750174411e-02 8.144632186528780182e-02 5.546107395034310245e-02 7.800121546644733957e-03 1.449267624645750319e-02 9.019114224676001712e-02 9.711882753305373095e-02 8.570109831559538649e-02 5.577902585983796242e-03 6.840580426774107992e-02 7.039613583247432416e-02 1.292992047189182175e-02 7.090766031750019016e-02 2.775718027020819545e-02 2.959379346800983246e-02 2.490283295520945642e-03 1.255460648010492397e-02 8.355956882799826790e-02 2.128735587446386676e-02 8.601307863703246126e-02
5.991673732474610964e-02 9.512345475137285594e-03 9.371696329086601218e-02 3.033302998218286028e-02 8.872662951871100601e-02 3.128970270614712945e-02 9.112998638242791882e-02 8.130417935690786857e-02 6.019856373067061783e-02 6.988750198456149254e-02 5.507691504650708003e-02 3.259164580574894915e-02 4.672207223093267914e-02 6.954200484715293562e-02 2.436005656763552685e-02 1.099292071631499147e-02 7.892384904114381483e-02 1.588731928335810478e-02 7.987766323141728964e-02 6.110302408705051841e-02
4.860598413452511812e-02 5.740475985286136451e-02 7.053736414240178998e-02 2.843044408596165015e-02 7.438204325382014211e-03 5.234969482640784710e-02 7.378438968316274049e-02 3.309317805670151241e-02 7.790439067284094660e-03 3.632198439676975754e-02 6.676329938269916220e-02 9.503930585007962228e-02 3.994185466385222205e-02 1.090863497865394299e-02 6.656090073832122977e-02 2.348910876980003781e-02 9.689260134846389150e-02 5.175556810316596368e-02 9.774561122175336181e-02 3.076523475355286228e-03
7.772825804077199488e-03 5.262132075063022385e-02 4.530477218565375636e-02 7.148404795562131320e-02 9.519492248425402703e-02 4.159222902305348413e-02 9.775323647372619051e-02 9.013545804595735067e-02 9.888462806336702215e-02 9.279205073918889157e-02 2.193788994634811307e-02 5.901734276497384857e-02 9.660615295256147483e-02 4.386477404502189814e-02 9.136325065541961443e-02 7.789900169325390811e-02 4.894865615100336964e-02 1.182032292386889921e-02 6.828962673325848776e-02 3.807547565203073248e-02
8.971882734635422407e-02 5.026971372739925947e-02 1.747469938510429893e-02 6.090565867248676560e-03 7.570328041362950691e-03 6.525883952078402606e-02 4.096611202883457953e-02 6.317418368770014170e-02 7.731539841350919262e-02 4.439731944933764801e-02 7.533010567967926563e-02 6.542216276142172326e-02 6.677147926031246506e-04 5.893528946899781462e-02 7.600434199932887269e-02 6.614715508509209918e-02 1.637663094057159249e-02 2.217839276744342294e-02 3.318683080852803668e-02 8.612263363895056312e-02
2.701289350157276559e-02 9.302276981311122239e-02 1.621756077818214958e-02 7.239999876430035231e-02 9.912875479147241486e-02 4.496134548831987043e-02 9.445247632165713891e-02 1.307969984317111124e-02 8.797767584790226747e-02 8.565917773340371577e-02 3.231101749270100937e-02 6.828770494143110437e-02 3.056320961587122298e-02 6.545657198130437615e-02 1.251729126055150035e-02 1.663309658785635733e-02 7.291677290595476035e-02 6.520883121319580311e-02 6.592978646353098160e-02 8.540111388663398917e-02
3.762900889977045804e-02 6.956304307064097026e-02 4.354043439272895638e-02 4.686564330822143298e-02 1.526216256364467706e-02 9.424645749577655052e-02 4.162874830720309383e-04 2.146833773376057020e-02 2.204295234234598944e-03 3.349255257977266226e-02 4.062928149869176470e-02 7.860736489262992732e-02 8.808467143721852854e-02 5.058862322826173513e-02 9.311642558033673966e-02 3.799705050969286874e-02 4.706515169834697698e-02 2.861488940265300221e-03 9.191961231851598912e-02 8.145725969433491309e-02
1.876692896254608320e-02 5.985331191806574774e-02 5.315870587420967047e-02 6.381760864511058784e-02 6.140905497135058788e-02 7.277121636892343315e-02 2.056323707703537965e-02 2.441336221420344066e-02 3.541038852947388238e-02 7.533184596127659449e-02 1.969033691487083459e-02 9.009937189654560266e-03 9.009549066419772489e-02 1.026542808721923189e-02 9.287430421274926740e-02 6.783668779859718112e-02 1.953941659513568421e-02 1.560608523641318114e-02 4.664048585072162745e-02 7.961440931685986877e-02
6.043032140558243781e-02 1.861106491945556732e-02 8.362193199442569114e-02 2.969041138141067723e-02 2.419439332407883475e-02 8.656512060873751413e-02 9.370411453602162100e-02 2.395042492439071469e-02 1.536916891345748749e-02 1.553181409681270164e-02 8.320382236903678397e-02 3.587644387202474500e-02 1.882214988715782619e-02 7.017114446757555940e-03 5.461502457380168485e-02 2.525065677675752962e-02 2.224715530095117133e-02 8.318158343296785939e-02 3.552499098182550913e-02 6.834465682032529743e-02
5.379708014369719710e-02 2.882127948332044096e-02 8.490542949043819454e-02 1.197284741385568063e-02 4.610245967121700400e-02 7.864737141025907041e-02 2.049694784049353041e-02 5.425311584301817369e-03 1.662733265188919354e-02 8.212429389763158116e-02 1.181133809691760177e-02 3.333495682218658163e-02 9.025068853328500895e-02 5.273301973345920907e-02 6.111446122340596920e-02 3.497188743670114758e-02 2.887997161200902760e-02 4.518644184652936130e-02 7.587092636142107882e-02 9.442378011010356398e-02
2.062716587325548467e-02 7.054491024998164883e-02 8.667820097847046129e-03 9.558137975285851962e-02 2.636816591458114589e-02 2.069413854622853544e-02 6.586311467146233230e-03 6.053155136273562914e-02 3.828001950512438523e-02 8.977004929220110119e-02 5.006851700160203089e-02 3.936674339516237769e-02 8.621821860606142252e-02 3.495187031233278063e-02 4.094392969090080575e-02 5.877716897847549277e-02 5.142346789324499234e-02 4.932136742681641345e-02 2.660542993542755127e-02 1.667088625111108266e-02
6.751267944679027744e-02 1.882917978687816130e-02 3.629359088048028648e-02 5.938393277290585082e-02 7.468103725716424002e-02 4.729703400960129367e-02 2.757563385788115717e-02 9.573066365857195448e-02 4.278865078863769867e-04 6.540199185559458783e-02 9.513035049641362095e-02 3.649071807713089033e-02 5.108135652065004528e-02 9.414513552230081850e-02 3.636510772528480512e-02 5.104996465813473050e-02 3.734660763875368578e-02 7.438201405617447803e-02 2.763805202201461558e-02 6.693637988278526574e-02
9.555338029542902178e-02 5.350622063034471930e-03 4.377906122566702085e-02 8.079277524133848809e-02 8.641754681355572065e-02 4.778772102777979758e-02 4.936156091750262820e-02 5.472751676553866407e-02 1.169187655661969687e-02 9.455745556369896110e-02 4.254566819781790271e-02 2.737024668819938722e-02 5.432183580748517482e-02 6.338674490381002169e-02 4.402306142032155756e-02 6.514632776348074084e-02 1.250599738680017309e-02 6.422068771296510215e-02 4.691751733493076254e-02 7.226940265978976097e-02
9.521196104152439277e-02 4.175926252749030676e-02 7.101170135379035464e-02 7.400638305153296737e-02 6.042033026562844411e-02 3.544116307329579080e-02 7.662241731791014088e-02 1.287834569782320192e-04 4.246238096604691009e-02 9.603195531299003190e-03 1.714678303201340112e-02 6.685900072633373104e-02 9.622731947781165696e-02 8.812670882871430356e-02 9.026634903090108297e-02 7.050350283187566125e-02 5.666059923456392977e-02 5.240127038360747891e-02 6.652864993437293539e-02 7.388805763337838450e-02
1.543621024448529368e-02 9.570578515639803496e-02 1.723934177067102530e-02 7.804113476060597909e-02 3.972825649555670330e-02 3.923600398398701533e-02 7.894550899534595600e-02 5.362377141569307087e-02 3.954888713706718184e-02 2.653710454042749328e-02 7.773278097171359979e-02 5.274876272999040605e-02 9.590009747866627687e-02 3.386731452765084915e-02 3.969912217929480458e-02 8.788667359516336153e-02 2.476520711171045427e-02 6.418818481797718134e-02 3.883923041762021161e-02 9.987021376194117617e-02
6.917327412966819966e-02 7.803432951054074806e-02 5.652028549230189713e-02 5.688072407633346789e-02 5.017453923743481203e-02 3.526508011902793754e-02 9.728505565968610658e-02 8.443328734557650761e-02 8.007970176261529349e-02 5.251237800929084432e-02 5.874552754370590546e-02 2.682030756951031547e-02 9.132177888837260393e-02 5.719531840599928474e-02 5.319649525022152048e-02 6.347973384814974140e-02 1.603140735011884463e-02 1.469677067853785227e-02 9.724699384213865427e-03 8.765908484814448343e-02
6.250592929186631064e-02 5.832330772753494680e-02 3.971884026261038314e-02 8.056793914547827340e-02 4.888537962433014278e-02 7.990791861131463225e-02 1.808304730636075761e-02 7.567507570840567577e-02 6.127309471245433875e-02 3.365561296279475506e-02 3.174433337507710784e-02 7.932070712536641588e-02 9.604130508364044916e-02 6.667848079604137002e-02 8.943967726699436627e-02 1.014640772468451517e-02 6.640768232553405370e-02 6.713658242688901046e-02 1.564641416783644351e-02 9.020711964991873222e-02
6.208148438398443381e-02 4.329853939919951072e-02 1.448819893954096487e-02 3.663122107229177787e-03 1.291589129689785275e-03 2.731321130550187423e-02 4.464907017251695809e-02 2.636973780430366260e-02 8.754131347787064837e-03 9.151311176157628929e-03 5.924423028781799355e-02 1.907064612487681388e-02 5.789334525274028587e-02 6.633463793374914930e-02 2.626908806595599361e-02 9.974775603319392669e-02 6.117194705076045569e-02 1.830190888181371101e-03 3.279821048001971967e-02 6.533427600234652244e-02
