1.688045740888906576e-01 9.491129180646018515e-02 7.618532874703150271e-02 9.813339581831270753e-02 1.519390945151528061e-01 8.996859427299719325e-02 4.241886385029758344e-02 9.688172118051940895e-02 1.453508897570151559e-01 8.677417215982377585e-02 1.182411807735514603e-01 1.100713933895949154e-01 1.499156201468138661e-01 1.260132183099437475e-01 8.798473303595463757e-02 2.649616210512242137e-02 9.024384348258948640e-02 1.136493846559894771e-01 8.456265904156938518e-02 8.694479721018788521e-02
1.246386638825996984e-02 4.511867742944465631e-02 9.301878830483928384e-02 5.336281040649633323e-02 8.785115131933812771e-02 6.933131634171199598e-02 1.851548819977919674e-02 7.783820500174032375e-02 2.628482351015840740e-02 9.281960253618555534e-02 4.459158494682401858e-02 4.985801051519979377e-02 9.463332445910248303e-02 6.369207546988724100e-02 8.957545048655714270e-02 9.523383268944179969e-02 4.782565415847681717e-02 1.599075666163607499e-03 1.013002265437348316e-02 3.789015442181401655e-02
5.289939228236641144e-02 9.986145897265208404e-02 6.505386839234124363e-02 7.013821909130144028e-02 8.988488281063496121e-02 7.778718322105965255e-02 9.391012487908298456e-02 4.050016808637153798e-02 1.616277778477547347e-02 7.375848502536511142e-02 9.532451191356884623e-02 2.780800061363668599e-02 9.159640753205477992e-02 3.824456291706380962e-02 9.167156002648236754e-03 6.883019251550213935e-02 3.682728126477963215e-03 5.348762620930911510e-02 1.192035593896256969e-03 8.587214532610462636e-02
3.976760480690582494e-02 9.473849558155503225e-02 5.597820408337903647e-02 3.779068165696167908e-02 1.212099337586276630e-02 6.951463894548938482e-02 8.929399323257075638e-02 1.032157197588667993e-03 1.813942622412640857e-02 1.689262158081909077e-02 2.694459323090640096e-02 2.643941050566925993e-02 9.947880997498570466e-02 2.406212218943162492e-02 3.320933110176016619e-03 3.538232152961362856e-03 8.331874149661744333e-03 3.573609069634239160e-02 6.807280810705507688e-03 6.188491991060033476e-02
4.468708093223017035e-03 8.680399050397583083e-02 3.914666266287561425e-02 1.059841550730351682e-02 8.592215513051375264e-02 4.777093897758575430e-02 4.878645218329733663e-02 9.965303129436449414e-02 5.272262587064551614e-02 9.447230991164705383e-02 9.691664819404183229e-02 1.377445511875932151e-02 3.657188698344349120e-02 6.786454732790790645e-02 2.113882950354166804e-02 2.275030823909988259e-02 7.372361295469688491e-02 5.070595152345178797e-02 2.929719588095147653e-02 9.154685657674065113e-02
1.724266064852753065e-03 8.291337821319481882e-02 2.669597376100192598e-02 8.423642524830866896e-02 6.117301889810168591e-02 4.111249520449233863e-02 8.093807360213510493e-02 9.717969820570979134e-02 4.053378387101060076e-02 5.808954583081213374e-02 8.055368151602743110e-02 2.864235876426638600e-02 9.553248943558127759e-02 4.088315744089460191e-02 5.201007220875580178e-02 4.674460092819702345e-02 3.945601239783256414e-02 9.927981792496855251e-03 5.815068683091439983e-02 8.193691335594355599e-03
9.639034313001998422e-02 5.848461174049834899e-02 3.842846634474339843e-03 4.391800651757955809e-02 1.130775288009743321e-02 3.432217991478309083e-02 9.297225044766832536e-02 6.231896330324415700e-02 2.394124213349788782e-02 6.032497222270106346e-03 5.960204247661741311e-02 1.306838266511604202e-02 8.061490584225439182e-02 6.961579576534275560e-02 7.717464172868605116e-03 4.496692345878677832e-02 5.386323259795276069e-02 5.403398572725595650e-02 1.774847609183705186e-03 4.804331742252566928e-02
6.728288702804149923e-02 6.026840870044339327e-02 2.272956684464059324e-02 3.367056156804357908e-02 2.478886572067952321e-02 1.090947326367538474e-02 8.736073136614247447e-02 8.589105892028502109e-02 8.631497601277164644e-02 3.056461841576052496e-02 9.332210706901522546e-02 5.885049268744278056e-02 3.555427242269674354e-02 2.198998011242188355e-02 7.077379836483661812e-02 6.701616820227829750e-03 3.512608670504115821e-02 5.369602309843050231e-02 9.499641648628497081e-02 1.242453542486117272e-02
6.618264443722529644e-02 3.796822292209071220e-02 9.997524007213398622e-02 5.509643455826534336e-02 9.415287693303052430e-02 6.196458962705151535e-02 2.383524309909660494e-02 5.390775861924268497e-05 8.039034593308452825e-02 2.510874812276980839e-02 8.479737366240525098e-02 8.090965622878862340e-02 8.293281605888536134e-02 8.548867927144787951e-03 8.330658477014890595e-02 9.618997208743255978e-02 4.883278317470103602e-02 8.916580398829226928e-02 7.092455917260352682e-02 2.279725260102194451e-02
2.162070113519475381e-02 7.909514026747384297e-02 7.853878921530958734e-02 2.913786334088047658e-02 5.461791582853545157e-02 7.981391358222596211e-02 7.143175970433669753e-02 3.685679356313597416e-02 1.887228860029426317e-02 8.477745106454026569e-02 3.483159959088710789e-03 2.357851579359424715e-02 1.958440913321500901e-02 5.976944271582591839e-02 5.841604649074472189e-02 2.490031675524676663e-02 2.469873775285627224e-02 7.871883052956020477e-02 3.799097383854713877e-02 2.933042019051217489e-02
5.494355973827465267e-02 2.933686080981649097e-02 9.162186734953747802e-02 7.792503839651082620e-02 1.799727891750979580e-03 1.458156356526166958e-02 8.166144315311696378e-02 7.357343714652933575e-02 7.260051362221831006e-02 1.205046359907089443e-02 7.658593730772376984e-02 8.542628897373537311e-02 1.218000519810855803e-02 8.037988029225973108e-02 6.526456136132040287e-02 4.138205979194087281e-02 5.762532742466385666e-02 4.531982151274206727e-02 8.834601671652572707e-02 8.905260338099603434e-02
1.990546529398894496e-02 6.004401387830501924e-02 6.088276716190979543e-02 4.350354175239663779e-02 3.018919077101372972e-02 7.136268412645946357e-02 1.163234789453813228e-02 5.756789997560879391e-02 6.963237345441884718e-02 8.146262975470792977e-02 6.175595391173767379e-02 8.960815685774631278e-02 6.155804167827688689e-02 6.740857388546964146e-02 9.264030845206068510e-02 5.983435457100521465e-02 1.695999711379684444e-02 3.363375858379694799e-02 3.236811669893278204e-02 4.316921922839546399e-02
8.274249019814877704e-02 8.296839652031930135e-02 2.816594641838138235e-02 5.301402186681895140e-02 1.636864539229902077e-02 2.672348673626853341e-02 8.807219093833995593e-02 7.330299837177899069e-02 3.639249207691015731e-02 8.045371278736526688e-02 2.078506557580050984e-02 5.570078440841729622e-02 2.534445429509261244e-02 7.455753140939488932e-02 5.930143938762813538e-02 5.948099909964663784e-02 1.465861174236406973e-02 4.712430894787444924e-02 6.539829743369230362e-03 2.746857862134891720e-02
2.011710747033370814e-02 4.641396082930972222e-02 2.783280498979973094e-02 9.618475963571264387e-02 9.232859623909578373e-02 5.690085928633697998e-02 3.641785002132692795e-02 6.784313237441094713e-02 4.395570166375387805e-02 6.531469408872536686e-02 9.852924732999024382e-02 5.075369262278949661e-02 1.414427967880996923e-02 7.987763355574867274e-02 7.861666356504487529e-02 4.457859933525324531e-02 3.763166160368686119e-02 7.125852067931937213e-03 6.289874780832364898e-02 7.053120578794248169e-03
1.011457060678216946e-02 6.195733969979017042e-02 1.416227842684203431e-02 9.183908425843825829e-02 8.306920329453436336e-02 8.287629181393620093e-02 1.693237473381695862e-02 2.511796831912829417e-02 6.816444558626418015e-02 2.415253095993587229e-02 6.710657450921318767e-02 4.293596802557821113e-02 6.566323344367083759e-02 8.203128425641237342e-02 6.274119127131745632e-02 1.287938752654700474e-02 9.307391898729011626e-02 5.473158618414831166e-03 8.561314616193332894e-02 6.824817203460252502e-02
9.834841856663306681e-02 1.188814862067689819e-02 1.806534279250923344e-02 2.304522969742944793e-02 4.878057880374506855e-02 2.715994354534070551e-02 7.133970233645688108e-02 9.263252638231803116e-02 1.755556417764614352e-02 2.187045480501622827e-02 4.996963754809468500e-02 6.402541957399547623e-02 6.028670044110659432e-02 6.587408597085485373e-02 5.984200313071359745e-02 8.614194827884182060e-02 7.570839279912933324e-03 9.078236703644046446e-02 8.946147932592493635e-02 2.927995231227112014e-02
3.951790411066055664e-02 9.350498371616036697e-02 2.711980412693334661e-02 5.379298982022845399e-02 3.011781768862254079e-03 1.292626111195455119e-02 8.547145578127024468e-02 2.184618901849029460e-02 9.594424672271686938e-02 4.911071882075984663e-02 1.225245729842299250e-02 7.720293339984067582e-02 2.895131287084974636e-02 2.238939865922815603e-02 5.071379242354961264e-02 2.187947680834575678e-02 5.353921341342091078e-02 1.452279235997020607e-02 9.457666151966021006e-02 5.695291871368475534e-02
2.099029984330273019e-02 3.588257888524792882e-03 3.282948877349174677e-02 3.569832491095479426e-02 4.373477264894635314e-02 2.541687037965140172e-02 9.085777405102035686e-02 4.682275541554148379e-02 7.898414632229019960e-02 5.545717258416571916e-04 4.695641647716269906e-02 4.889315882047893386e-02 4.375235119959650087e-02 9.302395919806205615e-02 9.612286062789329733e-02 7.146708147980518344e-02 4.225744707756672741e-02 5.289736996463517693e-02 3.283391843834689017e-02 7.135576460676784638e-02
8.189485314006005046e-02 6.922080836468726128e-02 2.570209239370995283e-02 4.973739540611682441e-02 8.170078426470409050e-02 5.070543086295963703e-02 2.583748692382253909e-02 6.637629708285959496e-02 4.102601606542072288e-02 2.421213912215029046e-02 3.486513721547097877e-02 5.029760711748498814e-02 3.468869220626887712e-02 4.909683284301139677e-02 7.614229279631479566e-03 3.144380220790781583e-02 5.114937379938298140e-02 2.151126657888710256e-02 9.856463129648107557e-02 7.386237711945417561e-02
1.174308834907146319e-02 1.030562198217843672e-02 9.442454937253279279e-02 7.703101820066486638e-02 9.842141410257368439e-02 7.535458551108421138e-03 3.306133929478573957e-02 1.622896513452621800e-02 8.069627699177026048e-02 5.683178492518013020e-02 7.683374323497829672e-02 5.837107056248779652e-02 7.257570435246173124e-02 9.532543532255420560e-02 6.680880168016616050e-02 6.375495765131351800e-02 6.790814125307104154e-02 2.551452768957597483e-02 1.485951344047858891e-02 8.850774015304740602e-03
