2.562064965317818466e-01 7.756671764357003784e-02 8.746518316181438324e-02 9.821738860104828328e-02 1.323117987670722473e-01 1.017677791249982922e-01 1.373605230511945607e-01 3.071812063783758290e-02 1.164079151752885066e-01 4.425400328457636256e-02 1.397519042059013061e-01 1.185250119661472312e-01 1.474172870919916167e-01 4.042855333183922178e-02 2.900289491351392204e-02 6.962033256457497710e-02 9.908854687733789635e-02 3.440061069758861001e-02 6.994110375932618973e-02 8.993271051914075720e-02
8.615949812478496117e-02 3.075212783344960857e-03 7.840949604505208226e-02 7.703141921174500029e-02 7.823842532945060602e-02 9.620638079105903184e-02 7.160648252599785546e-02 4.760204185158907475e-02 7.012722428684613207e-02 3.756893868922095425e-02 8.654782591392484736e-02 7.566360691994478138e-02 5.603685972617697408e-02 9.631195858024833856e-03 8.022833807632046357e-03 2.164825554590171786e-02 6.921173012203220287e-02 4.644610311201924358e-02 8.234577674578461015e-02 1.642457402829012800e-02
9.313673462263366565e-02 5.186930254118502642e-02 1.753916981828737218e-02 4.627568019324218573e-02 6.836190312069115316e-02 9.839808740954905653e-02 2.421578573111621280e-02 3.076402899824136686e-02 7.829282592227704285e-04 2.173534223966573642e-02 3.644454046790231855e-02 3.357396881194899679e-02 9.515657757243035919e-03 6.759664149099254074e-03 6.837914383777340954e-02 9.793145268544473092e-02 2.126171899252742373e-02 2.897190394910888200e-02 4.848648593374269705e-02 8.197444623723421087e-02
6.694070379021831163e-02 5.467562003112957925e-02 4.449044949950876904e-02 8.856996535243835678e-02 3.241637458206959865e-02 1.631095433607437917e-02 6.693067932081545046e-02 9.295092867828580463e-02 2.022187610311363543e-02 3.932079574340896673e-03 6.018902179964774612e-02 8.963768160907531479e-02 2.524627562466034286e-02 9.978244578974582168e-02 5.054701737368018366e-02 9.519230413307896987e-02 5.645586710417106746e-02 4.673525788673185688e-02 4.828248584886844080e-02 8.016835734248684356e-03
8.635834330812008908e-02 5.488744849770314099e-02 6.566901994414837962e-02 8.244732176918094513e-02 3.518897026226639607e-02 7.112903399916069291e-02 3.818158010906824024e-02 3.152364050750581376e-02 1.536213343076363660e-02 3.234421366452327334e-02 5.221657406645016652e-02 6.903572102222385598e-02 2.281461779822984218e-02 8.790118113645682685e-02 3.585880249128220454e-02 3.533864327201825806e-02 6.099991449234435509e-02 7.488754204615832855e-02 3.312428585917703838e-02 2.587389515107225979e-02
9.977198285313365611e-02 3.304792632173336048e-02 6.983161296563070164e-02 3.835186540124350257e-02 1.055588761938315405e-02 2.595009891051432149e-02 1.522119900402767526e-02 9.870858173194886620e-02 7.576988771938662770e-02 7.324809505490330330e-02 8.627241862418366658e-04 9.001941275355052063e-02 9.323188053188347091e-02 3.181091574871600797e-02 2.099664382331239976e-02 1.203580039965768123e-02 2.549050543646025520e-03 7.532963574655304750e-02 7.107087432656361559e-02 9.947786565471376796e-02
8.713987296879327493e-02 6.098365820372921020e-02 1.105751250448418037e-02 7.908774302369994680e-02 2.076346893668312764e-04 4.291800301759104985e-02 8.607035917919200751e-02 9.910038030171271217e-02 4.219058802734185210e-02 5.073165170644633459e-02 7.925075055891673409e-03 8.415730372803825743e-02 3.468243950791424085e-02 9.362711469229528793e-02 9.245910105409543833e-02 6.594773540776478760e-02 1.501509189671087520e-02 8.457208665358163791e-02 9.240075294424171526e-02 7.506491507425297471e-02
7.207620688286323074e-02 7.671340308660228036e-02 3.317878121107621647e-02 5.095531908849879055e-02 4.368745988359221816e-02 7.333953703893786313e-02 2.132186003157479290e-02 9.823900006198163504e-02 2.138162030664430072e-02 7.449721732113608053e-02 6.813849357416172647e-02 9.196284035033124027e-02 7.096009972608717520e-02 8.176499729026279195e-02 5.040504192479612622e-02 8.342283149521716179e-02 4.874096168657959804e-02 2.478606063076504995e-02 8.947791455109271874e-02 1.844075073668986070e-02
2.657408352853736500e-02 1.487474341258942026e-02 3.122538480066949958e-03 1.367457668448950406e-02 7.442069930835458480e-02 8.331885229231529577e-02 5.158892994436528601e-02 3.712566950207287636e-02 9.875751030447445233e-02 2.193124793419735236e-02 4.846842355863080487e-02 5.981507277119550020e-02 6.190887968403269853e-03 4.497453137908320742e-02 6.332353070457995281e-02 1.014283838915976989e-02 8.844670491645333088e-02 7.257959233219592188e-02 4.532338027895702059e-02 2.999446800346784736e-02
5.848639831263984651e-02 4.873293638798580768e-02 3.436915102183355636e-02 7.341650565727025901e-02 3.531703446861626100e-02 5.737027650728448308e-02 3.525936260411744166e-03 7.949004219777242031e-02 4.799844767664677297e-02 8.431965546071451545e-02 8.846028680398916599e-02 6.896642527835847303e-02 2.911043332521981095e-02 6.261859061678802518e-02 1.868316350288757796e-02 9.699339148387831067e-03 9.734006206304796072e-02 6.077626240188283360e-03 4.557156549706397469e-02 8.609139297572102056e-02
9.964208685437311863e-02 2.529819321210187433e-02 6.936297955953857342e-02 4.652419794237665912e-02 8.606921971056935572e-02 3.203957010529186883e-02 1.202941850932053372e-02 8.379405408847294401e-02 7.983846048411425214e-03 7.475684077869747257e-02 4.638811605740092436e-02 5.888645386669510984e-02 8.460948249358802090e-03 4.719629114212964965e-03 6.678025129883960465e-02 3.987017869174382112e-02 6.150917848841619927e-03 2.541318072304733777e-02 2.975149166216183375e-02 9.535732526826247446e-02
8.590148668026503787e-02 5.726214441298670826e-02 5.703659454780288240e-02 9.741222621983107455e-02 1.585116053221815799e-02 7.410086755623995769e-02 6.667743436545159677e-03 3.840147164720432438e-02 3.034670750132217876e-02 2.575523214174346796e-03 9.919959346504964026e-02 8.489359886829796198e-02 2.005420439020254644e-02 6.906155166427087322e-02 6.659791058484919313e-02 5.769436512550818463e-02 2.463117591821613328e-02 7.269407834483945785e-02 6.493202989168628259e-02 3.154141150606372401e-02
5.512510925193478406e-02 8.378483724652120365e-03 3.272686381916122683e-02 9.616564085198922585e-02 1.701424117250216472e-02 2.833098951147621294e-02 8.897605392826767046e-02 7.664700665041443428e-02 1.812160439032657264e-02 9.335211126657017716e-03 8.330770443594141816e-02 4.092163250637217975e-02 3.873068979087761904e-02 8.973072411887327016e-02 1.643303631652095684e-02 3.784702852534861661e-02 8.129577578000726779e-02 8.047604095861550511e-02 6.197170266897115282e-02 3.887903215685750702e-02
3.913304843978031994e-02 6.028092773814830441e-03 2.620156559912766372e-02 5.603048739343634982e-02 8.629817361048452984e-03 6.963927447221691935e-02 3.025804916829602162e-02 2.370088620064980667e-02 9.300792447122191442e-02 9.682211145740046709e-02 2.293871918343800761e-02 7.841059333914003268e-03 3.868903618359077756e-02 7.591404560234821242e-02 7.590714450899428700e-02 5.461026285925122542e-02 2.864567919647233174e-02 5.007899684906957916e-02 6.249958649894771234e-02 5.641806213314231461e-02
4.312290189976078492e-02 1.252178511851820275e-02 1.608608496552887956e-02 2.139127406017129682e-02 2.274910185493870390e-02 4.108569052650051096e-02 9.166391905378439009e-02 1.032717692430634715e-02 5.098785007518964740e-02 9.958369097451674756e-02 8.699776020123052567e-02 9.139613996422116249e-02 9.790275817814758641e-02 8.312499910707982220e-02 5.242218237173582734e-02 7.302049283724530715e-02 1.486967006127663110e-02 5.351376589218515001e-02 1.149393121514945618e-02 1.268161988738302284e-02
4.608539651904312168e-02 9.703175346643275190e-02 8.612364247204393197e-02 1.791840960391328716e-02 6.142560307130123798e-02 1.071018293703712709e-02 5.421184737387577113e-02 3.063023621694631674e-02 8.731588570380049985e-02 6.706041459268137495e-02 3.912311537608138823e-02 6.189503175202350216e-02 5.123662788226887588e-02 3.035076476658205361e-03 9.872706889437189715e-02 7.284359678635884960e-02 3.163353563865541757e-02 7.132780626490002607e-02 4.523580221174819394e-02 7.798430490622985933e-02
9.864061516751906900e-02 1.736203832242866341e-02 7.543026928120200036e-02 8.114089553800198085e-02 1.417101810028869105e-02 5.670457406424250779e-02 8.811611355594797801e-02 4.475798877105729295e-02 1.335474907957595603e-02 7.363325354646060861e-02 4.588862745343794819e-02 8.876772909765560937e-02 1.457451663016066240e-02 9.827593955648641910e-02 5.894764471051858190e-02 5.140870282092213812e-03 9.346678856474553709e-02 2.440577739490370698e-02 2.248231836513229359e-02 7.983934663324193659e-02
2.769228527845013672e-03 3.183134879499749728e-03 2.757753998181800004e-02 3.462143284932861498e-02 7.653504324357508076e-03 6.228668561799575315e-02 9.018470033451903012e-02 5.987227270097297827e-02 8.554262012778429680e-02 4.316240974144034542e-02 8.431211687386591658e-02 3.528922582088492993e-02 6.110976203606305335e-02 7.434548176222219307e-02 8.607523023186886002e-02 9.504238157407163615e-03 9.243152798093902389e-02 8.687364377269378435e-02 7.120516542447496988e-02 1.036123262562742633e-02
3.201353407881013524e-02 6.501291876884221499e-02 3.030047597665606190e-02 8.940527293636588158e-02 1.848154950039490249e-02 3.448441268192792286e-02 6.282958330956138482e-02 5.268526207113458787e-02 3.347430959764585712e-02 4.442751984618435040e-02 5.240222672263216558e-02 3.499808323239374241e-02 4.644038308075620902e-02 4.871832669934381133e-02 2.067461229529633793e-02 1.124841689103387582e-02 6.902941559361505663e-02 1.525816965679137674e-02 9.021448876278020945e-02 5.557333483488689080e-02
9.769748236613373660e-02 5.092662731326651898e-02 5.180242414810266871e-02 5.474238897222043904e-02 9.392916605432144461e-02 8.123376452027715466e-02 6.912421672576266052e-02 6.150061225948799670e-02 8.562245949189765948e-02 4.169069745708127439e-02 8.779510386722184923e-02 9.182966537687631270e-02 4.485877694204790794e-02 2.472796902177130246e-02 9.208236187800585004e-02 2.710375301757065453e-02 3.371593494319583689e-02 5.096931971770091337e-03 9.597673304782422532e-02 6.921903130231192580e-02
