1.996074974475001429e-01 1.270114922833414650e-01 4.358831014306042972e-02 5.527048806743011661e-02 1.353217521834857440e-01 3.523647950871756918e-02 5.506971527516277276e-02 6.556660638799204077e-02 1.400126368283975964e-01 7.350619434257781026e-02 6.039815806671153253e-02 1.017099098837006832e-01 9.033847816520801377e-02 9.642952139172412951e-02 3.094181442177180996e-02 9.308277530092015639e-02 1.000376705658357346e-01 7.691821754126799970e-02 3.513937656036050794e-02 1.104178614200837377e-01
5.520624329009644893e-02 7.020445379752651704e-02 8.832992131165408323e-02 3.509130466138889182e-02 9.518095597451842194e-02 1.927916954981097331e-02 7.191009386682756244e-02 8.038179827878544348e-02 2.023680017858529162e-02 1.448814524632029491e-02 9.751307949528778551e-02 2.599235907767013729e-02 2.755599118399706601e-02 4.131242796414161950e-02 1.064629129177406888e-02 2.014141099938923304e-02 1.814077620275451538e-02 4.243881833468088512e-03 6.123832626843481869e-02 9.702168122473650569e-02
9.759474568739112676e-02 1.138507827260518829e-02 8.025132470341564406e-02 5.196682132348561661e-02 9.657135215971347775e-02 3.662249535266885042e-02 5.465764420794053807e-02 2.500795556613231302e-02 2.545649973722896586e-02 8.728386499671610121e-02 9.905748868878626323e-02 9.385185311267507657e-02 3.924717465825808965e-02 5.044855288307817376e-02 9.347088951726213388e-03 5.014026471402746599e-02 9.579574471586696505e-02 1.109530308252507785e-02 3.707780292954571122e-02 2.929342965734674925e-02
3.227023506263648062e-02 7.663575778646614794e-03 4.830568208188669443e-02 9.099694691663717805e-02 8.621377478177849607e-02 1.993078065316398334e-02 2.983017646287102961e-02 1.774388225678252828e-02 5.616064991217208091e-02 7.097555878875538848e-02 6.343033808969970877e-02 2.327233153526889892e-02 3.547780832965637121e-02 6.191685447431383334e-03 6.365748380342740008e-03 5.224468845455159521e-02 3.079175568405675620e-02 9.363848504100463765e-02 6.660151844572366475e-02 2.392720511415274975e-02
8.160714689601367144e-02 3.902576741829804491e-02 6.252950543383140741e-03 1.365451329941247448e-03 8.051311362336643560e-03 7.902457450833781649e-02 8.902724572565827443e-02 2.975124136501057504e-02 5.413673639555029171e-02 1.991870061927940652e-02 5.397234956424471625e-02 9.520614590605770700e-02 4.173428625100762679e-02 6.108653087401593601e-02 3.215611406549599011e-02 3.916014373360842543e-02 6.897293647436390784e-02 6.926099639293802068e-02 8.395263363849012062e-02 7.827273077416468938e-02
5.409084111417201968e-02 1.553051713757499543e-02 9.157178113550978882e-02 4.193882355142937446e-02 9.993336732713868631e-02 6.851198776705574867e-02 6.593295601102687475e-02 7.999177278134405808e-03 8.897882414716168364e-02 1.357703428421207573e-02 3.697494303414472754e-03 8.247548879473025341e-02 2.626955078346682182e-02 2.941064802687232138e-02 6.060464848339286621e-03 2.321718403452498539e-02 9.338449512814300801e-02 1.864122045114445861e-02 6.104666142074558627e-02 8.625604273812577383e-02
9.454495429084255886e-02 2.446545793762824536e-02 1.048724526238191748e-02 3.386967226423381189e-02 9.716498797084066608e-02 4.398311470571763387e-02 3.229889764069049461e-03 9.825438959886759194e-02 7.721681267416136141e-02 5.010377109525635669e-02 5.134339252159808575e-02 4.889900230114949814e-02 3.353308458959397553e-02 4.524692339902555704e-02 7.562847532134178707e-02 1.486993007406807281e-02 4.989136532420677256e-02 1.607935585132924759e-03 6.472680566206849562e-02 6.768602688094653430e-02
1.063820157811359336e-02 4.898570856323138101e-02 1.625721573863287903e-02 5.238335083208701210e-04 6.191279355432566245e-03 5.255994221218649592e-02 2.962077087134988920e-02 8.601120778661702770e-02 1.522048492017813448e-03 9.806017739632438834e-02 3.843776300095622794e-02 8.267699807805443946e-02 3.100154810927559235e-02 5.627209723391938395e-02 1.605180172970119973e-02 6.922325655869676631e-02 3.466986767941732106e-02 1.752456431948651305e-02 7.550490180268326634e-02 5.837829958583740098e-02
9.765258012153893441e-02 9.754341143649303270e-02 9.915558142971277189e-02 8.140442993049301634e-02 4.251357980845923978e-02 8.948105160148006609e-02 5.188025805315771288e-02 9.391092713248536117e-02 1.668978483813707975e-02 1.981793597664154374e-02 3.084179345872579969e-02 2.853572756222924264e-02 5.083318553432880985e-03 3.643300343134870051e-04 4.743351623041514031e-02 2.346585781388947980e-02 8.741378775117573940e-02 8.835195981765189832e-02 5.229433579060502324e-02 6.684010092017204918e-02
9.182509637352953558e-03 8.159167894268642973e-02 2.839731807027684463e-02 6.123108119709265440e-02 7.664223264515201972e-02 3.737261261605461654e-02 8.589256940240301563e-02 6.106764622093500267e-02 3.175382937613319134e-02 8.849306042649651705e-02 8.193999254205250327e-02 3.772985206388897172e-02 1.681215305806308541e-02 9.204224658661664489e-04 8.219974152020559366e-02 3.255879905790261264e-02 6.943952031825018079e-03 8.517569528656744257e-03 5.638609725710554132e-02 4.341825606930280190e-02
3.994752127953549517e-03 9.467959451058272080e-04 1.441710905457608410e-02 5.950816136225688807e-02 3.619081708741524184e-02 5.233783027468132121e-02 8.851607036765693493e-02 8.827040298473622093e-02 4.414547706517296666e-02 8.495788083167715721e-02 1.300354680789635002e-02 8.896467272715387342e-02 6.318246472857663720e-02 6.569783663489861536e-02 6.336648225509722504e-04 5.558946544906012005e-02 5.550528338834737063e-03 3.245393941207134342e-02 2.376055958613717753e-02 7.405866627780231803e-02
8.616859523327601023e-02 5.314716316024886006e-02 4.795208001138595751e-03 8.595749899580885228e-03 3.173658381832683562e-02 6.424375331139080270e-02 6.093105555976772308e-02 4.240311209486450489e-02 1.298088653889194546e-02 3.977984008276261307e-02 6.194359411226320333e-02 5.933519989619032153e-02 5.076462845143808050e-02 1.356749017485707823e-02 5.055765801173094792e-02 1.538704585276372619e-02 2.035947890027938259e-02 9.665248181648916637e-02 1.130235145365753383e-02 1.695879133346396214e-02
8.737787317757073069e-02 7.882720496372579155e-02 2.962613860027279999e-02 9.464424322583170346e-02 1.660015051976693190e-02 6.720645390863375090e-02 1.229414082086503074e-02 6.384993761591462036e-03 6.459522866323808357e-03 6.795701147634533590e-02 9.227628154847745956e-02 3.559160854329934676e-02 7.473542152083798018e-02 5.329739701103178295e-02 2.012763718501886772e-03 1.497303271387724448e-02 9.039789318686003439e-02 1.898380300228025286e-02 9.368763579339506320e-02 1.120040467946370553e-03
4.055108307899839976e-02 3.046702916606702782e-02 3.455918917364797505e-02 2.863650620070078492e-02 8.099072769956759676e-02 2.835662479095593311e-02 7.580065492832151197e-02 2.619125110518953983e-02 2.243414121980717019e-02 2.545348388011334922e-02 5.576134594148669799e-02 9.117200423346895344e-02 4.852066095523369788e-02 6.414063966278533979e-02 3.357296868482925051e-02 6.288980450027741032e-02 1.604058092726873275e-02 8.087680725110152347e-02 3.146698193643082675e-02 7.422763346707271503e-02
6.687180177736457010e-02 6.216738618187405557e-02 4.943965839895397146e-02 7.589311023428951808e-02 4.998003903139974086e-02 5.347552554072970699e-02 4.081209387217069051e-02 6.291066268790861116e-02 7.656250446268582366e-02 6.089993224191263960e-02 1.435625976195166291e-02 3.966551672823225710e-02 4.533497923017250353e-02 6.633481890312580009e-02 8.511040046327855713e-03 6.166073387852925164e-02 3.185568117578842923e-02 2.241692203365533084e-02 6.374558812459567292e-02 3.620958111137073665e-02
1.120769643586817625e-02 9.899098599721987968e-02 5.057318425602888579e-02 1.711391384306995209e-02 1.239748477243336582e-02 3.906813225633694320e-02 3.886843688629527949e-02 9.603084899042489686e-02 1.664170369717478046e-02 8.392184059660662276e-02 9.669963945852066978e-02 8.807763332379332788e-02 2.519162061776603176e-04 9.371165206507749146e-02 2.683612836178474181e-02 8.905602975552409650e-02 8.769518982138208019e-02 9.565980164435118616e-02 3.765231586107720130e-02 3.606427926997288896e-02
4.892099516443577933e-02 2.241000958319969844e-02 4.330173472260689937e-02 5.802430340960981758e-02 4.709930667009087912e-03 1.730984771085393101e-02 6.671567752272582197e-02 5.472243901424735102e-02 1.401964272972041660e-02 5.254517562372845035e-02 8.408960971411756635e-02 4.159328022576565254e-02 5.248072472998587673e-02 7.432714244118818203e-02 5.542831207014438377e-02 7.079760588645192532e-02 5.996471568402622632e-02 9.158298474842670178e-02 9.936470180372958261e-02 8.369117983175397568e-02
9.303175985093166400e-02 4.313802303893771173e-02 4.104812984483630252e-03 5.785535354923019430e-02 6.589050399829972371e-02 1.364143202124253919e-02 8.575669509655858835e-02 3.256481244396585567e-02 8.387183615601578879e-02 1.928316950475121930e-02 4.147782588801818271e-02 5.390954570730727147e-02 2.733450885244270712e-02 7.438231945535070389e-02 3.237458072690699989e-02 7.392777108165062006e-02 8.396174843167790447e-02 3.121467394955285135e-02 7.846516811674821013e-02 9.277557636333134961e-02
4.129992806767986135e-02 1.709562784422040752e-02 2.828486234983778116e-02 5.615907515984113613e-02 7.437224729469088524e-02 1.236164215938852055e-02 9.898564416814564781e-02 2.535830496428422010e-02 4.191346101453489320e-02 1.455500952690405060e-02 4.095549219422599946e-02 5.254511128083411142e-02 4.424043587140338851e-02 9.053248049954876198e-02 2.658454572582266348e-02 2.564776858110912050e-02 1.617740214719365355e-02 1.967003254037547055e-02 6.815903744952049592e-02 2.186654605795870440e-02
3.257663595823696856e-02 1.018222192141571367e-03 4.395981484674981593e-02 3.434154408011737963e-02 4.353557314632460623e-02 6.593652304563722699e-02 1.376898886339655848e-02 2.645136997124904188e-02 3.404203958734233065e-02 6.747996939593992050e-02 1.780770134643172630e-04 3.287153823836581890e-02 8.954565613669732138e-02 2.645339362745090586e-02 5.442559464834696714e-02 1.230905682554727168e-02 4.373718898649548402e-03 6.668820490982396709e-02 3.607725213009623649e-02 9.590361683967008055e-02
