2.029398780035789884e-01 7.189673907829981225e-02 5.118481814033990634e-02 8.382497840828033453e-02 8.013953844923857317e-02 5.913880565411525070e-02 4.548976165714390535e-02 6.509680872591985801e-02 7.008605397959048744e-02 7.087837454588316599e-02 5.437083872494891112e-02 1.159905812203891051e-01 1.325984124231811556e-01 1.298030030193654538e-01 5.475759101886359947e-02 1.087152262376014644e-01 9.115638546966921274e-02 6.089541238148025309e-02 1.631827715657643840e-01 3.247980867108972436e-02
4.240848781984424276e-02 6.801539287779979903e-02 8.597751575281786796e-02 7.472499403398642770e-02 4.094520484092817325e-02 3.683025230244307922e-03 3.123136452348364289e-02 5.343887230095181740e-02 5.972947203757122958e-02 4.162142093074416849e-03 4.623362618496662524e-03 8.966282617287879564e-02 7.863220300747136848e-02 2.946996347984714992e-02 4.844313899281812996e-02 5.127982299854955128e-02 2.563467035839128716e-02 7.936559282379568314e-02 5.541111168776244322e-02 3.182577521260661346e-02
5.055761071165845721e-02 9.095431788990293587e-02 1.858487914585481640e-02 5.790310516043839506e-02 8.610255842097233603e-02 7.800888728468298450e-02 3.448620821650969642e-02 6.952728866325415258e-02 5.952435941049855073e-02 5.665211129985153055e-02 6.586689964506035888e-02 5.748938523729772015e-02 3.391584936908526027e-02 7.022010657141018741e-02 8.276694560925780542e-02 7.376586695641378089e-02 2.853552036613452719e-02 5.217723426270792081e-02 3.991063646900983031e-02 5.911136382873865419e-02
7.466606529196570530e-02 4.545158912247836830e-02 2.234729072176211417e-02 2.810346620898923620e-02 9.117435890614640492e-02 2.155903912552633792e-02 6.287215854916039515e-03 4.017192606905300306e-02 1.261174968390572741e-02 1.631672392358051241e-02 4.038696466181623118e-02 2.070830495597204834e-02 5.025926035392688784e-02 3.449418041311166222e-02 5.913459150920746116e-02 3.894678344058066094e-02 2.651868789603315651e-02 9.038446140062256218e-02 4.045044839013572924e-02 1.814102136044749500e-02
2.268335564334914706e-02 3.777961974333585854e-02 3.494778096872182271e-02 6.733232825331209037e-02 6.677711261263469256e-02 1.355136458390360232e-03 9.663598377352004831e-02 5.710431384137845678e-02 2.129968000440478695e-02 2.068643345391997512e-02 4.574432130790234002e-02 7.949676288381782308e-02 6.431914426521895267e-02 2.043904254289649267e-02 4.484231251823356419e-03 9.206571183974071593e-02 5.422582548718270223e-02 7.075747966479989381e-02 2.929482908232446114e-02 8.471748269414386412e-02
8.543037933258386396e-02 6.271755171090202807e-02 9.723902220797452089e-02 5.637624944111374603e-02 2.565245238062383720e-02 3.939014419885376178e-02 8.471367053362066982e-03 5.525528353208800786e-02 6.201153050196740735e-02 8.540705928403445613e-02 6.186919089186890264e-02 8.472891461200737773e-02 6.130144209590940307e-02 8.081129878256709809e-03 4.834938633909172806e-02 4.120507848959698363e-03 4.657996036026934572e-02 5.401678757456442048e-02 6.760629492733181978e-02 1.179972377382140260e-02
7.286104858483588749e-03 9.952824719758301963e-02 7.458534667101761328e-02 2.115682064718979113e-02 5.403102871497266618e-02 1.110972056076842173e-03 7.967697903103250490e-02 1.804993647670300946e-02 1.469646438908116595e-02 1.294546329186335720e-02 6.071008038832170078e-02 6.512471218193836842e-02 3.086792563525153632e-02 1.718397455428433227e-03 1.439085354398751508e-02 3.478840252914921355e-02 3.751876501295139943e-02 3.912103918556574661e-02 4.795938893046381227e-03 2.417453610778798334e-02
9.061789027133355934e-02 6.757928666830397002e-02 1.263759232756217488e-02 5.159140456869568125e-02 8.323012268944296466e-02 4.240107205416815406e-02 5.804946137217251861e-02 4.232982021422711238e-02 4.842891483599823937e-02 8.553528145715118269e-02 9.004087158816083403e-02 7.265175043159620427e-02 1.080139149707452090e-02 1.996791869010752438e-02 8.846021171690712781e-02 9.509673746813798734e-02 9.860318852320357208e-02 8.021956525412243452e-03 9.948470061983095969e-02 9.171500253802632174e-02
3.933699155342441911e-02 6.270474764221166397e-02 5.335812062605446715e-02 1.386780081560638062e-02 8.598438871429936806e-03 9.893362958246589012e-03 3.546326018068040459e-02 8.105195027121020468e-02 1.666847465123939484e-02 5.942324574522798303e-02 2.549459454275896514e-02 9.230879105602624035e-02 9.243398330058076595e-02 3.325404316342200212e-02 4.674668194956688172e-02 3.908917300502474934e-02 1.128748753757149483e-02 2.490464332769646433e-02 2.091108044907318345e-02 6.325944883379858164e-02
4.341894703437693126e-02 7.249550950790560611e-02 5.568193168263543824e-02 7.984760324806014498e-02 1.750467529074460973e-02 3.035893001495293397e-02 9.872322454191483077e-02 2.457944004798965493e-02 1.818497814856592440e-02 2.190781658824531020e-02 5.720966061042503242e-02 2.525595968701138672e-02 6.158976677910174558e-02 6.198972087417806837e-02 7.797409024580158332e-02 1.672892059366257872e-02 5.752651849278997420e-02 9.459465600493383031e-02 1.184451205022594295e-02 2.012445357007265623e-02
3.128392788037472061e-02 2.962721791778093541e-02 7.044382929402158433e-02 9.126180270393099980e-02 5.352060206901673722e-02 6.109779538012830719e-02 6.362895275520547012e-02 5.117604311445494297e-02 1.128793254914414214e-02 4.521348245515211146e-03 3.741322318187617624e-02 4.292004042903783262e-02 2.742049688154918341e-02 3.237779716358668656e-03 7.540651678528925705e-02 6.274067686161255430e-02 6.695568972947463227e-02 8.240175063723448323e-02 5.011843325443799497e-04 9.115410391064004969e-05
5.322750408247668708e-02 2.961378082488524965e-02 5.222421105831789867e-02 4.200683353763528388e-02 1.039581607310601299e-02 7.587933562843438007e-02 4.438682432056136051e-02 8.492041434029554137e-02 3.584231930064141203e-02 3.924176825391133966e-02 6.673509482127893376e-03 7.871910700410145179e-02 4.040720255653243442e-02 6.979605992775760048e-02 1.775714630774407818e-02 5.426491310206138508e-02 9.149982391432465167e-02 5.353381727886358243e-02 7.642636975741015637e-02 5.635188137840679845e-02
9.384890948993698800e-02 6.149777797629005227e-02 3.629869827392989690e-02 7.318665157833187385e-02 9.196573744972403415e-04 3.467182643758448752e-04 4.564572482625810917e-02 6.502686456653711256e-02 2.432064632147616992e-02 2.537902484632904854e-02 3.070872243545144306e-02 6.857760725303985345e-03 8.874444418243965238e-02 9.593642138398039698e-02 3.350019828729388499e-02 2.656051038461360037e-02 7.002563801722466730e-02 1.790399912162411386e-02 1.186845628935081533e-02 1.477133662007840131e-02
9.783959857698118490e-02 5.944282003359802405e-03 6.672093673569301497e-03 1.749586865128742799e-02 1.847305064647455572e-02 4.894017157683350217e-02 6.803080170542617766e-02 3.655491886517308470e-02 3.045109499482641369e-02 9.962517609301048405e-02 7.246088516341601948e-02 1.273771277005173591e-02 7.354635040345738894e-02 9.427024116525953290e-02 7.667686578302711220e-02 3.183019956347077351e-02 1.989905192929718528e-02 6.253176554979594792e-02 5.949593927508767255e-02 1.649986326662811198e-02
4.210507239085908154e-02 3.475591567641878369e-04 6.295729484494981543e-02 4.217215844564714544e-02 7.710241539924729548e-02 3.734903382472696404e-02 2.369254503548845481e-02 7.387161020970334571e-03 8.391579788818975816e-02 6.691051937779407544e-02 5.791259624752958385e-02 4.773296452471729318e-02 2.410760524914221797e-02 7.760965111611350942e-02 5.616845558244651371e-02 7.570898649365351285e-02 3.514157526129420284e-02 6.104444352650122835e-02 1.325627818258017301e-02 3.453242272436429783e-03
9.655600549982969183e-03 6.568367190815423140e-02 2.568965361447943588e-02 7.706230174430248048e-02 3.635378890113999395e-02 4.903731002133216062e-03 3.426459064465973287e-02 1.972180414239374166e-02 1.023142150994651479e-02 2.268208120791093347e-04 8.109376976361391820e-02 9.356548745297196823e-02 3.849623130274926197e-02 3.007757048404358091e-02 3.281345419357652865e-02 3.935407691799225338e-02 1.629887306375259540e-02 5.686336874427577043e-02 8.044149549679958239e-03 7.070431166739629680e-02
5.848409640299926521e-02 8.284502394053357144e-02 8.541037447353634626e-02 7.123434231043221376e-02 5.761988960357938838e-02 8.642680587754501820e-02 5.411005742059338437e-03 9.549122274669305521e-02 2.349005855360147832e-02 7.590715295386479822e-02 3.391035812805016925e-02 3.130931999265847837e-02 4.443818254914133625e-02 3.727885294557826967e-02 2.374586420872616677e-02 2.046987461348807186e-02 3.376699566589157903e-02 2.356668957927518168e-02 5.957930563058289400e-03 3.054283604470430305e-02
9.716631960573070270e-02 8.341633398538231270e-02 5.660699396372134706e-02 5.166232338769685684e-02 8.842929573579506181e-03 5.152399621917458719e-03 9.076503397560506392e-02 3.197147447136110959e-02 1.335968737157995460e-02 4.495479593489437424e-03 3.205526057919277222e-02 2.115463577404025353e-02 8.461396873129939378e-02 9.107597448370320301e-03 8.029480335515722100e-02 8.959754052359701626e-02 8.895472343130678139e-02 5.914020793271995702e-02 7.078784108308759648e-02 8.651704755334863051e-02
7.422882537598954333e-02 4.568577679653712531e-02 3.296949368406439790e-02 8.008403896682497747e-02 9.446666990321422874e-02 7.930042703535245679e-03 5.188388450141894620e-02 6.311348694353834110e-02 2.455128998732138135e-02 4.461491604511409748e-02 9.195640373323819838e-02 5.677975349985517339e-02 8.706393537210896372e-02 6.907816059572782774e-02 7.349049748823542616e-02 6.471391258056825857e-02 4.373472204728362511e-02 6.676275564598353751e-02 1.254021930982037770e-02 6.882042164100725390e-02
9.456845226051223408e-02 7.059653820732494922e-02 2.586196254053672178e-02 7.469757141998427385e-02 7.920630592619226640e-02 2.379089745320669622e-02 6.262237088752205250e-02 6.306946850931938187e-02 6.736750909818159383e-02 3.118541456275451124e-02 4.189363738173364216e-02 9.464108909568483274e-02 4.591548349895901299e-02 4.462967942124695941e-03 7.111527922355916076e-02 4.566033532843638727e-03 8.380405680236902022e-03 3.882609030000083727e-02 5.291790713850136330e-02 6.189763184564074650e-02
