1.824625052981682649e-01 1.334924471947980806e-01 9.143485979206078529e-02 8.283098496409642408e-02 1.093541671195810555e-01 9.182173660820633354e-02 1.337007286333338207e-01 7.943653529958533133e-02 1.318257979127928359e-01 3.907032095389618986e-02 6.683844869896801710e-02 9.787297381685834685e-02 1.632393639627342519e-01 1.105196105989756233e-01 1.132581159920915126e-01 8.865215504798160118e-02 1.022340466828269984e-01 9.497569004954833916e-02 9.599788074663179183e-02 4.118533619695937537e-02
3.016397910572082841e-02 1.270530837791660275e-02 4.041913478764469318e-03 5.358201921310754012e-02 9.756278071502806626e-02 8.726845664376661760e-02 7.065801311619973601e-02 9.581040138761343430e-03 5.389926111704102310e-03 5.215256080639644326e-02 7.582465010381080062e-02 4.576678169174517447e-02 6.340791242858867527e-02 7.901305910347083961e-02 7.629611198197229494e-02 5.767441953085972184e-02 8.431309913792528477e-02 6.104860118304433064e-02 4.573351850513218686e-03 9.645112420918865170e-02
9.998282268726263466e-02 3.112090738801383261e-02 9.840479580929717418e-02 8.151304678962101313e-02 1.978235927697770402e-02 2.567818040027211243e-02 2.808221213991144577e-02 3.433233977112070540e-02 3.171521479250272169e-02 4.237183971081834311e-02 8.463257087616471441e-03 8.955954413589067853e-02 7.657048221109553909e-02 3.970922532304474450e-02 2.187947793581077743e-02 8.880595633622491436e-02 6.335050511198339618e-02 2.911434281565661308e-02 4.212248453980671666e-03 4.417182874025842726e-02
3.781403066815474528e-02 5.355310887035778095e-02 2.062290400735385110e-02 7.085740014989613811e-02 3.447308439276693809e-02 7.640487655265949807e-02 8.631195620995717188e-02 6.864695472531757992e-02 1.966181402447666690e-02 8.315570832189203565e-02 7.534491842624209401e-02 8.310379985462379437e-02 5.755229372724568818e-03 3.659770963038697783e-02 9.473683505600535848e-02 8.065000294337151820e-02 5.222367135572267283e-02 1.162210822089642173e-02 7.603627926420425398e-02 4.874099063557755379e-02
5.774448612129270964e-02 6.696414978196038592e-02 5.868567306214989227e-04 8.683907914403393713e-02 8.166976994051411420e-02 2.172924255422559094e-03 8.652740440009015765e-02 5.517333787878245244e-02 5.863081409873018013e-02 8.385720851238270823e-02 3.643648140773086269e-02 4.185686983558309371e-02 2.631658299276487187e-02 9.240928306296998518e-02 4.171713191050929748e-02 9.428319367377778482e-02 2.170870730483921707e-02 5.170368569894873145e-02 9.715788118608431612e-02 4.676094324354991560e-02
4.951032077745969734e-02 5.109083198879475068e-02 9.822709521584661527e-03 7.919219461204524135e-02 3.839421690898721373e-02 4.593613629125940095e-02 6.296560596123361442e-02 9.973648665319226336e-02 1.584985817963385779e-02 6.077755529441412202e-02 9.042317965528361146e-02 9.990511466441444333e-02 4.389498186533580260e-02 1.121991379203586374e-02 7.629229598356336572e-02 4.566184886110907781e-02 5.112302895767728561e-02 3.473354020129858916e-02 4.739259463091815422e-02 1.030522683034029805e-03
7.139758342682958614e-02 8.838547235148058734e-02 8.107606501796493781e-02 2.882402433246078477e-02 5.815249151346960771e-02 8.658715128162933206e-02 8.830095603086859923e-02 9.561277672241222381e-02 3.922237107773656611e-02 3.592274118255297383e-02 8.022747208058303436e-02 2.807092402237804096e-02 5.000412236511667108e-02 7.239017250396133363e-02 4.236079307279239613e-03 3.476446715016861394e-02 1.114486267698024981e-02 2.523932813358091901e-02 3.730343143659575061e-02 6.073512486655791021e-02
8.625083220921796190e-02 9.070431573254012295e-03 5.979879521198738779e-02 8.012630636955370145e-02 7.298625210909634453e-02 6.968719609759385647e-02 5.942495608614335734e-02 1.870791992664883052e-02 2.198612649823857013e-02 8.349645172074418586e-02 3.457212331605785671e-02 2.623859887470916460e-02 6.477642695210658608e-02 3.120963516196076024e-02 9.775935577627550832e-02 7.324328808037564031e-02 2.853181713345100123e-02 8.463045248296130821e-03 7.733797194208129333e-02 9.611686582432907300e-02
8.218924969661406399e-02 4.463885902410191092e-02 6.963737144128906431e-02 6.380398570513112766e-02 4.687316714365628162e-02 9.266816225567765797e-02 1.256425445820418332e-02 6.469042219635648405e-02 4.563702036170258838e-03 7.295270574887524617e-02 3.259611173067879925e-02 9.732671890892238831e-02 6.909800350374943612e-02 9.543229614572225003e-03 3.711842386722337406e-02 7.950619413280374248e-02 3.506438535995437880e-03 9.348922376089500996e-02 6.536042409076422977e-02 9.133107129433370996e-02
5.448738554278988178e-02 1.088472242193846452e-02 6.660608452513459843e-02 2.625267303136345071e-02 3.690154204064861887e-02 7.034458987065841939e-02 9.865378502149418916e-02 3.990776869993323261e-02 4.834659779815118213e-02 2.539104749302208142e-02 3.523171268851499338e-02 4.877421846694554586e-02 6.908253733892893989e-02 2.505734769273671152e-03 9.151327385674591641e-02 9.771286669086422239e-03 3.564908669039509176e-02 5.676419058369468890e-02 5.613200096806680861e-02 9.117211110548435749e-02
4.123636452153676274e-02 1.584855774818174842e-02 9.574106838857449064e-02 8.064475829766225290e-02 8.286524400018069336e-02 9.208408194737298380e-02 3.524043642018388767e-02 1.946235107974347844e-02 7.728256342298012605e-04 5.927505409907177225e-02 3.264927668633305080e-02 2.133717327182850509e-02 4.373248931552232988e-02 1.452319192737849861e-03 9.166499585981502732e-03 7.803778968200145161e-02 3.531800662970856902e-02 5.780019276153863794e-02 2.318347994100953408e-02 2.579891706486656805e-02
6.039891818466359280e-03 6.667809715433488382e-02 7.312662196464073117e-02 8.013389288753264283e-02 4.873398177556099997e-02 7.319724079721305621e-02 5.541646072461458433e-02 7.936463812341322185e-03 3.341305558985352506e-03 7.318604988442671544e-02 2.603969661247296317e-03 8.412078339387325798e-02 7.519456230859031254e-02 7.255510856515862139e-02 5.290281472690158693e-02 4.258681492283511970e-03 6.688454130053908542e-02 4.805778020459962330e-02 8.227345239315453362e-03 3.554682821865309122e-02
5.417154707971291727e-02 5.144491488252507516e-02 5.019693463918459275e-02 2.289715934761448260e-02 7.265321434387643496e-02 3.783704767641155042e-02 6.320514900433220340e-02 3.739115964478050697e-02 7.352397520262632553e-03 1.849707763462777807e-02 3.746755085805641289e-02 5.101183735719097556e-02 8.865096176608409928e-02 8.226711705464435920e-02 8.416980642160186432e-02 3.407418320375084353e-02 7.498243154929792875e-02 6.570808729129964942e-02 8.290156362501176213e-02 7.228801011580977820e-02
8.085793959475215398e-02 6.347096662762873043e-02 4.017955446727816682e-02 4.783110556634900118e-02 4.746028391625856102e-02 1.184483684164913155e-02 6.321014607883720937e-02 4.941742720877916745e-02 8.811503538075649011e-02 8.493047963234601205e-02 7.893802975788671850e-02 8.481073878254059839e-02 3.602709794442238156e-02 3.242688662109155517e-02 8.400656547857977136e-03 4.138752543009999174e-02 6.894781500428291687e-02 4.803866360237341038e-02 6.492473765632722493e-03 1.672475217816301804e-02
1.098648311537761026e-02 7.163891475801929809e-02 9.536883355466979628e-02 7.707400685142902497e-02 2.201803157139359257e-02 9.546685184156052106e-02 5.877835617469796825e-02 7.364678211255797080e-02 9.201384561516662286e-02 9.774603847628256237e-02 4.783582669910069196e-02 2.008426778785256384e-02 2.281552817487763132e-02 5.539899392519731514e-02 2.008622275753904271e-02 9.573686798731458059e-02 9.023974386427584260e-02 9.335356170891706551e-02 6.671712098995070950e-02 8.225321686017743328e-02
4.565015778009717806e-03 4.073352195741525295e-02 1.335890254438221311e-03 8.995076796949072473e-02 5.475876700254489991e-03 5.359065700828520573e-02 3.369188899510542484e-02 3.081627581936651275e-02 7.042794983297943900e-02 9.113524692166992403e-02 1.043361803256542819e-02 3.927814759298347419e-02 7.174092835786020916e-02 9.710777712691631702e-02 4.259229270405386070e-02 8.388769987782435100e-02 4.012118074760324948e-02 2.899854108385032866e-02 9.096676179306394106e-02 9.991499683331157844e-02
4.204157824132967458e-02 4.032489242467784778e-03 2.284540292628042465e-02 8.435446673980168120e-02 8.010062360829468819e-02 3.591605670273895212e-02 6.213804279866384089e-02 4.724514049242315578e-02 8.076079614360474890e-02 9.212336801011686283e-02 1.713685374223206104e-02 1.874650175848469090e-03 9.273967224706293477e-02 1.379621774655385297e-02 7.360249090347130430e-02 2.288012946936279768e-02 8.308172913882179433e-02 9.446838803042645338e-02 1.599874362381705981e-02 7.423189891507540883e-02
4.722082427642335795e-02 8.701666349799588862e-02 4.057456488183192045e-02 5.102330866522231112e-03 9.076985424913984468e-02 6.414305937658486279e-02 2.305682196755669613e-02 6.429509691173151964e-02 7.780931790531331847e-03 1.011278507871291726e-02 5.955573025461236014e-03 4.136896954415684308e-02 1.707206136996293130e-02 2.646769073635379943e-02 2.740622300409323569e-03 4.951578279289158696e-02 3.388439066754295181e-02 2.769646943056590718e-02 8.235888408055741516e-02 2.480097516641474251e-02
3.514404656459746423e-03 2.526902783251732190e-02 6.658057578624135275e-02 8.291709089314547310e-02 3.200111696570911990e-02 1.540472318740446905e-02 6.997832649561740170e-02 6.826534692091117129e-02 2.087954637012123978e-03 3.428400063602571324e-02 6.676164754699110554e-03 4.594988835108430175e-02 5.655950797158855459e-02 3.466490143349198333e-02 2.007290155691843214e-02 7.556906121706824520e-02 8.337550100390650476e-02 3.557455438293313094e-02 8.335150155546088013e-02 7.557264763526194695e-02
8.550876533885132247e-02 2.812446249162857750e-02 2.377057411610075319e-02 2.676144493337986527e-02 1.143163905394924997e-02 6.591088559787580681e-02 6.884654381982599491e-02 1.662395122506970038e-02 6.872309104362885057e-02 1.691905494443468648e-03 3.755357563101348328e-02 7.638063867064895374e-02 8.538769573539649327e-02 6.357556494721521012e-02 3.042131930616435304e-02 7.264063595023584341e-02 6.681209156553924444e-02 5.485600034546967048e-03 3.460440452156818975e-02 4.110895304425349339e-02
