1.988192538522767228e-01 1.358665045145150962e-01 6.965650932024462783e-02 3.044669877765689148e-02 1.065761705035629670e-01 3.178531833339918317e-02 1.228877176498749668e-01 1.444402995196999995e-01 6.536368494498748238e-02 9.917460983874079594e-02 5.683836328575771896e-02 1.526408893488667706e-01 1.011206513061142370e-01 3.455765307285044163e-02 9.400777362949913618e-02 8.055528638515688233e-02 1.179286656269772221e-01 1.055171442952909933e-01 4.648026106992966117e-02 6.434574206823398534e-02
1.452376721424508742e-04 5.849665175581916787e-02 5.709157475151230288e-02 1.630606239090026796e-03 5.412876580999477494e-02 1.080139498170215075e-02 4.146426061924654571e-02 4.020392781111659097e-03 5.921645644090198224e-02 3.091938218527193888e-02 1.859128184403042658e-02 7.953800377243870623e-02 9.406170174980713061e-02 9.077966426805170186e-02 6.720899928164544845e-02 7.362222792820682926e-02 6.517457046974133028e-02 9.570826567797373341e-02 6.474277791707652718e-02 4.138017594914569774e-02
1.966244469039575560e-02 7.425859043780196067e-02 3.607206301886933808e-03 3.682727837689703417e-03 1.568735810705178604e-02 6.737147085980620120e-02 9.234201311022621761e-02 1.785392183513257011e-04 9.137032303701003721e-02 7.742904352762592247e-04 5.038110067742967990e-02 1.648981816149104260e-02 2.808217474359789995e-02 1.756239180353894730e-02 5.840332702618977918e-03 7.758449702927083802e-02 8.013222886630011130e-03 6.207168659577558256e-02 7.071392318046376690e-03 5.790119701024992044e-02
1.825974052782491919e-02 3.293506474054846977e-02 6.046762283773966795e-02 5.748187966865883625e-02 5.927227420687278953e-02 6.650320188337342786e-02 9.111701553896542349e-02 8.104265792682635583e-02 6.192187346767036304e-02 8.572365923290137897e-04 7.241562301481761776e-02 8.947959269737705557e-02 4.766176939024852066e-02 7.602089692416896805e-02 8.218577418377175092e-02 6.150384531568066360e-02 4.347647445087021723e-02 5.569777286495191521e-02 8.763168268126453331e-02 3.465818583747377890e-02
5.398817144385579386e-02 1.434310248776369395e-02 5.331667247159792983e-02 9.986247687926497196e-02 5.687959644570631662e-02 5.285532913660337395e-02 5.534746296341069155e-02 7.837236414031108211e-02 4.737917456098000857e-02 7.949753325080627375e-02 6.506793241457363430e-02 9.129075629328962938e-02 4.232765553095540340e-02 2.869269006117330933e-02 7.713230589982683627e-02 7.725730449936088484e-02 8.724111071920254146e-02 9.519946355664497817e-02 5.110800223070294246e-02 2.750701191462891215e-02
7.593520800752939781e-02 5.519804580376375114e-03 1.768697858885952615e-02 7.553013429706956217e-02 6.069966315575203719e-02 8.421701986206911461e-02 8.906253276208812852e-02 7.272436277141307304e-02 9.158551416045961069e-02 3.023085005407477599e-02 6.896822209752068167e-02 6.023256442610955275e-02 5.297822560286669091e-02 5.543401514360429133e-02 2.572848388270958589e-02 7.663959713259883150e-03 4.666561577723104398e-02 5.241339402862799784e-03 5.351323411027873039e-02 2.738871445791646320e-02
9.135059259501931983e-02 6.313659654640347250e-03 2.048050749129424336e-02 8.064817122291975671e-02 6.592355497271652764e-02 9.221832027533660714e-02 7.892482685086038563e-02 1.884291328982981226e-02 7.603034759987149782e-02 7.528679276864264081e-02 2.818703512582046086e-02 6.846705492619778455e-02 2.626585693816739855e-02 6.948197134973467526e-02 4.288457265925627038e-02 5.702058826997680706e-03 6.619409407490492447e-02 6.547234670324901529e-02 9.635584672619941504e-02 2.714536265221983991e-02
4.921489347013661281e-02 6.125777081128346707e-02 5.493227901531577001e-02 7.571977468706081460e-03 8.214363622289495848e-02 8.781669675251722873e-02 5.723128962674110115e-02 9.731809044060669295e-03 5.666281789713231709e-02 8.771664210989651989e-02 9.094113562344185997e-02 3.271320495767642694e-02 5.291340160796784847e-02 1.579914702897653594e-02 3.907059202597995551e-02 3.115358077654175814e-02 3.557413901018320612e-02 5.088752264523196955e-02 8.075113602913963629e-02 6.325049454361418577e-02
5.281392766557122670e-02 2.497469075847184167e-02 9.714853480583328371e-02 2.674418349919274393e-02 7.365811365975760694e-02 4.819124093765222994e-02 9.068726756353046037e-02 6.521740612136645021e-02 3.973112406133139270e-03 9.368819655186022208e-03 4.076900017126638964e-02 4.424704690753641922e-02 5.466623145695945901e-02 8.178078286410757347e-02 9.954690119279503702e-02 5.313694678459828652e-02 6.884351702040933385e-02 1.893421734987490654e-02 4.095690984032895887e-03 2.727936770767971572e-02
8.813768413834366378e-02 6.942638154116993754e-02 2.394817218117251297e-03 7.620670340082029426e-02 9.000287542031022714e-02 9.415735036846811790e-02 3.964204984608175192e-02 9.024368286463099742e-02 6.619740654597079665e-02 6.175571006042304689e-02 5.837164930064652618e-02 4.353753861666808528e-02 5.203995015931948270e-02 6.794953738838793722e-02 5.243654108810644893e-02 6.085040250137777051e-02 5.444362485381359917e-02 9.931926634805753051e-02 9.762073817791497299e-02 3.574712499903554171e-03
3.727912599712026459e-02 4.908082542839978940e-02 1.557540121725972150e-02 7.670048053835670787e-02 4.046244149704759929e-02 6.379856149419202427e-02 7.563731838275940256e-02 2.044598849053289730e-02 6.335638790692155187e-02 4.787628648090011541e-02 6.862219077048392971e-03 4.428724088213033261e-02 4.160990759207394913e-04 7.360403244856873750e-02 9.867057039171536759e-02 5.022393732788217602e-02 2.602438270784783805e-02 7.726015904497869624e-02 7.396546400931004045e-03 6.321817471026447421e-03
9.188591890879383578e-03 2.601396821802686235e-02 5.804832469673598672e-02 4.477373405826993308e-02 9.754455214759552573e-02 5.566381718931767870e-03 6.864123976679865902e-02 8.641552307893579643e-02 4.966519961390773036e-02 9.524461945859769019e-02 2.027067190385309012e-02 1.613041563631558914e-02 6.182660094396796174e-02 2.030794975228411743e-03 8.709343827935427107e-02 2.769496819175898406e-02 5.124269103732662783e-02 5.584756666057673347e-02 8.562806235632078322e-02 2.558975247050842075e-02
4.257834457524280192e-02 2.690128870077435411e-03 8.786570903023817325e-02 6.388663358098660427e-02 2.798497574436543955e-02 7.128934535199228650e-02 8.642588312960186592e-02 4.229828681425831793e-02 1.792921863276638814e-02 3.811333390532093551e-02 3.561708458919032178e-02 8.796430175248823313e-02 7.510597674092982234e-02 4.906077281587269134e-02 8.529161242956180555e-02 8.588726884177104448e-02 9.536867730674459392e-03 9.601298470504676663e-02 3.418668613140440210e-02 9.106289713456483526e-02
2.551688684192722489e-02 7.063594855300893427e-02 3.020215233267271870e-02 7.211186131563544766e-02 1.455191587449525953e-02 2.612717011205288944e-02 8.129191664528352679e-02 4.980530382651317256e-02 9.906850188759364073e-02 9.051470104328917729e-03 5.889765156802653778e-02 4.458378480683949929e-02 9.509635974529447033e-02 3.415587079440209062e-02 8.567004902638286623e-02 4.198168100540670272e-02 3.687421767441172865e-02 3.999775669623304580e-02 5.771916653618017201e-02 9.651558553206027180e-02
5.490196863464799626e-02 5.407587245115758057e-02 1.006338553236463262e-02 7.963808752232538757e-02 5.302447618715601385e-02 8.164507639364787517e-02 4.174963636799784716e-02 8.261277004479741781e-02 1.070609620513652931e-02 6.403483929732965707e-02 3.012469006387342996e-02 2.840356563850721366e-03 9.455627352120991869e-02 6.200834252899561916e-02 6.678301804791929308e-02 9.815101294379236223e-05 8.176827879074033412e-02 3.598375227248348102e-02 7.525423334664714525e-02 6.112914938835914413e-02
6.382863156424747886e-02 4.664508189861291815e-02 5.757509465948815880e-02 5.194855232289755792e-02 4.800081371685819415e-02 5.434690206283798036e-02 4.830665037580123000e-02 9.866343491353214701e-03 4.766126915447656265e-02 6.277626267445328423e-02 1.195778230757822518e-02 5.116550291746627815e-02 9.088369947460447906e-02 4.041374704804828744e-02 3.663067084660764916e-02 8.520318222634613858e-02 2.455138407510468884e-02 3.150817465226105757e-02 7.798777716205322619e-02 9.349003280032218421e-02
1.866331948121125947e-02 2.904206888654387031e-02 6.586187715501225226e-02 4.278917490718686656e-02 6.738676453502681629e-02 5.960718697752562245e-02 1.009412432852803236e-02 3.839188959437613013e-02 3.835429480233141369e-02 9.906581898420592502e-02 2.087587385029180537e-02 4.811513529462039390e-02 2.634334709572372368e-02 5.152139656319149053e-02 6.695867508436278981e-02 6.621499873766906186e-02 2.201684517644828670e-02 1.398265756565468879e-02 3.153396313180130417e-02 6.547486275050135029e-02
7.289054179927688393e-02 5.653189437033907805e-02 1.073658702105503328e-02 8.252473054588285728e-02 5.013448045485324744e-02 1.529575417734767642e-02 5.821360919872079626e-02 5.798198768570087674e-02 2.632937262084285301e-02 4.448343913235913716e-02 3.960964210055777784e-02 8.375693039632535475e-02 7.193983524175358302e-02 8.355891741215543123e-02 5.832424779040781826e-02 4.508052904832984820e-02 7.006315018035312592e-02 3.042050136330063520e-02 5.309925387560986837e-02 5.280756077647253376e-03
7.482318980751188897e-02 4.668431531599864792e-02 6.172587943816026934e-02 4.859866264031569710e-02 8.220333063984686106e-02 6.848294978527413868e-02 7.949245001700766533e-02 6.348006075061750353e-02 4.833091904715585557e-02 5.067334693561419828e-02 8.748139624248474355e-03 2.071552184574393385e-02 1.246125286377857203e-02 2.679731458979654063e-02 8.297951992631373563e-02 5.832294723463606057e-02 1.070594344102544608e-02 8.495503126859726972e-02 6.132072433048910143e-02 4.656269779267534908e-02
8.962048612916367896e-02 8.641460702690524631e-02 3.292285574822061828e-02 4.822998719029364389e-02 1.265110580825372713e-02 6.712587333832878422e-02 7.604176698408202095e-02 8.783236950301469281e-02 5.832782007344264330e-02 6.670806282022589961e-02 4.522511595628434661e-02 4.632370454156677086e-02 2.054045680525427159e-02 2.321186305662405192e-02 5.195364708461981673e-02 5.537034809187457718e-02 6.175714681297111985e-02 5.271112139828674353e-02 5.149954826391801854e-02 1.492988531469113811e-02
