2.454382986800594524e-01 3.685275397251951829e-02 3.441196083770560465e-02 7.657060574430472888e-02 1.071550298340546159e-01 8.779666769327804099e-02 1.997626725167848949e-02 5.381575454004466214e-02 1.334610185947555094e-01 8.916704060167404688e-02 1.068414998262999238e-01 7.571353558422626306e-02 1.219331414191663909e-01 1.562197058551491602e-01 1.588062020321152623e-01 1.193127444798889603e-01 1.066205488272187474e-01 7.290441622392206111e-02 1.044674269032239422e-01 4.823340792518367171e-02
9.676621807375462847e-02 3.827939193534573431e-02 1.800714146430122328e-02 8.737182389314440689e-02 8.420723531326890221e-02 1.955861973500394591e-03 7.614299484276890184e-02 4.440493119829085761e-02 7.643943125531262039e-02 2.154232626432822650e-02 1.205157123444818880e-02 6.334754289457783516e-02 2.753517282961962659e-02 5.117684349953285916e-02 4.703306287675568242e-03 2.703294744714327541e-02 3.044325806860063294e-02 5.293824240846858875e-02 4.563563195898839159e-02 7.111965074564184641e-02
1.157380719539292772e-02 3.475784064557818718e-03 4.590999200722373219e-02 1.246836179035892963e-03 5.583649801226329284e-02 7.910331556743291359e-02 6.456953166143686307e-02 2.974205364950762917e-02 6.861393840453861026e-02 8.272939231917295078e-02 7.781931272213730988e-02 3.159954533221403378e-02 2.401574427655838243e-02 4.209289875365687661e-02 9.131164982995380874e-02 2.382580144475072992e-02 9.024735898295309366e-02 3.023673800894173536e-02 6.076930409975653952e-02 1.127406554891616924e-02
1.995322615313333166e-03 2.554571463167469927e-02 9.870336838234515520e-02 9.226995457952477664e-02 6.886029896963417885e-02 1.319430590744974374e-02 9.606778474348180719e-02 3.089566073502646518e-02 9.695194325214859243e-02 3.317989933663916674e-02 3.454854089805077522e-02 3.470676886834261898e-02 9.639102691436873815e-02 2.822153072508450100e-02 5.133392483290868946e-02 3.359865997539273480e-02 4.378233735555893402e-02 1.544614709442551116e-02 3.316978032542723664e-02 8.015568595261091112e-03
8.675105807294794524e-02 8.442513318716694803e-02 9.952230719756871569e-02 6.522074382401700510e-02 8.096171031815740937e-02 1.024461870000567022e-02 6.969849203155890904e-02 3.100222518316941844e-02 3.651948349589114601e-02 1.686778392628892828e-02 3.735165269499092500e-02 6.327999011488738730e-03 2.278087882606698658e-02 3.622536062731958328e-02 7.972578916194322796e-02 2.710022773014769681e-02 6.101037546971138648e-02 7.028551369172704455e-02 2.364042466323068928e-03 1.804143044843832186e-02
6.784145655599127522e-02 3.234464138332598937e-02 5.177853445701866703e-02 1.290108139116703627e-02 3.869019144263330379e-02 9.521820675993908356e-02 7.679306342947554709e-02 9.149833715518145005e-02 1.629665962613238359e-02 2.476397042026150588e-02 5.843920601159507955e-02 3.602743070040544116e-02 9.649470154023639945e-02 4.660923367935132511e-02 4.822214155914485156e-02 4.114973548414884580e-02 8.630176456287752540e-02 7.738122997299193284e-02 9.429908826734934718e-03 2.651992547676012071e-02
6.556247325282248128e-02 6.303555790689135963e-02 9.565842758442563709e-02 7.154160397347147926e-02 7.570352586236941961e-02 4.714826926114036587e-02 2.554962622743993730e-02 3.140136575943865832e-02 2.171707780094354195e-02 2.393740271851078211e-02 5.241850386649859334e-02 1.414882452191093022e-02 3.654483127608054716e-02 7.952580745441917287e-02 8.081708997962788743e-02 5.933600021016392084e-02 6.729907977801523333e-02 4.997584534077945118e-02 2.269637551495524985e-02 8.626800995187373922e-02
1.358788230124907724e-03 6.482623567826463484e-02 9.042407918865662253e-02 9.046547522053878521e-02 8.020638355202122649e-02 6.142375134918468677e-02 1.995733280560893150e-02 2.785893340369823001e-02 8.306002352853998627e-02 8.741669567869023161e-02 8.580351403033587010e-02 9.888668521851307069e-02 5.693677809339841439e-02 5.300248501512445920e-02 8.679979680897428884e-02 1.570380097001925629e-02 6.581380014761713249e-02 9.631581519028825644e-02 3.557769374751277441e-02 9.053126328583105051e-03
8.371146904896425989e-02 2.904559479596199520e-02 3.256720363606977614e-02 1.887078179421278895e-02 3.852711050558084438e-02 2.748390901286411683e-02 7.071567311303646186e-02 8.490482822569654642e-02 2.706896533409647310e-02 3.712587603328178221e-02 2.098913830584705695e-02 4.713834907616307884e-02 6.277416123907209218e-03 6.826854024396288023e-02 8.148065082278387050e-02 6.329798297779165583e-02 6.299103245866631562e-02 7.850511582731398152e-02 3.675841614855467759e-02 4.496824755442141441e-02
2.207040952128214162e-02 2.989743704308560693e-02 2.962546662344010123e-02 4.208082983101002657e-03 6.261337723652521392e-02 4.337849266333085319e-02 9.845174629297653857e-02 7.559761813675602848e-02 5.266769833659565997e-02 4.659087193440369749e-03 9.752331446404938556e-03 5.766886401185938871e-02 2.736427138251340541e-02 7.997434206594980499e-02 9.995134947650828605e-02 6.699705227168047117e-02 4.426889218520550090e-02 4.479227499944515162e-02 7.909995029189432461e-05 1.696449344284445271e-02
1.298383231134014881e-03 8.434057589954069289e-02 7.128655441894683753e-02 8.478816126195591607e-02 6.120131409156243096e-02 1.875447775854174534e-02 3.602423157441110579e-02 5.444770395811023012e-02 4.597072702967486268e-02 3.118764386290793361e-02 4.021314869805032999e-02 6.576121105866074290e-02 2.817396668444525215e-02 1.948320000358262638e-02 5.534624367536372658e-02 9.442577634393095609e-02 7.743824394348809703e-02 4.660207844988311504e-02 6.653054667242497278e-02 6.061809213408695524e-02
9.239526331108237345e-02 5.397376959038081845e-02 4.151420285099818863e-02 1.694442849150900113e-02 6.166209838837043850e-02 7.866796111971452454e-02 8.963103597843273540e-02 1.179252200261515912e-03 8.529760957686405298e-02 9.206064079905396103e-02 3.230808700477549866e-02 8.145505432197758244e-02 3.724542203593450562e-02 7.308507340375159159e-03 3.296593749448652189e-02 7.528710942913286602e-03 7.596358606602472696e-02 4.214897094155711788e-02 4.969620004938703206e-02 8.802309328159996227e-02
1.029491649787361851e-02 4.600770670518092992e-02 4.576283363875802146e-02 7.639881356481237340e-02 6.080063131274669047e-02 7.359748161483845030e-02 5.024394662946832929e-02 6.264300934854093172e-02 8.854290152020025118e-02 2.874264620968754180e-02 1.677521651417090975e-02 6.478149463701192434e-02 3.943789380739248784e-04 4.352619958612114447e-03 3.941095520271251790e-02 8.659062587975352443e-02 6.825926410161399505e-02 6.484377319402592765e-02 9.359355076222401759e-02 7.706392532037481535e-02
8.145281762560968586e-02 1.137796209997761314e-02 4.956714547886309497e-02 1.738479903841896532e-02 8.049430024031040132e-02 1.282839498340604401e-02 2.521218161032212721e-03 4.526054772154654293e-02 1.141961052820047486e-02 9.587033436479794335e-02 7.181695558810789748e-02 6.940092942845023372e-02 4.840652224864522291e-02 5.184633771331360885e-02 4.630570338981703643e-02 3.735373526879411099e-02 5.888946142424814068e-02 1.798416270422296265e-02 4.448423534176480093e-02 1.784460605178548459e-02
7.989432679953073491e-02 5.815213298361898708e-02 1.645681748127577823e-02 2.315351596857514668e-02 3.786294915940290745e-02 5.367423876682343720e-02 9.294408680613440443e-02 8.263894603793299140e-03 4.669204358258005616e-02 1.822493972542157600e-02 2.733885599538422861e-02 6.605508533910568747e-02 8.903892575811699073e-02 6.303131966801230057e-02 6.234676208692273985e-02 3.190180603512077218e-02 4.353000097163015752e-02 3.846500928390209073e-02 4.535292810755570114e-02 3.234892739064235828e-02
3.477588964961210449e-02 4.051456655960244263e-02 4.558257342926189809e-02 7.125080378206165299e-02 6.935262584022840182e-02 9.952468164765682079e-02 8.006526295073784771e-02 1.423742421830748173e-02 5.720119744883148810e-02 4.635301120978571610e-02 8.167908310024139806e-02 5.533529832176001251e-02 9.663729581765406751e-02 7.275593366151214547e-02 7.169853721445729883e-03 5.669607588474966792e-02 2.202658716077117440e-02 2.012511538673614903e-02 2.404805888820034376e-02 9.884535342235711841e-02
4.062731676620245230e-02 7.086204253994086988e-02 1.455836668366542602e-02 7.198919425344439682e-02 8.102379796520185751e-02 3.309152417970320087e-02 7.000170219763061918e-02 5.660898672188779263e-02 2.852816677670621040e-02 1.891723648661131074e-02 7.687103700614633661e-02 4.045821164956664440e-03 1.868131762229529105e-02 7.145025423935462416e-02 8.217738864800594456e-02 9.222330447176257939e-02 3.888463989285841083e-02 1.518006162863616603e-03 3.907578444248008265e-02 7.289827935828900596e-02
3.062710488271254416e-02 5.128084704075619449e-02 9.125610256406657336e-03 8.972241439742023594e-02 6.636565654365164657e-02 2.461244357684807746e-02 4.315434475286399757e-02 9.564331995355633553e-02 3.905518870842844548e-02 7.489615153475752407e-02 9.817156827183209922e-02 3.925580591535560160e-02 2.185451264710369657e-02 6.707286882311226661e-02 1.473625885553094851e-02 4.841012052283584499e-02 9.397586879417998973e-02 2.483017402386813663e-02 2.294467835359224189e-02 6.798210211167997341e-02
4.531632078684105780e-02 3.329594617439306931e-02 3.759481549015929874e-02 9.841844847541836305e-02 5.852599848658301268e-02 2.943677551678102258e-02 5.390787871543975540e-02 1.766032831946409351e-02 3.156076373083652881e-02 7.585037031364134930e-02 7.503918645044110880e-02 1.009051801324236698e-02 1.084955876480210406e-02 1.226100316874858577e-02 4.177961093531279944e-03 9.811715293121721360e-02 7.367840858538084181e-02 7.916371962678542262e-02 4.387084758534481183e-02 8.430543772813171507e-03
8.879917381719437675e-02 3.117111139046452317e-02 9.904280015817527871e-02 9.484823127800187659e-02 4.165078782225097032e-02 2.213388670538728523e-02 6.940858966764056059e-02 1.273136971830207687e-02 8.511292827011451845e-02 2.740128268053637628e-02 2.411574807784442470e-02 5.372692158814829436e-03 9.057328458141261640e-02 2.065193295985025268e-02 5.299468391619904795e-02 2.912976808745715643e-03 3.974031116952524839e-02 1.371929672938974193e-02 5.215611659224970303e-02 8.583576713111930323e-02
