1.869792635820999305e-01 3.540265366298747662e-02 6.625716843210671669e-02 1.547226111544391935e-01 6.159145843321035124e-02 7.418087911626729258e-02 4.823371108915408545e-02 5.376252217311223991e-02 9.816399620743697374e-02 1.077196697227627981e-01 1.511143271372515640e-02 4.769238331660052843e-02 6.812413146400474184e-02 5.360769093902772314e-02 4.380279726959586395e-02 1.690752663786085908e-01 1.066643690060492256e-01 4.486650758440058340e-02 1.164284417145553807e-01 7.342939255982801339e-02
2.734918292480216506e-02 4.908867808508344394e-03 7.286128171162109882e-03 6.285301090649539346e-02 2.057802632764109754e-02 6.674490180588033179e-03 1.788535450974637793e-03 3.457556900476377575e-03 2.039231007339713589e-02 2.810399858004478807e-02 6.716360535085685868e-02 3.176123701265130134e-02 2.063845216935411824e-03 3.251541864746843296e-03 5.342673261744954744e-02 9.623814483138921905e-02 4.489953859963494859e-02 9.943132586809706741e-02 2.338115786197803025e-02 6.261155472294020752e-02
9.545671508946178274e-02 9.606736783512720423e-02 9.681253091810398947e-02 7.200754185333668733e-03 6.947065535642203693e-02 9.319765560058662635e-02 2.879690160965306042e-02 7.819062498022955054e-02 3.903157591464881393e-02 4.478353220153575079e-03 3.893965615630890116e-03 3.413015259550115227e-02 9.836460198972046820e-02 4.029862926042884763e-02 4.693613805375915216e-02 1.410997589544437172e-02 2.389809913918464895e-02 2.475654827796679516e-02 6.970095350722647909e-02 7.387488631273360362e-02
1.931849267698727834e-02 1.197898838521441883e-02 5.085480369557283074e-03 1.489708353343028972e-02 5.056075566769622359e-02 2.577459625634580601e-02 9.179314230263176111e-02 1.107097185408920798e-02 4.942034176723995170e-02 1.640616144286611774e-02 5.023070922448024528e-02 6.075889961567179642e-02 9.438374988430076051e-02 4.880836929284704251e-03 5.496933670009880590e-02 6.498022113204872385e-02 4.939550995014605622e-02 2.489491193484627551e-03 1.536715689707073354e-02 7.127906493309497937e-02
8.236775390419841247e-02 9.838789282566413885e-02 4.161896557116553930e-02 7.728854548897991228e-02 8.357734917073128544e-02 9.708915702300986716e-02 9.242946293721206186e-02 3.207306197976405454e-02 4.944157447315498249e-02 1.685786359408312368e-02 3.450635979134646786e-02 6.117204564538593348e-02 5.470167903875448184e-02 1.670713088509732241e-02 8.929809881519364112e-02 9.383892606246199697e-02 5.983830616293100979e-02 7.260057447838930145e-02 3.171516500548406808e-02 8.122670423635305892e-02
2.783133260769965478e-02 4.160713461747722434e-03 8.022326288742220868e-02 6.807606484019849968e-02 6.031534169687961106e-02 6.197806508744355125e-02 4.915018188274139499e-02 5.177268110583883864e-02 4.584421535539582454e-02 8.037813261356292760e-02 9.187582321111235906e-02 6.257491909244648765e-02 1.968232770969067374e-02 6.537107304416531206e-02 3.925018189021810960e-02 4.705985507609932589e-02 7.415430630218779184e-02 7.082980533147419100e-02 1.578440378182733791e-02 2.530285711567700421e-02
5.674920905740978017e-02 1.512989679510746803e-02 7.490404110714375674e-02 3.355330364736185816e-02 7.436230119290947183e-02 2.643309163134640802e-02 6.176780460215339913e-02 5.659690263210447742e-02 7.612588008974011111e-02 9.158982347536123725e-02 7.395752873642540137e-02 6.635341985577261625e-02 9.070778213042485216e-02 4.599556701896221483e-02 2.677548921018578845e-02 2.121188455003113552e-02 7.490847636285440092e-02 7.926831999644184945e-02 4.858505073636314869e-02 6.313171780429760981e-03
9.810271971311257388e-02 8.194142344672172840e-02 6.366830571496211177e-02 9.317275246717449111e-02 9.631009406063166522e-02 7.334666775835989305e-02 9.144904108090021189e-02 6.432965325816224211e-02 6.592078873696692598e-02 5.924374723615054988e-02 4.235434379661862092e-02 3.017581042338394332e-02 7.561957365635034456e-02 3.748478435792186592e-02 6.467815042587346519e-02 1.941520533247827196e-02 2.285249056919929148e-02 1.460349323102302400e-02 6.601942978161130793e-02 1.490697457344407686e-02
4.346707661042142901e-02 5.778924472000266516e-02 6.948735351401338911e-02 3.751413657909230537e-02 8.640966280009576561e-02 9.886894601479133404e-02 5.977378628618071343e-02 1.645800946380338188e-04 1.526798163748237583e-02 7.432209764611018288e-02 8.441740148883818129e-02 3.773617421203265959e-02 7.595890165265804794e-02 2.940532707408609683e-02 3.072137894013240653e-02 8.643945803138636252e-02 4.025673934249535124e-02 1.769517365205119930e-02 7.457611442204421792e-02 1.661607108865028812e-02
9.390391867911196400e-02 2.364716082702210745e-02 7.874106830276204894e-02 4.537552375250854253e-02 1.076573967654886888e-02 1.199134394204763934e-02 3.569344816267372607e-03 3.781589328470115474e-02 1.306966215083953456e-02 4.452207169999000680e-03 3.103127339539018051e-02 1.606115449464953424e-02 9.662896135333462477e-02 1.901444478089664436e-02 7.939047796322390438e-02 9.684296541975455364e-02 6.399501023162808278e-02 1.196372852602419802e-02 9.101447420799924082e-02 6.581159957558213765e-03
4.706278458689790167e-02 6.714187923254183454e-02 6.068914499098322646e-02 4.010959082886003668e-02 9.884461362935826126e-03 2.492578957053773886e-02 9.240273044201081920e-02 9.501418707407560671e-02 7.743273095577792031e-02 8.935974895065423862e-02 4.261626059122537724e-02 8.151286835844108111e-03 6.939420897858828048e-03 9.660243821915416584e-03 1.876294476409384737e-02 4.337884304896136300e-02 3.967961005921494082e-03 2.269159851779670861e-02 1.505405037958621600e-02 4.692634974512994994e-02
5.775799747739754353e-02 2.097372243124565744e-02 8.129293176665141826e-03 8.421314879497469874e-02 5.538833082501323779e-02 2.030441650777219456e-02 3.590137776898372213e-02 7.329092804301780284e-02 7.291382154133892179e-02 2.899203710333715656e-02 9.154855720743343417e-02 2.926833178750103473e-02 5.698972736007721501e-02 7.783360143676723575e-02 4.670090443238882755e-02 1.351550219068101827e-02 3.187528019084395758e-02 2.723880291269529380e-02 5.919391186480561784e-02 2.616375665293043870e-02
6.545139402454355770e-02 2.472653403856136731e-02 6.456381071503212998e-02 4.544496883071796195e-02 7.956263475651921546e-02 5.315086380356846135e-02 6.047201400801839599e-02 4.115649035661659433e-02 9.317539360401079496e-02 1.014963934144162000e-02 9.297739766157475660e-02 4.224659335586633535e-03 1.051159913491209880e-02 6.804097694177600741e-02 1.211939518144870137e-02 6.164361890048117992e-02 7.212713013266626449e-02 3.007070272521078502e-02 3.353117378894771017e-02 7.832390741884355523e-02
1.413767561495637981e-02 6.579769600583675049e-02 3.827668964828121606e-02 6.142324939613128670e-02 7.121294201154938774e-02 3.670108977906192532e-02 6.315668207509919641e-02 1.570882253814769383e-02 5.653560933338300232e-02 6.053032448945241950e-02 3.603698789805072356e-02 6.729022661074156308e-02 8.766067579532652032e-02 7.789636308848539581e-02 7.765293109705143082e-02 8.094546597337483329e-02 1.946446066775504857e-02 2.330929826488401663e-02 7.899672627742214404e-02 4.676375225552408671e-02
9.569014000577776013e-02 7.605623273091195735e-02 9.793642833987693114e-03 1.591698638877450320e-02 8.758969958797389876e-02 8.237954592109990315e-02 9.176356962370293968e-02 3.326471512299560701e-02 3.309365791428726944e-02 1.253106767147300731e-02 9.576080187560770396e-02 7.682890590260971209e-02 9.436604079626915997e-02 1.255250932522165158e-02 9.117567496410861061e-02 4.131861703476633757e-02 2.658491742741547759e-02 3.279292925139478537e-02 9.866216806659897087e-02 2.766876747116954471e-02
8.398902669132221610e-02 8.555210452694012035e-02 1.007340100801856894e-03 2.810087562800282074e-02 4.913468561055509692e-02 5.972627557504855966e-02 2.151043606911915568e-02 3.569058270406133635e-03 9.809166075666886364e-02 7.009051684322452347e-02 7.388591619976785096e-02 4.668420913298543251e-02 4.345825482096427050e-02 2.542481899824089778e-04 2.375714027213843282e-02 2.544511603089081447e-02 7.137597236503938347e-02 9.689609528364829388e-03 3.469571064997708371e-02 1.709105625939538742e-02
7.315627134014993094e-02 7.653710390808181330e-02 2.550556914813038173e-02 9.287261647302287593e-02 9.662175170275157099e-03 9.004475262525962753e-02 6.035530692683072074e-02 5.323485891590751251e-02 5.985113384719059626e-02 1.040233897906866004e-02 4.855232614669156149e-02 1.326985144723018609e-02 9.978960867937301804e-02 5.291451077338928111e-02 3.864463904263529259e-02 8.573490702586618328e-02 1.235857612102128113e-02 2.488657490685222337e-02 6.716006191005309545e-02 8.654485769008762874e-02
7.468598851894155122e-02 5.971105349726285594e-02 6.854293992171556216e-02 9.585126011580674676e-02 6.968143954793423744e-02 9.787703096929777080e-02 1.467348339904889221e-02 9.840901050102340841e-02 9.531761463506893683e-02 7.873802384890715711e-02 2.906883082797720105e-02 6.391306778824784596e-02 1.046163178847245995e-02 1.467119766846652906e-02 4.763906073870112501e-02 6.783883853219958848e-02 3.287833313879939129e-02 7.806795314796556584e-02 9.677105237290721529e-02 5.903153387061262081e-02
6.741256182026476862e-02 8.472086884376897609e-02 4.086849405902516497e-02 3.853695274148083438e-02 2.107411958461222895e-02 4.902643323274150089e-02 6.186760796229280601e-02 1.726808757448841311e-02 4.002428800488144062e-02 5.051728588634996769e-03 1.244511652121865763e-02 9.319435231892721216e-02 3.197186297296233937e-02 4.163083816835677631e-02 2.955651333484669158e-02 8.090444602595417423e-02 2.793535675611026614e-02 2.659937549917184077e-02 6.753419236813761051e-02 1.872549214071961374e-03
9.406741530182691213e-02 5.149446222306397480e-02 6.492188694979923735e-02 4.065378399299211104e-02 4.426018076098056642e-02 6.860852777785594880e-02 5.154298327604477786e-02 2.272760004089253993e-02 1.419602800609408647e-02 6.681743382686658461e-02 1.250228060606404373e-02 7.908224263566414336e-02 4.687893576911916077e-02 8.861707024323527138e-02 6.541323719353274446e-02 5.548476809757940664e-02 2.562351042297448395e-02 4.730106187971705456e-02 8.437540580778174482e-02 4.390474085803239279e-02
