3.051286788343177125e-01 7.889529738186817909e-02 7.128913774315416563e-02 1.397491275937180200e-01 1.125916745265206631e-01 9.152497152080854570e-02 1.539911433837310994e-01 1.400448636698795601e-01 8.132739685834110277e-02 1.203400297201673574e-01 9.228645991123843317e-02 1.127541894000942402e-01 1.348059136476761344e-01 1.049707800515102124e-01 6.973413945447586026e-02 1.033888587819063037e-01 8.429232797251118292e-02 9.682533153424982553e-02 9.482462036658412252e-02 1.027136611247684156e-01
1.323566116033648814e-02 6.716544240597503712e-02 3.385569176364501554e-02 6.884959673698445859e-02 6.155241244237885656e-03 6.023673287936434639e-02 3.246933102167064850e-02 5.462851437992144454e-02 9.393294631212828483e-02 8.655117862233972781e-02 5.471198924141887354e-02 1.779236398365713475e-03 5.027295021338023390e-02 1.888348615347501666e-03 9.969033298919349750e-03 3.415750240844384056e-02 3.292327074405373283e-02 5.198725295968725790e-02 2.574388166583189280e-02 3.445116954990728314e-02
5.752453986864430879e-02 8.825871262056322886e-02 7.604245720825693333e-02 1.271220864196676015e-03 5.961241325307403693e-02 3.612512997573445045e-02 5.065089411939249081e-02 4.110604044644636246e-02 4.606313862737590470e-02 4.862921988234976400e-02 5.029082457646806559e-02 9.476365862720535771e-02 2.069195799435913363e-02 1.591455393553019640e-02 2.249173217598065058e-02 6.987472784396765724e-02 3.712515342259461310e-02 3.797000881232168862e-02 3.689757718062347536e-02 9.122905869961162734e-03
9.209447186794050833e-02 2.775831486539498405e-02 7.151180103003264288e-02 6.428375402404166994e-02 8.965063786100777032e-02 2.894141317369830491e-02 4.603775970777118642e-02 7.312668908732619655e-02 3.762969672283061895e-02 8.169248090801081719e-02 8.557708290411497609e-02 9.156936038231788463e-03 9.769784613209897897e-03 9.564657102280726964e-02 1.865306977315878134e-02 6.862674260189234599e-02 6.128449870011209999e-02 6.086513186286275634e-02 6.798473712557359661e-02 3.219343858520664486e-02
1.389518927862839516e-02 9.181500734068458180e-02 5.035844812425904066e-02 5.472138135956661383e-03 3.513833758448767913e-02 6.273838439489874685e-02 6.280153040829307420e-02 2.640500163862209704e-02 8.291687930675036011e-02 6.849569872744577792e-02 7.628296554343011460e-02 1.714824704861410767e-02 2.839178399183363288e-02 6.166036650741385516e-02 9.240495068338171192e-02 4.412499837837566274e-02 9.760478100191672182e-03 8.838818034642634269e-02 1.860118995587024468e-02 5.913032096038344648e-02
8.413704904017912933e-02 1.687668505695982943e-03 9.847475275107386850e-02 6.596372362876994078e-02 2.609876550206462545e-02 1.371151512006583278e-02 4.454964626770474556e-02 6.674631381570321487e-02 3.968542448414563023e-02 8.075250322485534593e-02 1.151934617213161774e-02 2.393157643954813008e-03 9.317351106075641431e-02 1.021375025630786443e-02 4.275151062674642510e-02 8.959768691909963945e-02 9.908195642244646550e-02 9.618717815711425034e-02 2.764670789050462096e-02 2.928887261833275357e-02
4.544336056581105288e-02 7.772971998210509437e-02 9.505770924744329220e-02 5.306899870108153922e-02 9.992358059169548223e-02 8.116597120752520877e-02 4.073375377530578240e-02 6.955038859270727680e-02 2.211588452394199975e-02 4.264478150259823352e-02 9.570174037058740146e-02 5.663416562232084783e-02 7.306096225477223816e-02 9.823617054960857853e-02 5.025962436098235786e-02 6.365475352080883498e-02 4.533685916290795120e-02 4.011966947766322511e-02 6.702244962789759286e-02 8.542591904104331058e-02
4.830551519268447280e-02 9.203831952597829602e-02 7.018730768249752117e-02 6.573307932418129274e-02 4.830617890912552309e-02 7.582237260292389036e-02 2.812268191420517344e-02 2.519132507307928620e-02 6.063573427445772407e-02 3.882141235888941777e-02 9.794189082553726722e-02 8.043617333435038042e-02 8.456969725292950990e-02 3.833609115760176073e-02 1.381585155501617937e-02 3.663870485664567911e-02 8.630088311877386065e-02 9.809469668919580665e-02 5.115877136552574728e-02 5.469851317668026486e-02
3.496819549371439628e-02 6.168814428403331107e-02 8.927082177614927005e-02 9.207068512967768459e-02 1.903331314538592167e-02 2.779187527367256438e-02 8.573317510975270173e-02 8.528318802243306518e-03 6.862236006606137195e-02 9.762108960978167077e-03 7.241007725658409055e-02 7.188256327895069242e-02 2.084948175351564181e-02 9.766408547999917006e-03 5.594129689672400207e-02 4.060395350049092467e-02 3.871825441542747076e-02 5.449453919835039323e-02 1.712946609968040226e-02 8.515801236773802574e-02
2.251939294111162879e-02 1.806662555813035725e-02 5.495285412278227977e-03 7.703031158837536814e-03 6.581750539746632211e-02 7.279518158710572562e-02 7.285000020822422762e-02 2.639730283512473769e-02 3.602367623333135871e-02 1.842414081939153236e-02 4.985876223221796799e-02 2.079303516492403327e-03 6.634914256004025013e-02 3.218789924321874274e-02 1.597572944167013897e-03 3.757251921584599252e-02 8.443266885309663738e-02 3.234491963941671377e-02 6.744852171348220127e-02 7.520813561983508665e-03
3.270842546262239109e-02 3.755506119493440265e-02 1.557950028712635875e-02 3.188066798653908102e-02 6.041148234659084182e-02 7.482051197060637926e-02 6.686292983467913287e-02 5.382400066277503309e-02 5.882162028569523637e-02 6.958388968525025531e-02 5.340935876706248003e-02 8.434667152878706081e-03 3.752677692455000380e-02 8.631937644659146147e-02 4.904306809489433761e-02 9.287822660859294810e-02 1.886865416111804805e-02 2.808387557310081453e-02 6.375560927235694730e-02 6.734306961203491426e-02
1.590502066148158497e-03 7.938957810297768425e-02 9.620623176723985814e-02 5.435579046544741777e-02 5.718834975107542351e-02 3.421157598491919583e-02 2.860626621262190097e-02 1.103175761350735397e-02 6.318656396443993184e-02 8.093909688297785954e-02 5.272017563979104759e-02 2.821211580728336804e-02 7.483361766341299626e-02 3.450805759170532533e-02 6.804823865861563126e-02 3.791742719177319115e-02 5.873202880787847108e-02 4.465952704709846843e-02 4.281627584459408997e-02 7.635251567371025005e-02
9.946351033266137565e-02 8.495586965791222800e-02 5.928852213590692088e-02 3.699327060641795228e-02 6.532167283386289269e-02 5.122223143724351918e-02 3.360725979386896406e-02 5.884319099455193698e-04 9.283059901186186194e-03 6.397236312082239806e-02 6.878866362387883737e-02 2.936677998516074029e-02 6.430599575435991255e-02 7.794011777702571087e-02 5.084247950854538234e-02 3.164313263925983000e-02 3.133019575227439374e-02 5.297361647830279435e-03 6.367510976468575279e-02 1.731597019459379938e-02
3.307977966943010176e-03 3.985687658853485221e-02 3.769747366079165968e-02 7.717181543729251247e-02 4.507767216875765981e-02 3.077831604610111946e-02 9.327416708913856269e-02 6.819570824497976635e-02 6.547737817440513197e-02 2.382501861850161527e-03 8.610317067978218164e-02 4.192576233692706794e-02 5.229067580003720489e-02 6.684250067307341558e-02 9.142408260007316156e-02 7.788883859725018177e-02 3.106932374288778886e-02 2.334738366978728052e-02 4.637376550713603884e-02 4.716780879332377330e-02
7.212428724940760094e-02 6.085738455578545980e-02 7.473655149228064509e-02 3.310694238104266302e-02 3.998609115516863627e-02 6.124933675516515408e-02 9.024167070592797879e-02 5.367516819062595479e-02 1.927056033650187405e-02 8.132352994805547644e-03 4.829919590524583278e-02 4.905677405447012029e-02 2.736136917426490456e-02 5.852388251806506236e-02 1.895826457954350591e-02 2.121150593546032928e-02 4.034030650654452099e-02 2.424313238762107123e-02 5.546108066310363738e-02 3.889718602079325627e-02
2.262096468902562510e-02 7.879615687471764815e-03 6.456221819740652623e-02 6.881411810354080838e-02 6.051076246605601588e-02 4.759292454754348450e-02 2.896196264424111266e-02 1.177949314272284248e-02 7.782014437111262062e-02 8.005001292223515308e-02 6.301953069746459024e-02 8.703712684080971984e-02 5.277036005757027026e-02 7.918644629882370944e-02 4.676542310977924166e-02 5.074640596698942741e-02 1.078396618388612928e-02 6.923802927147031105e-02 6.488886561700622779e-02 6.260723925092286091e-02
2.671342024782188615e-02 1.322049524258898240e-02 4.625869142123990863e-02 7.710514080778003987e-02 5.228489023100393873e-02 2.314694033345782165e-02 1.914450651669520609e-02 9.814555582818547397e-02 6.853415455167609360e-02 1.571111875839736926e-03 6.060163309943076421e-02 5.114829128683933551e-02 4.262840462042293693e-02 1.645064877430875080e-02 1.031728754512913938e-02 8.734335675016829947e-02 9.089457891688092206e-02 8.292833445868688647e-02 8.637796695239842448e-02 9.890829388372136821e-02
3.345736853917118808e-02 9.421029752032390736e-02 2.051681719872593471e-02 6.773800214309322332e-02 6.338084074292560724e-03 3.681454533609292146e-02 8.418148772815015057e-02 7.740637440493579324e-02 9.001203895895015794e-02 3.270551735355276251e-03 3.226224045255970951e-02 6.364985761553611232e-02 7.854553252027429711e-02 2.927037772456841935e-03 5.475764776637603859e-02 2.604284676602872800e-02 9.037303932352292596e-03 6.338635785036859926e-02 8.537831030329118276e-02 5.303847677570960872e-02
7.139258855044726404e-02 6.787623292730139701e-02 9.995348255650209068e-02 6.955425750814643593e-02 3.613825446113568679e-02 8.770384922863071198e-02 2.004438428277424342e-02 3.343682129293457095e-02 3.099220760575084610e-02 4.559387011453572974e-02 1.241625768414075272e-02 8.660474035736713538e-02 2.404649626435709925e-02 9.396561209983760043e-02 7.071420787425015952e-02 6.085322180151966909e-02 4.753406204758425097e-02 8.692229972731463361e-02 4.777884294898309542e-02 3.751964883642910920e-02
4.801176815019539412e-02 9.149023869061337355e-02 5.996916686765866450e-02 9.607484967039592316e-02 3.955140427413844639e-02 5.864597141621646914e-02 4.024709396843561410e-02 8.928271619665260894e-02 7.923753179338359487e-02 3.152300231735343655e-02 6.817156572907394352e-02 8.141906844075219585e-02 9.912811770345487591e-03 2.149984821450555764e-02 1.337083012459915413e-02 3.784671443581323624e-02 3.854099477993955247e-02 4.174329555548331877e-02 2.872335559369240329e-02 1.421557858114130910e-03
