2.931033000166307634e-01 9.092700184718859047e-02 4.679627319674423830e-02 1.576656774222370827e-01 1.325510752874757836e-01 7.578797981432536246e-02 7.273408621548659025e-02 1.041781625196875061e-01 5.794251148432053022e-02 1.644089069814598791e-01 7.387461168398552769e-02 3.454022318261287805e-02 9.641981911857575027e-02 1.330625858334621991e-01 1.148370925875037696e-01 1.198015682882445920e-01 9.879935158688868402e-02 1.706254277817087148e-02 1.373783304558177931e-01 1.268105837824655135e-01
4.818197887420042069e-02 6.336985494943740693e-02 8.948782776942543205e-02 2.058855908196508683e-02 2.192908605669646738e-02 3.257627735548703635e-02 5.611611145357321695e-02 8.573211835991163821e-02 8.005731829601159255e-02 5.326454956171508548e-02 7.592176766259997600e-02 7.110522543325199785e-02 7.738611616179902515e-03 8.437727779224041269e-02 3.128536314300646437e-02 8.331258960018440851e-02 9.216601319979025875e-02 8.319706488604353134e-02 4.349597775040887904e-02 2.815071739748320478e-02
6.433201907789731777e-03 6.480678400835258868e-02 9.468470313412830075e-02 6.564546063863743730e-02 3.064286115915089426e-02 8.373806379043294279e-02 3.999238501126532036e-02 3.064933467616979407e-02 5.211429253281951897e-03 7.331425318812738456e-02 4.267405319178433493e-02 6.022770913953275074e-02 5.298793192235080884e-02 4.145127329256211024e-02 1.832926693285674702e-02 1.452725273830413185e-03 5.100909883721593992e-03 1.889587604049699707e-02 2.849158961669694470e-02 5.821414683522042888e-02
7.089697549612096472e-02 5.007041370318388029e-02 9.784122275567051774e-02 5.249035035604737026e-02 6.464177078419952593e-02 6.305324403031230263e-02 2.365741180022407075e-02 6.853931003318816662e-02 1.521986197423600556e-02 2.249726260806285405e-02 7.753724817942164727e-02 6.601133817494611589e-02 2.760899454619083690e-02 3.854146628244586176e-02 5.752194644729098638e-02 5.312467536211236407e-02 4.455748656395853990e-02 8.869274528275510050e-02 1.323765992664978179e-02 1.554801840875968955e-02
8.632076209108688336e-02 2.743350417321466228e-02 1.021698245146386401e-02 1.719635700573137957e-02 3.361138280511254822e-02 4.467487215145708040e-02 7.988449188458668360e-02 6.359247767730107082e-02 2.395810604323889495e-03 8.819421145728181810e-02 8.226820762027971246e-02 7.781704182937687966e-03 9.080852353591566117e-02 1.023029508798952748e-02 4.868636814916654787e-02 4.149423035386526348e-02 6.928832644848624545e-02 6.392809823991318918e-03 9.271221892973699474e-02 9.454302422766049097e-02
1.778545961753974557e-04 8.109691290942770692e-02 2.131188258444399741e-02 2.003704984565725378e-02 9.575186023752395303e-02 1.491154486861958652e-02 5.538179424615199964e-02 4.124884354951594001e-02 2.085517376511206861e-02 2.409391022042829678e-02 8.682629626392882050e-02 3.818764615010428187e-02 4.734937700333145122e-02 2.157415236909918793e-02 3.444569272272509503e-02 3.215665406369007384e-02 9.536786636994915023e-02 3.754020112606857446e-02 9.353586232514590759e-02 2.443680167327678954e-02
6.042350282696341834e-02 2.733744703361045206e-02 5.818379898249292220e-02 2.362671777403278078e-02 3.204101421369851682e-02 6.921239193367705045e-02 3.656387814918155010e-02 2.669291124131383322e-02 8.049382057653177436e-02 1.167558293032311401e-02 2.430797073375183873e-02 5.547573907514125047e-02 9.831580627268277084e-02 4.598221996968442776e-02 8.675135168614661607e-02 6.561594743296869647e-02 9.671267664718059820e-02 7.656995144095690708e-02 6.680688560429740019e-02 9.247382892646485719e-02
7.169221498483747262e-03 6.269048655165665451e-02 7.585300498168624783e-02 4.531618533002398919e-02 4.689720233339638583e-02 4.610971418909614455e-02 7.918940872941811204e-02 2.383210487567162528e-02 1.010815735457622037e-02 3.684238218668811626e-03 3.916997963214829265e-02 8.179087954988195977e-03 4.396181274289939767e-02 9.180673469995742630e-02 6.520012128313730504e-02 2.976532354864612831e-02 6.224253655267705798e-02 6.223591527291775366e-02 7.103613697192655285e-02 3.020121486470807304e-02
6.042261895545697654e-03 3.570364032694756107e-02 7.234512919851632598e-03 7.953561093554267769e-02 2.789785962912691084e-02 6.077709762855986603e-02 6.983108636556914495e-02 6.483516974636261386e-03 5.094498448514273026e-02 4.531819102603341920e-02 5.235568280081086961e-02 4.969716539881249839e-02 4.750509075528776270e-02 5.756316103224862202e-02 7.563288605386581098e-02 9.326786864866219717e-02 9.278662715831967334e-02 9.152467373764386349e-02 2.251554420717383209e-02 2.148514852768437441e-02
5.548764325928669250e-02 3.708784888353359316e-02 5.510473134885719021e-03 5.053016037055540338e-02 4.721763001872772425e-02 1.542638303226648994e-02 4.927307565707006454e-02 1.295271284606171018e-02 3.870886577649403082e-02 5.222604417619869724e-03 1.390819532849640883e-02 7.077246453291828610e-02 3.767226233970011329e-02 8.625947954624271774e-02 2.282503879444582051e-02 4.891054954256151416e-02 9.187480546025444950e-02 9.433095071076053051e-02 2.049291451485675541e-02 6.055563159310106691e-03
4.524420005651551974e-02 9.682749071291861520e-02 8.336598338693735136e-03 5.492748242869240072e-02 2.686277851291332328e-02 5.742945105061512262e-02 3.790921981719037881e-02 7.536422006210286018e-02 8.119457059487167339e-02 8.372685819404080548e-03 6.819933849920727098e-02 2.896191470176348245e-02 6.749585639498860423e-02 1.945813192216897664e-02 2.835970499522996388e-02 1.778666862019654543e-02 9.559631414055846932e-02 8.069888313635462107e-02 7.019466293299110593e-02 7.084904373450769122e-02
1.952257838773568954e-02 9.273288191123306434e-02 2.439198977888692652e-02 9.074441240001571152e-02 6.880357830963246268e-02 9.812207217642522628e-02 5.571282665578872195e-02 5.666638198360046674e-02 7.997700143343340617e-02 5.571181644920567000e-02 2.992910133506544723e-02 4.922581621073159053e-02 9.967486468648421860e-02 1.642612179961897706e-02 8.211975901675541700e-02 4.596542546105584354e-02 4.047045232541118809e-02 9.078391802535215604e-02 7.972247197414467079e-02 7.144468324734407072e-02
1.117786984219024810e-02 1.039797157903658148e-02 9.225617357096424498e-02 1.688088894152042427e-02 3.066203428937375620e-04 8.852696080718909510e-02 6.306891018843821528e-02 8.771243998784927992e-04 1.110584076296625838e-02 9.032982964502967241e-03 3.795243628875136221e-02 5.546677082719636553e-02 1.647202933980017672e-02 3.722486749359288360e-02 5.688686584040395650e-02 5.697560472982899325e-03 9.355705226332933222e-02 2.838787534637825585e-02 6.685376313169855318e-03 7.272985579760960634e-03
1.525779482069531540e-02 5.427050865165514160e-02 5.865429679220104942e-02 7.287649314807562173e-02 1.689861923888560588e-02 3.419660123820694730e-02 3.091289468906359764e-02 7.051107205991125060e-02 5.270391546917724268e-02 6.388613962233236250e-03 3.971908831500532699e-02 5.959461663421237315e-02 2.857068995106106998e-02 3.932328874295348831e-02 8.886184568802565908e-02 9.536873110517424257e-02 6.412756071201465569e-02 4.376020449180552385e-02 6.910791949128892997e-02 1.182070377751273139e-02
7.278146494717548098e-02 8.279141473141340968e-02 1.044954530994682967e-02 3.280088978359352314e-02 1.661954898699381442e-02 4.407725566970565473e-02 3.676482880311528201e-02 2.524341418343674370e-02 6.954745926138629353e-02 2.565853944478108106e-02 9.331547949129465058e-02 6.704941131305579283e-02 2.958857100735914555e-02 3.663408779321299102e-02 1.238782141923996417e-02 9.084484464224354405e-02 1.978604380910512633e-02 3.471553847363866713e-02 2.614731348451120388e-02 7.343993002707002726e-02
4.483764198228678416e-02 7.269163621968433714e-03 7.416372840741979056e-02 7.468569921510007092e-02 6.630829949977216919e-02 8.214855340788035365e-02 5.065289466275435526e-02 1.087953430373234240e-03 8.319029217009760169e-02 1.079986495734858165e-02 2.932462784044122250e-02 3.446549435654055332e-02 2.248050720941207128e-02 7.095736796668106541e-03 1.159238970287206419e-02 1.393949379213456179e-02 7.890689813223689120e-02 6.661762768667020551e-02 7.175064373179561306e-02 4.035416965703603198e-02
4.029580699064099630e-02 5.815206975510953114e-02 2.008964071126562341e-03 9.627724977646817672e-02 6.690418655340753251e-02 4.799472283368991232e-02 5.650565683441599943e-03 5.277975442797112893e-02 9.654541171768295238e-02 8.294901799784400176e-02 6.184843571482779266e-03 8.125693662997721112e-02 8.767696363425764305e-02 8.226374541795505868e-02 4.290550344455898446e-02 1.845257672214443284e-02 3.056668690994818194e-02 6.601797939255216532e-03 8.976953735123050296e-03 9.818528119704750257e-02
8.661495708967568985e-02 8.448525034479488494e-02 9.195862690035395970e-02 3.790867608699055591e-02 9.843103774559371077e-02 6.207677590825304986e-02 9.376646346806946641e-02 4.173193778246708785e-03 3.034629768965031726e-02 9.638195390140358310e-02 3.731677063015637064e-02 6.238678550715784366e-02 7.448917013498727868e-02 2.595722790252627185e-02 4.859331589725460199e-02 8.156978198508703023e-03 1.081130534930181512e-02 5.901547756870689776e-02 3.311985903748178306e-02 3.185974699377369657e-03
3.787525440256481191e-02 9.096595929882296538e-02 3.993621042742040439e-02 3.759730373824871075e-02 3.939998828439228440e-02 3.831908770012823484e-02 8.122297107769778368e-02 5.275590956627253247e-02 3.165638426561862007e-02 7.184990038909026822e-02 5.543901973640286140e-02 9.926711947794762680e-02 7.738523652596815405e-02 1.721856838713908822e-02 7.184599409853786867e-02 7.945651955701900360e-02 2.343115555602272304e-02 1.798652357688588360e-02 5.134320242125713085e-02 7.512002720027514957e-02
8.024982550839697415e-02 6.454270301599679405e-02 5.125528334764859612e-02 9.499212469471705889e-02 4.487220447144686652e-02 3.732720456860776775e-02 9.615377903215625854e-02 7.024378997860604434e-02 3.223628611122707904e-02 2.469865477098165570e-03 6.370977021524705519e-02 9.222488068320039423e-02 5.078419768988112065e-02 1.744672754656152389e-02 5.596039013000915496e-02 4.253385815340543497e-02 9.230813947877029857e-02 8.374142937594397651e-02 6.536842424637001950e-03 1.751034844559849063e-02
