2.851427433651388399e-01 6.106686317815478854e-02 4.868756443953108082e-02 5.365981965726037556e-02 7.635031187925568619e-02 1.603992472344754894e-01 7.715637161056429494e-02 6.283650316044296635e-02 3.035409003216106572e-02 1.091880291259280794e-01 7.948917601984936687e-02 6.694248317529055692e-02 8.837093849010337065e-02 8.680319380943260499e-02 1.365776333393681485e-01 9.070989629848372204e-02 5.175747408191355356e-03 8.883991771843055552e-02 6.487191361400362899e-02 9.806103390981993351e-02
1.322962252055166592e-02 1.460085002515524449e-02 5.307722048808925092e-02 5.092805723991166572e-02 7.498982416568308884e-02 8.337738179537407257e-02 4.526084322606108851e-02 4.987165683933859894e-02 1.854854532652137206e-02 1.804142593934012981e-02 7.976260841744207963e-02 5.363748082923596588e-02 6.852979093283696754e-02 7.011142362276978970e-03 1.720355024234697730e-02 8.060347773479030475e-02 6.225296488130616090e-02 8.777202685925900721e-03 3.134863435657360420e-02 7.137794320237576817e-02
5.027358224145522109e-02 4.408459579799309941e-02 7.253568859425192639e-02 9.558075191949325089e-02 4.450086876496923971e-02 9.545164671210226714e-02 7.051712474634501404e-02 6.857167242323237988e-02 6.571376978062862251e-02 9.449969658435561359e-02 6.788907665018727167e-02 3.630869697819297942e-02 6.442193888643754640e-03 6.158498903264542079e-02 6.127213919989117630e-02 1.887793703371202364e-02 5.486639560214535971e-02 4.208863460626277586e-02 3.393116445709305762e-02 1.791800786820425470e-02
1.224103488719630040e-02 5.539540576979025410e-02 3.708187532968901939e-02 5.351997405553111931e-02 9.006143355087331548e-02 9.415454183170557378e-02 8.863324920983223221e-02 9.512214351512243704e-02 6.378203563378691265e-02 3.874890768216458087e-02 4.198604810152176819e-02 5.089289645196640177e-02 3.383652399864674198e-02 6.659150808603776783e-02 9.509086365510614758e-02 2.061526787660357407e-02 8.279020537616588182e-03 2.724156475729054908e-02 9.935284416768709603e-02 8.558047773922173793e-03
7.087529929200014900e-02 1.467178865371446955e-02 3.458478124353122490e-02 5.379345020248880310e-02 4.468262919001782241e-02 7.343691046801394118e-02 9.572080868719858027e-02 2.282777024421349735e-02 2.662519435526049597e-02 3.321689017020290624e-02 5.236960840747650892e-04 9.240784681297803393e-02 3.855217790360834784e-02 9.865206633917739110e-02 6.658736856040207985e-02 6.648128960288067490e-02 2.751233353540892893e-02 6.724343958814381350e-02 5.283696166870355260e-03 5.507147193048509554e-02
3.286974207132798125e-03 5.185653683410702819e-02 5.814928080259584853e-02 7.322444884855917879e-02 4.992760349305958023e-03 4.819686249289152624e-02 1.426171741044652934e-02 3.283742366389063444e-02 1.556444893539749019e-02 8.094260193766464329e-02 1.401410293169500637e-02 3.655201751301996593e-02 6.145153975834902194e-02 6.013888203085070855e-02 6.050838210517029379e-03 4.649093969816955885e-02 4.722622027933076963e-03 9.113691738975543410e-02 5.570287270008720398e-02 9.641697688018813217e-02
3.304898084298540234e-02 8.848759376110110209e-02 6.150941331952679975e-02 4.112154502811361800e-02 8.493056730906189955e-02 1.915309794510822172e-02 1.360051280124483647e-02 5.947054015947022404e-02 6.248064717288788483e-02 8.495360509384297654e-02 9.616884212377357910e-02 3.220306726008538567e-02 4.565683257125235928e-02 3.117708974147385265e-02 3.189379879886235225e-02 4.119088908073884059e-02 9.093697602356964893e-02 6.201994466848368553e-02 7.636701812546158041e-02 3.277164457595684727e-02
4.719060167035027398e-02 8.446636007015989600e-02 5.554114589353728593e-02 6.333787063446782994e-03 4.617253286229107412e-02 9.379162749467373494e-03 8.888720189365380275e-02 1.608191206877707113e-02 3.854232180329058427e-02 7.881968284394895441e-02 9.360796632541941442e-02 1.214905046346177568e-02 5.474562523241097156e-02 4.529455354452667504e-02 9.306675754524373900e-02 3.060673475963740162e-02 7.649797720575013567e-03 3.769695504328314517e-02 2.817789515318871660e-02 1.901686992249993630e-02
5.656167618480994336e-02 5.461465661420005641e-02 9.612675212611523912e-02 5.980722724453423761e-02 2.945487973850268240e-02 3.613345233774949844e-02 1.428450156397114215e-02 3.886366199762269352e-02 2.559955646915195240e-02 4.609684476001810194e-02 9.549402880495955204e-02 1.495058608172527073e-02 7.398193383252399391e-02 4.647401267633023692e-02 8.335985814755778045e-02 2.245708636357044569e-02 4.560300419329568755e-02 6.212609191870439862e-02 6.132219756979513658e-02 6.854008610905271658e-03
8.434980912335200351e-03 1.268106562720405783e-02 6.723675488224915842e-02 1.094441090688259670e-02 9.239321118927086574e-02 5.573716782116966417e-02 4.069716359487771801e-02 5.306297443050504020e-02 7.218533199066783090e-02 1.919409669768808169e-02 2.654905606105194618e-02 9.700620169533495651e-02 7.889704062496524783e-02 4.099887497784313051e-02 9.563059722330480641e-03 5.973387252780936602e-02 6.037349705151993234e-02 3.732051499078806872e-02 8.664500045433563835e-02 4.198879357285907610e-02
8.065957048256379436e-02 9.116909425593597294e-02 8.260824453164587744e-02 9.456011305209344187e-03 2.866542651027066679e-02 7.835595242812190553e-02 7.796769749129590921e-02 2.591880590634641074e-02 8.773747468690756834e-02 3.138540706421630994e-02 3.611652026810735494e-02 4.433291444676934825e-03 4.322123961871116374e-03 8.219903539920599134e-02 5.607635121209388063e-02 5.342501659947412190e-02 8.428983036008431962e-02 4.251619418831842356e-03 2.424758363042159998e-02 8.763070547557577639e-02
5.157907502795289201e-02 1.432150946658539148e-02 2.317904520204802296e-02 1.687735756383278510e-02 6.715049530239061704e-02 9.107245731365111452e-02 9.992806686856152421e-02 5.083095318484205649e-02 1.682595397858300743e-02 4.166590426792737140e-02 9.908479156977123125e-04 8.556399671886247282e-02 3.439676528999852101e-02 8.638927644089618163e-02 9.459742343702938483e-02 3.661096114697524190e-02 2.987896970146577610e-02 7.326693258832675526e-02 1.316372626111191914e-02 5.939540095705280603e-02
1.079022865844978668e-02 6.485824359610670511e-03 1.324146851294425581e-02 6.269428823502304349e-02 9.246957649943640667e-02 9.157397333068406642e-02 8.771310671044986462e-02 2.700775282099735636e-02 9.760529153316237216e-02 7.514774753226716175e-02 1.623351142640039324e-02 3.436742973605718537e-02 4.544407880283644202e-02 1.686345702248447445e-02 5.836884681603138336e-02 7.454174319883326294e-02 8.164740267023935794e-02 7.038548097948148230e-02 3.679499657181303091e-02 5.843529436026331791e-02
4.067480658650322184e-02 3.065420049322843676e-02 9.414056958580979684e-02 2.854421470520365420e-02 5.429839814094868100e-02 5.030408088687651769e-02 9.598975058674250049e-02 9.984104794108028536e-02 4.578024645296492612e-02 8.133660463154801512e-02 7.071098315059071160e-02 1.757822773059765017e-02 8.636894996847446770e-02 5.069838169901177971e-02 9.550043327533550008e-02 9.473271607611358225e-02 1.311838177825470735e-02 7.416040050253035198e-02 3.620794908527360384e-02 1.594534787287170755e-02
4.831379110774463442e-02 8.793516887110602864e-02 5.407309140938829084e-02 5.269494864827282271e-02 3.107196341908680191e-03 8.798226825924527691e-03 3.716468193203986692e-02 9.560993680490749436e-02 3.899044760238699198e-02 3.172488803078137715e-02 3.657348423024642248e-02 4.950726862386602145e-02 2.944194463615053270e-02 9.782996942788306505e-02 3.650758525880681143e-02 2.733943127580479304e-02 7.204497349343902401e-02 8.787178094569081388e-03 8.197563933201335376e-03 6.217587323089906332e-02
7.505834011026037145e-02 7.739231607952175296e-02 3.528168439377689369e-02 2.503904528891850653e-02 9.580174221062076959e-03 3.308740639018708379e-02 3.494234167588339615e-03 9.078246054142515009e-02 3.984258730726503162e-02 5.763781078147189874e-02 9.090315295014736452e-02 4.410265049197245601e-02 9.467178652954388873e-02 8.068237312990683696e-02 5.598794080936108503e-02 8.026572612882615365e-02 8.792219023104089204e-02 3.086762838094592263e-03 8.433083949979547356e-03 5.729591155168681227e-02
3.793466902768071608e-02 1.803281730192028004e-02 9.515145873535400811e-02 4.351724287840438854e-02 6.714998837836567980e-02 5.758678379421509202e-02 6.230418241374657828e-02 1.942843705092441031e-02 4.335450997743139218e-02 8.704186807378001822e-02 7.739264790821606677e-02 9.166424507361537605e-03 3.800562850841122942e-02 3.808680909742817589e-02 6.173517937033480563e-02 4.903247433527877647e-02 7.575084728486441987e-02 7.417524586165773204e-02 7.467016762994009571e-02 9.038540764313407472e-02
2.492968827941779639e-02 5.942857318976250275e-02 3.183659339107670905e-02 5.942882251005970201e-02 5.129941744110490254e-02 1.019168027442338836e-02 8.506532530403922154e-02 9.644652430690621447e-02 4.820789523262375420e-02 7.880271227527256561e-02 6.412397258844636239e-02 6.207706914980270357e-02 3.213057845164686566e-02 8.895930518612688020e-02 1.225862078702662054e-02 8.300540455513708005e-02 8.969431125138437044e-02 4.342842766702040974e-02 3.705070629215902189e-02 6.208710088282209938e-02
8.122608644630131824e-02 4.902161569439922317e-02 1.758506606042662540e-02 2.407318366271393891e-04 4.125463014768571135e-04 8.949024059963599231e-02 6.658758223175607893e-02 5.497536299215838307e-02 3.871426244939449313e-02 4.107887089400458214e-02 3.094697748112769375e-02 3.229690550508950569e-02 3.608476326299660947e-02 3.480402283400098329e-02 5.827607368398082799e-02 6.696179036796774675e-02 4.567725849394643073e-02 6.901528056413118450e-02 5.884145085043738371e-02 2.367564844202268981e-02
7.929922885984340419e-02 3.248099635504712174e-02 8.272477950588308371e-02 7.997158934615586356e-02 9.529158624452307991e-02 6.050293024255585378e-02 1.749286896556635426e-02 2.699380609434430880e-02 1.282068845032464759e-02 2.252348216472557438e-02 1.354929484805512778e-02 7.005761556049774907e-02 2.648896628428907413e-02 7.493459798829502083e-02 7.145079893463805731e-02 5.601673209448203988e-02 5.242720971802470459e-02 8.502999076205507156e-02 3.352282708400700084e-02 6.518626945172409370e-02
