2.547599208784672720e-01 7.174343071484585999e-02 1.113786168819280581e-01 1.610728581327032227e-01 8.115597496243520670e-02 5.466280382964849166e-02 7.318794629187616585e-02 9.356976756328722056e-02 1.083915546558295168e-01 6.254515700848220505e-02 7.842317396907252935e-02 1.330292164607880245e-01 1.123235102127083107e-01 6.456372633387506832e-02 9.438445890878463529e-02 8.474712012772359082e-02 5.371532300498210732e-02 2.902008642482138343e-02 8.351273408153633837e-02 1.333440717804275644e-01
3.146432552317816878e-02 5.828786811057037193e-02 7.629492598692162730e-02 2.042428899785723312e-02 8.093850901328621117e-02 8.109018124725500543e-02 1.813296778876048038e-02 4.258792468457173186e-02 5.213789427778273838e-02 5.424181091373476288e-02 8.511123232176075193e-02 7.517879154895902583e-02 3.811195643480080192e-02 1.007266190276903325e-02 5.848815843509024698e-02 7.209437733076536070e-02 1.377016422741008002e-02 9.378074548241634167e-02 1.590274905550101425e-02 8.231503911927749717e-02
4.388759333189758138e-02 5.016680133022722449e-02 3.584968292786543803e-02 1.572736513878636097e-02 4.605563845211258639e-02 7.397568820724701073e-03 3.210334597618894753e-02 4.643082462644562008e-02 4.256601880492604656e-02 7.668382211796002934e-02 5.373371607539915301e-02 7.365015702297282585e-02 5.714714622830442681e-02 2.343417210521590854e-02 2.727799276491985492e-03 3.991298662356597415e-02 5.513780549532866504e-02 8.613952678181684142e-02 6.377867990203743565e-02 8.142727461547454026e-02
5.310227776305599667e-02 6.879899500446358396e-02 5.228541761918026332e-02 9.528666721714389165e-02 5.390618403376206541e-02 6.615243225349318190e-02 9.546437936025450877e-02 7.020157513538073657e-02 7.081007298697961083e-02 1.753854480175639921e-03 5.748494248429385917e-02 1.681854920167167103e-02 6.881093696604111132e-02 2.730826072775938834e-02 3.956779786851148673e-02 3.057829925582832356e-02 7.049535274246977734e-02 9.627592578120581709e-03 3.540712794625805460e-02 5.664128274021813791e-02
4.533895638129650796e-02 5.833971694574956873e-02 9.605306321835016536e-02 1.628069305149341950e-02 9.223487553657363711e-03 7.045929733025295405e-02 9.640274142723058437e-02 2.182492683749102241e-02 1.534563499590295074e-02 3.935982082906450824e-02 2.825497522772955905e-02 1.773160363570877932e-02 1.225170995569424721e-02 5.744382808660013218e-02 7.228467481508339676e-02 9.755666185543948599e-02 2.582868591185511625e-02 6.125257138535729340e-02 6.450105683832031700e-02 8.126558032929982744e-02
6.848940975762098093e-02 5.631461096916389603e-02 5.669590729122862827e-02 9.461892901539684098e-02 1.409258094491695756e-02 8.599066906588087589e-02 6.924665330356642723e-02 1.297266777117955967e-02 4.774064401887952885e-04 5.925399959242275139e-02 9.292595421080845908e-02 4.852526344067004810e-02 4.980484417759543925e-02 1.027316504539666775e-01 9.538479715599791631e-02 8.143326547444716679e-02 7.151516580501755815e-02 7.339273246964431174e-02 3.108451688585136055e-02 6.570518179493631261e-02
4.213344327474730089e-02 9.363474081917561032e-02 5.628890963486402749e-02 1.817192381257343517e-02 5.715579061281612916e-02 4.729044954565191083e-02 8.690447686360069923e-02 9.038760567229879583e-02 3.411140267228700979e-02 9.171378195968091229e-02 6.510899182701643251e-02 7.857126815961838762e-02 1.037149601488800837e-01 4.735065418255547665e-02 1.689252800728813231e-02 6.679059983421155311e-02 4.612635325777981327e-02 3.202055974487633822e-02 9.262152362963098351e-02 9.528506253640420254e-02
4.422643577656478614e-03 8.205663640718414975e-02 3.159698475959867719e-02 6.699579868310126529e-02 3.578744382316877831e-02 2.826512620941840775e-02 6.061866179907297869e-02 2.056697301425609858e-02 9.921234442517234964e-02 7.419068169251716305e-02 1.033789050339146837e-01 3.758452962604008629e-02 8.723920071507370796e-03 3.147549759609612890e-02 1.002843430942459424e-01 1.006518065851123162e-01 5.266283841871571836e-02 3.356114336891257571e-02 8.895243832376616144e-02 3.685341332184485091e-02
2.100085037716711064e-04 9.589627449849856891e-03 9.833650623187410733e-02 4.775573895535279584e-03 1.041777276665127733e-01 9.328852185919056517e-02 1.885839826264758615e-02 8.275351498427903352e-02 6.339391214170735089e-02 6.683186873264432282e-02 8.474975938897028049e-02 5.300269683170632379e-02 8.006223162447782815e-02 7.884438066414760360e-02 7.709188795777432296e-03 5.042017599221500224e-02 4.469173495771403860e-03 2.659173337850041785e-02 4.570500792708331178e-02 9.391910615829002218e-02
4.107677092120326501e-02 5.247752647579851520e-02 8.820532497001815422e-03 6.246988790551471701e-04 8.574481830272545277e-03 5.468747360154441878e-02 1.960252305172734133e-02 6.424150058076674719e-02 5.296258863969863923e-02 2.812340927533747703e-02 3.784181591674941857e-03 8.557160444034331293e-02 3.337276888752752080e-02 4.239694483422373067e-02 6.102958352006582904e-02 6.266337804421527602e-02 5.681369106871043267e-02 5.888865586490067694e-02 5.895767165124276427e-02 8.388370107724883729e-02
3.197025706944157941e-02 5.780620580790168245e-02 3.960211342580745308e-02 6.099492541569876553e-02 6.528212455612643350e-02 3.490249707142722806e-03 6.020851270433184160e-02 9.219264407629343405e-02 1.040299119421202317e-01 5.400176199021135964e-02 4.436485372682417994e-02 1.031773709424960439e-01 1.982163995247240504e-02 5.456290274886180930e-02 2.237525333892920881e-02 2.389363933065996679e-03 5.863452636747153862e-02 3.566830712518472002e-02 3.361988959803200588e-02 3.629114292523697577e-02
7.353572299378027637e-03 6.389267122846544638e-05 3.326766712035338341e-03 5.184565855137110435e-02 9.771368817057203560e-02 4.606902965530919498e-03 8.727139596167624025e-03 5.634738405037806319e-02 6.681521051731353911e-02 2.593939484239372525e-02 1.003844244112758188e-01 5.537527686145191086e-02 1.495477850683536378e-02 4.711278591460908716e-02 7.874148113257695147e-02 1.017021750344479225e-01 6.288203131858957629e-02 1.138113238502306765e-02 7.707795334095633027e-03 1.431720376325616370e-02
4.293720078523052125e-02 7.745465141555781842e-03 2.752223969556840191e-02 2.477100438331994794e-02 6.634907888454925906e-02 3.798233523356713687e-02 2.930155190341606972e-02 2.342686652313562268e-02 6.582020914728690941e-02 6.724433806306116639e-03 6.656058348815026282e-02 8.585548965526255960e-02 9.976931388178633675e-02 2.761938628120141209e-02 6.326280409258952520e-02 3.651876667768277906e-02 2.992019250936387917e-02 3.371386842350222041e-02 8.439363526528982640e-02 8.010885047127599273e-03
6.515528414987395434e-02 9.130870697571467909e-02 6.734801136394041876e-02 8.503346445199466697e-02 8.289889252033381950e-02 6.977625391214348216e-02 8.234168623855760150e-02 3.476694864709894278e-02 9.832198477878204002e-02 8.817546017361199695e-02 1.036476399627837136e-01 9.917310934508115350e-02 1.020696577715422965e-01 7.018589358473735496e-02 6.873876010073336207e-02 8.191236063551927959e-02 1.436965580662450184e-02 3.231757036907521169e-02 1.151163895013312261e-02 5.638449130559958916e-02
5.185265876225605627e-03 6.049026072169211982e-02 1.145245787731754639e-03 1.025337731711467998e-01 5.909905680381603854e-02 8.896449468168185493e-02 1.048615227214680645e-01 7.308593291168327677e-02 6.000583422380900700e-02 8.676526966780513661e-03 3.140072282292977884e-02 8.960824086222524132e-02 2.073528700767257246e-02 5.532863260373011016e-02 1.081653968677546290e-02 8.211496830634859578e-02 6.692485493497106475e-02 5.033265988420439208e-02 3.724645515844379751e-02 2.907719395318025465e-02
9.298036807643812740e-02 1.007259945747711188e-01 3.370113294166550422e-02 1.322902787552027171e-02 1.242763758755812027e-02 2.133185652862229498e-02 8.205038698610518655e-02 1.411702007241798403e-02 3.160178615731835255e-02 2.021096036808334856e-02 3.321462922978594967e-02 9.709981324703804983e-02 8.670882325408170443e-02 8.406651261459668900e-02 2.674528720548266861e-02 4.624470866199501679e-02 8.658889424447081817e-02 1.773602903649531409e-02 2.177697530188076394e-02 1.954113956749248260e-02
4.259734293935539540e-02 6.257579467862328659e-02 3.606781211905906587e-02 3.023548760326524171e-02 2.918016792470557938e-02 7.654671534425187829e-02 8.732796879083901120e-02 4.040301654735989866e-03 1.367279315900530277e-02 1.514718778599368626e-02 6.300597563292403835e-02 3.642736251026582744e-02 5.950183803754452438e-02 5.831881097637765105e-02 9.432326699636014999e-02 3.622941162807548354e-02 5.485906837639425992e-02 3.015727578231854750e-02 4.703028509007421004e-03 5.658936676535580163e-02
7.131457098566058861e-02 9.664401711334841272e-02 9.031410444189812148e-02 9.149956679626150557e-02 3.957850530908984393e-02 3.020650966807273893e-02 6.907590896675766534e-02 8.135210922702201808e-02 9.887021850900261366e-02 4.481943327709530904e-03 9.748968731063124837e-02 2.942518807785079668e-02 5.639722697298535370e-02 9.187245727365316028e-02 5.764700951257518274e-02 4.730773260486888232e-02 4.023768252744234879e-03 7.230284923078333925e-02 3.982171408022474809e-03 9.346566012398557777e-02
8.600370201246299029e-02 1.811882652302488489e-02 5.736514893952203431e-02 8.373038213418569631e-02 6.572142397173817707e-02 5.945906571071755270e-02 2.519591278714625009e-04 7.538738893521021445e-02 7.986867935047232969e-02 7.511483326766443813e-02 5.176947768933942012e-02 8.132131862717674464e-02 1.553616758945635702e-02 2.372364133771859545e-03 7.913679111242812036e-02 9.884313866483310229e-02 7.197029808235938519e-02 7.294224498337741058e-02 9.054180489544771254e-03 7.231580219368041740e-02
6.659628821544423538e-03 5.587775957402527777e-02 9.020090964650058496e-02 8.314955980635592436e-02 1.731628192460498220e-02 9.415417069156271912e-02 1.265237415839898065e-02 5.847275930664227322e-02 1.561233111570166365e-02 8.390768063459723425e-02 6.250071259983620842e-02 9.953375745683185755e-03 3.855797127953714681e-02 9.232583296506963189e-02 9.291982013078854685e-02 1.172894808357397012e-02 3.608944361886685243e-02 8.275127230142520496e-02 9.808197749854036251e-02 5.864610798205738967e-02
