3.324912460999355779e-01 1.002052876254418690e-01 5.486461336810218026e-02 6.664373328618811154e-02 3.495226773217531557e-02 8.263077982932950927e-02 1.306385265493150705e-01 1.551843745591168777e-01 1.293822760421698137e-01 1.299806355606165642e-01 3.963865302681648939e-02 1.531369853893854022e-02 1.109444340502186432e-01 1.275110116321302722e-02 1.462206489288230271e-01 1.226734813442856981e-01 1.315744332082847967e-01 6.040099622026158521e-02 3.092076434610822183e-02 1.372320988949938259e-01
3.972551223961909989e-02 2.882952029600770530e-02 1.296831116105479206e-03 5.284881235622566203e-02 7.581949698202022914e-02 2.971774038423796727e-02 8.940047868084445570e-02 6.984949215635903597e-02 9.008483819257434577e-02 8.622459951428326774e-02 6.622491803264683730e-02 1.189897098091002858e-02 4.224949623097640737e-03 9.938930437141414720e-02 1.004951451040736465e-04 6.766419164735282266e-02 1.152019201497818217e-02 9.619832782915412051e-02 9.839980859478746067e-02 3.728383412156488497e-02
4.551448719724748848e-02 5.579641141875946175e-02 7.671166360438816390e-02 5.792269875609985796e-02 6.516513124590717077e-02 6.284321365408855609e-02 8.778053324725965806e-03 7.878097858266519191e-03 7.100967470547277227e-02 8.099711690993309510e-02 3.165656744869965733e-02 3.714594838194396152e-03 7.571246630044142778e-02 9.626476782198024884e-02 3.659855781843816130e-02 1.830784073438010071e-02 5.327482717772673987e-02 8.896612639810408396e-02 4.450585221938621605e-02 9.826016150151312134e-02
3.280788924936197531e-02 7.882286673770053098e-02 6.914232417542219566e-02 2.057567151329882382e-02 7.157121706992466970e-02 8.731646210287541399e-02 5.327792795952368543e-02 8.985148807773472857e-02 5.626678895077492915e-02 3.098842840468928397e-02 5.234611550236132477e-02 3.753002877563321737e-02 9.759384061163334234e-02 6.919716030040646421e-03 3.021214577798404799e-02 6.060094167219798322e-02 1.203831758871405470e-02 4.823657002322563614e-02 2.872799204094669476e-02 2.864759594553669894e-02
4.154932407971879960e-02 7.843641574844910369e-02 4.756359936855229092e-02 9.644259514981039227e-02 5.696044407127801024e-02 2.922008602161094842e-02 8.228955145129736304e-02 9.333759629411106373e-02 6.778577216752204593e-02 5.306587391135546977e-02 7.242105605938302382e-02 5.491314938461919898e-02 7.130351326233756726e-02 8.181988832258849098e-02 5.633686165347145253e-02 4.669926478572204026e-02 2.788012004158896273e-02 6.988515992798356724e-02 7.867286813394826217e-02 7.005590207022571736e-02
1.741777062667533224e-02 6.549059707908150285e-02 2.018744236274957679e-02 7.734424501569536932e-03 7.940245523135008865e-02 1.720174007896750970e-02 7.045963842213068262e-02 5.631409707679647936e-02 6.887738455916683766e-02 5.741453802065284162e-02 8.488081509152084481e-02 6.637125892644113803e-03 1.943527615535538614e-02 4.123512506006517253e-02 9.217542988445202867e-02 3.464718293905978685e-02 6.773858412991623501e-02 1.292053329341947936e-02 9.786792746306974267e-02 7.708655272314329787e-02
3.307230280079673929e-02 3.015250428940065286e-02 9.622670184147441921e-03 6.143816030230569991e-02 8.074844678524888131e-02 6.850915749939977262e-02 2.349762108409385666e-02 4.578309104854547118e-02 7.099869343672884914e-02 7.471142809222150460e-02 6.003112870333254109e-02 6.848917265468117133e-02 9.676288601336242856e-02 4.737555786291666737e-02 7.569491674902284473e-02 2.470299405648789318e-02 1.228839644136757794e-02 2.995821124445311595e-02 2.040756189607240405e-03 6.887145533852626067e-02
9.166354136275819964e-02 5.715565264232232157e-02 6.350208241926906527e-02 7.588852862712260061e-02 8.928282901114026988e-04 3.846509374283799132e-02 9.902653812246065002e-02 9.013685137597576835e-02 6.735250875219953026e-02 8.479683551263829389e-02 1.659183690075128823e-02 7.876998847704623496e-02 5.552788805513219489e-02 5.634664258529116510e-02 8.722166945458830964e-03 4.713596566603886484e-02 2.721531028187056458e-02 1.484847241549415268e-02 3.277613254971659812e-02 4.441853839293973677e-02
4.771708570550915046e-03 9.554689953236841782e-02 5.741685272949125646e-02 4.941888437553664665e-02 1.343497909956498093e-02 6.286462729398754889e-02 4.396206683791156755e-02 6.926159056874992004e-02 6.489314840303574139e-02 1.737482548785487455e-02 6.788928260721370511e-02 5.558530636049251877e-02 5.690279449138958834e-02 9.774189112599102058e-02 1.416878632984164277e-02 8.687182026380600719e-02 1.576737860243559997e-02 8.996297794944217718e-02 6.978271840230955425e-02 3.010279895797707533e-03
5.948640660152704901e-03 6.833430961038884643e-02 8.725610464018418444e-02 5.369338045474447013e-02 4.021469743846239897e-02 4.069854360239858609e-02 1.160528777457115043e-03 9.565436666698093338e-02 2.449841479501802324e-03 4.563848664946761752e-02 1.198234489238432336e-02 8.001150086769392988e-02 3.649429381876651002e-02 8.571321131873732568e-02 7.179898159624573117e-02 4.995813129549919740e-02 2.356139147836092823e-02 2.412799157854716992e-02 6.124117031264310340e-02 3.482011322443590018e-02
5.462581789775108887e-02 9.265549263742961505e-02 7.006582764793854723e-02 6.402664987370758343e-02 9.477369633420368311e-02 6.807647804712212147e-02 8.118011943661475327e-02 8.217858166332059344e-02 6.413675127626301820e-02 5.467976488869627505e-02 6.293054271331813276e-02 6.154368429350132175e-02 3.200667021155543385e-02 7.381984271829349076e-02 8.481225380244807044e-02 8.888834349832186454e-02 4.443714005912685616e-02 3.560520886301937055e-02 7.582416798981890527e-02 7.451725952344945281e-03
7.919908970252532987e-02 8.253039909117916573e-02 9.364147358682728406e-02 6.551297881709725046e-02 8.110041297254749759e-02 5.321354179219539744e-03 7.781076370696514422e-02 8.301646109766284976e-02 8.241417681283880192e-02 6.855859540207959180e-02 9.643841402655742301e-02 8.345580070985034182e-02 8.169029550905423931e-02 9.435466450416930828e-02 2.814480207248201346e-02 8.536118558197300366e-02 1.821401811535970985e-02 2.107950371702263168e-02 5.377850346901813690e-03 3.610333023206215020e-02
1.665814745520289783e-02 2.247672025585614394e-02 3.861542191588294287e-02 5.197692010029031709e-03 4.081899141931433564e-03 5.913980668790505546e-02 8.181246557746962855e-02 6.307374359012024589e-02 7.558946824200790671e-02 8.327829529618557824e-02 7.857768781460233720e-02 5.879805163981166594e-02 3.923170121983128589e-02 1.899378346794853428e-02 8.898180175000347872e-03 4.383409620737280937e-02 6.002272162204583955e-02 7.723072917481103861e-02 4.635976868981250658e-03 1.991329139346742548e-04
7.991659017393870634e-02 2.625073455979230058e-02 8.863035460342971739e-02 9.728016555749831318e-02 1.945173175839121082e-02 4.793669899723052540e-03 7.840722039014747652e-03 7.277761080100984825e-02 7.791373363537213229e-03 4.382622848303571739e-02 8.366720987715028923e-02 7.214599087389121645e-02 2.786266649280254651e-02 8.712477423989108127e-02 9.782786437889956499e-02 4.921579999019947554e-02 4.634262419454143744e-02 6.576403708605077503e-02 6.097042669547587945e-02 6.560735334935567653e-02
8.708730989802640488e-02 4.937257248106402541e-02 5.335025248786882252e-02 2.713188093364258396e-02 2.540206211627172098e-03 8.012452635986178420e-03 8.733707931128376067e-02 7.563867005371291419e-02 2.623043890153697964e-03 4.222240371249139090e-02 1.192352995407115583e-02 6.368140912766964701e-02 4.715377635696538575e-03 6.542648541144810426e-02 8.114083875802483026e-02 3.766476760266943002e-02 4.466850760648025803e-02 6.466081096499208536e-02 3.732815981454397358e-02 4.477293757605455005e-02
8.271596756546459317e-02 5.123185756984668937e-02 6.645757022378045997e-02 1.495352365441674630e-02 7.065769730851761965e-02 1.017890118251442259e-02 8.660679316485316026e-02 2.225350440748620484e-02 5.358256515468812209e-02 7.016602635409002753e-02 1.028429847571094014e-02 9.882035960148116693e-02 3.720428996101147329e-02 5.649795504798837270e-02 9.051005602783502788e-03 1.163084305151477343e-02 4.423212672645383814e-02 2.098006086333936704e-02 1.442845904453957800e-02 5.884828020015622774e-02
4.927663564107557376e-02 7.365043762874617927e-02 1.164921897128016332e-02 5.374479170016909640e-02 9.423084739455746262e-02 3.582848530062043846e-02 6.240636695728052352e-02 7.723060377621848716e-02 5.388773075774432736e-02 5.697127134325285364e-02 8.910781733561701223e-02 3.952952297800605384e-03 5.585106835472486431e-02 8.756976686901563056e-03 3.339577286459305752e-03 3.491206686375777218e-02 1.114513083459101094e-03 5.810278118361320715e-02 1.991880677877526720e-02 7.022048314333044494e-02
9.760149255472808094e-02 8.814194518880742735e-02 4.145185664935136481e-03 9.994727688811824717e-02 4.018073070920105683e-02 7.869852026773790921e-02 6.963088088942349929e-02 8.076138531408656729e-02 8.005424079516396119e-02 8.010685298285309675e-02 6.303085427987933920e-02 3.410211187794596338e-02 8.854306994561972344e-02 9.153070500867803438e-02 7.645219878008902015e-02 2.578616979810442050e-02 2.773702468168425320e-02 7.764179860823598733e-02 7.732879180798971075e-02 5.472076009476365549e-02
4.205195725503573650e-02 6.290449952999491168e-02 5.694160930520403285e-02 6.305198884656228187e-02 2.006933817561153133e-02 3.843032497067432746e-02 1.084135252651861198e-02 8.476244929125170691e-02 5.804618284831663394e-02 9.835955913059769851e-02 5.728996213763917766e-02 2.510144991899257091e-02 8.028410147918614570e-02 4.072790197191061834e-02 7.960565147185562351e-02 5.690236400125173177e-02 1.592237656764306007e-04 6.727978847181119437e-02 6.254705024089657513e-03 7.710576782174288768e-02
3.774785250677537007e-02 4.349924392700543763e-03 6.787177823054295345e-02 7.244844505554713654e-02 1.514367074532785404e-04 9.815487736913854067e-02 6.363631711379481859e-02 4.816978153033542320e-02 2.603446443703573421e-02 5.605624914890107446e-02 2.002483040963946165e-02 6.771691887564379453e-02 5.252579842834208951e-02 9.819551934686328309e-02 5.333302991617869249e-02 5.203370222298776089e-04 7.779466773997895102e-02 7.651698673802950768e-02 2.418814038268457881e-03 3.927579393279232584e-02
