2.395325906280458828e-01 3.659719406256842222e-02 1.041128186771649172e-01 1.242917273761215552e-01 4.949803155738582983e-02 1.497851991550065431e-01 1.117898437295502256e-01 4.046989630894395895e-02 1.351648169272279820e-01 3.963150127522520327e-02 4.962730399028590644e-02 1.021821774248993231e-01 4.125354832592056931e-02 1.219950966771933265e-01 1.048552054407195511e-01 9.552697254070860455e-02 5.147317819965669533e-02 5.330226116444926332e-02 1.114244347571419491e-01 6.883283794610355055e-02
6.746715922542387278e-02 9.659993303243852303e-03 1.098319530456730655e-02 9.839341719682986875e-02 8.088449976114432671e-02 1.886657308509224334e-02 8.277424070168570847e-02 9.442868214130306637e-02 4.191818258848206691e-02 6.930600403655674813e-02 6.884479145643031262e-02 9.790398825571255959e-03 3.850037085792027552e-02 2.643853888464592350e-02 9.215300047209160073e-02 7.348252161840122809e-02 5.983568244838114586e-02 8.430603524734648149e-03 4.443670393380020484e-02 2.582412607683277905e-02
5.447779601586094644e-02 4.566093756433695083e-02 3.006067735243955850e-03 4.797609140336278610e-03 1.930424786849234409e-02 6.426504637847636758e-02 6.090638053738259283e-02 7.437988652318927585e-03 1.578617697801905015e-02 9.843205980997621340e-02 9.874885071548342164e-02 5.268917388162658311e-02 7.570463151533980695e-02 2.038956300141071820e-02 7.510651062898637820e-02 4.431142716194829551e-02 5.747121353209171807e-02 6.699814077516974727e-03 3.581038342618104997e-02 2.286621597930254060e-02
6.918987426833582421e-02 2.671411660507018448e-02 5.371613041264157451e-02 1.493149869008188017e-02 3.996132643619616787e-02 4.335959201455073103e-02 9.735327881709010533e-02 4.758421423494949704e-02 1.084463447985245521e-02 6.598598203202718504e-02 2.315889109756429434e-02 5.034224650999078593e-02 7.433308378420519502e-02 4.557643275929790239e-02 4.618872279865782020e-03 6.490150271190690823e-02 7.283733735594795367e-02 5.894027223726761543e-03 7.280019169228181541e-02 4.594462423550604163e-02
7.774762939722472399e-02 4.920147488780447775e-02 8.371108716640161818e-02 7.609709372866274579e-02 8.033179425552486319e-02 1.385272035726368284e-02 6.964738736366764271e-02 8.289682991916902388e-02 3.091266282883041797e-02 7.964095262862644353e-02 4.765673828003178653e-02 8.211247627869257271e-02 8.134625848403755077e-02 5.056245147250559152e-02 1.702359779838402698e-02 9.402340704016508288e-02 6.844191278896304131e-02 1.121882932256036518e-02 1.596381566333189214e-02 7.383246942656659928e-02
9.823850175313504629e-02 3.719647596606628220e-02 5.438313132493589885e-02 2.976740081882674194e-02 1.413201534813325437e-02 9.763745048466196397e-02 3.137649810823979479e-02 1.948589999539911480e-02 6.627805802953061487e-02 3.674099965049098387e-02 7.329367288932657487e-02 8.152042998349215419e-02 8.174232143180025500e-02 1.470142670383580742e-02 8.597824678266444143e-02 2.343473631294636095e-02 6.534239130282362695e-02 5.986712801923932403e-02 3.368283200976589925e-02 3.804482589658778058e-02
1.276399569648238932e-02 9.984654334360921688e-03 7.524669293145884452e-02 7.175285517099097565e-02 8.384091188950566764e-02 2.918815193093726723e-03 4.375754914928962208e-02 6.613587624818696720e-02 1.600427328544999986e-02 2.714131418364681622e-02 1.929411562574723238e-02 1.734702812207243941e-02 2.045089157587087758e-02 3.433944207679258398e-02 5.292955817880750508e-02 7.568718705357152521e-02 2.325864112657648544e-02 8.032966817821307615e-02 8.795658429588627814e-02 5.600275427365580816e-02
4.069695396602857063e-02 5.782874877738482244e-02 2.443374936861843205e-02 6.584390645472242010e-02 3.191732207016233919e-02 6.884458037731779056e-02 8.884347481526549961e-02 6.866518977954950975e-02 8.768748350777663680e-02 2.972502075260290491e-02 2.819877524222347536e-03 9.582618168835754791e-02 2.949157191924837301e-02 3.268873828224098249e-02 8.418459955083876234e-02 2.306202825597603121e-03 9.382230412889347795e-03 6.390912527414514821e-02 6.608319376723512106e-02 1.524983746264867504e-02
6.161618079249836510e-02 1.936786608364296156e-02 7.965066949629369397e-02 7.665608772282156425e-02 3.437429883438849337e-02 1.291123752491831790e-02 5.415268440388967819e-02 3.943120350009476742e-03 4.646451076928111157e-02 9.036653880089327850e-02 8.598799563403865254e-02 6.461850340194064644e-03 9.291288582395451634e-02 6.858715869714542002e-02 9.351629102047107067e-02 1.270050189727395251e-02 6.343592258564630104e-02 5.305128943907880951e-02 1.678710228617800310e-02 4.713239337878575436e-02
6.870777246851508813e-02 8.294315380533440196e-02 6.636780349387906563e-02 6.744738383238921275e-02 6.516060600658292457e-02 6.075941449858100057e-02 1.229645084650195057e-02 7.334759103642170264e-02 2.203823884832730937e-02 7.011612525141880381e-02 4.692270764603352629e-02 7.018261191908058139e-02 5.015035802863358066e-02 4.490031472317851380e-02 6.995941385028957293e-02 4.523312209059467126e-02 1.287073981593526290e-02 6.392119612543484264e-02 2.392681335601110071e-03 1.623187956109445329e-02
9.088512055427085123e-02 5.907131958655577331e-02 9.859818359866621973e-02 9.714008655563474703e-02 2.149907281726179051e-02 6.574783179119760013e-02 5.502956166642990893e-02 4.160441091474997681e-03 3.130593504826717846e-03 5.906283118412952726e-02 8.457172739716689591e-02 3.195874215150864422e-02 1.410212319590609109e-02 7.115149398572699624e-02 1.144906863017022304e-02 2.239140773761613343e-02 1.916357901841484607e-02 9.355496255591944088e-02 4.025556620020847437e-02 3.011534297443670127e-02
1.178316712618269341e-02 9.820357641171564844e-02 4.830045963614353760e-02 9.005502574183806008e-02 6.973894430162119740e-02 4.498362483697729286e-02 3.856851528870485629e-02 5.309000734828628852e-03 2.830397671146633876e-02 2.654534780148728665e-02 5.836205595391383977e-02 9.828866167865181469e-02 7.053871739843294020e-02 7.638292972438716355e-02 7.789606334692278367e-02 2.541230542869086367e-02 2.110847015984779196e-02 9.915046025906838756e-02 6.329576404104696186e-02 2.729140028338226248e-02
9.577181138289349305e-03 4.634850972089542970e-02 2.615084451256820611e-02 7.836260993773827566e-02 4.468304346013464434e-02 7.432575025741548769e-02 5.502949185217590605e-02 8.748739266829687333e-02 8.753854374290159779e-03 6.498432181972528532e-02 2.885789949094873588e-02 1.565991182152988090e-02 2.367147460411955957e-03 3.095168311725601459e-02 1.937922235161273696e-02 8.335024828296626331e-02 5.701339997825599637e-02 8.822322945425381535e-02 4.908542664347229773e-02 3.602719896039703606e-02
9.828802484906828951e-02 6.500811796608610416e-02 7.590250238553226947e-02 3.316044143893355500e-02 6.087214926760487442e-03 7.370368793957078613e-02 8.315358543137368885e-02 1.953350430883182831e-02 8.093645979574726201e-02 5.089831786977083022e-02 3.215462242004259175e-02 3.517663458482948174e-02 4.371854774429362323e-02 8.629546027093450145e-02 4.778165728535298945e-02 9.774058907292731968e-02 8.624024361448002704e-03 9.373670029188567454e-02 4.738858615931687557e-02 7.097207333034520615e-02
9.921114767920134747e-02 9.879693339607438507e-02 7.821632558642681310e-02 1.159630582304016500e-02 8.177670149750197737e-02 8.132943298960354506e-02 8.292439913477221702e-02 4.846331445534566434e-02 7.450571940905366397e-02 8.953390844814713978e-02 6.330446208675466480e-02 9.545103896836612534e-02 1.846771051312581444e-02 2.296882187482364446e-02 2.564994301231808896e-02 5.817989250189377348e-02 5.194719484944622379e-02 8.326010987117210549e-02 1.141652993934801942e-02 3.935887624537940527e-02
3.302402648276852454e-02 2.159403478788265648e-02 4.159096084686016159e-02 3.468014818032649077e-02 8.670504348000879213e-02 4.328140146472954364e-02 7.597565464906952393e-02 3.420578791143324970e-03 3.332155473618510222e-02 6.021154069525840730e-02 3.808712061413047772e-02 4.577864975090443350e-02 8.066541068587623764e-02 2.624165486002827397e-02 5.550132465196422338e-02 5.951717612395005658e-02 6.004147190955333446e-02 8.726858490648015110e-02 8.678990045980339296e-02 8.922006268241890192e-02
6.092853849414534007e-02 5.245671512751338278e-03 2.213618036363750388e-02 6.477995919109669730e-03 7.055545576273690445e-02 2.490660202234739121e-02 2.454706430965764019e-02 4.089533603305636755e-02 1.575921890028100444e-02 1.777756246412061022e-02 8.268069919936846257e-02 1.878231042754238342e-02 7.628251754965148512e-02 4.569680330334447197e-04 7.361698823058507313e-02 3.013944285295316883e-02 1.743307674439700458e-02 3.964069252669795429e-02 5.031603788520088577e-02 9.410547957468944069e-02
5.559040057513651295e-02 8.173168477263592982e-03 2.670634984293802916e-02 1.578838135078474217e-02 9.531663389363743619e-03 2.382933189789201642e-02 3.082325412684021673e-02 1.099008069857695426e-02 2.328450812605294129e-02 7.425986516422035388e-02 2.775389392373588462e-02 2.450123499079723960e-02 6.108212127633139144e-02 1.355017187353411284e-02 4.172266567927404579e-02 8.926649178501783188e-02 6.136710957834137781e-02 4.287342175481141660e-02 4.029174073611829082e-02 5.444109857549223053e-02
2.222163667248866492e-03 5.353701667699905381e-02 8.427141846662752900e-02 8.186383144745551510e-02 1.361420077651807198e-02 3.498535055183765730e-02 1.212468833123294711e-02 2.508385538340038995e-02 7.060939618190857636e-02 1.984455158939699843e-02 8.437009333811178180e-02 5.744394540700648033e-02 9.909461141318773314e-02 4.792126937828758426e-02 8.116663023543377320e-02 9.244531305832420776e-02 6.862702064633680044e-02 5.993692229429281593e-02 8.653188534707639823e-02 3.282978226193278715e-04
6.340720274365689579e-02 8.519467853182359496e-02 5.494795115704185356e-02 8.017625360222319086e-02 5.158456076397452406e-02 1.632919788821508497e-02 6.211324815647720210e-02 3.846839335074225125e-02 3.318409451730642071e-03 7.331172265987090375e-02 8.865770253274553314e-02 3.209845733404138868e-02 5.360804941406976248e-02 7.882552377993112813e-02 8.270773183827900832e-02 9.404749305278370386e-02 4.711243053878078589e-03 1.751297587888082236e-02 2.269414366382752762e-02 4.713080724720525305e-02
