2.065444043706243238e-01 4.671215375133694336e-02 1.196381494271768903e-01 1.095581982548665401e-01 5.175538871447089156e-02 9.604904320805426887e-02 5.036621802648205692e-02 9.251795979082180765e-02 2.399081341593541084e-02 1.297264313905846511e-01 1.771437854829036596e-01 5.609306862623505974e-02 1.491257810170662501e-01 9.422662135088002988e-02 7.501301705514951124e-02 8.425586372959181780e-02 3.857861351950341022e-02 1.214179168890425903e-02 4.656740488423247171e-02 5.738226650323111772e-02
1.025291633614952846e-01 1.804340702478208006e-02 8.948764873978395928e-02 1.760269541297126983e-02 8.009897798695268800e-02 8.541980236332449850e-02 5.082328117612155971e-02 4.241666928337696485e-03 4.094925360120396651e-02 8.923727648633551779e-02 1.921755309032165820e-02 7.111715023049642280e-03 5.505376611266280668e-02 5.115352819647677601e-02 1.500585524480889908e-02 2.671617752475619056e-02 9.284333604564225240e-02 8.861711058868572410e-02 3.393079106823985308e-02 1.019553710740254693e-01
9.072800130448645251e-02 6.969844581278697264e-03 1.023683266728137170e-01 4.767764320416577328e-02 1.005154019440695906e-01 6.908583740030521669e-02 5.441722150155661047e-02 3.908555765405779397e-02 8.300033783269132603e-02 5.173266751761860377e-02 2.699265278502242446e-02 6.680257388987655143e-02 6.051773184191848454e-02 7.572247835875013655e-02 1.835866980039587565e-02 1.600581792969214476e-02 6.747740741088895100e-02 7.224537497659755392e-02 4.949566691233217575e-02 1.841296024312015153e-02
4.272586910455781345e-02 1.955089584623560632e-03 2.285948844168353769e-02 9.238832863215025448e-02 4.650770694020006646e-02 9.527872682400108373e-02 7.156163356967501499e-02 8.347391391773521796e-02 3.012292580896948693e-02 6.946204765001617876e-02 4.713699322774224376e-02 6.426574870527683794e-03 4.502568247700665383e-02 3.489522553927317666e-02 1.768024857741552422e-02 1.665319656072877796e-02 6.696103474537334899e-02 1.020482810769306747e-01 8.990044564416299622e-02 4.425825106728775715e-02
4.598974736699759647e-02 3.536387320300048848e-02 3.455603117888996628e-02 4.882152239612325834e-02 7.189095197310309271e-02 2.990365430856847459e-02 7.395618346810281518e-03 1.286348616268805783e-02 7.444589486338400175e-02 6.415499500113050479e-02 5.874763263041655331e-02 5.784472289630443465e-02 5.456648419007534279e-02 8.108002030097230528e-02 4.964238871137098552e-02 4.896786090029642269e-02 4.873367546269226358e-02 3.234816394803790521e-03 1.030444057685634546e-02 4.440412961979418871e-02
9.259075083419675278e-02 3.060489111837807336e-02 9.923836762560586666e-02 5.749021189161320627e-02 4.933461617393710558e-02 4.070067239839800927e-02 9.136302300841697699e-02 5.036175473741109909e-02 5.456141239031708084e-02 1.106062712429215769e-03 1.009294855651923645e-01 5.181254156816638562e-02 3.430614681671457361e-02 9.426818859573521392e-02 7.934841737072599599e-02 7.392974031361547460e-02 5.591976553891944007e-02 6.179094464483285420e-02 1.578887068119400050e-02 7.068219508081537150e-02
2.756689493893217657e-03 1.591165492701377901e-02 7.419824555352562412e-02 8.188285251109754526e-02 7.456660244853030584e-02 2.064361370667500487e-02 6.347616593988042455e-02 9.196350761449130148e-03 2.754227539363693182e-03 1.340632417409948034e-02 2.284552314972195658e-02 3.169752648214665958e-02 5.434800128769322336e-02 8.304236323410182918e-02 6.449849321409351077e-03 6.326755685078383484e-02 4.087036824431763277e-02 2.944750044882315718e-02 5.621094834553604265e-03 9.810035330355203198e-02
6.385617182486492960e-02 3.398422204011474629e-02 8.909257034898922234e-02 9.920795795511945514e-02 6.767518844111727883e-02 9.761962469402782339e-02 9.247702539131380517e-02 4.884891798487988983e-03 2.510543442554474466e-02 4.539537857092790923e-02 6.632357482106879254e-02 2.769254741137724962e-02 7.786321928375002088e-02 3.668529014333031524e-02 9.595895846747572178e-02 3.436840418768134352e-03 1.755100695983257200e-02 3.883691787473992491e-02 5.377768033653877039e-02 3.311583847005507980e-02
4.472561195689293834e-02 2.170600865134450497e-02 4.708714283789656313e-02 9.217630759365019744e-02 6.916560235644099918e-04 6.255017106925594983e-02 4.736245773372082385e-02 2.382903360267137755e-02 3.035682311920050516e-02 4.810890092217637998e-02 5.254670713492528428e-02 2.197207062272577005e-02 3.363447989553516176e-02 2.032818630379079616e-02 5.722588771464531127e-02 9.163174199060102054e-02 1.418385159904251604e-02 8.926513705619877614e-02 7.462998960316566399e-02 2.085375545785693799e-02
7.092457805603093191e-02 1.710237036637667421e-02 6.050374594430089209e-02 1.914485080676758355e-04 8.813256415287633316e-02 4.048107446245083341e-02 3.629645603120761066e-02 5.401173679496741598e-02 5.131926404610932108e-02 4.102384561043133371e-02 7.935133350683110098e-02 3.362515271450072091e-02 4.673818786242536771e-02 9.514564815555147381e-02 4.567447212554123087e-02 5.740076953940613513e-02 6.802001201240669148e-02 4.088764710493739130e-02 6.498274150857157039e-02 3.223018525978882214e-03
7.634725477817004904e-03 9.250502016712811026e-02 1.512242315004663643e-03 6.473127776487984375e-02 3.654030942965764278e-02 4.769086037824543656e-02 1.073154509586109889e-02 3.325050285141580714e-02 2.795641284109978003e-02 2.295978089489431658e-03 7.314977795437725694e-02 5.746398992422518948e-02 7.769677779842316945e-02 4.690814507688496199e-02 2.448950278087915627e-02 6.843896002169251591e-02 4.908142640986408456e-02 6.157946767483660211e-02 9.700913391955544307e-02 1.127675843041343710e-02
7.468976158244915176e-02 2.377782625029100684e-03 7.528754453344499442e-02 7.286867600469806860e-02 4.170035677298433718e-02 3.993740380838257942e-02 5.127246858566242294e-02 7.811284808567457716e-03 9.900988253417090587e-03 7.200413747299504522e-03 2.033681937108222648e-02 5.192472014164093569e-02 4.905847456746276897e-02 1.117349948462161534e-02 7.605115427684254470e-02 8.610252657747247129e-02 5.912808359032693112e-02 3.143088793758844202e-02 4.859255332985180226e-02 8.706588940227426299e-02
4.150287262260521359e-02 4.491825941871817329e-02 1.968287608411567816e-02 6.725650623533177552e-02 7.524143727672524297e-03 5.449955573044393264e-02 6.754455457330681145e-02 3.176433454430710457e-02 9.883874675638536222e-02 3.968378649795644558e-02 2.941467086527874489e-02 6.549317917932642730e-02 6.177656605394252209e-02 9.364879911260391362e-03 6.919376304995510270e-03 5.010030891314745660e-02 2.948206568215319331e-02 6.591210866660979217e-02 2.898058413895979353e-03 7.118779238385462838e-02
1.212172178865399651e-02 7.770674057918819377e-02 5.178863645093700896e-02 9.699810987628716685e-02 9.330847136653591667e-02 4.124390986195979047e-02 8.831172955583718731e-02 7.547260916196200931e-02 7.903670342755328426e-02 7.304262726251506410e-02 7.040199129750049356e-02 4.916569156230934413e-03 1.218319783497391791e-02 8.535209633540641371e-04 7.106908575134751604e-02 1.256759948967914840e-02 7.389138541102216809e-03 3.775514304849758584e-02 4.271682065883467688e-02 3.615246619217437479e-02
3.367461123788701490e-03 8.523818774737404458e-02 7.822874061795979939e-02 5.188295474558762138e-02 1.930217037787138740e-02 5.817559422066740510e-02 7.577604375988966634e-02 1.306386150396482947e-02 5.339944831251029755e-02 5.747164095775936232e-02 3.584035175041996174e-02 2.148518846139693770e-03 8.473580462812142777e-02 2.922718190619804160e-02 6.404656333866691996e-03 5.231600942022936185e-02 2.032185309172945126e-02 6.027551690714150288e-04 5.662895293851127193e-02 9.091558370097699293e-02
4.033312974666209555e-02 8.252202227541256818e-02 1.191038107518840525e-02 6.432796277500216209e-02 3.781649473056498956e-02 7.389364203944127907e-02 3.256447839633584002e-02 5.141472038782765597e-02 8.563989938951391614e-03 1.016394585304426640e-01 6.106806328304439230e-02 1.004569153876823662e-01 5.008579105559010647e-02 4.735205732504873394e-02 5.763109087823593130e-02 6.846217050346670163e-02 5.306474236393254884e-02 2.798037312891179032e-02 7.476369200086920019e-02 9.387381017846561926e-02
6.004092146026879240e-02 6.592174398776448618e-02 5.398020978788965751e-02 8.875097216993646509e-02 8.675972922577612767e-02 7.286169696648493732e-02 6.830411797614067970e-02 3.986599514299739300e-02 2.825548031876206484e-02 7.466002517617714718e-02 9.362715901717445777e-02 2.428275769217012707e-03 3.687238742882734815e-02 6.739496076444546901e-02 7.716227368662414987e-02 7.411453826816484514e-02 9.103923207190831035e-02 9.756571207164332904e-02 1.356353310654987918e-02 4.284085924827146785e-02
2.974972532100221730e-03 8.171263090302850751e-02 2.746016409584478568e-02 8.338287390208246053e-02 3.785183133130615857e-02 8.165937958122855556e-02 8.377084713943093452e-02 9.556725314423145795e-03 8.219992782914506413e-02 3.556457409810186848e-02 6.045670948025642921e-02 5.506351689681301953e-02 6.167540863002661522e-02 8.434735284733006766e-02 4.763062279152312228e-02 6.231690403751139612e-02 3.027027884651755166e-02 6.899794624970290169e-02 2.668968414380232246e-02 5.560323633407836252e-02
3.439725283100376896e-02 2.038918258839265973e-02 9.982495218991035979e-02 5.315531145165958149e-02 2.202590917029577725e-02 5.730124046925858666e-02 4.680474195160382045e-02 1.072091257642772584e-02 1.139164854708330302e-02 1.360506656307958542e-02 9.355716852522058535e-02 4.601657150265724139e-02 9.857857034847190489e-03 6.411093813974527407e-04 3.698747296112739336e-02 1.115094758286049037e-02 3.042530833350598485e-02 3.396997323383426498e-02 8.148566775317690747e-02 8.109781050981212935e-02
2.886305647651181416e-03 1.370417358582806146e-02 9.616167615467347343e-03 1.348923404421559051e-02 1.489052287630642478e-02 5.806949969433186642e-02 1.227528122856674266e-02 6.108716556425974886e-02 9.247791326300601467e-02 2.641982712156860230e-02 7.014482566487663384e-02 9.384537637787035425e-02 9.978204447903761543e-02 2.791566402897273716e-02 8.394887920063336118e-02 4.576565930431783502e-02 1.394562590167212554e-02 4.319891801588682766e-03 9.983452115078245148e-02 8.506493016656339889e-02
