2.417933322179514066e-01 2.314991617621828951e-02 7.289873583336743679e-02 2.942064203385705637e-02 1.370022763030675494e-01 5.953045014073149455e-02 1.422484196702447079e-01 1.876140299130914235e-02 1.510553206409394056e-01 7.593175743513215503e-02 1.047195023925408669e-01 4.901002714213566896e-02 9.717294528738069925e-02 1.635576666560276116e-01 1.521635797988158123e-01 1.078841601455782784e-01 1.675818253908634148e-01 8.635093555736114701e-02 1.068578948051794042e-01 3.512446024638521402e-02
9.682019986123990840e-02 5.352900667674581614e-02 6.856476292759051960e-02 1.940167306295101021e-02 1.959741359299645158e-02 8.236920097558475540e-02 9.652209657004534593e-02 5.867602932851669062e-02 5.164015510187314195e-02 6.526926114591316552e-02 2.316583477010456665e-02 8.129583134046064474e-02 8.616631066818683515e-02 4.105844681625722692e-02 9.933368205289472286e-02 7.309452295769995611e-02 4.440177118814140483e-02 9.248293819844016772e-02 4.909948045673365180e-02 1.814454502217593967e-02
8.315030661729522210e-02 4.994112603264823369e-02 5.631582880839855476e-02 3.222313149823148593e-02 2.894889032185331626e-02 4.701878026464524629e-02 9.787859609438727404e-02 3.740780518347486434e-03 9.494071659306847766e-02 9.999903021756417765e-02 8.987360547585577369e-03 8.916280896109868292e-02 6.046615697547768481e-02 9.170104271451100242e-02 2.075566644056883389e-02 9.309544568654042063e-02 1.019292997466908490e-02 6.364703676563532829e-03 5.233080512209440510e-02 1.731114819912099589e-02
6.410089585277903290e-02 2.591762111930161552e-02 9.528022974547646629e-02 8.726792133335684043e-02 7.216652225973016477e-02 1.055340837744590636e-02 5.915945978518977189e-02 8.073795329871758311e-03 4.523481459391810733e-02 7.910545964966247956e-02 2.122362140242362027e-03 4.131760066047915347e-02 9.645736459042203448e-02 1.715844677245287331e-02 6.597355396694977447e-02 5.066525488195808974e-02 2.036591777088007232e-02 1.121251004218724173e-02 4.227048620471532403e-02 4.451886571709337548e-02
3.539156088276936701e-02 9.451985354746184065e-02 3.440743755444334445e-02 9.406907539783003480e-02 1.520110349995926896e-02 7.322062920683794496e-02 3.131022304220142799e-02 2.925739949150763311e-03 6.399094488022885607e-02 7.965087566615697279e-02 2.634690710298681626e-02 7.605553681310939229e-03 9.575303181448102663e-02 5.169488306128497412e-02 7.260028005744385837e-02 2.591393776783736114e-02 9.013381959416277844e-02 9.867513675323283384e-02 8.503111824589613954e-02 6.366164177285116819e-03
6.865826136228241061e-02 3.983818455863408735e-03 1.803366950398652829e-02 6.337786616075985480e-02 7.429880726240936650e-02 2.632256433908031386e-03 4.343837562555079995e-02 7.032272941593424587e-02 9.004464987989890812e-02 3.499798912542589902e-02 4.521044444583321303e-02 2.525704199081307832e-02 6.753642787345782994e-02 3.148059450161843492e-02 1.012467092993096915e-03 6.798134999349995933e-02 8.246711547796027608e-02 6.702809760764566471e-02 4.721574765619995090e-02 7.055469640717366986e-02
9.496107799371400482e-02 1.652304662011831043e-02 1.386945736396153622e-02 1.205410515900234847e-02 8.772406695883892824e-02 1.166532859954949554e-03 3.924546237342768640e-02 1.292104347387068586e-02 4.015575353259862729e-02 2.823747935836507287e-04 9.592623974253333685e-02 9.181185254726589862e-02 1.316213838317034125e-02 9.476734727808615311e-02 3.314766635928805688e-02 4.663533711012628896e-02 5.266993335718545000e-02 6.811709968359723477e-02 6.606751915517566909e-02 9.333759082535364460e-02
4.121326038186715057e-02 2.530206264909410502e-02 6.926077132691332849e-03 2.332448348525532206e-02 6.105455059943051821e-02 5.263927959224454223e-02 7.541012680715776517e-02 2.350611441064788532e-02 2.787761979389139638e-02 8.451024869733625086e-03 7.316953772313690429e-02 7.775283510170799550e-02 1.831542636318842648e-02 6.210080396485872373e-02 5.182037508069207293e-02 4.006260783625455180e-02 2.423166608355037388e-02 7.637552814467330094e-03 6.327967765638890796e-02 9.881309346759357959e-02
7.087688128100942675e-02 4.982362475333138724e-02 9.049353895840511752e-02 7.694741296550947074e-02 6.440061027071469768e-02 3.377678069931114996e-02 6.551551852000965515e-02 4.059830377072194685e-02 7.513216213788248554e-02 6.377728946011289313e-02 7.189165581214851386e-02 7.262585487703899188e-03 7.164863248775781013e-02 5.522095525421837764e-02 5.837396778207604598e-04 3.056465320230791413e-02 2.256280550549345787e-02 3.077239770342022219e-04 1.814490735133913665e-02 7.317227334957475404e-02
2.958901500627525438e-02 6.030656241909540527e-02 2.315403995365186360e-02 7.069729204668291633e-02 8.247250816751912350e-02 2.071958460169501942e-02 6.137257765571173945e-02 9.322565943516707143e-02 8.478011494434856479e-03 6.388027987141460529e-02 6.262687155394597652e-03 1.560572149051901031e-02 1.637793054662109102e-02 4.872231223413153733e-02 4.530281532202378586e-02 6.713515280052949341e-02 9.365189820927942443e-02 2.955671246290655571e-02 5.618217692029477128e-02 6.345692034976924134e-03
7.407614662078766676e-02 8.844744219170888599e-02 5.942389786106523630e-02 8.381071437225301457e-02 2.667846420020960826e-02 9.466878543925796863e-02 9.278141386416985381e-02 9.664242322405759700e-02 2.557577304520527658e-02 4.144054652244726772e-02 6.737164037275435169e-02 7.730116017721079535e-02 5.643586594056585609e-02 5.183481710909126905e-02 7.275211585764995714e-02 4.935073974443766887e-02 6.403451395527136325e-02 1.421219582545916321e-02 4.088001950759406755e-02 8.782536998462329991e-02
9.639445401790115719e-02 7.181763490839045139e-02 2.147645420164389155e-02 5.529848918225652166e-02 3.365951426663141982e-02 4.079991723825389383e-02 4.361863426381850511e-02 5.072330518840483665e-02 1.664471939797135258e-02 3.063885076537704866e-02 3.715496877396623487e-02 7.729488599442731200e-02 1.236819459222011745e-02 4.047623652687461215e-02 4.249725872682224431e-02 7.001079520152482527e-02 2.220107571529829349e-02 7.292472135535991995e-02 8.128404202442186810e-02 4.479775252688084075e-02
5.503371852955605409e-02 1.869754168735580230e-02 6.007140740972009146e-02 8.227314180358802007e-03 4.871487847900460993e-02 6.277062875305576550e-02 1.012737262083528503e-02 8.602938467663945321e-02 6.754900027361286641e-02 3.882250522574759444e-02 9.281235460859013631e-02 8.423477912701954340e-02 5.559077848762346286e-02 9.900797132721401994e-02 3.975837829918704019e-02 2.766816814175776518e-02 4.973077471117377801e-02 4.109164860153829979e-02 5.294069525768534817e-02 2.083657553737261383e-03
1.452490687762895277e-02 9.133729675847390705e-02 8.479705491663525052e-02 4.435265002384650851e-02 9.601698679891029764e-02 5.807951524682350430e-02 7.828411684993485942e-03 5.815646648240946869e-03 6.797394103823296840e-02 9.899841514173365886e-02 6.666531111524110105e-03 4.758403414767328754e-02 9.250790555219232103e-02 9.407402836528253043e-02 5.452605650703439694e-02 7.884881394348090822e-02 3.795936143142985414e-02 1.993457991981889554e-02 5.131350611713443588e-02 8.310343045374367354e-02
4.324406936090219311e-02 2.902110548097973711e-02 9.531695532826349460e-02 4.617604721395325573e-02 4.232703066529284325e-02 4.083495692980363551e-02 2.290648025908235269e-02 9.751095939950851776e-02 1.905228814333201001e-02 4.900586254607609826e-02 9.967400979178747678e-02 2.355183042167240462e-02 9.664407180067953462e-02 3.325737989310332404e-02 1.285899903060704411e-02 8.496862570795135627e-02 5.341885916133515613e-03 4.062864122090899255e-02 2.121878631949107932e-02 6.148886662712432782e-02
3.645466300230124773e-02 6.632843824062177596e-02 2.732884203936073592e-02 6.864879504740029233e-03 6.437183605495035155e-02 3.243106256473933524e-02 5.021452466622849248e-02 6.185752643808472423e-02 1.032815397418078776e-02 1.992135373858294756e-02 2.793982332900013521e-02 2.476449135896098552e-02 7.566317949579501323e-02 7.096945941727617058e-02 2.961466563916052147e-02 1.038144248880297320e-02 3.891189479077684921e-02 3.626290483806684367e-02 9.666668358611106571e-02 5.544327411685967544e-02
7.755445748123136057e-03 3.866426230405798498e-02 5.451737237390220231e-03 1.377301904399244083e-02 4.621907662376398274e-02 7.501616767673857655e-02 5.543311549532756177e-02 3.204064570869922385e-02 3.469401438224526540e-02 1.336748731399142222e-02 7.728316009857195967e-02 3.742616307866986178e-04 3.241878269218444880e-02 4.085574599751696026e-03 6.647013039103309706e-02 2.168677047844360870e-02 1.387451396128571747e-02 7.363480014480670854e-02 6.226056030697999649e-02 2.844176669978847397e-02
4.997148600997571022e-02 9.935306542578603572e-02 3.538485155430819845e-02 5.427559409196903994e-02 9.255998466486471676e-02 9.697380230336350923e-03 2.672383177632299545e-02 6.644455756557109127e-02 3.876986675859528386e-02 8.955342360793958068e-02 5.288019257894452374e-02 2.243062880924406866e-03 8.700458513347257561e-02 8.662017789163767301e-02 9.513111403326217352e-02 1.828221190587622433e-02 6.088874379414821458e-02 9.788190553566993024e-02 3.583295403555388642e-02 9.774769136886723997e-02
5.727614590550390850e-02 9.580804667534449648e-03 2.430935131414216008e-02 1.069958829678428064e-02 8.887313235432226649e-03 9.698497728068489199e-02 5.900171874856170728e-02 8.288365808793239642e-02 8.083403955167839383e-02 8.085417210910467167e-02 3.513801406929641102e-02 7.795483821284227011e-02 9.181584744521369135e-02 8.915119174546237701e-02 7.521530673199178230e-02 5.776791209795453796e-02 3.265475765184904650e-02 8.194900423039430670e-02 2.117954066975256261e-02 5.535362936114834875e-02
5.383332784136125870e-02 1.930732067574116029e-02 9.504364182860385035e-02 2.030947404569402245e-02 1.553835257456814833e-02 6.383840650244899939e-02 5.190682761649596799e-02 3.976590636191321831e-02 9.127085634206114073e-02 5.364559520407601728e-02 8.097901045264718767e-02 5.006700454660307012e-03 8.720120116711638225e-02 8.234364791540105255e-03 5.952747290017915138e-02 6.632190119623714020e-02 1.692460038030362338e-02 2.255242294259826238e-02 4.135003618328996627e-02 6.860760223337214470e-02
