2.664043090022659155e-01 4.288398316449349573e-02 8.755572974812531051e-02 7.162400261339921248e-02 1.364371368063885814e-01 9.346472463986782442e-02 7.600362359249139554e-02 5.272038924902815865e-02 3.988843773747327570e-02 1.025451990209165776e-01 1.608744746320421859e-01 5.326366717670965450e-02 1.204127701702741304e-01 5.567167420696544217e-02 7.839667854111780076e-02 2.915018509536369123e-02 6.765134524252602866e-02 2.659511276669106888e-02 8.590445017935995076e-02 1.353200160275584429e-01
8.947617843465895116e-02 4.184869634453874249e-02 7.307638642531687212e-02 7.255566712239540361e-02 9.740648683074742964e-02 5.687861108764838414e-02 1.132102549092145471e-02 7.280570637283932667e-02 4.682429535640073720e-02 6.377874115138682399e-04 9.377693929622048230e-02 8.898456391955150702e-02 3.085086507340338915e-02 7.066836040676803543e-02 6.871373945899171554e-02 5.003412531770645016e-02 7.144412506449381028e-02 6.196444095919961814e-03 5.332757655502810140e-02 7.586649549979648799e-02
4.240450845306682759e-02 5.254119169969528880e-02 5.196861675763341654e-02 8.864313662138267880e-02 2.337357715937561642e-02 8.139306436080059881e-02 4.178763916277850043e-02 9.546969842159570840e-02 2.455508610937199437e-02 8.630215206580772735e-02 9.510461523525734484e-02 1.694711114215044154e-02 8.784738841426292799e-02 6.480670020788897867e-02 1.932258811934941742e-02 2.732340097538515922e-02 1.414650596693347619e-02 5.196204617556872407e-02 6.548033411076543964e-02 1.851498615582104421e-02
3.901732028031169863e-02 5.679160729668382424e-02 9.841859943088435148e-02 1.824981989090446177e-02 2.723769935418818375e-03 7.314455696759523951e-02 5.882216989358068915e-02 8.373447509728405846e-02 2.504116165173679923e-02 1.130646199513500941e-02 9.890238107970361625e-02 2.644892962806038098e-02 4.244881519988796641e-03 6.574208066087171287e-02 8.923135019492084430e-02 3.171900533453706622e-02 8.989347150109812390e-02 4.421663091846814164e-02 6.311979418578005097e-02 5.217401602287855683e-02
9.991388021024126542e-02 5.037163501249885406e-02 1.321358820445354271e-02 6.776777091762216376e-02 2.451592539731228815e-02 1.475794844965026137e-02 9.541704093360019179e-02 7.076848650511988192e-02 4.174268876353057212e-02 1.327492977420422632e-02 9.129410396993314913e-02 9.064643461138038871e-02 3.906548736866097271e-02 3.088754697324620768e-02 1.311857549478497899e-02 1.918512988225944474e-02 9.824950189387267330e-02 3.352262350385215584e-03 2.441788496172492273e-02 2.319500723356231545e-02
1.621800704920173296e-03 6.833820719986331838e-02 4.409655530702688564e-02 3.350511117567733788e-02 8.112052872865251063e-02 5.519801435632334941e-02 8.583627216802972026e-02 6.696169473824618856e-02 9.530746022559227759e-02 3.072228115321281802e-02 4.782101995719045817e-03 7.215988107805007545e-02 6.376436896100498575e-02 9.619966244113796472e-02 8.716929455938653148e-02 7.740753794145524558e-02 8.484337161604704747e-02 6.751063327373428569e-02 9.825142877991574486e-02 5.526950080621972905e-02
9.897415794436482950e-02 5.206971008698494524e-02 5.391026944033449481e-02 6.436471979655820908e-02 9.996703191742155326e-02 5.801108194791752132e-02 8.797078960247872725e-02 2.917995755583435713e-02 6.483073655443888361e-02 9.085989993587816060e-02 4.450234684499465750e-03 8.396641825857587005e-02 8.438085229565092660e-02 3.883558426843559952e-02 6.604199659294318625e-02 8.068835092827564281e-02 3.740030629442441662e-02 3.931264890013827507e-02 9.981376418634849146e-02 7.827438460044816582e-02
1.138814271396996342e-02 6.250126749937619242e-02 8.664530844922390881e-03 6.090725184171319473e-02 5.046523701845107013e-02 5.346620334597279589e-02 1.425589851869873970e-02 7.804957574005437493e-02 2.505073370860433357e-02 2.713824463580009200e-02 9.588979115693831157e-02 2.499162118351363690e-02 3.125994340364746105e-02 9.595000445975394865e-02 4.986328516122900262e-02 2.797241659357924126e-02 9.797666115567571499e-02 3.984845916205247834e-02 5.969512754389456888e-02 1.098129222337576073e-02
4.444641396608624284e-02 8.308878609843417529e-02 1.018597927392606017e-02 8.488382927413905266e-02 6.821243687358476138e-02 4.434945054911140772e-02 6.425706412257331523e-02 6.663041500089225688e-02 5.485487753470798256e-02 5.090015209814292840e-02 3.689084104420451565e-02 9.698400452708560993e-02 4.400524420970694517e-02 6.286755915218829316e-02 2.973109860560775586e-02 6.792885504749451853e-02 1.861308417617764041e-02 6.160675088171483488e-02 9.440680947497382541e-03 4.330436089760191648e-02
2.819305878205487226e-02 3.802926112438159006e-02 4.258582951068275169e-02 5.688635113143380995e-02 6.135789427386761224e-02 5.557474592591769152e-02 7.497020341711935730e-03 9.722551642959756379e-02 3.423620846013105540e-02 7.836066511289851988e-02 1.252691031183871331e-02 1.417057840851451180e-02 4.993746907160930004e-02 7.908178039605906484e-02 7.051729715736072823e-02 9.965218610639403618e-02 1.039372861095035940e-02 6.742516008559285012e-02 7.077021209213278652e-02 9.524194982225223094e-02
6.375223305782111438e-02 8.013234979974014072e-02 3.754850811973484137e-02 8.849527308701937711e-02 3.226645921777128445e-02 3.881486561810776337e-02 3.313154054029378986e-02 4.981243724259432591e-03 4.203301416792167011e-02 7.943746156115220891e-02 5.494969299085494807e-02 6.328920405126217674e-02 8.785858023411224904e-02 1.389579636800287836e-02 7.905890892264334086e-03 1.702742831703400045e-02 1.110183400915645303e-02 8.766732176522351594e-02 7.792068079472302955e-03 5.349278121415829146e-02
9.836200170678827126e-02 6.413585023325826806e-02 5.271239253613287101e-02 4.804627822084378552e-02 6.051031919687677695e-03 4.299617261731426832e-02 1.850742717528469639e-02 6.706550732519012820e-03 9.516702965370207878e-02 8.946372371239241783e-03 5.775328187167893396e-02 4.784308902142147407e-02 6.328393448022232026e-02 9.149174732639386853e-02 4.315656560911711875e-02 1.590357807231929099e-02 1.775862599593595187e-02 8.671000214708718401e-02 5.823096777260482887e-02 7.245680907650257907e-02
6.842878039214578267e-02 2.017900469321041307e-02 3.529744678009440889e-02 8.373065693765888162e-02 3.233119895168967695e-02 1.360881166089300542e-02 6.739254503478590841e-02 8.462669102566344748e-02 9.633337377081907862e-03 5.547078241512373720e-02 8.134380553809374137e-02 3.928865836786064186e-02 1.538459887199546995e-02 8.388861772235922665e-02 6.586249782433697963e-02 8.867393151806440832e-02 5.666250329584929246e-02 9.499130229986194052e-02 1.276075841980886007e-02 3.631711741094079127e-02
9.951434941041559235e-02 3.629355700358812692e-02 9.305203186482374766e-02 4.990511202650399492e-02 1.798826912374762443e-05 7.986423897797954863e-02 3.942790636968288714e-02 4.142611241771351760e-02 1.553051480172451667e-03 4.888039696230400688e-02 3.698634456556281619e-02 1.047629104384919553e-02 4.248298574606845096e-02 8.382718595469576539e-02 7.509051547511802482e-02 1.654005566554948153e-02 5.188948631477287299e-02 2.321651914273595990e-02 7.198598044515212846e-02 9.126732358487144731e-03
3.765773592277812942e-02 1.396940532134622985e-02 5.566017468717788033e-03 8.751016026529576108e-02 5.066631790041786071e-02 1.141865811932451027e-02 3.640607025377414624e-02 7.717095583761485189e-02 5.218719758046917040e-02 7.273638652594492660e-02 4.974489648161527916e-02 9.580800637279179854e-02 8.823914038370422874e-02 1.155879126199406241e-02 9.557140520026430330e-02 6.539294361456071680e-02 5.404716362958283254e-02 5.074018910148202915e-02 8.696023478554751329e-02 4.947330706144251189e-02
2.286166234229649805e-02 7.760228500374127814e-02 5.654189431407807137e-02 8.751319895321374442e-02 7.796978587711822506e-02 8.024712031496841758e-02 4.937700249475340114e-02 6.813486181356911975e-02 7.101267272967301536e-02 1.557118646201591933e-02 4.187942494929695197e-02 4.066601443816876549e-02 3.233694122835118010e-03 2.233434117818872133e-02 4.568447279723234639e-02 6.400448346298008573e-02 5.848635753741066035e-02 6.662490376848480278e-02 1.845415443629516792e-03 7.952147938664323734e-02
9.267942109803151141e-02 2.769194120798583805e-02 5.334272916446474583e-02 5.710622139427479205e-02 4.753369261901727039e-02 5.823971807602563999e-02 3.858104004036070483e-02 1.655212225961092548e-02 2.416828372991971716e-02 8.640070638145936829e-03 3.191772769547651656e-02 2.579571813503005531e-02 2.169546596163578547e-02 2.973740211867359484e-02 5.931425186508443824e-03 8.708379971328111813e-02 9.197791087578749414e-02 6.158881856453449904e-02 7.962120394243116239e-02 9.655967731192105497e-02
8.994364616517025457e-02 4.558947924519133471e-02 7.316432666848890487e-02 5.555650424534265552e-02 8.755054380898390221e-02 4.799695970948168050e-02 2.565406049973852076e-02 9.822319706832938202e-02 5.663434974469999661e-02 1.113525135783852843e-02 8.207129911305611342e-03 1.546796389997193849e-02 1.307142544976765998e-02 1.754818532545443510e-02 1.565777410952406967e-02 3.797072844354371091e-02 4.947535180982854004e-03 6.397951043956602579e-02 9.166009490012260938e-03 1.629619340859082138e-02
9.925619577740867061e-02 1.675423300735662258e-02 4.025919988719239145e-02 2.359158976541304853e-02 1.795586753960906265e-02 8.606117407180192969e-02 4.006401414188947435e-02 5.546094596696540813e-02 8.361970258496478903e-02 3.323842782819063507e-02 8.791454040795849967e-02 8.756031935809976963e-02 6.948419525951363140e-02 6.680834413613150058e-02 1.377368368859166643e-03 4.743722503634084653e-02 6.086523620764199699e-02 6.940659970065728157e-02 2.791407127183552841e-02 3.949982124954982965e-02
3.477643929994491540e-02 6.859212622664734305e-02 4.792309758477945186e-02 5.357607929050223379e-03 9.018012212090742441e-02 2.745009649588928818e-02 1.461731986215177893e-02 8.619401022178875549e-02 5.080755296766047840e-02 2.912516845692296810e-02 1.604926203750224253e-02 7.614161961652876620e-03 6.774431099041280935e-02 7.961166714290332513e-02 9.707107954881402656e-02 2.407955032733543124e-02 9.639543294235854154e-02 3.559052970433854851e-02 4.778939928404246640e-02 5.676468959134711029e-02
