2.390988990965091654e-01 6.898043123037675417e-02 9.555684128005928479e-02 1.258702232955818678e-01 1.101003134923845966e-01 1.202310787522687940e-01 7.893229555692507504e-02 1.068825568097610534e-01 8.586449122296052616e-02 1.163477760673300859e-01 6.638241197394617599e-02 1.199716450492438191e-01 1.557106188599985952e-01 8.604882143141798223e-02 1.016250465520105450e-01 3.852693342225278761e-02 8.604956812070205241e-02 1.382977842091107634e-01 1.243048748987259366e-01 5.594329537553754950e-02
8.594023986236069834e-02 2.853628764724721809e-02 4.663697905082217487e-02 8.509349307731615963e-02 1.248940185443966368e-04 2.174223654723562646e-02 4.243684025160283230e-02 7.277278696344786912e-02 1.490493942531277531e-02 4.155660660349729668e-02 5.863304667544132209e-02 1.328190311064020995e-02 9.937179054818842672e-02 7.980483282073333462e-03 4.454466204488128495e-02 8.926333263629655790e-02 9.606937025293905974e-02 9.646554063210691088e-02 8.351767161286145769e-02 6.695844677168057146e-02
8.803947383486408762e-02 1.735545658082860224e-02 4.835351828767390364e-02 2.526039007102938785e-02 5.815117956077056789e-03 2.550917348770267296e-02 3.712556748037888765e-02 3.178283335249307978e-02 4.368143959923652397e-02 2.350163291657099071e-02 4.430797771198099338e-02 7.914832900201124177e-02 9.837808653955555649e-02 9.492265403872246488e-02 6.849301035519918257e-02 9.054728311601022497e-03 6.388053722753339603e-02 4.380086990646091943e-02 7.974222362578428647e-02 1.143617562577699948e-02
2.180362083598905501e-02 6.063837851806286317e-02 3.769079032722500583e-02 2.661231285603440216e-02 5.786383607739161924e-03 6.012040905866160474e-03 9.083436636196923208e-02 2.840034389599012735e-02 7.559673840284246438e-02 7.928710469026235830e-02 6.537108471633203133e-02 1.015237350494149343e-01 1.041541686701948494e-01 5.380542326488040039e-02 9.439741113193136912e-02 2.190207281063496006e-02 3.787387489990410444e-02 1.586953413055171291e-02 3.648577734370558184e-02 6.050278392484161744e-02
4.676117242460055279e-02 4.876699237733327086e-02 9.735344822172388446e-02 5.311655359107692737e-02 2.383021648864529218e-02 2.322156907780527357e-02 9.539636748762807261e-02 8.424946767024964200e-02 8.951816382019887886e-02 3.712020553062292394e-02 3.877566301765506072e-03 4.728259044558372204e-02 3.280218963231907106e-03 6.732853864123000687e-02 8.272360511514918399e-03 5.797342267187910458e-02 6.855924875805065322e-02 8.365301915931953880e-02 1.661881874656788785e-02 2.926620736529226066e-02
2.727032694155872780e-02 6.446719371444115110e-02 4.213094127784339227e-02 5.598590009696214481e-02 5.304562089096102884e-02 2.989788691871091836e-02 4.477433316905354843e-02 9.709259100398007214e-02 8.490739050773629670e-02 6.300593920270326775e-02 8.143273169242681853e-02 2.488087624038365017e-02 7.293403790880377546e-02 2.701429307956520684e-02 4.210368381286554162e-02 5.813319371215059511e-02 1.936299146173593028e-02 2.437868319513400439e-02 6.840044684046482637e-02 8.870355311256060415e-02
4.044657998214350181e-02 2.594695887837836223e-02 1.806460253084934964e-02 8.667275462511264683e-02 3.721610091049798452e-02 6.019821888463795095e-02 5.702186150181773328e-02 7.078509896164990323e-02 9.796690058562676495e-02 5.242362288485438032e-02 4.992136053512751664e-02 4.402064935597830783e-03 1.728859421514756384e-02 8.495241103787357778e-03 3.550478743242235780e-02 6.410487306517045902e-02 7.118819008586518837e-02 8.618950105561262731e-02 5.995305277250050080e-02 9.800757797499226598e-02
2.545664006870036397e-02 1.941696881657799245e-02 8.640036348441984537e-02 5.884615048993474540e-02 9.443907086466936385e-02 2.971673693791933996e-02 3.200641395724298371e-02 4.790643828777895602e-02 6.846906045180836675e-02 8.521904609940113284e-02 7.580855698876406978e-02 8.202634148379457646e-02 3.557674033404117225e-02 9.937495532117068819e-02 4.603319180453947779e-02 1.132935268910717323e-02 4.889853021642281972e-02 3.903987034575235465e-02 6.300502811961208871e-02 5.619038188824330982e-02
4.823396566994304913e-02 9.528555186091910989e-02 2.837902811124306396e-02 8.434480337380069470e-02 5.141060942249454924e-02 2.520442172651352064e-02 2.792806615077545254e-02 1.877265132995669869e-02 3.409861951041753131e-02 4.500705741793192133e-02 6.147294012191544671e-02 1.522031636860899859e-02 4.001333773707332203e-02 3.142611807467375618e-02 6.023618656374575900e-03 2.916173710641015160e-02 1.847119424127286955e-02 1.113303381247097122e-02 7.990860220971635064e-02 7.127159203173122348e-02
2.391109287077429479e-02 3.647549461780125180e-02 2.152312657421031825e-02 2.489297995139484396e-02 5.242233376596085875e-02 1.364888844725490810e-02 2.288502799625393921e-02 4.203441396979448741e-02 1.028635221638316347e-02 8.392906568307878512e-02 2.570902599368986990e-02 6.111669311920285563e-02 3.953643104245788131e-02 8.992623066319585523e-02 2.971459107637254571e-02 6.412889277416143619e-02 5.211563781758665748e-02 8.603404691673113835e-02 7.180629743106448082e-02 9.003391876795165116e-02
1.053988467160548587e-02 3.493882310078529757e-02 9.271199305051650019e-02 7.216747645026611035e-03 4.814902944463254203e-02 4.245903069947844916e-02 1.026984282851057390e-01 7.177518262841964258e-02 7.638791142877264517e-02 1.512681479328867144e-02 8.739721861433402683e-02 9.317462366654290229e-02 3.293777475216756040e-02 1.049603773546379376e-01 6.652244139115048860e-02 5.980551804645443947e-02 9.685651543189839618e-02 8.399030653624617315e-02 4.304783501932561707e-02 5.685292857559216817e-02
8.770768966817839296e-02 2.512128301493762872e-03 2.643880259776390518e-02 7.826380650956610285e-02 5.257939080015194139e-02 2.458378746246342797e-02 7.841924571432774826e-02 9.615135136005485694e-02 9.755598205631890729e-02 5.937435529827576192e-02 9.913397556224018414e-02 6.509357889155362176e-02 7.190501650599735728e-02 2.492752832013680683e-02 9.138261633511800264e-02 3.700142486152564747e-02 7.075473461915418767e-03 1.019850647657657983e-01 8.703757661122520084e-02 6.487940318272539253e-02
1.037673736769572502e-02 2.589102165273245160e-02 8.655042387758232758e-02 2.473628833119331100e-02 6.838706446123672678e-02 4.758315992723608640e-02 1.236830282122698514e-02 1.060915443104510081e-01 4.114991851387884286e-02 2.916881381087978176e-02 3.030151640479259584e-02 6.148917637320591018e-02 3.218157678877039962e-02 7.563978368725302048e-02 2.895488188860051784e-02 1.054099841420524375e-01 6.237484215422819944e-02 4.595413601622708871e-02 5.264329669388254085e-02 5.803948458236630331e-02
4.002702208926470911e-02 5.791009031534313962e-03 9.889925155078979624e-02 9.804889686831269602e-02 2.903658966728676211e-03 8.270483530338777756e-02 3.890417359408462894e-02 1.891481227679134638e-02 6.225935183289429964e-02 9.522126044293649505e-02 5.932280590815008220e-02 4.183752243769060103e-02 5.259519610058373262e-02 9.385260868039872750e-02 7.240843184846199390e-03 9.458896554528017919e-02 8.426591026021012371e-03 9.663728134509234902e-02 7.981550460962641425e-02 1.037975826249886158e-01
5.618843272301733693e-02 6.981116048625890524e-02 3.367150492717268379e-02 5.165562447928823825e-02 2.488609970894325660e-02 2.232147573158202794e-02 4.294574969508299818e-03 1.622600304098863145e-03 9.833296496955901134e-02 7.196926810101264560e-02 4.099317335888687241e-02 8.447743109918079418e-02 6.996566664597155157e-03 7.776573892706765967e-02 5.474941773589260541e-02 3.026374490538426623e-02 7.212045001817238288e-02 3.917421290673300804e-02 3.131708935986263903e-02 5.590419377984841287e-02
2.253870656456565327e-02 6.639536671754162067e-02 2.428062263622518882e-02 2.495771768706602986e-02 1.862662641070391215e-02 4.403953906531930806e-02 9.459309808245441875e-02 2.699441306854784978e-02 5.393858145996761888e-02 7.630206167585062982e-02 5.252204026767715028e-02 4.477864206520782570e-02 6.130378490052664636e-02 2.515068354945809367e-02 6.336498079948909776e-03 5.874880128572812499e-02 8.453883365856013077e-02 3.639661428977556800e-03 1.052586456640662999e-01 8.519000788844842409e-02
1.375196125658747527e-02 9.170132239851078171e-02 4.250206097884246144e-03 1.010479968020161351e-01 9.564105975587210151e-02 2.085300859141132196e-02 2.873509992567658405e-02 1.051656799183596919e-01 5.698041568623028741e-02 1.035918228972372915e-02 1.766074444204613139e-02 6.049436300934382671e-02 1.522058797486283005e-02 1.655252922228849649e-02 1.226158036132742740e-02 7.157481263772906555e-02 2.830291796139669525e-02 7.253860156568646411e-02 5.479090388545070772e-02 6.222581302533187336e-02
8.826046742124533939e-02 9.901535293001501037e-02 1.579154965801661667e-03 2.720569876013573946e-02 3.156089032831460150e-03 2.468610507070797058e-02 2.203766096287694196e-02 1.020966625428223473e-01 9.824820576101878089e-02 8.850549796443260564e-02 6.831044876053353650e-03 8.034599731255993166e-03 2.716788668819028821e-02 6.180740281064126679e-02 5.667829075572687093e-03 4.972073610492683954e-02 5.210263337624644088e-03 9.577308591570228222e-03 5.016230877021691376e-02 1.409688098915193137e-02
2.403957132015707363e-03 3.520858196692766562e-02 8.089048328623359152e-02 1.997384225540844733e-03 1.301764067482623702e-02 1.025701674945936554e-03 6.939095636507677800e-02 2.346078276913722994e-03 7.695670560965908735e-02 8.880426028234909841e-02 2.616242851055683785e-03 5.768854811130592897e-02 4.919165055543193998e-02 9.901921546132097518e-02 8.582825236198304841e-02 6.727132064893848185e-02 8.709574374804175678e-02 2.350210046956840299e-02 9.609090843259823767e-03 6.379522788067411299e-02
6.647828624333150527e-02 9.205263060934028296e-02 3.851338759416960897e-03 8.201141927095917383e-02 9.505301004148990207e-02 9.305357415853687808e-02 4.826051386290429457e-02 7.265821351731427402e-03 8.238313967955450748e-03 5.134820101664572256e-02 8.156644223051882914e-02 7.370522807533183562e-02 6.259603170957470097e-02 1.796189345273706012e-03 5.009529010515643456e-03 6.567843454728607144e-02 2.222554411129481697e-02 3.293254705467829613e-02 3.139541920334184416e-02 2.871986405182910210e-03
