2.929058819553734816e-01 1.570766984979613534e-01 1.022432784956504165e-01 3.602992853495022574e-02 8.639139843077572878e-02 7.236184568422851515e-02 1.026871848702612666e-01 8.449775773097342735e-02 1.044774660158452051e-01 1.195472236064641230e-01 1.241931431280337839e-01 1.890105570534050816e-02 1.256088245040770379e-01 1.508815748334029760e-01 8.768760727844363001e-02 7.020580968113218634e-02 8.300983683522067391e-02 6.882009581097454920e-02 1.123150151398441543e-01 8.826213696603861514e-02
2.987120681558021185e-02 5.328552901332063441e-02 5.432265248482888442e-02 6.050686058421159141e-02 5.398951745015746068e-03 6.627810325915201028e-02 7.315465273875340624e-02 5.109002679309258138e-02 5.332987234865126797e-02 8.231216853559543412e-02 4.347579219498487815e-03 6.105845064066182243e-02 5.533602615481419962e-02 2.597479006827252499e-03 4.161343212269173059e-02 6.519716484670866341e-02 1.099556341863875547e-02 2.376827387423454882e-02 5.271084230251754654e-02 3.590601781813451774e-03
7.994782185772188188e-02 5.314549777805935987e-02 5.874572685356693920e-03 5.118256800586819255e-02 3.866110773533319028e-02 2.547596789728812355e-03 8.807922461788576796e-02 7.727435430005583084e-02 4.871205290391349835e-02 6.906073088311351360e-02 3.568734195214493671e-02 4.022260656042227212e-02 9.693029897860110100e-02 9.835852191546787249e-02 8.937421586753820091e-02 7.700277365544516694e-02 4.234503964283409250e-02 1.827274823311426585e-02 1.280627057230329137e-02 1.228523151745880559e-02
3.998580724244964885e-02 8.303315137675443269e-02 1.281083139369531068e-02 1.185024423844601750e-02 1.107912823539150028e-02 1.946385573472313515e-02 6.229377790293269546e-02 9.593371981554688066e-02 4.312756533212078192e-02 5.939270591957378914e-02 2.746338301796262885e-02 9.211408994552279517e-02 9.452456589627888928e-02 2.289130330471790542e-02 3.312745119995409715e-02 8.095680102013902424e-02 1.297884857666001951e-02 7.160534922812084035e-02 7.714231152526061785e-02 9.810482685280591530e-02
9.579524003073232319e-02 6.916951549842054181e-02 9.175964467923465595e-02 1.757397182792721710e-02 9.597100240927292775e-03 3.287421989147132698e-03 9.592397733278132388e-02 6.710813067845386448e-02 5.739021261006075486e-02 9.162934816471846045e-02 8.438003887779821355e-03 8.064822558862437540e-02 6.136567603822765116e-02 8.359043173497518464e-02 3.670533214161113972e-02 2.680159384942464376e-02 8.341409786691478256e-02 8.299844557129266998e-02 3.571088877158661717e-02 1.254645287691106420e-02
8.915447459138958752e-02 4.469179557732672059e-02 3.619950263257555589e-02 6.843980728694512572e-02 4.331993097123340575e-02 8.107475666860215757e-02 8.679576568508232115e-02 9.409716390822583931e-02 3.716430295958816910e-02 3.506962648942315436e-02 3.310993734417485429e-02 7.931576921669306057e-02 8.219485583043034671e-02 3.453449858750885781e-02 8.257507976749695056e-02 3.420189025159751234e-02 7.512300782756368978e-02 1.861607096464188565e-02 3.597518372846857798e-02 8.884277444680312164e-02
8.010332712314187364e-02 5.343714752719505579e-02 9.847471838552834811e-03 6.350865245346641597e-02 6.199838234786954339e-02 8.707478790426698145e-02 6.499344720216850002e-02 4.194027302556879028e-02 2.314715865241635806e-02 8.738457490990836352e-02 5.209061093761276073e-02 9.865459407722508567e-02 2.668208723719748404e-02 2.570158562911243477e-02 9.444591508258493463e-04 1.636342765859528578e-02 2.175008394322806154e-02 7.913675061384721487e-02 5.501293525275009755e-02 6.783479921349176711e-02
6.144799835213833605e-02 6.798012764253520690e-02 6.017188618995591987e-02 9.989744084919130462e-02 3.460038844394258684e-02 3.877686314463688055e-02 2.379077374773233208e-02 8.738395892342049054e-02 4.554601727866939426e-02 9.767521362700457010e-02 7.464354839368411709e-02 9.113203856694951366e-03 8.634675469593965091e-02 4.261343447181477340e-02 4.123487322666347099e-02 3.669861371829640645e-02 7.589952721690562676e-02 6.565787282276312753e-02 7.300275535802748517e-02 8.778667868198815338e-02
9.933091258275272839e-02 3.543352601306815151e-03 6.323289915204494127e-02 2.805301598147303017e-03 1.089783996646999202e-02 5.101707443117639573e-02 8.577249928527541645e-03 6.184834466086394644e-02 8.869122573013445143e-02 1.117862823829063410e-03 4.321775512346923837e-02 1.781570006958448429e-02 3.439352675212694471e-02 9.606815435335520903e-02 3.888066865097320607e-02 1.448843214971223814e-02 9.646564192727104248e-02 1.854378789272601719e-02 7.254289467014064796e-02 8.576756551735886802e-02
3.418279106575661253e-03 5.176992092538301032e-02 9.316031835887166046e-02 1.089663059754695379e-02 3.619681073587815989e-02 3.648259943152092760e-02 4.357480981359097838e-02 6.078310903924947356e-02 9.144093186034230047e-02 1.893103446492703373e-02 5.304367891188432882e-02 1.994181747306317254e-02 8.337917186163176786e-02 8.482501135834674688e-02 8.185166360476299474e-02 5.907696664530573405e-02 3.096202652894448903e-02 6.104476857728357436e-02 6.865716505249712387e-02 9.403724424626025424e-02
6.299685047790321013e-02 5.997481306437513421e-04 4.611816637026597276e-02 9.393466105178477354e-02 1.185491179510543905e-02 6.959576896712497962e-02 4.875857046615085510e-02 7.716468541555815408e-02 8.041787224387395017e-02 1.156484705513172130e-03 5.079957690970942491e-02 6.539681676271660860e-02 1.029289511657690594e-02 4.754639422694400402e-02 1.346418419429505978e-02 7.614673832547370902e-02 9.521845436768652804e-02 4.103033454517793222e-02 6.859569872076137775e-02 8.885668455113205147e-03
1.975318865007404112e-02 5.320515943451810392e-02 2.363640055482995120e-02 1.984436328772696406e-02 1.976120489055277658e-03 4.453212448132161383e-02 3.520204979790209337e-03 4.152987466244435766e-02 2.241789597330311537e-02 8.865883586072585698e-02 6.950644419869199397e-02 3.659974321934961194e-02 6.927551707377888578e-03 1.909271298783513787e-02 9.495647137963364459e-02 1.083420480343314646e-02 4.349270553776715675e-02 9.146793787910957249e-03 7.767023794552571636e-02 2.448831680350113324e-02
8.349688720842862732e-02 6.206698523511233051e-02 4.785914076727836725e-02 1.048441051292425819e-02 1.220322230103735445e-02 2.694169162028879974e-02 5.869181594606298624e-02 6.969275591558810219e-03 3.703553773578323327e-02 5.704432709475449476e-03 4.498536210501653809e-02 4.771431854931286465e-02 4.702398613143735778e-02 3.069298801751587855e-02 3.273643444133055719e-02 8.851533977330278136e-02 5.340103495294792890e-02 8.066830934998429903e-02 4.677455954116016557e-02 2.944401681935402554e-02
1.885115634648112590e-02 8.334627965921282897e-03 8.901611119814042961e-02 9.145648989512534773e-05 4.383735747961892137e-02 3.936620177014726711e-03 1.797141256063816781e-03 7.815799080407496990e-02 3.731437748111226388e-02 6.578267814293031757e-02 4.456556753349220218e-02 8.282268084890420656e-02 6.303564000938946532e-02 4.736996962341057105e-02 5.583075103106058951e-02 7.979894213310695372e-02 9.538345927987562645e-02 2.172604457447636916e-02 1.974491952443902052e-03 7.904141993071878147e-03
1.371133166431337536e-02 1.361054841035412924e-02 4.395080528839004352e-02 7.661682361245361617e-02 8.642541547392813828e-02 6.410532751177661082e-02 4.409190581766106454e-02 8.161539408382535027e-03 1.756562991623786957e-02 7.495411066932293476e-02 9.487637889047112472e-02 5.228757763339369341e-02 9.010469111337240933e-02 7.159967667290619009e-02 8.363027469024930660e-02 8.050677774819328669e-02 8.485436649657118746e-02 8.895887989069471702e-02 4.113073207885362126e-02 2.082310607075369552e-02
4.221631046234232409e-02 3.573815679592007299e-02 2.945571039428581880e-02 6.746468515435331825e-02 2.360661267831576371e-03 7.786276196787467185e-02 9.373365270056564780e-02 8.675022399029053838e-03 5.677156148749251674e-03 1.916555042504076989e-02 6.803661033511664014e-02 7.210753484624955745e-02 2.230536476109785948e-02 4.999833903956407005e-02 4.188355091119595752e-02 7.405668095822326435e-02 9.584363689916851337e-02 5.527784283320559544e-02 6.013484078674500438e-02 2.491637829129579595e-02
7.752919222472409895e-03 8.609756181932468055e-02 3.146964181234524274e-03 3.201685138975834261e-02 3.310495468593978308e-02 4.243856808551916236e-03 2.652854228406804904e-02 6.609399230293215577e-02 1.551785192186800992e-02 4.303280610732762579e-03 2.801356085698912882e-02 7.837150321575439560e-02 4.692186951670064554e-02 8.629622073170542529e-02 6.184899922931618582e-02 4.962169597214817485e-02 9.876302744646363319e-02 7.854057792207592287e-03 3.036607553596915466e-04 6.477087116723287408e-02
9.168566749569893870e-02 2.490746196821952418e-02 3.140858858924482772e-02 7.559482935513006652e-03 9.534368378853476378e-02 1.748819683842254419e-02 1.902014632715731852e-03 5.331282955035587107e-02 3.001520407419009523e-02 8.306871297047638270e-02 6.131275088399365525e-02 5.500266502821182790e-02 3.406745849737256165e-02 2.328585796481603964e-02 4.234255220036480666e-02 5.733293507078192353e-02 8.293403177007380167e-02 8.367749991193475234e-02 3.753026665851744159e-02 6.882359899220817645e-02
1.057593403444261407e-02 5.334224174743780467e-02 9.219606331216036177e-02 3.654530381349801321e-02 7.123378943602225177e-02 8.746485021268386728e-02 4.897776992245855832e-02 9.597888721037739490e-02 2.500756730010383899e-02 6.599312589849910815e-02 1.424734212113963963e-02 1.159843052780941235e-02 2.816364181074961989e-02 4.077021511792233710e-03 7.103567843251859526e-02 5.779352154558714538e-03 5.076653599514115156e-02 2.658704202315296389e-02 3.485079651827122094e-02 5.159236512171799099e-02
1.389081224845602029e-02 8.144276914102532849e-02 6.797090526155176449e-02 9.424047491409764943e-02 2.551159128465516762e-02 4.434851550002369414e-02 6.177083353197457966e-02 2.478117725350367437e-02 2.627822243230234708e-02 1.343619993316325090e-02 4.649194715232633085e-02 9.854003936198339753e-02 8.605157984219503203e-03 1.403074235806428538e-02 2.274296398820413456e-02 9.502992794154608430e-03 5.122115862391674566e-03 4.551409657573149414e-02 6.042723221614654250e-02 9.572315759124106968e-03
