2.919534507550066160e-01 4.916370047404249044e-02 7.608333794166592667e-02 9.734439425874641394e-02 8.808369928663169202e-02 1.623183734229411979e-01 8.236921924241612236e-02 6.911310871996327598e-02 9.831285537216602477e-02 1.098976140985433586e-01 8.998764422012529851e-02 4.311455313812805751e-02 1.291967011429095702e-01 7.296100793864333800e-02 1.183392410543804840e-01 1.164594072367354238e-01 9.683437671719793971e-02 5.690368228985895338e-02 1.369827636823604256e-01 1.103881485849341482e-01
2.565239861206140143e-02 4.054365202752746589e-02 8.873436387562462502e-02 5.150106258128900327e-02 5.895583651187480401e-02 4.705738904019707292e-03 6.772572206714587428e-02 3.839878634234646093e-02 5.399415636042222133e-02 1.074291830358383749e-02 8.900849090543073647e-03 5.187868782412061175e-02 5.146570100185599451e-04 8.043510391455037378e-02 5.696424780054612502e-02 3.642726713612516598e-02 8.632417300110428737e-02 6.871759879263911186e-02 9.584459726959178305e-02 8.575050920341276139e-02
6.454746487825173407e-02 8.446220942299459411e-02 6.347181368174793087e-03 6.027895221652144336e-02 6.082673956137049642e-02 7.286475311040312153e-02 4.148124302464319124e-02 5.809829286652356400e-02 8.271215675280746416e-02 6.030035216691598254e-03 4.111999406087893383e-02 9.969996749648130097e-02 3.577247942182897739e-02 4.804804238425439133e-02 9.047387064256996042e-03 6.491341619800121421e-02 4.254701084765242364e-02 7.177372258956472850e-02 6.156909548744430444e-02 5.788662915678716159e-02
3.848144016305404119e-02 3.679598934483813144e-02 7.989405502775176471e-02 7.139299681553809562e-02 9.966882513591260317e-02 4.060335335479871299e-02 6.144004518106624402e-02 4.183394189898358845e-02 3.746101580450285351e-02 8.166992600149353132e-02 1.532131128032876433e-02 3.460095813669945841e-02 4.712714368604980358e-02 5.077999582324183026e-02 5.327842046891378275e-02 5.492966337402004767e-02 6.509611043337230896e-02 1.755549105647746799e-02 1.459021403189800919e-02 1.615598616191286224e-02
5.392956952853322772e-02 4.988259317666665638e-03 1.544008062336469506e-02 8.709178976384318593e-02 7.935941212077732287e-02 6.872973875615805139e-02 1.332310268911394285e-02 4.751209673906065661e-03 2.864745939238211650e-03 7.142768132011038940e-02 9.098063241910861465e-02 7.403924607592643481e-02 4.826959593571822360e-02 2.250768940187207814e-02 4.530530023756518081e-03 3.767835290753562914e-03 3.936365531440152998e-02 7.733605486277089769e-02 7.947154368039188732e-02 3.518048722310762870e-05
5.790582562080705264e-02 2.395677057701953855e-02 9.692402337841436732e-02 5.370596746924860554e-02 5.135300986790022892e-02 9.955884067952741612e-02 5.491397462403702426e-03 7.073952724145640691e-02 6.376050004410158123e-02 5.886269510019096624e-02 3.866500202481050474e-02 4.480084142676254988e-02 9.196200327970290023e-02 1.932651584202677020e-02 8.889154099337069626e-02 9.218662999505464195e-02 5.080284252694741709e-02 1.092705072024465797e-02 9.460301015970074001e-02 9.035469888170997999e-02
1.893023971673879480e-02 4.113645081106296481e-02 1.660776538431337976e-02 5.691340861422638370e-02 9.879473348388061182e-02 8.051746944005440387e-02 3.428738092339026627e-02 4.986361949282221151e-02 2.718735149776824178e-02 9.030594155466373230e-02 1.005501527282379876e-02 8.364398703203605734e-02 3.135660586562886293e-02 8.077108505041096995e-03 8.721642286537087396e-02 5.892963912277424110e-02 1.633805188876432876e-02 5.511469715247412776e-02 7.063987642527820576e-02 7.119618042324618590e-02
3.809772458662963324e-02 4.048271608516982450e-02 8.916184447427621951e-02 1.174928072795322631e-02 1.199414790386514953e-02 7.046068194722311662e-02 9.853156353154236824e-02 3.335079663226264701e-02 4.274145664575826342e-02 4.580408584604174493e-02 1.993072379865859153e-02 2.183654554946030946e-02 7.139332548959716196e-02 8.652448878122313836e-02 1.490844958869664942e-02 5.272466051694627703e-02 9.428362223861974992e-03 9.084650729028991012e-02 4.347644266674617619e-02 6.485979785100225159e-02
8.456206836162849863e-03 7.938877419303728977e-02 2.575442254018496524e-02 8.299572794211090843e-02 9.949544203094834449e-02 6.876085821875320414e-02 6.001524527683409910e-02 6.438712163029707003e-02 9.391547464355193275e-02 2.328282532994444681e-02 1.818157861343649984e-03 4.697236039165963994e-02 5.900198487608920850e-04 3.911209793647696387e-02 8.225881127994488784e-02 3.964941551031774675e-02 9.513406287507032363e-03 9.631993265328836484e-02 4.136531588474321591e-02 5.365909774097052387e-02
8.140427874836921041e-02 6.494869772775506422e-02 3.272969049304268879e-02 4.626032222122414272e-02 8.918700250415882713e-02 9.679071923891391371e-02 9.276689964955778245e-02 3.516958889505866076e-02 4.828637536873287006e-02 5.246314676967789303e-02 6.819343804200007908e-02 6.235233859967154180e-02 4.088485435948280289e-02 9.628409926341939540e-02 6.083536649927728107e-02 8.744787533747910846e-02 1.222151916127718445e-02 2.119851709449125515e-02 3.234796486142101080e-02 3.787475597093804824e-02
9.793321072264646321e-02 1.748240013882650448e-02 6.113162081603956688e-02 5.753158228641640920e-02 2.477069331035126887e-02 1.063905905108664118e-02 9.614292164729199008e-03 5.746482460921190777e-02 7.521101863040063895e-02 4.774242966048232450e-02 7.523296909293403223e-02 6.355220581708129202e-02 5.231806687800999445e-02 9.439023110768432479e-02 6.018094657999639892e-03 2.022761990447255118e-02 6.222330214496606809e-02 3.326881699286935584e-02 2.230458648508776287e-02 4.229994761851174623e-02
8.393429586837317102e-02 9.196031241818822255e-02 2.581388756037543766e-02 9.804383557574353203e-02 4.041252170115940123e-02 7.392562441262348627e-02 7.332821899899784335e-02 1.050474586951331141e-02 3.519716162589808794e-02 8.035867597168039334e-02 1.718677287943213422e-02 4.959830988113004407e-02 8.958992814944935490e-02 1.104037695300885691e-02 5.322557337138703049e-02 6.987446669004072214e-03 6.167270311412684225e-02 7.091207894101547726e-02 6.331974754507288528e-02 8.269081936415246734e-03
8.125523420651728501e-02 3.808527772420340629e-02 6.548466183823323239e-02 4.303388124606841170e-02 3.295815055341566949e-03 9.061584310660579511e-02 2.452858479288800089e-03 5.049888726699870711e-02 7.866153118866665850e-02 7.648595359825005602e-02 1.630612136757902996e-03 9.504030749594899463e-02 1.878518774098914121e-03 1.344850864051405637e-02 4.473241865278256013e-02 4.361117434125464515e-02 3.530821081411448376e-02 7.539570227014369408e-02 9.376566833748958829e-02 6.369512049480789695e-02
3.010103871298008826e-02 5.142967451832403114e-02 6.335732616575712184e-02 1.298663031929651185e-02 4.291123367376087350e-02 5.398495385360139315e-02 2.405158275025964852e-04 5.789099500142722010e-02 4.619702973297346027e-02 2.426962474245770995e-02 4.273751214229736667e-02 3.832447687319259777e-02 6.112188444337651912e-03 6.966274292833946058e-02 5.701904965875351922e-02 8.429459880921107151e-02 5.743710747812935669e-02 5.269534540688533553e-02 8.712443974966777027e-02 6.663588883600991830e-02
8.287634490502475415e-02 4.603048887015223634e-02 8.195631102647061086e-03 8.916532769470797426e-02 6.957862476495223214e-02 9.483415893394847584e-02 2.844062294939620102e-03 6.898859496522456725e-02 9.794677178081508118e-02 7.857967747159345928e-02 1.875725843422481123e-02 5.788615546649000104e-02 8.883856056440464499e-02 3.709073650982303016e-02 4.809621816937135336e-02 5.827650442953017512e-02 8.170533745744640308e-02 5.795868130951198696e-03 7.905082313875304301e-02 3.045243830046996669e-02
3.968878188494787129e-02 3.212703181118081036e-02 9.270844948025541710e-02 1.879178588600717570e-02 6.664257654557433075e-02 9.885214173831258222e-02 8.368415204660772932e-02 1.663070531809355407e-02 8.947473642398198757e-02 2.324843420948757844e-02 5.399409829167495234e-02 4.668219553599578520e-02 1.707714914504598934e-03 8.545172693221579630e-02 6.019084326326454987e-02 6.780733697153114303e-02 9.096953775525956631e-02 4.004717145486733076e-02 8.724478050427501852e-02 3.642142952758358615e-02
1.071615257563676184e-02 8.163653302993581495e-02 2.314292535406164975e-02 4.619331641822341933e-02 2.465097402110133507e-02 6.522724310320837660e-02 6.697091677746591989e-03 3.282933665514031069e-02 3.199511350211229482e-02 9.155650228321200040e-03 5.735283947253703302e-02 4.778399753981060066e-02 2.618748321892322428e-02 3.266856311147321723e-02 9.883159655199630356e-02 6.217540506866581218e-02 5.124567655334538036e-02 7.728364942620380429e-02 5.320738562073643735e-02 1.641340898930326864e-02
3.837196006104107854e-02 9.944701067494146618e-02 9.615758859038768536e-02 9.332258216094914405e-02 4.397466102863854115e-02 8.644939560776442045e-02 5.614526476810936112e-02 7.939028581835116949e-02 3.478259435781106117e-03 9.887567161978960684e-02 9.836176323723704040e-02 2.826710328821600143e-02 1.154658594523354578e-02 4.168088129511442891e-02 8.143484816145443728e-02 4.103585951036157337e-02 8.842764011919200529e-02 2.486984276514231373e-02 7.170361939173706955e-02 4.267036511277882971e-02
6.509667223484079390e-02 7.485958786894002237e-02 4.499987156964249668e-02 9.865115575425176253e-02 1.798902900596174512e-02 9.844607890362816471e-02 3.329875321629327707e-03 1.664665418260527149e-02 1.518118214554001894e-02 9.943597545804869209e-02 3.451411033483119811e-02 4.681480446437400605e-02 2.863779892622640016e-02 5.588890487496010057e-02 5.235440554087994469e-02 3.889169845468886527e-02 4.974729110396325545e-03 8.402387825084471629e-02 1.184233916624514299e-02 9.597755621400051729e-02
8.838661848810033805e-02 8.784792633465514367e-02 5.201287566567544540e-02 1.470874693074179090e-02 3.058018277816576536e-02 1.012594616573252518e-02 3.240781305997845335e-02 3.021879064300181600e-04 4.247970518347873869e-02 3.433853694572428644e-02 6.566232813130770674e-02 9.492791116900106685e-02 5.208155290303172896e-02 7.613775123717958504e-02 1.910033812802670872e-02 5.122108811283118679e-02 2.335135939442099101e-02 7.045538745824586884e-05 5.933384156536557902e-02 5.613496778076755567e-02
