3.429650456223833910e-01 6.995286963913986689e-02 1.211544055856762503e-01 1.447554399646137635e-01 1.192825890317548848e-01 9.522786574342244348e-02 1.585328964000290441e-01 6.970977032271304108e-02 8.837440160280377044e-02 4.151897279450381117e-02 5.939057292394989140e-02 1.009597549017052925e-01 1.203036625123948822e-01 1.049421599514868686e-01 4.233566558553038262e-02 4.741993394741615686e-02 1.169047059602316974e-01 8.727816385826196732e-02 3.843596909891101865e-02 9.789143243288608853e-02
5.403207727684942313e-02 8.725724981995747198e-02 5.016491493569924520e-02 9.624818648020973255e-02 3.812322386993638457e-03 7.372762763144512232e-02 4.399045591774129044e-02 8.091053169283897450e-02 2.567789255096391068e-02 3.305139030136762524e-02 6.695506763783848347e-02 8.915870764707412022e-02 9.569510217680732289e-02 1.064771893489732148e-02 7.434229160589245211e-02 1.202562890169197631e-02 2.944792202627729769e-02 1.738297977075980993e-02 9.717042990863751506e-02 5.257796698058166129e-02
7.749402882788505864e-02 5.466420007220771510e-02 2.167694294000932498e-02 1.812685969421246046e-03 6.851006973271694944e-02 1.129438655662422589e-02 2.390734052270878859e-02 4.789167508906064241e-02 8.676842340000295861e-02 9.302471996326512269e-03 4.121020267648994179e-02 3.574756231592435447e-03 3.812976523329781025e-03 3.266230382850882075e-02 2.831481389410527363e-02 9.497148591531059947e-02 4.490105564489248885e-02 5.422536681702514599e-02 9.408543104037246640e-02 4.661531937856652763e-02
3.390717980196438636e-02 3.630640226024014344e-02 2.616507935312271244e-02 1.949704507292978825e-02 4.704911372955741800e-02 1.202084853549023613e-02 6.691166424576275307e-02 5.109574618825488135e-02 5.300350694341700308e-02 9.160804011760796672e-02 7.418738466321288250e-02 6.827343606131242026e-03 4.826756106268296348e-02 7.238687281750977309e-03 2.453265730451176241e-02 9.550798676375671370e-02 2.871663379842307601e-02 1.576752095375568916e-02 3.917619553964393764e-02 2.420861391902362839e-03
8.683538336626475673e-02 3.881205473495622643e-02 6.965680718115589698e-02 8.801296354897586438e-02 5.167577328136366277e-02 2.785034816334518507e-02 8.118104141196680335e-02 9.158577106053333861e-03 5.410651366820506958e-02 4.217409088082597901e-02 4.281877270917344887e-03 9.173785233952848339e-02 3.408367850766940571e-02 3.278613341390114455e-02 4.387622380208011652e-02 3.495925755897240361e-02 9.822698471853921753e-02 9.218832002902684064e-02 1.159977663498697013e-02 4.798626843518458834e-02
9.603781950628652309e-02 5.549167698433569301e-02 3.960486524595074886e-02 1.606564712488316518e-02 3.148818358229048958e-02 1.107204289103709376e-02 1.518722509065764149e-02 5.578323643933480805e-03 4.077050734535702520e-02 5.188815147799025196e-02 9.678771205364800762e-03 1.485613315637891556e-02 9.892780252145755293e-02 3.049891828471727045e-02 4.563502299509650945e-02 4.783462220445399565e-02 8.194890239432005286e-02 4.364402321148996844e-02 9.193703341770687043e-02 6.459828100656093974e-02
1.340244637422749550e-03 5.717048947438705536e-02 1.303797973116571684e-03 8.505623616049262647e-02 2.589173090780994327e-04 5.424473387698557775e-02 1.876815273604012443e-02 6.448155543582805016e-02 4.698396960451194787e-02 3.760148198210534753e-02 2.797467815455420212e-02 7.489078893733933096e-02 8.821571114182125833e-03 7.857051977846973845e-02 1.234721477864100282e-02 8.983315858746612759e-02 7.068754147693422085e-02 8.019446315417444460e-02 5.181930318188443865e-03 2.074677725029291583e-02
2.845443954277368168e-02 4.037584424716015447e-02 8.233276251274694590e-02 4.694962570473037305e-02 1.066163693901304305e-02 2.582384080618930350e-02 6.551920296946840694e-02 6.135908097286353613e-02 9.032773856196500695e-02 3.765384403394712864e-02 2.947584644342458177e-02 7.110047770820022983e-02 6.459445562648508110e-02 5.673040823488773553e-03 6.298259825319524330e-02 8.974502172708404002e-02 6.643262739237708325e-02 3.582629869376934700e-02 7.387702088073123952e-02 4.305102325213171904e-02
3.512753933392779443e-02 1.769271337423040588e-02 3.759410017619542466e-02 5.985942473300897432e-02 4.779978780438266794e-02 1.745595528962247053e-02 4.847032522069895377e-02 9.256131040348075656e-02 2.467311176561365338e-02 5.492288680933163358e-02 4.978470018402582353e-02 5.008244336231285759e-02 2.944090669830140561e-02 3.514543415845788887e-02 6.576730251518897452e-02 7.309787130664414066e-03 4.112922192814789935e-02 9.142850094910486003e-02 8.491435081153846098e-02 4.062541551993113093e-02
5.292353402956678082e-02 8.015297053032588090e-03 4.251232635811583865e-02 6.421660523090662320e-02 8.776352569923401292e-02 1.472049383232015840e-02 5.814194237669028514e-02 1.653517664234057868e-02 3.281680958386750530e-02 4.264408106246188324e-02 1.229133690160586628e-02 2.814549749178239108e-02 3.213011906537800721e-02 8.626001409339789650e-02 9.052897399994219718e-02 3.895201138999926632e-03 3.146738217121758385e-02 9.510291884375610127e-02 7.332617044978181897e-02 6.384563045210774057e-02
9.278182990560402202e-03 3.856131309905291848e-02 4.453727675111636419e-02 4.704044371909815031e-02 3.940373278124609246e-02 9.519328435529145205e-02 2.636979015066496373e-02 6.463862123661855141e-02 6.859608826671570458e-02 9.359691066020227324e-02 7.478012314112840453e-02 6.346263097464650837e-02 7.209706533442913901e-02 5.951792145480905988e-03 6.823506943548789117e-02 8.653188486273663549e-02 5.880112556668896234e-02 6.406861548090618530e-02 4.934477813229151688e-02 8.379689781151111738e-04
1.158241141178079081e-02 5.309423876792057628e-02 8.371915613568425840e-02 3.233144554842772717e-02 2.469982171560095724e-02 9.887501717563838832e-02 8.242113787528428104e-02 6.295707741738255231e-03 8.024610521353602033e-02 2.035103103629459786e-02 5.811612554436824951e-02 2.704231123645270060e-02 6.011419759827098253e-02 1.973545910429623865e-02 3.057423694943594075e-02 2.091085727935904168e-03 8.624702247013786571e-02 5.930577695402383664e-02 6.966030223218099005e-02 4.119056990139324977e-03
8.855702335664931979e-02 4.927959304243439975e-02 9.715988244953555064e-02 7.741825497730076000e-02 3.441991742205250532e-02 5.418849497502708362e-02 2.286180425945139039e-03 7.212630266896384590e-02 4.649222058382996084e-03 6.020328938802010227e-02 9.416606046431041932e-02 5.140383105062526492e-02 2.022052407802487142e-02 8.183996735228604366e-03 9.903870751426113728e-02 4.204305796900954795e-02 5.653384754865934531e-02 9.066900836749083870e-02 7.976664783101576617e-02 2.653552850443938876e-02
4.821831788149777420e-02 6.393746521751934864e-02 2.142993280686252000e-02 2.294280199471818854e-02 5.076168961398353115e-03 9.032781587445354310e-02 8.492016200549562521e-02 7.336501931408252741e-02 8.504106905926182847e-02 6.089682883476019853e-02 2.041128545067153605e-02 9.120308321075548674e-02 7.300281047563053627e-02 2.642300630645161297e-02 8.503496530873427828e-02 2.686271991969928566e-02 5.328279740298313277e-02 1.946000214458474403e-02 9.277906107487893239e-02 1.583491947118710261e-02
5.646623141212885749e-02 6.809269518073739202e-02 2.808088478005724836e-02 7.254901892913283301e-02 7.819852206280086815e-02 9.989055448787667602e-02 2.208279415704449480e-02 7.911325947521961888e-02 8.778699895711949974e-03 8.336923358976913723e-02 5.683617766163865520e-02 7.034113379727273407e-02 3.288829002304288068e-02 7.510975293496498228e-02 9.901485510789001521e-02 8.070847192240095114e-02 7.403488598210732075e-02 5.671940799888526563e-02 9.565762250895404328e-02 4.258672925385031255e-02
2.290686432239588330e-02 2.267760137023752329e-02 8.813781855758068273e-02 1.401885477513542663e-03 2.693595320763472398e-02 8.902478199771668432e-02 9.194036311572137410e-02 6.923009926378205503e-02 5.933896618970512654e-02 1.540523061165808422e-02 4.154419064141256362e-02 2.142242412029424919e-02 9.110451967883953506e-02 2.511203464324799489e-02 8.149016326056310322e-02 2.741652448187363936e-02 4.153738873430404266e-02 3.224600191037325925e-02 1.525795228617597005e-02 6.972187596402250331e-02
5.670461073475303870e-02 3.112448539144437032e-02 7.382534857707105658e-02 8.075606833095731740e-02 1.284493481036785845e-02 6.707085730238697419e-02 5.772259341979507630e-02 4.662398951407055459e-02 1.535889342008463047e-02 9.082222343536720810e-02 4.535453454693325059e-02 9.873247768942398916e-02 9.743209946902454954e-02 9.019647297546544429e-02 3.182305348731432476e-02 2.029317545684406181e-03 1.046393997912095121e-02 9.181222449163753407e-02 8.274444359379967695e-02 6.622672435535052748e-02
9.826299473915481308e-02 7.572900214370013872e-02 4.535500963000427266e-02 4.902244571908825205e-02 2.716522076520161422e-02 6.181440434640062508e-03 8.254705132973851056e-02 4.535383532760436931e-02 6.865330354516067934e-02 1.293148871475192745e-02 9.259776124669184816e-02 3.425458087867620099e-02 1.445647580281014290e-02 1.430472048525967092e-02 9.700938274919015947e-02 6.513687329154843608e-02 3.943762418860849439e-02 7.537202197773690271e-02 2.818435520934275962e-02 6.866839776180087840e-02
5.829468408350466785e-02 8.446486186322688106e-02 1.893174026802576723e-02 9.112021637842726215e-03 1.781874105469403308e-02 5.977573688926218765e-02 8.617625691108887417e-03 8.401524185279295176e-02 2.845812752080927391e-02 8.632808895278720751e-02 7.285670157583139239e-02 6.563251038612756549e-02 1.981622112312217063e-02 7.025584848792001957e-02 4.253049365422282430e-02 7.122713380217686463e-02 5.502155086409341034e-02 7.771184173742574919e-02 5.786900995326171859e-02 1.956748460133606038e-03
2.853297537621270197e-02 3.821467577944531735e-02 8.671616790468700264e-02 9.514523447709063997e-02 6.756152907664701723e-02 6.130349239164450958e-02 3.788230042461763342e-02 9.679965435245931060e-02 4.827403502481319997e-02 4.079487485294794324e-02 4.357825025906776617e-02 2.652320784823577679e-02 3.538201715520827850e-03 4.487045858528059677e-02 8.785990148721200751e-03 4.938016082248232463e-02 9.477818229611777168e-02 1.247987676935424914e-03 5.967565542792827027e-02 8.457552196869635996e-02
