2.508915392277970002e-01 6.645814510794666174e-02 1.206546056915919207e-01 8.858192326293153063e-02 1.369217178485565845e-01 1.361393494456823727e-01 1.569009158812195714e-01 4.357060410435573128e-02 1.223615085390357682e-01 3.631129437631869239e-02 1.009655743964945340e-01 8.009230023039645707e-02 9.204491473443934813e-02 9.157955067619863443e-02 4.319258610143405369e-02 8.855660669947898467e-02 7.203828521993270451e-02 1.619323916317678691e-01 7.988447491759133323e-02 9.886312207869313307e-02
2.534841048870287855e-02 8.695862111771318625e-02 8.009982226918178905e-02 5.844134753902310853e-02 2.214774312184504546e-02 5.025220424767683908e-02 6.516090583003331799e-03 8.623145251305497361e-02 3.524324289878468658e-02 6.397526335788439322e-03 7.346221486095554087e-02 9.088827512022551458e-02 6.814121572708208008e-02 9.930036391153355957e-02 4.584265758804514923e-02 7.401420571278128453e-04 8.421716550961189096e-02 8.705535444573918313e-02 3.286318885683017083e-02 1.774980770463496782e-02
6.720735272383425440e-02 8.722847954732028397e-02 7.116218585416643483e-02 8.474894179890608836e-02 4.991025177855967082e-02 5.939924497255804486e-02 9.267933611272685668e-02 9.723494244420728683e-02 1.981437977077027401e-02 7.597878545156598606e-02 5.698059328279807961e-02 2.397643263486096826e-02 8.803531180284862590e-02 5.284652441362326647e-02 9.140185110333595708e-02 4.284285771887929965e-03 6.392472861520941130e-02 6.686804995007228358e-02 7.577279947821705108e-02 5.764156727636855770e-02
4.172887699812680151e-02 5.482467898690797370e-02 4.434673948845992142e-02 4.364326884570546294e-02 7.439348360647780878e-02 5.887281717321521390e-02 8.255730810603284509e-02 1.407842371454590819e-02 1.037901693861814634e-02 9.762595035058187209e-02 7.194636148491041772e-02 5.683382203734563959e-02 6.510345450756833963e-02 4.921862713290451469e-02 1.311846801585467986e-02 1.938721569757921939e-02 6.387430625770963710e-02 7.855070685049790613e-02 4.211535288048069703e-02 9.839183770436937815e-02
4.032190970132296104e-02 3.416834976118587192e-02 8.960992526736118180e-02 3.604826248997006384e-03 5.685847640935440955e-02 7.677586909799313797e-02 8.442827103016316281e-02 1.490075774880461655e-03 9.023284786864602114e-02 4.656463874757376525e-02 2.183851401553017768e-02 4.340103967850572793e-03 5.456100119682536637e-02 3.953608239085121268e-02 8.905143728207248754e-02 7.595938059534962372e-02 6.696644916497368483e-02 6.194315130955421744e-02 4.750019906984015959e-03 5.065959078044644098e-02
8.710626961369895283e-02 4.503643333256213306e-03 6.543131255132206801e-03 1.964978897364222463e-03 1.847829651991405100e-02 4.096561853013508392e-02 7.359028671332934479e-02 2.161066998590569638e-02 3.794540452947428588e-02 3.794913299012760144e-02 4.661462825553968486e-02 7.584980377884383007e-02 5.101634179041226146e-03 9.869460472643515336e-02 3.938479091326133052e-02 4.917997897137631885e-02 8.629271331887518326e-02 5.265647134001488761e-02 8.326408824586192803e-02 4.673036891010598493e-02
2.574592391248211806e-02 7.236138839742278783e-02 7.313916943541626248e-02 7.614395656773036147e-02 5.452462888880909436e-02 3.747574316066894229e-02 8.856092416276151874e-03 7.602939816305018250e-02 4.213803172695062410e-02 9.697475841716395040e-02 7.133473760307677825e-02 6.537874648400547606e-02 5.217265817228126240e-02 1.129926533971838988e-02 5.530561942191492171e-03 7.793348784704029475e-02 2.163558620060827137e-02 5.616991686542657791e-02 2.837714577842313096e-02 9.546123865050460192e-03
2.489662211276486709e-02 4.785891839803167042e-02 6.626114356743133260e-02 5.587310108380924567e-02 5.964147621440238356e-02 2.811466957950274972e-02 9.317477161989003165e-02 8.229144603946891845e-02 9.645015429115726124e-02 2.645244528745887072e-02 3.084420705259216522e-02 2.152005561998138368e-03 2.296587354184113222e-02 5.731643942631751282e-02 9.661310336799859566e-02 5.178525041018056108e-02 1.496263268532799229e-02 9.572719717692990127e-02 1.584239202333874788e-02 9.215717119256418288e-02
4.533722778010560589e-02 7.317650724190148670e-02 3.708735692011816409e-02 5.457637481956999909e-02 3.952482183044377095e-02 5.882794086673689971e-02 3.082785769522511377e-02 4.941564366484808846e-02 6.395883561858473065e-02 7.853010195763315826e-02 8.861776164273058032e-02 7.208005512037543583e-02 6.355318642198991286e-02 4.943130554044144337e-02 4.246556213663730400e-02 1.203577403785133226e-02 2.043907748643947371e-03 3.566440672549381352e-02 1.710404994358629902e-02 7.717770897432435495e-02
2.723969920035125558e-02 8.437825386895529689e-02 4.201474714237629637e-02 9.045133732897991941e-02 8.478021411473250779e-02 9.763791228768992081e-02 8.763534718396315260e-02 5.331478470859113417e-02 2.594393138428905538e-02 5.196197701792694412e-02 9.833596955058210298e-02 6.719306534662296271e-02 6.654892193848535586e-02 9.290619126521005439e-03 1.069942988767200870e-02 3.769018704705545675e-02 1.604909458900594240e-03 6.564125956727085223e-03 7.818352509845508114e-02 4.741569163841170831e-02
2.442362326563734046e-02 3.783053379558997537e-02 6.380765334623580975e-02 9.387450319184499625e-02 1.141960655497490512e-02 3.096243094187127801e-02 4.583185341753891889e-02 3.784875206926138769e-02 1.328447204701362939e-02 1.950670715641171851e-02 5.098854232901976063e-02 8.739836205080601939e-02 8.868164805373790482e-02 9.521115447769798457e-02 2.885259665755807168e-02 3.774745762170955699e-02 2.296661020205357367e-02 2.394275465030703057e-02 4.514265066855578656e-02 4.151114556817370009e-03
7.430061581586543118e-02 5.684192493684792286e-04 3.472542697766189262e-02 6.956011478064204334e-02 6.331789693614184311e-02 3.317112313623842706e-02 5.255773517512889875e-02 2.070376833517678650e-02 4.681242843867491898e-02 6.843482885990813391e-02 7.976339537999643792e-03 3.130787441214315930e-02 9.018251613339545170e-02 5.695500106481177216e-03 5.985193841440858420e-02 8.777424937047267894e-02 2.942059668699214051e-02 3.044582904631528905e-02 3.092651719157491017e-03 1.793781464871302411e-02
6.276561825593328370e-02 8.069272031236308929e-02 9.090060021541496171e-02 9.959638921577441961e-02 8.143293957130445793e-02 9.149803776895101826e-02 2.443487821112616531e-02 5.229345877663493791e-02 9.018875707745105386e-02 2.004950077194592867e-02 7.588047629097861152e-03 9.360921447551962416e-04 8.083868104358571394e-03 8.245530976106979493e-02 1.344368742961901154e-02 8.652831252993746503e-02 9.238895145996080249e-02 9.298660201462258246e-02 5.524476099329281298e-02 2.754544090583631658e-02
5.405387862150307088e-02 3.870295327062159285e-02 5.463140983750408575e-02 8.079411032431266237e-02 8.444572985116671759e-02 6.605098165749172245e-02 3.056933861382298348e-02 6.792836589801935776e-02 6.069577303302559068e-02 7.581850703191052310e-02 7.038255791570627307e-02 3.849464038525998721e-02 5.175338132077633713e-02 8.610221125818942611e-02 6.013962139996436446e-02 4.524044505356599605e-02 2.778479487555145580e-02 9.363105222531593885e-02 7.983629069368769482e-02 2.980929371084426599e-02
1.784932205801017732e-02 7.466396410774781001e-02 7.614694836153396151e-02 1.246034005913235904e-02 8.993868148597677914e-02 7.185018833151302076e-02 5.124674901871092980e-02 8.333417564688971879e-03 2.478027518315594271e-02 7.311288404051612122e-02 5.175253316865739001e-02 8.373567197996661937e-02 1.677615452166225825e-03 5.894491589569464396e-02 3.048141757963565221e-02 3.497275299229785257e-03 6.059690126131200838e-02 7.105862654544277401e-02 1.257124404295112408e-02 6.015159273827122566e-02
9.227585703713590826e-02 5.810566787712768966e-02 1.338991329102249411e-02 8.419510269228730470e-02 4.488712858695577401e-02 2.803481541734729326e-02 9.619422338357992708e-02 9.567561436597608882e-02 1.259482423040733136e-02 1.480741869321217097e-02 2.431172346528809661e-03 7.769198226110446415e-02 8.708322851837475842e-02 7.018078624761829587e-02 6.049066366119172644e-02 1.467421828732770085e-02 3.021344351103250059e-02 2.233820562862359749e-02 4.237049548275766825e-02 9.374335466934125005e-02
7.233567979682195559e-02 1.427571010507633353e-02 6.599776890566913523e-02 6.989486923900548043e-02 1.514469106367408863e-02 9.650500190142763737e-03 7.192888660679840063e-02 8.167326090660501081e-02 8.086581128215389325e-02 5.974908665202351143e-02 8.353241095723777654e-02 9.866279436403935926e-03 6.911754599904898488e-02 6.286394265170128226e-02 7.907543587901161297e-02 8.246266908529539807e-02 6.855646022492774272e-02 1.507080544241992150e-02 3.316212022106780621e-02 1.319219663585440364e-02
4.642479811951464447e-02 4.242535308446328257e-02 1.736717770184060747e-02 6.577413096185402708e-02 5.370289526087862475e-02 7.149816692779523142e-02 1.310354828868339795e-02 3.731276820708362418e-02 6.394762116240726435e-02 6.297414139366755426e-02 5.253768279081072468e-02 8.876222312699799666e-03 8.882108864107662871e-02 5.477301748267793258e-02 9.531334928610453450e-02 7.619688688503531426e-02 5.037034141247259678e-02 9.397753908497859243e-02 9.172103095546473017e-02 9.852919996066115960e-02
2.004026898802883233e-02 1.899477024184079849e-02 2.698491783612464584e-02 3.440521606751754252e-02 8.818074461119122798e-02 7.070034217888297723e-02 7.312045714359971874e-03 4.680457445574794095e-02 3.922281268864924800e-03 7.705661577783649852e-02 3.133269828839613420e-03 2.056042803097596350e-02 4.312297403857138361e-02 7.399607267574186131e-02 9.110445007290225716e-02 6.681789443879754264e-02 4.154190117180456276e-02 2.879105963783654826e-02 5.907002168353021887e-02 1.547286868811991248e-02
3.582450454195651619e-03 6.471498632923747274e-02 7.086481747692718880e-02 6.017483246267617963e-02 6.085392429551150784e-02 8.013675043946244525e-02 8.734295044808386421e-02 2.443568676828811442e-03 7.965140328253846047e-02 9.045387993076288435e-02 2.033358181477787005e-02 8.992381368490451332e-02 6.201461054526207634e-02 6.009172485599189456e-02 8.021003864758688429e-02 5.499035011561647507e-02 9.061956156900558002e-02 2.354199602705272718e-02 3.334601773757892712e-02 4.694807959642367801e-02
