1.851910165496995775e-01 8.580941670162219037e-03 5.464230537376446595e-02 9.119121134055223343e-02 1.635294963208103747e-01 7.325783657419480954e-02 6.719792572642514783e-02 1.223843699700251086e-01 1.064704484285290131e-01 9.913991882021939983e-02 4.403235898983690055e-02 9.086515450862989174e-02 1.620309800562157454e-01 2.812794674693330776e-02 1.127847936229191550e-01 1.212679585520289038e-01 1.313703336044808045e-01 5.959373165384623805e-02 6.002041247511302052e-02 1.038721073067054579e-01
9.562451889730046173e-02 2.186473690392068056e-02 5.702088832185028822e-02 1.924331871237694447e-03 3.956048262100478330e-02 2.607388236899717271e-02 2.364373498178226271e-02 8.299763356708811726e-03 4.186872343523409534e-02 7.300704513101330395e-02 2.928222710812335150e-02 9.092578349762020506e-02 2.497991679593222422e-02 7.824612014140211458e-02 1.041128704458658266e-02 6.728079025213694331e-02 1.742216759467868359e-02 7.087461673794215496e-03 6.880042181790778366e-02 1.591243854152015955e-02
9.577063400681157246e-02 9.682180003223769815e-02 3.913210036547629112e-02 2.078219811183185106e-02 5.715334370036141698e-02 8.035141421001816553e-02 1.868435851132170880e-02 1.726165882132023668e-02 5.132423274604498709e-02 6.400527033140408772e-02 8.863749051972991122e-02 7.288062160639674839e-03 2.229870009753102261e-02 7.621869696347266521e-02 6.411165270583507603e-02 7.179882838569449921e-02 7.759131616289786926e-02 6.328195296278453508e-02 2.093023027754448324e-03 9.074831400502202106e-02
7.884769277460274006e-02 1.022001046117820833e-02 1.185620021575147821e-02 2.378960579708143744e-02 9.728216211755578990e-02 9.498673774864531058e-03 2.304552547249149111e-02 5.972785704339621943e-02 5.264767846638884752e-02 7.761656379297809938e-02 5.964457162316677552e-02 2.612363196942291393e-03 6.476062908185344080e-02 4.966703560809176965e-02 7.840028138818078141e-02 9.491097531524175790e-02 1.701671761905374641e-02 4.173760931038626026e-02 6.656995841257716540e-02 8.099835241950704978e-02
9.270409589350697699e-02 7.167731302139068728e-02 3.593733728818041678e-02 6.034711961851717960e-02 2.216872107203563674e-02 3.579742949521385470e-02 1.314150392871364995e-02 2.131143727723949950e-03 1.891972839422530195e-02 9.129789479642957950e-02 6.122222287729335577e-02 7.133748611349467750e-02 8.320806087217508251e-02 6.310396785344352111e-02 4.513196805269031192e-02 9.320801932617366059e-02 7.083366749819999808e-02 2.080675388812046681e-02 4.769161813658840017e-03 1.880455157252184512e-02
2.638325255964385496e-02 5.431201220683481989e-02 1.148746758460035371e-02 3.876896696805412490e-02 5.255315613693201104e-02 3.116019371433074309e-02 8.984729465556970385e-02 3.972696116277988493e-02 3.289694661625380823e-02 8.600299741754045824e-02 9.986544651900795821e-02 8.307221445493091772e-02 1.661144377016119528e-02 9.544558098048003258e-02 1.240096904538570168e-02 1.487786861802931158e-03 2.934876874713780032e-02 4.197576818500517448e-02 1.013080474564222004e-02 7.309267639845697107e-02
7.115727628712013864e-02 8.734934530807848818e-02 8.951650827508024488e-02 3.563940039830876261e-02 1.561945687113201059e-02 3.463430176626737522e-02 4.676659292140805668e-02 2.199783777423960571e-02 8.276764604317954008e-03 6.459149619244090867e-02 7.353734493861675825e-02 6.282039200299119330e-02 4.693668851014187846e-04 3.674041554658023095e-02 9.753456143897854327e-03 1.543748104114946000e-02 2.218126948441172600e-02 7.037080361375351589e-02 8.063269052006485915e-02 8.654979248029566474e-02
5.424382114132642735e-03 9.626478478431549357e-02 7.923185120725810549e-02 6.163232257156706084e-02 7.824810271013150909e-02 1.864044785519590811e-02 2.995777726713666489e-04 4.008337358789965110e-02 6.775763520140480611e-02 9.820843644331565814e-02 2.300938859818161403e-02 1.186907023755739976e-02 6.024828013702344248e-03 5.584151957251981546e-02 3.521316015141531114e-02 3.411544549266370963e-02 9.491914463804795865e-02 4.752695887778984885e-02 6.796045158077724212e-03 7.694232025391996299e-02
2.088357595039857031e-02 8.774709955015437546e-02 8.008076708060118953e-02 7.625360985855147988e-02 8.164690388162943249e-03 2.116489207663157027e-02 5.924976179229210493e-02 9.408905637852349674e-04 3.517393335973521135e-02 6.805116248157082326e-02 1.626348568408751000e-02 1.542127095736500883e-03 8.022248516222510450e-02 6.921423917582665564e-02 7.263535943931699601e-02 4.238898656511524282e-02 4.183692823812144163e-02 1.542157942831095044e-02 4.881455779755348307e-02 5.321719764915212869e-02
1.611953404827148970e-03 6.400320458351409225e-02 1.273083871609023178e-02 7.456367623173097703e-02 3.657534002837838083e-02 8.761515298860070300e-02 6.519633077864196713e-02 4.724251342108796298e-02 7.621229539996508817e-02 2.084434700416474412e-02 9.710369525619189091e-02 5.872534495067521093e-02 6.121878224238489624e-02 5.415428729962741550e-02 9.644192926812659994e-02 5.608394646853939736e-02 4.716930864232304899e-03 3.410070592954261154e-02 1.535613643738791348e-02 4.289853208824043890e-02
8.466524997028518351e-02 4.870838178328840140e-03 1.446074712917827521e-02 6.211869828478234004e-03 1.609426485548035718e-02 5.243563220289852028e-02 8.780081769567742167e-02 9.866340367157187818e-02 1.636622174033085589e-02 3.314923820354587322e-04 7.182821291193489111e-02 1.160900785302927500e-02 2.117736429442158841e-02 2.279747583365587978e-03 6.616515310849664655e-02 3.635401246068238612e-02 7.833072588209878326e-03 9.987177414433738576e-02 1.136104625767202572e-02 9.592111866625063765e-03
6.863786881997503003e-03 2.879935030391947079e-02 8.316442192717699022e-02 9.906175999395711029e-02 2.001165372361090114e-02 1.830059069343068640e-02 4.915043657719290332e-02 4.900147069320324317e-02 2.518026712159736683e-02 3.892450184517259968e-03 7.160245614307010620e-02 6.336170515407436865e-02 2.657851414900576359e-02 1.584156658075506346e-02 8.903705998066416272e-02 7.709050814478891900e-02 1.161546192914360114e-02 9.306336770015502524e-02 5.038044134011651631e-02 9.992052036080054100e-02
1.421938444468610202e-02 5.571053539240825719e-02 5.715131189825465446e-02 8.336826585487822072e-02 3.711014105584070633e-02 2.747502637763242841e-02 6.430931026916771043e-02 5.789930103381635274e-02 5.573397404944818723e-02 1.719113115877207720e-02 3.131000164333262031e-02 4.084653778441611760e-02 8.956035960387526140e-02 6.675062284600624674e-02 4.607567736519178198e-02 2.955190392905176003e-02 2.069858287892671969e-02 3.211213202408835093e-02 2.150160295022166684e-02 8.637998051209670736e-02
4.359353620670925085e-03 6.422850998678386603e-02 8.776951010200867431e-02 2.666387660790597858e-02 7.107831969256540872e-02 9.199078851251428490e-02 4.619319874848606955e-02 2.945052841475771788e-02 8.095216173481624422e-02 2.620815823287087065e-02 8.098320821406564118e-02 9.998485389695921377e-02 1.104445156253822807e-02 6.026455953261767272e-03 2.163241743226340923e-03 1.580543870452872854e-02 4.123853398678611198e-02 6.847165164997424947e-02 5.125154060386684363e-02 8.949605631367975322e-02
8.282986170500089562e-02 1.257003451923036780e-02 9.418570185210271839e-02 4.382716217335241859e-02 7.273652168598951362e-02 9.355290358803274031e-02 1.314929233851905993e-02 4.486261991124371185e-02 9.024584892840351036e-02 6.583132031288461972e-02 2.478219148923552911e-02 3.461079036337799675e-02 9.181031459274034690e-02 4.385214153245708783e-03 6.949783654489675999e-02 7.537169882904591611e-02 3.804065945852697219e-05 5.058393268990679995e-03 1.265943600605551334e-02 2.358954826647965616e-02
9.262105587114083383e-02 1.690586988060713974e-02 3.811071710770770615e-02 8.744985800167148771e-02 8.210558286871516565e-02 7.303140778302405489e-02 1.616556328593762512e-02 8.464014787038731885e-04 1.041395886357894367e-02 6.998117417102196758e-02 5.525094155143381314e-02 1.453631634754218999e-02 2.647491194382313451e-02 1.973876111942381162e-02 3.328399266674956364e-02 1.117996318437962724e-02 2.363998201010703015e-02 7.692023308541907911e-02 9.241401779133234795e-02 4.587771928645556323e-03
2.994859458888211867e-02 3.461633248017144393e-02 6.654564432565046594e-02 5.598758105295867371e-02 8.729799657535708413e-02 7.014866136958815279e-02 3.401662858409412044e-02 2.582798244843472965e-02 7.346451729940273526e-03 9.730370736239507545e-02 4.751239396877174337e-02 9.958805014161724312e-02 3.531081226680110596e-03 3.726954444384149995e-02 4.994046212452141198e-03 8.735993224219730513e-02 8.207922552596393084e-02 5.551734581595019202e-02 3.747671097141747065e-03 8.373544416163290760e-02
1.210316475536573656e-02 5.483356978338543852e-02 4.499243441182401715e-02 5.328986179390875905e-02 5.723849604320113693e-02 5.559314484264898937e-02 3.172875536300319432e-02 4.945336176310703019e-02 2.682309547144920078e-02 4.194668129896755859e-02 7.304020253629693593e-02 5.164161497198430095e-02 3.502808311613825505e-03 5.740114817411740011e-02 9.843643801843830754e-02 2.786007684544438215e-02 7.948220213127991929e-02 9.606056521635253365e-02 1.522185875391413121e-03 6.403028110958820102e-03
3.524613088868366884e-02 4.648681130604295775e-02 9.929255945049998699e-02 3.396546515501453010e-03 2.138242326372641420e-03 7.350469669486042745e-02 8.267486728444954636e-02 7.276289962814477819e-02 4.608206777681395083e-02 1.611966649384635394e-02 8.421214317720043807e-02 4.973759394537280443e-02 4.698688607167580966e-02 6.412848396503134651e-03 4.243203631852441454e-02 8.845811783426188457e-02 1.949922574378604341e-03 6.329997219622019106e-04 1.378368941918636272e-02 2.598878499312349405e-02
9.263027185474638492e-02 1.289828090006838249e-02 9.046246728486252719e-02 1.504541915331214551e-03 4.687890063030206861e-02 9.310429617977314387e-02 6.164659223235958996e-02 4.928710215439191869e-03 1.294811501651167533e-02 2.135341088187596784e-02 6.815823333595655287e-02 3.227467186639167845e-02 8.299983363599583441e-02 4.981029888473941653e-02 2.478995132922021810e-02 3.837906856705796538e-02 2.539247148308261537e-02 9.260709717405320174e-02 7.311324529587427679e-02 6.856265731878115333e-02
