3.038339583634016572e-01 4.981790514035883133e-02 7.101670318728174613e-02 4.320666021197024087e-02 1.148153494296454413e-01 6.963343945781051703e-02 8.000867122189965486e-02 9.766676399825674482e-02 1.378815469065867161e-01 2.774892684433575771e-02 1.402719177484644253e-01 7.351624215402334517e-02 7.960436100422516037e-02 1.028957893461037026e-01 7.181024533725408054e-02 8.871830031021576968e-02 2.879340492090283476e-02 6.046191121494235571e-02 5.313541747290415757e-02 8.823801745004693220e-02
4.509117345708405639e-02 6.768053761944488322e-02 3.341900813521804514e-02 1.053578479492021241e-02 1.298773546781708567e-02 1.913482142328092397e-02 6.312516232903297997e-03 1.458040362924983976e-03 7.678003586636127087e-02 7.056533465657300296e-03 9.596253260835763133e-02 6.645633277128325245e-02 5.581247716763271249e-04 6.475007170914807986e-02 7.390475284470776618e-02 9.413695853017620130e-02 3.735804749301113725e-02 6.411486748868093499e-02 7.798425747112301687e-02 6.829272246245723932e-02
4.318347988443110852e-02 5.985070678221082741e-02 5.961267336968184560e-02 4.543053906910319434e-02 3.675793560289364326e-02 1.371498237262227561e-02 8.754719916741361685e-02 2.280139044221260111e-02 3.259432852715068302e-02 4.406086342952644785e-02 6.173869169951955865e-02 5.335715394747501256e-02 6.949815134879622908e-03 9.185218236705854078e-02 4.542782197965743868e-02 8.959614775867080771e-02 7.421107512349510438e-02 1.265053549505124053e-03 9.093779722856705494e-02 6.218911330507054247e-02
2.236668545433837668e-02 7.651238829334222613e-02 9.135332976186803788e-02 4.581507569870183622e-02 5.458481329466607218e-02 6.422756300658447048e-02 6.910377395144724766e-02 9.552665126634456161e-02 6.045502541248160000e-02 8.370542259664677520e-02 2.932969689653463011e-02 9.674528911851715263e-02 4.841876274358991594e-02 3.221507088931193502e-02 7.697352548172284314e-02 8.988016806846989282e-02 3.894156946334478842e-02 6.279117301254814876e-02 3.503741942154061512e-02 4.891913695516937610e-02
1.417862106052492077e-02 5.260164039750315351e-03 4.737461133557197522e-03 9.261103665007464070e-02 7.622561898374158318e-02 5.010172886098396717e-04 3.077149842494123627e-02 7.326141098310068323e-02 3.983009920319117297e-02 2.054871232183062141e-02 9.028467913404999989e-02 8.118196856068848888e-02 9.757447589463341675e-02 2.858863721751329218e-02 8.283808642919122944e-02 6.053660375187307902e-02 5.672116333445917369e-02 5.126211345981752932e-02 1.757591463698570181e-02 4.234876982998100892e-02
7.375472499458134157e-02 4.148727070867949673e-02 8.708089770179308631e-02 2.805298018823526585e-02 1.475710487682665474e-02 8.382386290622015346e-02 2.848537886120109525e-02 8.699295040026588932e-02 1.946592691919153684e-02 6.220940639466912558e-02 4.516182854761055521e-02 3.419584880232303531e-02 6.728457502820464620e-02 8.683699197015831706e-02 5.740834036918494171e-02 8.605359229144048105e-02 1.225018599620653070e-02 4.462294402603506419e-03 3.908587641009291652e-02 1.828246423213230124e-02
2.564002533456092442e-02 5.198504073446033602e-02 5.883394151674230937e-02 1.902485916249400250e-02 7.940225408586935874e-02 1.295663134667274230e-02 8.135883255496545799e-03 1.230953075281160380e-02 7.620415902703445155e-02 8.722140059310212745e-03 8.423618863710333193e-02 9.732027867189030346e-02 9.242974389382208056e-03 6.894740561797232936e-02 8.850029139427817437e-02 6.025336029552394446e-02 6.886067213732127712e-02 3.705521438651276228e-02 7.665661549669902652e-02 6.200875906652277003e-02
5.806222620059653568e-03 7.238983648260981230e-02 6.930528070383366879e-02 4.442834243675904127e-02 2.959824480302078106e-02 2.968899295448900258e-02 9.523353687899162312e-02 9.310854917017941101e-02 7.150794140589400612e-03 7.485319924225908306e-03 7.431055906889648399e-02 9.747396216119537382e-02 7.475279725963594746e-02 4.092115467258801431e-02 9.029980893974073886e-02 6.710008887294628688e-02 1.906014569812015946e-02 9.918951018479110759e-02 5.963417150071512879e-02 3.643332300573531857e-02
8.335546978813059005e-02 4.143855645497045853e-02 8.544521176404354379e-02 1.586816804049555676e-02 7.612748804691253646e-02 5.492852705969694660e-02 9.899513060456910374e-02 7.191050121969651265e-02 2.900548336442880862e-02 3.426620719619645483e-02 5.522400858884605329e-02 9.898551395528852603e-02 9.863428012172738291e-02 8.492079929848503350e-02 8.848792387071487131e-02 2.339521370489729135e-02 4.342480973827312317e-03 4.826022108729911830e-02 4.288393404321456936e-02 4.358468375582658094e-02
1.626378553483948108e-02 5.788481130442161421e-02 6.548104958822999200e-02 3.694449096807685823e-02 1.062690827869557965e-02 9.384890806494568249e-02 3.329240798220667319e-02 5.481161410442765558e-02 6.705949470938185608e-02 6.371269856613885618e-02 5.794198053679220500e-02 9.013274625361937520e-02 7.838250832836252124e-02 1.404133625282010314e-02 2.540501902277846405e-02 3.224759138609980397e-02 6.302108432651896963e-02 1.274205773378848244e-02 1.526233939168585366e-02 6.272318056336127767e-02
9.090817440019800799e-02 5.316399809087898887e-02 8.864233078194620752e-02 6.713768089633180558e-02 1.289067797108555194e-02 4.162494003484471655e-02 7.917233743293493331e-02 4.041911733627300690e-02 5.121028314037515128e-02 2.782346658959829189e-02 1.286261351901690775e-02 9.087184698054595611e-02 5.758500244304023963e-02 9.400009706127364362e-02 4.053012922379481409e-02 8.883895929462089225e-02 6.187908080145591155e-02 2.360956534738890833e-02 8.663611603002450978e-02 4.737410095131638216e-02
4.780220623420160936e-02 1.660942336821384993e-02 4.745230339229575267e-02 4.940272499129660239e-02 6.717514361470064421e-02 2.892900557464104377e-02 7.232764078686247655e-02 2.588659381355823408e-02 4.661375487520538763e-02 6.804245225106045347e-02 6.387763934157655865e-02 7.252467943463221378e-02 2.399758823326435600e-02 8.993989295799099601e-03 3.126694961430200731e-02 6.495745029366670198e-02 4.925616804592874293e-02 2.012944464393239333e-02 2.456859473573557232e-02 1.692952790420361106e-02
2.386195272067503925e-02 4.603113351338126297e-02 2.443923585868645887e-03 1.755875260716235550e-02 6.182835005162515274e-02 8.047270620766766580e-02 3.453295053417546751e-02 1.813787865997917989e-03 7.027001482864496384e-02 8.648128107493391337e-02 4.286490767219738873e-02 5.161715158263263659e-02 4.394734917816042752e-02 5.028116526742461290e-02 7.059212384997956558e-02 1.065161456378154251e-02 8.746503002768725443e-02 2.380800819073361149e-02 2.362138563200736480e-02 9.726281183557716759e-02
4.464932980468894197e-02 4.335712112110763627e-02 3.054993729986608259e-02 2.298553697214050784e-02 3.938593829739933661e-02 4.325268964586882758e-02 1.591432030821198287e-02 3.805876908940234588e-02 4.626606372869001421e-02 1.163636803785540567e-02 2.186731865369173806e-03 4.456359916199906235e-02 3.340751250492747515e-02 4.115717936419960310e-03 8.175312752964371266e-02 2.834614602425430605e-02 8.297665085514532857e-02 3.178751023196968450e-02 3.662154370618634497e-02 1.983823164273704892e-02
6.730665071997624094e-02 9.254314868489549317e-02 4.749744490027064253e-03 3.351262433195193596e-02 4.575269009049066915e-02 1.538057998316488817e-02 8.791961750572761802e-02 7.925179239311216928e-02 7.623668326603201539e-02 5.023630735662244773e-02 1.503469119833627035e-02 4.092811839063682788e-02 3.145227435409170529e-03 9.519758587912569014e-02 8.298694648387616724e-02 9.333490462882770844e-02 5.708449940305657805e-02 8.383686410451222926e-02 5.329693606632184694e-02 8.955211594731359026e-02
5.562933464750997870e-02 9.439219894397850308e-02 4.646574935746418389e-02 2.301714019382065241e-02 1.800108666915743033e-02 8.899588842276520695e-02 1.822269068115837248e-02 9.597135253404892596e-02 5.811752952452066412e-02 6.790466029085519273e-02 7.621613559681134076e-02 4.230072822599881960e-02 9.900771360070381721e-02 9.510053743550093974e-02 3.604766192400412489e-02 8.531791166968100137e-02 7.557311193830429374e-02 9.811983344104692473e-03 9.556488971801896382e-02 2.666783279071339996e-02
4.408400514172190754e-02 8.970219643587361291e-02 8.971670364111717505e-03 1.311298480335260086e-02 3.222008261494158088e-03 7.181188042821128048e-02 2.302765987845620949e-02 6.001752582288284732e-02 3.759221426315080550e-02 3.585595236413303966e-02 7.180096647805732368e-02 5.180178215345321996e-03 9.302961406529391963e-02 1.421323421052767032e-03 9.382456672599484571e-02 8.702577099566490004e-02 4.121598585195777181e-02 1.890451260632548813e-02 3.764472247758006429e-02 9.557089804296414748e-02
9.448637711298223107e-02 1.286334505877060469e-02 4.626561384114948050e-02 5.521117052694168859e-02 5.816940016077808834e-02 6.387242882760145457e-02 4.642707731254492112e-03 1.328611590973709580e-02 9.432631410014163942e-02 8.834218072620791951e-02 8.443760586943918622e-02 5.388079339543036528e-02 4.373346156922970629e-02 4.123469910497449403e-02 7.813198071327707994e-02 8.275594124018011144e-02 2.300993002087040745e-02 7.753413853308313564e-02 2.139488922610953761e-02 6.640084341572856375e-02
9.197139877868061586e-02 8.693892039567266417e-02 7.184865696912887123e-02 4.722543440487752403e-02 8.423303853366538585e-02 3.538494146455879730e-02 3.729461704327494825e-02 3.791878424650252377e-02 2.190898778518371101e-02 1.933369896295855650e-02 7.929484818730275775e-02 5.268717133901645866e-03 5.367501152315148905e-02 3.533053012286346828e-02 6.094794348046792681e-02 9.952601226802480772e-02 9.990844391102571276e-02 4.844597009155754419e-02 5.427272355161018302e-02 3.018267098307695490e-02
8.597128958791147579e-02 8.926590409791096414e-02 2.068689600430400136e-02 2.653339948443340923e-02 6.317835692701732897e-02 7.198136157276364966e-02 9.006640738583111816e-02 4.967806289442477929e-02 9.801977822572427446e-02 6.163576067887344655e-03 4.885273807677031899e-02 9.097452255474068605e-02 8.120932225540920812e-02 2.314185553968698544e-02 5.020633194131688543e-02 2.680299998588285895e-02 7.498925215866179828e-02 3.562004978628954127e-02 4.225117169869512662e-02 1.373153684281480658e-04
