2.010531208331528541e-01 1.160514770360790426e-01 6.800389470884178611e-02 7.743781538506164241e-02 4.394814666114962853e-02 7.280623701911125012e-02 1.062118234081440016e-01 4.753833121425167507e-02 3.725755765176320261e-02 6.146953430992797840e-02 3.797863931918853131e-02 1.076902300758477149e-01 6.763617896085269421e-02 1.235135912252077472e-01 5.105691278998177041e-02 1.129553102879667925e-01 1.214499748301882676e-01 8.627103505519456705e-02 4.652277692334398640e-02 6.694661284452954608e-02
9.105705282545900614e-02 5.966461109767741411e-02 4.550455085068022543e-02 8.567581004153845825e-02 8.463402214141452218e-02 1.658368343199199263e-02 7.722688932395813111e-02 5.875528750584523702e-02 4.724717013741513288e-02 6.169509867930033503e-02 9.225848991362770035e-02 2.395775210783146741e-03 3.006371381988042282e-02 2.820382352624385691e-02 3.409358994146644006e-02 6.414230707034533630e-02 2.156150527810674067e-02 6.586733357090344965e-02 6.622981269514095076e-03 1.323486874893118476e-02
9.929726482506534557e-02 6.439439821611722681e-02 2.349750031086203159e-02 9.024916936277685431e-02 1.023390466830364012e-02 2.897415926456156296e-02 5.091891132051532681e-02 7.216613193480655997e-02 8.717530136512086081e-02 5.841926232487509862e-02 3.122857486677823799e-02 6.252734438126128502e-02 5.936754201400477188e-02 5.593226828300192077e-02 4.598044823415870126e-03 6.501577045730715099e-02 8.727493002870933755e-03 6.851921006299119266e-02 3.377053188429749581e-02 7.839154466120813042e-03
1.451385095967704444e-02 8.903130859595764779e-03 9.885465119083294838e-02 8.064369116311992380e-02 7.604422080953560092e-02 9.189162248965625224e-02 9.631501044799735400e-02 7.680151376299625132e-02 6.133891188006655032e-02 7.190660826718781040e-02 6.441861849375279947e-02 5.665398004652236891e-02 3.496902423420301942e-02 9.594268402991738831e-02 1.729658349088000410e-02 3.504116879696763526e-02 5.617207405084145844e-03 5.966359938769938420e-02 2.606241666075384197e-02 4.224023958881129373e-03
4.508088041128745227e-02 5.253754901169249703e-02 9.101235238897027735e-02 1.816325299713505981e-02 6.458082271421712595e-02 8.687203313392038995e-02 8.841177700358743285e-02 3.542572714998690891e-02 6.161448740968403226e-02 7.334271370514404420e-02 3.797947107363830455e-02 5.229791974695141565e-02 5.465744915288453520e-02 1.272489614935302764e-02 6.553723052384908057e-03 8.297339464922279251e-02 4.317647345239779277e-02 4.052974735717267823e-02 7.064153321403443889e-03 9.593317441189691541e-02
3.555883168991349347e-02 8.322471247292112517e-02 5.112872997414417281e-02 7.254165348359449539e-02 1.653383454588433152e-02 1.312354452506402439e-02 8.068970604274998404e-02 5.688472400146613733e-02 1.168328979473982725e-02 7.239537127288554752e-02 8.758464876835269849e-03 1.851002402794976872e-03 2.879520342722652337e-03 5.565451992336339221e-02 1.632106361130852834e-02 8.500690209161146371e-02 2.786649132907705051e-02 1.517241017245455487e-02 2.989223372087795871e-02 7.662206636210397437e-02
7.227468963816206793e-02 1.951202319163638718e-02 2.938785356746852553e-02 7.502284058838926475e-03 7.721341573155143800e-02 4.834341935942221974e-03 9.751508971893008137e-02 1.550618899418087018e-02 9.212846871996538400e-02 8.476379289453263299e-02 2.960934989574536338e-02 3.150309129557278542e-02 5.481627755857894357e-02 8.770427627321078501e-02 4.349256621581754079e-03 2.858867607719729753e-02 8.209062636781418176e-02 3.513354003857421803e-02 9.767164536869843428e-02 7.009772080272476391e-02
5.738503941624855526e-02 3.195054624117552727e-02 7.571799133401791067e-03 1.995288517146121075e-03 6.383341112169479969e-02 7.786671631544456185e-02 3.359607070082590990e-02 4.660938950975940243e-02 7.519133803695843277e-02 9.102759860689824123e-02 9.319778084509367302e-03 5.832352000657448771e-03 7.542038448088485281e-02 7.715864407107819907e-03 4.958401446622265341e-02 4.450901836599796546e-02 5.407833409707835104e-02 5.608685442984296353e-03 6.492260436981232841e-02 5.689822852924464325e-02
3.405398606802957640e-02 1.175053968782691126e-03 1.836257872791137100e-02 6.360662066220894306e-02 8.447189384029256398e-02 3.809071938190261575e-02 4.514352392424725302e-02 9.906333538043488041e-03 3.967556259789537659e-02 1.588486223430578617e-02 6.571046115262627052e-02 2.869213757768420900e-02 4.885452075242662645e-02 8.572751365276243263e-02 8.880625273327101554e-02 5.772948505768106531e-02 6.107641921597764534e-02 5.727448199029319675e-02 7.459351292221770569e-02 6.074539835964907347e-02
8.244036869145643376e-02 4.138414536748685757e-02 9.822713480467350211e-02 6.798489097355459032e-02 6.123168923202459285e-02 8.257598401516186293e-02 3.726813453200588516e-02 1.949841327345480700e-03 8.285830339723912474e-02 5.176050447267806220e-02 1.349696008952883108e-02 8.173931103217700611e-02 6.302958045223659711e-02 5.677262926368265017e-02 2.869635138567153826e-02 5.538492209371127795e-02 7.847252314663481776e-02 9.294650523902506234e-02 9.565188862402800030e-02 1.074784660231054142e-03
7.527113399699685015e-02 9.547032155199020043e-02 3.466698225083049423e-02 2.361551193797544260e-02 4.389586502745183166e-02 7.271758408206528690e-02 2.682985815919525230e-02 5.765816021533450020e-02 4.125755058122555774e-02 7.723161702873705681e-02 3.576734722088770538e-03 6.348873161752677761e-03 9.831175202229823495e-02 5.198352816249639935e-02 4.322555957001086857e-02 4.752455168413352582e-02 8.582989280578046110e-03 2.256773917245027614e-02 8.167044410703204471e-02 7.319020245396856694e-02
1.562810083262481525e-02 2.771883744224203083e-02 2.895691502058184152e-02 4.103455260922448528e-02 8.628812803077462457e-02 4.646623454680730986e-02 5.598461795910745359e-02 3.906913023745376551e-02 3.963324678411979385e-02 3.397681941258941934e-02 1.876867333924268216e-02 3.740522362064429424e-02 6.049765981058097264e-02 6.705658762565011588e-02 4.159645380652299620e-03 2.761408074007387810e-03 5.885608911044498681e-02 4.329072455169558076e-03 2.398006685897514922e-02 1.296002566741309009e-02
1.957809813338237323e-02 5.200694919582268816e-02 4.714774654019550371e-02 1.909517205006622254e-02 6.397572331722410632e-02 3.338835034991771700e-03 7.696508698412869720e-02 6.040646424719903207e-02 6.456906923330205106e-02 6.361007367560590764e-02 7.662458175196144861e-02 1.580041515679977623e-02 8.559159376197535141e-02 9.740775385284894394e-02 9.516226131036931157e-02 4.413575868050822332e-02 6.720900314790970165e-02 9.185488151143544888e-02 3.340500397821092454e-02 3.854163940489064091e-03
1.497393933244173247e-02 5.404131124625052851e-02 9.559435893984814803e-03 4.475283300567613198e-02 5.007902548774189472e-02 7.004894720410040354e-02 8.108875079319116663e-02 9.050714819577188042e-02 3.307083099051823238e-02 5.733244268259605342e-02 6.966378702948295559e-03 6.301952128278773269e-02 6.419561541615359523e-02 3.083439556374178991e-02 4.396662424522238682e-02 2.381788404141096591e-02 9.910605468840752441e-02 7.772801526256459259e-02 1.644650486285623853e-02 4.456407636763159291e-02
2.052857461482161805e-02 3.472527840846988817e-02 9.640788214671387746e-02 1.720579664650323526e-02 2.816395608349737956e-02 6.394248012970109307e-02 8.220723617509516357e-02 8.492476875799671865e-02 8.546758951481436828e-03 5.754668749075474848e-02 1.284436365414942790e-03 1.750704725429406278e-02 1.113829668636139372e-02 3.561827276345435472e-02 9.886138319918924555e-02 8.742404147346487242e-02 6.146140976750794072e-02 8.878068901281097047e-02 1.214696903978150846e-02 5.696659253619129788e-03
8.851003863353423817e-02 3.467115188532123027e-02 1.360765948625175699e-03 2.246389634327730297e-02 3.258890000354106725e-02 1.228591251192043959e-02 6.135325694747452430e-02 8.730984607151371507e-03 3.109927987276524253e-02 2.174786585187925628e-02 3.827221586350589011e-02 9.952908570036445024e-03 1.698042415948466596e-02 4.587266211154919504e-02 2.340699880459299470e-02 4.935114858428927415e-02 3.498127976347196327e-02 8.879411767487019325e-02 8.307198898486012340e-02 2.027937309375221764e-02
6.284098835032590757e-02 8.523488533657189170e-02 9.210729180928584059e-02 9.924104576556480595e-02 5.355235709206902783e-02 1.740448154743445830e-02 1.918788071028174752e-02 9.825874405085255336e-02 4.977132490506161466e-02 3.046770845573284689e-02 4.305764461283953515e-02 4.584855876528473595e-02 8.629340791248699127e-02 8.033118271115869888e-03 4.911920485334977937e-02 2.154945929180429598e-02 1.023596369011973289e-02 9.025136606635648928e-02 6.557760269170076484e-02 4.308851713779290882e-02
9.983160828867826408e-02 2.151116599013395275e-02 2.407234317759743281e-02 7.703830322831062283e-04 8.922059462313286504e-02 1.351764984042905932e-02 8.728000702590371640e-02 2.266827831553092087e-02 2.780968836066044720e-04 5.259621994885887303e-02 9.335716939019890470e-02 1.142377819705371438e-02 1.859669656519624681e-02 5.768680802001908969e-02 7.344518884197986930e-02 6.573583071139919853e-02 4.977974673156309454e-02 5.887139911422421129e-02 9.683342778378278837e-02 8.184911013621787301e-02
4.031674152255371180e-02 1.463200774085274963e-02 7.599576593502282984e-02 3.167588353992707717e-02 7.524131881138097777e-02 5.376521366307105559e-02 9.321990334197119421e-02 5.620103191083596766e-02 8.743738125121387761e-02 7.637032079345762448e-02 2.792122635967993205e-02 1.098571697551492532e-02 1.863625802063257828e-02 4.862478555181202339e-02 6.097316573012512633e-03 9.840401137510904062e-02 8.400215780080200201e-02 9.384122019120468006e-02 8.965836760130457828e-02 7.618816128520962405e-02
6.406576327175018959e-02 1.987871732890632639e-02 7.392034616677671532e-02 9.748045843146203870e-02 1.134223782735310825e-04 8.371813018015228369e-02 4.764293636963835843e-02 2.093037746390946641e-02 9.996499729976304760e-02 9.721468417249612415e-02 5.157588766338107311e-02 6.686692667608805374e-02 3.750105696410306610e-02 9.871166819065449460e-02 7.341427165727414106e-02 2.181748628218624017e-02 9.343385091985412227e-02 8.437078825023203166e-02 4.390965514425241439e-02 7.015712430431352009e-02
