3.442608928406935553e-01 1.406823768737749947e-01 7.215915679821865991e-02 1.149296973739593608e-01 5.567157959348792429e-02 2.331866556298643062e-02 5.154194969078142174e-02 6.337242901324330324e-02 7.953302932918830670e-02 1.278761205346030938e-01 5.984116613839607357e-02 1.631253621265764120e-01 6.604675050526373492e-02 9.250575313472535199e-02 1.783400051465270156e-02 1.230801138468992084e-01 1.326402853326406339e-01 1.375871909486833800e-01 9.900761425446999442e-02 1.285907615738731691e-01
1.046108734499901771e-01 4.642215663914667223e-02 6.064177328313821030e-02 6.018016172446639944e-02 6.226031409428143398e-02 3.349909129067177305e-02 7.455211884841421444e-02 4.732420562265658021e-02 7.658280830071016732e-02 9.939187764003244718e-02 8.452013494026221208e-02 1.047070955651844756e-02 4.131099409723199001e-02 5.033788499757962942e-02 5.887893856784802427e-02 8.970873576341158173e-02 1.617471872083879950e-02 5.695199656872102639e-02 5.796766792242918909e-02 1.185014068633820535e-02
7.333035921673324020e-02 9.897367781194479908e-02 8.317945651622310477e-02 1.042057025038246876e-01 4.425433412633999336e-02 2.497119731596625369e-02 4.780999949518849367e-04 3.408568077286851933e-02 1.560785587797606892e-02 1.325185301840153124e-03 7.786980520564887320e-02 1.242489696070308647e-03 3.038800885350860514e-02 6.631552285930075730e-02 9.084760663023076430e-03 4.584848761630471586e-02 5.889062531467011835e-02 9.923903479818584061e-02 8.120238547731735423e-02 3.254165540742869761e-02
5.603022436256527468e-03 6.922770920225286562e-02 1.043440961259111815e-01 5.432075812976515372e-02 1.033843053066623580e-01 3.215770466738213790e-02 1.046986186432463245e-01 3.981969906245376445e-02 8.106638947353196623e-02 8.252768331790028347e-03 3.600877911631426148e-02 3.702274495333458121e-02 9.558953773297021450e-02 7.298419364675659549e-02 2.411154072707066831e-02 2.849101888073395442e-02 8.763674221208833312e-03 6.270151368341826681e-02 9.776344732063467491e-02 1.022096031694839924e-01
4.188776479994107266e-02 8.355500438872347224e-02 8.481052162100170821e-02 1.023848039764002765e-01 3.419922933753272165e-02 4.616410069137934918e-02 5.870779964504170556e-02 1.000608568684046434e-01 4.718433545381583993e-02 4.817181121578330977e-03 3.838449924001967328e-02 6.339709054514898467e-02 2.942708847946756343e-02 6.399810817684171982e-02 4.293827224764396044e-02 5.012243897537913689e-02 5.601725984410364789e-02 8.025616232862253785e-02 1.017246513490588505e-01 7.281057769791757228e-02
8.566624062639713322e-02 3.113326738271451205e-02 1.050765201651205905e-01 8.624958126759460497e-02 8.128430911973173745e-02 8.125396315777959344e-02 3.958452826259789559e-02 4.890644348611030562e-02 9.239503802237007679e-02 9.288899732937641596e-02 1.365800993528392369e-02 2.992962305478334695e-02 4.094915894338974766e-02 5.412538294423337865e-02 7.668563811359391247e-02 8.196904483604278147e-02 1.043016740887776350e-01 1.758664816276036755e-02 9.466065929942896195e-03 7.433733458685683193e-02
1.470611128262036896e-02 1.049670900166733423e-01 7.339697449397922235e-02 3.243038649186021950e-03 3.647396533284919060e-03 3.515206001687551374e-02 2.447830239122072635e-02 7.725258187284797518e-02 4.401766569997843381e-02 7.582977496232273795e-02 3.363367662431537147e-02 1.027074648182222522e-01 6.326111025999225923e-02 8.766190519308025841e-02 6.606416453617482143e-02 1.415722597211366979e-02 6.863020414394037372e-02 3.963220791269626148e-03 3.460109251924681217e-02 6.401369210404576210e-03
9.855130159233481402e-02 3.112682272653873386e-02 2.526024518787244044e-02 4.398500908232173129e-02 9.640633765133531374e-02 7.045505162682927369e-02 1.033391854098970608e-01 8.601589928326616730e-02 5.054680122873326728e-03 5.375999057332228603e-02 8.081204513846676832e-03 3.132665539070975114e-02 8.018281924289191731e-02 6.702766171044635679e-02 3.392636521481528188e-03 9.848120337927436518e-02 4.683971150843387055e-02 7.695741306130388093e-02 1.054381136708296557e-01 1.071299300129762051e-02
5.848713068634674161e-02 5.442299495942565929e-02 9.465313246000533684e-03 1.402220141750670605e-02 2.341609057585007994e-02 2.683137893152730616e-02 2.902454656529838625e-02 1.055190403553218637e-01 4.649356336401751916e-02 9.919035707547263492e-02 7.789103358181002912e-02 3.178878115641584068e-02 6.385091279730940872e-02 5.531691184802659672e-02 1.052361088662474853e-01 3.762158792707476912e-02 6.475178079391998021e-02 1.907303518903451234e-02 4.863843145944184154e-02 2.775049386171124163e-02
5.573218547443067883e-02 6.723537194829617980e-02 1.652670649092205166e-02 3.207723288693620917e-02 8.136843496952887722e-02 8.031513831588844854e-02 3.506806230352509102e-02 9.733885633574881902e-02 1.032168378380672463e-01 5.141720634144907737e-02 3.223440168969641390e-02 9.867908469382265235e-02 7.248762612809322992e-02 6.458491596168279558e-02 1.012373065999655763e-01 8.964540677509677535e-02 3.770646281905146169e-02 8.824961525781266358e-02 6.627629050819393297e-02 6.158430397348205881e-02
5.248084498098855299e-02 8.673458543563104806e-02 7.857793181622187151e-02 9.530641238147524730e-02 6.857939502109863632e-03 5.937646144235211171e-02 4.238902211421777255e-02 7.696965887854570476e-02 7.795017440609879056e-02 8.892815956305712144e-02 8.327037815035628898e-02 1.933857755043398227e-02 1.264386071685279743e-02 5.376870332218793708e-02 3.722332724302820223e-02 1.053667826455579049e-01 2.145201885741567123e-03 9.219454372189939129e-02 1.702292858566187631e-02 2.282300947740502350e-02
4.259841357107906068e-02 5.223722863133500177e-02 4.371985801980036307e-02 5.631948118175245793e-02 9.688538406393025493e-02 3.659947570597398524e-03 2.742205058964600206e-02 9.909112001129771752e-02 3.455075942970046039e-05 2.942881209232741171e-02 1.043695499469382421e-01 6.024975358268378628e-02 1.043205654875775934e-01 1.081319788730071736e-02 6.466948431261110297e-02 1.040333756712054705e-02 1.018915511093642645e-01 8.677124196331652273e-02 8.999764037997257105e-02 7.512025985870410261e-02
6.541653290671214926e-02 7.816448490918280478e-02 7.599445931545700805e-02 9.528239689893547304e-02 1.015805508944929852e-01 2.933900759245176154e-02 9.785757213151038969e-02 3.248927951317483187e-02 1.780823013223479731e-02 1.223588049390355280e-02 6.821329769439856555e-03 9.637958602780280493e-02 1.039192547600629457e-01 4.069376184239668209e-02 1.026472285499419219e-02 8.671324066283214727e-02 3.963240581199019980e-02 1.175099534945110323e-03 8.168800651445423666e-02 8.173749791075686499e-02
3.653520820112129280e-02 7.166690657594378122e-02 1.039229815767709064e-01 4.531406578607382468e-02 1.203734363563717900e-02 6.956808585664041311e-02 8.361635232972128295e-02 6.174273092281525738e-02 1.745098377930130382e-02 6.989479871195693195e-02 6.491244956594795223e-02 7.249161196444581234e-02 5.362414116880352688e-02 9.731237024777923683e-02 6.522162361459003799e-02 3.658076854662668798e-02 1.351734024610428721e-02 5.194663637142094004e-02 8.977340633547019333e-02 9.572300593628618737e-02
1.037422142932014624e-01 1.919473551546529988e-02 8.611805156259987049e-02 4.911573544986992841e-03 5.718799748312822923e-02 4.169658481564438197e-03 6.285613792791135135e-02 2.771878094581950794e-02 8.096471252203784816e-03 5.345505607033386453e-02 4.254124150647082409e-02 6.588127398866540363e-02 4.674744299881507248e-02 8.526398177614001594e-02 3.285921666720952733e-02 4.478725789617714337e-02 3.928054388470712116e-02 1.685202110246070833e-02 3.603821601609101533e-02 2.075244832335600143e-02
2.277151112703273278e-02 1.003156570929657210e-01 7.378286594632119978e-03 8.944933181496335373e-02 1.349816680349718440e-02 1.849784306866645960e-03 7.411185249561851041e-02 3.173704584092333376e-03 4.941172723012503265e-02 9.892825233573279697e-02 8.283329812057774189e-02 1.040299884125583073e-02 7.283974570034695839e-02 5.447306390455640759e-03 1.430288173245579213e-02 4.911857646982908943e-02 9.492397903757448727e-03 3.874125830470716986e-02 7.107276290139781516e-02 6.694402851386477282e-02
2.389327354799468395e-02 5.661686856961879732e-02 6.142311741337410508e-02 9.266161483983274827e-02 2.313925759889696315e-02 2.242364569997758184e-02 2.084124315513707568e-02 4.963458293756337764e-02 6.675689343598610603e-02 7.434774344833414150e-02 8.544756958841601135e-02 1.033367708154909193e-01 3.170532928798481392e-02 9.624254401941717552e-02 1.553208090367597972e-02 5.332571774195415948e-02 5.931078640995851581e-02 1.048854619361279383e-01 5.264748540273548466e-02 1.224777000102689195e-02
3.113025253482600008e-02 5.232523864605560099e-02 6.903137751041597825e-02 2.458969853994932495e-02 9.466730731926123465e-02 5.559364912447791601e-02 4.591195956036026732e-02 5.231374838592806747e-02 7.123776410334992093e-02 9.217279356072364399e-03 9.428437579701143267e-02 3.508646355317987520e-02 5.145575781265122189e-02 1.972989705445456904e-02 8.779831544860118575e-02 4.720751424057179763e-02 1.877438142346010697e-02 1.055730311100533253e-01 4.063412880021163853e-02 7.887603184486900731e-02
6.424999704197001393e-02 6.134253263552520014e-02 4.371491087186655383e-03 2.571736586106300460e-02 3.015710148653337475e-02 5.438672965070780532e-03 7.733345838338177847e-02 8.468525283677999504e-02 1.363652842935422077e-02 6.901741525738482042e-02 9.352100568800646163e-02 1.637803434563354227e-02 7.170111773972284719e-02 2.025139575781527077e-02 7.879716582168169725e-02 9.361156334217146657e-02 3.683097419480891449e-02 6.701875178898078489e-02 6.295785162326560103e-02 2.198956456792832553e-02
7.890261180512879446e-02 1.859280101571249635e-02 4.209136191638520458e-02 3.840256860908718844e-02 8.098294135517049297e-02 1.196606889787462519e-02 9.237925284417941585e-02 4.417138480226815572e-02 2.384058624030587284e-02 2.473671426031676460e-02 9.030249699143028108e-02 3.806475229208510641e-02 3.296985649381143496e-02 5.489433554935835291e-02 4.726712431889971977e-02 2.889107146662664091e-02 7.843039687176787955e-02 6.875673907763242554e-02 7.969177634094318230e-02 6.094229829901601052e-03
