2.901896279072132545e-01 1.388955121411088178e-01 8.263525834162682715e-02 1.095563785887289920e-01 5.849956587249174195e-02 6.588881279461203389e-02 1.440001592306120182e-01 1.010083515735706872e-01 1.281298379236191498e-01 8.543938097556674771e-02 9.207720665287752460e-02 1.388175040100733670e-01 1.181718231887141368e-01 6.243444852680182788e-02 3.056323385061969836e-02 1.368988488280544202e-01 1.315652093520790489e-01 2.656010035359621102e-02 8.740213819904682491e-02 1.053320189270348095e-01
1.640978585854538027e-02 6.308271038934083752e-02 6.484552544042397615e-02 5.748014480857466767e-03 6.546024837161634746e-02 4.468356843681125373e-02 2.872984391941318938e-02 7.715367334196115978e-02 3.692437450110704067e-02 4.879951445607352833e-02 7.116867954314154421e-03 9.811267809494107414e-03 9.097225599582776934e-02 8.300655595661182717e-02 8.376316388206112018e-02 2.842631826229069514e-02 2.537575173458892636e-02 9.907848831274938817e-02 7.913567699479440165e-02 6.470300968971746947e-02
7.968428548160316760e-02 9.191490548521618828e-03 5.815057796610071522e-02 5.657815294210021689e-02 4.140941283766273046e-02 7.441694298333224877e-02 2.549318364252855032e-02 1.184327011187132940e-02 8.883423003131879492e-02 3.182066657640473389e-02 4.322892295816060243e-02 9.499306319090566886e-02 7.310166413433932808e-02 6.670985968506930319e-02 8.872756485248410596e-02 6.756630415589548466e-03 2.286485544104742765e-02 4.183752695234215641e-02 6.343753732944756862e-02 6.718619749575713285e-02
7.604871441628442696e-02 9.422263989366935766e-02 1.537165405588084705e-02 6.190641250504620718e-02 4.108289450217983418e-02 9.367436638867576715e-02 7.881035221606203650e-03 4.321242643047772808e-02 9.181983125982140850e-03 4.384580902744159708e-02 8.126519939173365570e-02 1.412974836002135574e-02 9.793360807740551788e-02 1.946921781238371285e-02 8.848501495315645726e-02 4.442259541270859174e-02 5.002606326576313628e-02 9.717695985292722216e-02 8.386905022351281991e-02 3.324318200267691037e-02
3.010341672586308581e-02 3.818092710856424432e-03 7.513494375194140762e-02 6.660170187571921863e-02 1.465490578700082841e-02 8.030741259034451796e-02 8.717449935465865218e-02 4.547838153286720697e-02 7.750643695936058897e-02 8.416227908602563756e-02 8.377008420322984428e-02 1.078391368462130497e-02 5.409390110539954999e-02 1.032494410731519402e-02 7.183262058209170797e-02 7.492664933720687148e-02 1.156429177445059825e-02 1.513403911333184408e-02 9.380144045838272049e-02 2.805279350400431693e-02
5.258836186496820830e-02 4.999550924155887061e-02 1.291278170012903972e-02 6.841336129194686144e-02 3.094611196113547166e-02 4.183669866582669095e-02 5.480024571160201780e-02 1.176247327581885285e-02 8.390649273992945023e-02 7.482163478021862379e-02 1.598335727708354373e-02 5.436449339404392234e-02 6.700401289739815747e-02 7.788643354848681644e-02 9.129721047490939323e-02 9.133881142812673090e-03 7.482371069266269617e-03 7.152067385731290805e-02 9.978551161324406005e-02 5.035297751615696454e-02
2.718134095026049357e-02 4.552929797190760630e-02 5.022261150030750410e-02 9.906718092541380583e-02 4.942198882482284200e-02 9.151786516685206374e-02 8.506019988973027857e-02 9.370862036018733077e-02 2.113289076580493475e-02 9.569624682020214101e-02 8.847858482809983771e-02 9.731363369052642431e-02 3.415331488279662459e-02 2.936144771007571930e-02 8.226047247687556796e-02 2.971559383045396796e-02 7.247834539141249921e-02 3.101888531109857697e-02 3.669398903718434218e-02 5.827401184952343827e-02
8.020293057061973763e-02 1.324292005507271552e-02 4.873253228659433361e-02 6.687704211769898710e-02 8.747651597626138198e-02 7.013352292639456198e-02 6.973143018292821127e-02 1.126039885187411077e-02 3.155454778702227077e-03 4.402870457690408884e-02 2.119147365253927495e-02 2.470087843100379418e-02 9.348672549601412529e-02 2.373393722135816106e-02 2.169881584704427477e-02 8.304706571706542417e-02 2.514907756201261238e-02 3.613359372409644804e-02 4.370958811338532257e-02 3.870389275716480670e-02
3.123044221015227814e-02 8.325924121108310705e-02 2.593637344728003807e-02 9.199443818311959717e-03 3.515911870763074182e-02 8.290920991661156203e-02 4.449924774642829983e-02 4.650688278415072985e-02 5.219223555658285968e-02 5.832858514357242355e-03 8.231492334578988102e-02 5.606950619300637290e-02 8.692879266074586553e-02 4.364450355037349794e-02 8.445903463495708224e-03 5.509067647664938477e-02 5.131438679335882658e-02 3.670592690901752775e-03 1.633327055958484417e-02 4.036455111056125311e-02
3.197199913454860237e-02 1.748139246469799721e-02 1.616032787431442852e-03 4.574660319122804408e-02 3.337912366335515912e-03 5.627438355929925001e-02 9.282168525343981180e-02 8.819889500283673023e-02 6.262672245267285331e-02 1.495502413863091309e-02 2.887274376557025235e-02 2.609035324842655726e-02 6.572273631488881329e-02 8.757918117330169838e-02 9.899132960865335285e-02 1.982145139962269292e-02 2.999618971356800279e-02 1.932280248593515326e-02 7.779112258943421745e-03 6.692358364397282822e-02
9.407207473554014820e-02 2.864030296123925082e-02 5.915599564038941799e-02 6.376343130667998238e-02 8.445281291800665890e-04 4.108128603656206052e-02 4.410684189297764748e-03 4.536160677608957331e-02 8.561071635242729905e-02 7.073976976752478774e-02 6.830762588739412722e-02 1.279492261631839413e-02 4.315112096298101725e-03 5.378877434707716315e-02 7.624081594141471352e-02 2.727048129607556495e-04 1.569746524646497068e-02 4.772932428573920666e-02 2.141414054660070385e-02 6.485317008707898456e-02
7.670402460515046705e-02 3.673659647902390718e-02 4.314914244951004174e-02 2.128720650670730408e-02 4.595264143867618112e-02 5.446063340157602378e-02 9.274074244774845044e-02 3.577355401417414704e-02 3.181760370884865324e-02 3.136679857954963874e-02 5.186658616163315749e-02 1.981027591201744899e-03 6.298087539163951809e-02 9.884518996250263312e-02 3.770029751356220038e-02 2.682374042495777600e-02 3.886092232121662882e-03 2.276862282828906459e-02 6.181706782735389011e-02 4.533260469251946395e-02
5.543669778890870925e-02 3.822544664580939527e-02 5.537044482507103363e-03 8.931402059825765960e-02 3.136968278228959711e-02 6.088174278622108387e-02 2.575118230096669347e-02 7.912997426812187762e-02 1.372201779674575746e-03 6.076289928582438021e-02 5.792015060929318893e-02 7.804911503239957138e-02 3.887741969676429543e-02 2.592453041841958055e-03 8.695412148821591788e-03 9.040783991581405332e-02 3.693735575637740326e-02 6.400642329914230100e-02 3.873564789198988279e-02 2.807082011867237034e-02
4.235957833626130542e-02 5.769271375763895121e-02 3.161717590733772315e-02 2.830224852160946603e-02 2.764812312457369872e-02 2.537914642181818975e-02 5.330604787795190092e-02 1.716762393004630724e-02 1.176318336981500151e-02 9.464595839853787163e-02 1.310320942276400717e-02 4.436635078780237773e-02 3.353259447514331942e-02 4.581182967933880579e-02 5.435192581147629820e-02 1.983615108135161620e-02 8.487546810663790242e-02 4.645840443070430731e-02 8.102745435972309729e-02 9.006051752711390079e-02
4.345154845644247366e-02 5.700026299899514648e-02 6.696891164858029266e-02 1.109159686680159101e-02 2.105342873906871498e-02 7.917547744782438279e-02 3.438789906515036382e-02 3.178659060337820502e-02 9.754058981118005067e-02 2.459079441109357674e-03 6.210832244688620218e-02 3.257308570654576102e-02 5.994941435896692511e-02 5.679896284900409938e-03 7.411049819280633721e-02 9.095891153804253060e-02 9.662848425910976202e-02 5.784223925494824670e-03 4.516868469614692544e-02 5.167583451451317894e-02
7.921640547437587554e-02 4.447966909823150572e-02 9.103559651793188823e-02 4.929986329090233627e-02 4.849869785422155494e-02 3.370128651251804580e-02 2.209166049960739273e-02 7.736024319191449339e-02 5.850450751930916238e-02 2.396155786036560306e-02 3.599295642791679184e-02 7.625772908700187425e-02 1.793728002035840582e-02 9.289426075193313315e-02 4.140926637052686626e-02 6.487293752953290915e-02 4.878825767824135351e-02 8.295128004574166269e-02 7.878256108447412309e-02 9.328924127168169989e-02
8.010450635818296139e-02 7.987792782712677120e-02 6.996767272952318650e-02 8.288645103786562718e-02 5.539563877665541064e-02 7.658699852089791149e-02 6.702040524596344917e-02 7.921944144974442381e-02 6.547832475908821857e-03 6.546248063914993087e-02 2.063353776609165927e-02 1.061140892840607523e-02 5.315829025248528655e-02 2.174539948058377276e-02 6.663494758495656922e-02 9.573257128288407969e-02 7.362986363889368474e-03 9.600734694352176801e-02 9.483388728661414080e-02 9.465860493361011319e-02
6.007657528346191378e-02 4.411638900670407371e-02 6.252734551092983817e-02 1.589886634312820402e-02 2.570733039952322226e-03 8.366305882474051048e-02 6.873595997271378377e-02 6.058806380277181880e-02 7.755033681248868493e-02 3.834435811763364094e-02 9.409269908826806139e-02 6.916487500525723975e-02 8.321072549982085065e-02 6.443596666427357789e-02 4.598467810819778512e-02 3.781561814680855366e-02 2.770933040558357791e-02 7.356408579717099716e-02 9.877531682428311588e-02 9.544551615841252723e-02
3.555646416556357270e-02 8.023089413453432517e-02 9.336992487163053508e-03 9.656969139915083655e-02 1.181908833354605726e-02 7.287492344233911790e-02 5.024234883040710337e-02 1.251458527585125487e-04 6.376057922070521577e-02 4.953210768126693753e-02 1.854816699500078103e-02 8.884524696219657514e-02 2.594229533874059523e-03 5.409665184102722263e-02 8.510914185595375159e-02 4.863665749323903276e-02 7.774468314408315706e-02 2.804414482512364304e-02 1.956456206064626294e-02 6.554994984323626872e-02
3.575916829753836984e-02 4.134123035090671305e-02 7.385279084057206310e-03 3.342365209091979067e-02 7.431342766090413832e-02 1.659057717353125058e-02 7.204032666997617351e-02 7.568194238994593870e-02 6.553338004398573391e-02 8.858217496622168563e-02 7.959182927368979588e-02 5.011308014514503223e-02 2.074219842995244159e-02 3.536655322863000578e-02 4.389687420281197794e-02 6.145216747813293801e-02 3.754974252437434656e-02 2.982794466556181259e-02 7.339897191972882817e-02 9.028075343522668633e-03
