2.579941931410781875e-01 1.003017292845849173e-01 5.504057600263357816e-03 1.534060160920249771e-01 9.459360659092216905e-02 9.610570662158048061e-02 2.733943323073480952e-02 9.583180746507571901e-02 1.620776398731830215e-01 1.180449212147442334e-01 7.408918053873045362e-02 1.588808292114757825e-01 5.809183900555615204e-02 6.397233724775885921e-02 5.642786227447806058e-02 7.868550101869489777e-02 1.478887622427754733e-01 9.971410384017953543e-02 8.406479805905209268e-02 9.559040514724781445e-02
5.852730575610513158e-02 7.059298051785574402e-02 1.513747704178213319e-02 4.703091499177203261e-02 3.837851687034871118e-02 5.425794417911034007e-02 2.583428428752465936e-02 9.862983444562641033e-02 2.865275279686140333e-02 1.007139651087840711e-02 3.760905980302303719e-02 3.403746875253727683e-02 2.413101341196315953e-03 4.722819887287583313e-02 2.729730247026434034e-02 8.244045238110586649e-02 1.005275541175542908e-01 7.713243988581219845e-02 1.679205148161212399e-02 7.438204670292841714e-02
6.610868981501591413e-02 8.563488294825040426e-02 4.067133358446651387e-02 9.321190834706144512e-02 7.784603505990299321e-02 3.640058412295372331e-02 6.003541754049769585e-02 8.523582462300176299e-02 7.648315047019559054e-02 9.989637963484558625e-02 6.719164648409998997e-02 8.845600042712700728e-02 1.053195031246311197e-01 4.304887702693811768e-02 6.130815561498930560e-02 1.391917893784214676e-02 6.104575931216674189e-02 7.668407614204714173e-02 8.442925608024438866e-02 4.752833771174531236e-02
3.566246470794966206e-02 2.359076486711091450e-02 3.156817784636937324e-02 2.176330646064804364e-02 7.601728899929878491e-02 5.368727630775169818e-02 1.056489617999293723e-01 5.443689986546872139e-02 6.662768168340524322e-02 9.240574151043641493e-02 1.053045097077257020e-02 3.882113944833995300e-02 7.418172460205028906e-02 7.783805419485127775e-02 7.658269621865221310e-03 3.800811503085727711e-02 6.928177346931170544e-02 1.272868894155686562e-02 4.560890924619857845e-02 7.599797901264115918e-02
7.347425142419126975e-02 5.677272496936471013e-02 3.084075893022947615e-02 6.238299847268354709e-02 6.062704145339233019e-02 5.655198395110199588e-02 8.903223435803317432e-02 4.490741707827864380e-03 9.326755260112211399e-02 1.831490015637292357e-02 9.605315602343363068e-02 8.305373590372532033e-02 1.686618031095853468e-02 6.169322204037462794e-03 8.522903831299429023e-02 8.033762699230102833e-02 7.736124105149996821e-02 7.415207214393060298e-02 2.397074325072484982e-02 6.532910184614326710e-02
3.494647107654400009e-02 1.176992131636085681e-03 4.744707875739689190e-02 3.191692690559159301e-02 7.742079859381367953e-03 2.272794587772785507e-02 7.111675993995307532e-02 5.917675574800422555e-02 6.654618098142212057e-02 2.368736939872525399e-02 7.533002777302374997e-02 1.560806004077448968e-02 7.452161462216069787e-02 6.437563712697830232e-02 4.408262221292631039e-02 8.416568678417554739e-02 1.031337834445227447e-01 7.499926739107644347e-02 1.045452734717042531e-01 2.834286799594300243e-02
2.261206042135803507e-02 6.931834536020643756e-02 3.833704059574086220e-02 1.519369443696478791e-02 1.015002765452319572e-01 1.123211726318485912e-02 2.484175256019355380e-03 9.852893482528331248e-02 9.799609258360031383e-02 1.050442762416635145e-01 5.453638289985658638e-02 4.163471011374238889e-02 6.271582852483922887e-02 6.020626315703899931e-03 6.439176086094565953e-03 9.929766492257617594e-02 7.801242664456493892e-02 8.382815344189667450e-02 6.353265430610124248e-03 9.484276827033995272e-02
2.642401326162196595e-03 6.010762013426326072e-02 4.467964146548506627e-02 4.519109251133459487e-02 4.145223624787394701e-02 6.994459306297765022e-02 5.112514144910633440e-02 4.865324636125461198e-03 4.891498503500707473e-03 2.331192291791100296e-02 5.093587044746627351e-02 7.193118526901529086e-02 7.153946479135370184e-02 9.544536794457990359e-02 4.178494000681006078e-03 6.246062770525224322e-02 1.825009621018677461e-02 8.811215346050967068e-02 8.628646318608299004e-02 2.312952371696496909e-02
2.010445777312820648e-02 8.264032700731577946e-03 4.279880508647484171e-03 2.763155640185160911e-02 8.182009294971365199e-02 1.997914567072570785e-02 4.228426556755007087e-02 7.531007403823096469e-02 4.595333773339524419e-02 4.206322430098278359e-03 7.470599344330546010e-02 8.050022884710128501e-03 3.469250205973729156e-02 3.706025502171537284e-02 4.730378359380955910e-02 5.309678361854427465e-03 9.919862677352907221e-02 1.139556016103705251e-02 9.490399272146005094e-02 9.852036092459040550e-02
1.008905961315457178e-01 7.293639109682198418e-02 6.697929418219437936e-02 5.843784752814965011e-02 6.458001551037877153e-02 1.920711481303837703e-02 6.092292403583021709e-02 3.003628301294749420e-02 6.133071066305162411e-02 8.208646742084733938e-02 1.031457470192875120e-01 7.776768170069677834e-03 8.474778071552477310e-02 8.542600825177085536e-03 3.808911849934237814e-02 1.030417303896031811e-01 2.284001620536048327e-02 1.137374984114724631e-02 5.283940350462302399e-02 9.492041088467223497e-02
7.716275415660445169e-02 2.532284607414299078e-03 1.051018717531284341e-01 4.008233924039781432e-02 8.533969306890448747e-02 6.514901705572283264e-02 2.017988751279333956e-02 3.787368649132121651e-02 6.510187262531107188e-02 2.099516955880616036e-03 1.028646702555629927e-01 6.329000974509406754e-03 1.498915402272285417e-02 7.774268888111399156e-02 4.895778451731644387e-02 3.086934482122537238e-02 4.902837875317615779e-02 9.903882170509177574e-02 7.841241812048610482e-02 6.448848081236051299e-02
9.921162135447712804e-02 2.326728230259372809e-02 7.708313241648336034e-02 2.811158584985260986e-03 3.908730266984721674e-03 9.668390472649995848e-02 6.828530148648398468e-02 1.123230400939812142e-02 9.614816529158728975e-02 1.703204027499875817e-02 3.797924967547531942e-03 9.286984513588565637e-02 8.570681193874397918e-02 8.321734597682271806e-02 1.029849133730326854e-01 7.416775548845594423e-02 1.509175960369125297e-02 6.294533778581296035e-02 1.151823275528035886e-02 2.903837484451080031e-02
3.444633611106391602e-02 2.841868481107028780e-03 4.527081605243366003e-02 3.782117557864435320e-02 6.313609325888287771e-02 8.263933796962286138e-02 2.840194374641712496e-02 7.412250878093770701e-02 1.097652854726690816e-02 6.301273514411014076e-02 1.735737324122439348e-02 9.297932728391611334e-02 1.050305114427630034e-02 6.646212315008390159e-02 6.098200357925101511e-02 8.103317770900918260e-02 6.453743642801365588e-02 3.325554131473287128e-02 4.434450015565945258e-02 8.425182102164253950e-02
2.830870428349165080e-02 1.112146800224889445e-02 2.832421341701683859e-02 5.895584480225228574e-02 8.885538375494725361e-02 8.197982245815643720e-02 9.626962260552508754e-02 2.601939402366473114e-02 7.998008327516598071e-03 1.825013058154262291e-02 1.866925070613122128e-02 8.593323022026867763e-02 1.045921040317617651e-01 6.546149040079586373e-04 7.925155117290635931e-02 7.875710268408274428e-02 7.824298479214952806e-02 3.104998627129480770e-02 1.033761883777551266e-01 7.514383212608093110e-02
4.764176745660748252e-02 7.450458736435550122e-02 1.102829686295378649e-02 9.133323660366293728e-02 3.099701783631644142e-02 8.725690559384162437e-02 1.913672512112005522e-02 3.117163256670614849e-02 2.289943200578389848e-03 9.582850695298765487e-02 3.768390955171260076e-02 1.466044930172768178e-02 8.252839599466366138e-02 1.002426054248417020e-01 5.475305817276718973e-02 8.511051091413809888e-02 1.054383765762249708e-01 7.373060866786407264e-02 8.785969467314933001e-02 5.652908533894993731e-02
1.526806886966985011e-03 1.426529963779893211e-02 6.094826873041710169e-02 8.722751124284862378e-02 9.063812570607439334e-02 8.254011509702406657e-02 2.017601672621821898e-02 8.873712060572186422e-02 5.922465673890726229e-02 9.485403357561511539e-02 8.640651107706777412e-02 9.705473504607455004e-02 8.122143955034831497e-02 4.318856783492067836e-02 5.884075918146120660e-02 3.519681670946638724e-02 9.127850996328516764e-02 7.375061287903303398e-02 3.840947406380319090e-02 5.672760872121830611e-02
8.023398617503799124e-02 2.223649648313500912e-02 9.838550463042144978e-02 9.136464458768089880e-02 9.398604314336757304e-02 4.057076555966890319e-02 2.507425899723396759e-02 4.245107327438816212e-03 2.218357390421572470e-03 5.643058436404739531e-02 9.352171222024539821e-02 2.138777233621554433e-02 9.049257583510522673e-02 1.834051138611937290e-02 9.999574054104659604e-02 4.665153460896792614e-02 5.757774151918581239e-03 6.251984737561611105e-02 3.145032748596536532e-02 8.505954102075218015e-02
6.742355199763355733e-02 7.126404311620962440e-02 3.670060437213686771e-02 1.468837812388932955e-02 3.496786822331349881e-02 3.568889564842694234e-02 2.917808886414334849e-02 2.142828654256913670e-02 9.543717481464336627e-02 2.800339028687887089e-02 5.781850746490091453e-02 6.917170371921756156e-02 7.336976953296932280e-02 4.725069562799724676e-02 9.094997613436742179e-02 2.728342450035873418e-02 5.301865805771264345e-02 2.008800873144633847e-02 7.773908835300137599e-02 5.270817452590427499e-02
4.712938819755929437e-04 2.349108827382842719e-03 9.003121774121455867e-02 3.896178363344435930e-02 8.803269376810594904e-02 1.058482948874105711e-01 5.754981749616049080e-02 5.199335429230293737e-02 7.445144356540639441e-02 4.744140818964587974e-03 6.169626275300631874e-02 3.348299227469409001e-02 5.116408244440812103e-02 8.950199472195752293e-02 2.918409935748936257e-02 7.002536826624169986e-02 1.968985841893718808e-02 9.762794830527031509e-02 4.052405728233232640e-02 5.679993532373245335e-02
6.516248346988741391e-02 8.371685446830848818e-04 8.502738440914664464e-02 7.526123709672141726e-02 1.208379155505109014e-02 6.919758619246058062e-02 6.459840092143086243e-02 4.877956228807019817e-02 9.650090289146699696e-02 4.433148768120692002e-02 4.717482837861183831e-02 5.487332084519931132e-03 4.471712924062130889e-02 9.202921193532775934e-02 6.636514898774452387e-02 3.950147181095423760e-02 1.887630678623204369e-02 8.961052079442985430e-02 9.387215757403725991e-02 5.163254815867206193e-02
