2.331769601305510309e-01 1.720624397003170380e-01 3.005508334233315815e-02 1.355381067384374139e-01 1.027674116567165730e-01 7.864333277308313552e-02 1.185268492500564375e-01 1.481689752990575371e-01 6.686776882611659978e-02 8.359192304181764510e-02 6.334010135252692020e-02 8.856804154404146479e-02 3.795937204783612212e-02 1.175999968720039812e-01 8.079332545656646436e-02 1.195600865577053744e-02 8.401247360791537500e-02 6.066415168765523086e-02 7.680148805453908267e-02 1.035607588724459516e-01
4.093164185999462884e-02 6.148503594603119127e-02 5.276523142575809816e-02 8.780360470593227828e-02 5.563256938105827498e-02 8.287652271812386007e-02 6.087415897221304384e-02 5.404606817855831663e-02 9.195690739679041048e-02 2.162661680456823450e-03 3.012004817051057437e-02 2.468166517407643923e-02 7.058678730480621999e-02 2.313040659354539605e-02 6.144546745083237504e-02 1.512736165327322022e-04 5.947243312252910308e-02 2.636331594456586824e-03 1.916958486763187339e-03 9.543631779329733722e-02
1.588514288124064436e-02 5.035960743855068256e-02 5.096549258351257619e-03 6.261271495581982593e-02 4.179123740929411440e-02 5.901086970623969918e-03 4.159125760050354226e-02 2.334781020929856121e-02 8.237067071806781701e-03 3.368435653659183210e-02 4.598161555799867156e-02 7.428786592742876727e-02 5.869785762513388128e-02 9.186913964521921383e-02 2.935844294383357575e-02 1.120810978613359134e-02 4.722988467046623784e-02 7.856056694119528672e-02 8.615442144201111707e-02 2.403399603221216888e-02
7.808722522810024325e-02 8.962430406559346308e-02 5.862211278587600716e-02 8.920154926498126066e-03 3.686941009369468919e-02 1.268787811259741716e-02 1.217990169398334294e-02 9.194562782782338128e-02 3.767878295271518546e-02 1.437796614308152303e-02 3.928100221305012157e-02 6.719623559613667474e-02 2.434047081834789326e-03 4.707577348038308879e-02 7.068289501271352721e-03 9.809584363584911149e-02 3.108166159410323884e-02 6.685912510854996778e-03 3.532944423014899860e-02 7.880978614339617661e-03
2.514804896617998248e-02 4.272850367314071085e-02 8.573012703459758840e-03 7.906864120245429839e-02 7.567127085055302960e-03 2.418291442145679288e-02 3.767904277843205085e-02 2.237309517364980543e-02 5.229051406846684652e-02 6.001088163619434923e-02 8.176124641146299138e-03 1.055226731465399616e-02 7.600093861411122420e-02 2.671756131842828712e-03 1.351017066749628064e-02 3.802604894911554376e-03 1.021099284918480874e-03 5.132737412646192626e-02 5.276376259954602965e-02 5.005961166387944833e-02
4.608771372761080731e-02 5.605743242454172548e-02 9.302442834869265043e-02 5.905936920605620033e-02 5.498700661850086657e-02 1.066494838814222718e-02 4.204451514072620605e-02 5.082448932496315408e-02 1.760846351304967694e-02 2.434650317186717525e-02 9.897756293386118787e-02 9.400644209953831765e-02 5.189838419501614786e-02 8.758476212140285655e-02 6.160380004890572692e-02 1.014682825136733503e-02 4.208545371105652105e-02 8.867116469812467983e-02 8.098003385261651199e-02 9.794401031578066352e-02
1.043791321831195711e-02 4.073543502912544551e-02 3.503451075156299721e-02 3.046544066685885968e-03 2.007667124061585096e-03 6.844424469945971368e-02 9.754456505513246778e-02 4.878505979615305188e-02 8.269468450746863750e-03 2.534724324856141298e-02 7.353492917547407859e-02 8.709620487759785201e-02 9.061358738053761075e-02 4.467748787386120052e-02 5.502768599263258009e-02 6.372036375399897645e-02 7.479376721260512506e-02 4.156953120309556104e-02 6.219410536195991990e-02 4.957358523565148084e-03
7.004650074517164426e-02 7.007220049066234524e-02 7.285606857998939284e-03 9.605974384659832221e-02 8.037296646446639992e-02 8.523949216809806328e-02 4.421853878288995246e-03 9.568177331058365376e-02 3.056352498563422865e-02 9.616088999322625064e-02 7.067510896928340391e-02 1.398896520692707347e-02 6.206876032302086066e-02 7.196848171156880469e-02 4.805852193404394623e-02 7.994027011511918579e-02 2.629192662996750196e-02 6.766309729700191455e-02 6.592203192413617630e-02 3.791701618256753531e-02
3.159410080579014984e-02 6.201455372678965627e-02 1.063194226904951023e-02 2.342093031288823568e-02 5.848633705549032696e-02 9.749534715494723169e-02 4.843270814572131489e-02 4.511760546114167852e-02 4.264943669638743273e-02 8.643059099860407601e-02 9.697831316334115659e-02 7.985798378278828602e-02 6.212843921261176905e-02 7.026961226277950341e-03 8.569716498628673906e-02 6.095942921562938488e-02 7.072488321026416946e-02 8.743735155149590099e-03 6.910241556391150293e-03 1.407339856463042486e-02
1.681465522088318107e-02 7.302302099420428239e-02 2.284901739366308748e-02 3.746109896013860574e-02 6.225042785822808983e-02 7.607652113245874648e-02 1.855198932905230066e-02 3.561074007816950049e-02 5.155759552253561667e-02 9.578836112269728531e-02 8.555871987591395778e-02 8.151280341873044788e-02 5.029024641349057190e-02 6.176395398057121788e-02 5.835345848690331322e-02 8.179989752445952778e-02 8.485477636814164892e-02 4.589865533806607861e-02 4.164480846112476181e-02 2.003827029449387759e-02
6.210655896121074909e-02 6.794866422800004135e-02 1.009950265722966457e-02 5.507536991306638714e-03 5.488337808345487151e-02 3.727748332063000186e-02 8.029491641306792105e-02 6.990261219062103570e-02 4.006852573051871563e-02 7.868362698137577535e-03 7.145733622149688657e-02 1.758777597089682468e-02 6.315486250090160403e-02 9.994887174812804032e-02 4.388801287544014107e-02 4.154573085013222450e-02 6.244895762591717858e-02 9.395598478694214273e-02 9.173763533684015092e-02 5.151094803115516957e-02
1.405729618269895356e-02 7.587432319791893864e-02 8.513537630867707524e-04 2.321764723250596598e-03 7.864726881587148777e-02 6.331177489531381313e-05 3.485118569636636021e-02 4.144860713520793008e-03 3.960353408246695267e-02 8.233730823654333841e-02 4.296546506466430992e-02 2.233899670964199086e-02 5.270109467741287967e-02 6.888725950594380698e-02 2.277101215284096578e-02 8.239225123630695979e-02 4.493990768736966235e-02 2.949807683845787759e-02 4.857970540736666204e-02 1.207230581225880034e-02
8.236814588572033413e-02 7.524452101472683951e-02 1.287080798856704567e-02 9.523579803845359792e-02 7.847474723872560620e-02 2.178637439443376067e-02 9.744204672050314764e-02 5.602195468506179776e-02 9.482397957291277546e-02 2.696024192267719791e-02 8.642167599251721066e-02 9.357430924221020463e-02 6.723889252239138858e-02 9.308004030746375862e-03 3.276031509804100406e-03 4.044610907696123692e-02 2.342181174486139897e-02 2.791925431145234754e-02 5.809107687314566532e-02 3.442131903305115787e-02
6.232307943813211737e-02 3.859391125183872506e-02 5.827168094538640736e-02 3.453580371984338315e-02 4.236247827881176736e-02 3.924373939680263906e-02 3.095761364885862843e-02 8.834235865012396438e-02 5.725478540450369691e-02 4.823410482621177942e-02 2.857001305002628000e-02 9.346823249461584660e-02 8.305320831500753731e-02 5.652959032507998832e-03 5.362893253038555907e-02 8.455405498410867304e-02 4.591084778598406718e-02 9.768471061179437309e-02 4.599135765655250341e-02 8.753331239775641662e-03
9.164831391665692606e-02 4.170045785923139070e-02 5.413549392353153578e-02 8.007766121574643944e-03 4.988123128326168998e-02 5.332637628527919782e-02 5.358011010704660099e-02 9.519932793416608502e-03 8.235948099887911711e-02 8.005377651658011906e-02 4.603683980759609023e-02 6.860527308949704306e-02 5.509220048653632601e-02 3.696710631428593713e-02 3.887513624752746838e-02 9.651685319434000210e-02 8.420301618050485271e-02 1.805539060758131267e-02 8.787966570709860800e-03 5.795228762245621668e-02
7.773914601057481388e-02 1.693930685583008508e-02 3.279449254031634869e-02 4.633455775647300767e-02 2.531744764610799336e-02 6.184399680750947426e-02 1.087669325430895648e-03 6.089259406987426737e-02 1.765119393741541171e-02 5.800039494718057208e-03 6.639677010537244073e-02 6.463902619729516852e-02 7.895103185884327912e-02 1.400043774036189431e-02 1.525503402507636524e-02 8.731722769516687965e-02 8.190357361375075196e-02 1.499091089672984801e-02 7.215827798507044866e-02 7.513369190665644681e-02
6.410633715481987849e-02 2.202312771745554981e-02 3.382618169258785196e-02 2.502307702491615368e-02 9.243799394544038872e-02 1.624854457115214659e-02 2.238754683389938827e-02 4.654549379194328207e-02 7.817491348608551771e-02 6.419972189049884259e-02 1.032481032845110683e-02 5.813890521219614027e-02 4.581021370178514629e-02 9.352180434996440472e-02 1.382718702508871703e-02 1.929963470214568488e-02 7.416179066223541061e-02 3.115819896055600779e-02 6.586393327232963057e-02 2.049677551835307407e-02
5.443960500717487383e-02 8.533089013449234039e-02 5.621771051590018949e-03 1.643022836181010776e-02 7.908217648192222837e-02 4.696268233825687255e-02 1.997695871055120767e-02 1.247136091205902630e-02 5.684701803658446378e-02 4.370657622391245500e-02 3.030195746153542535e-02 5.459502425142213206e-02 7.017251268469541781e-02 2.086158405455894663e-02 2.533853412789983939e-02 9.504929733235179673e-03 9.441004367460406610e-02 9.568121457315187373e-02 2.486461923028508020e-02 8.396511673569227729e-02
6.956852217627758350e-02 9.397773686136823290e-02 3.864984418835174657e-02 5.911319965584818648e-02 1.435535803759650092e-02 6.980316762818448983e-02 5.666260909170076771e-02 5.847588247518348270e-02 8.037911214666379478e-02 6.313524107481783068e-03 5.867819618294520950e-02 3.626923498270061968e-02 4.698246389860161187e-03 2.061297604753746862e-02 3.070146747362494447e-02 5.430088389298360491e-03 5.777403751197638521e-02 1.120404033745419151e-02 5.642784638417473048e-02 2.938244601917581328e-02
8.492052349089228291e-02 3.568145120713518692e-02 8.224714084048678764e-02 7.674053411164194829e-03 6.495459067147892063e-02 2.512313637963553559e-02 7.473639479935460794e-02 7.735672940539946307e-02 8.943954774269866070e-02 6.469453776569156211e-02 2.924144876476761010e-02 3.604329094036639453e-02 6.357490777338876964e-02 8.551375296616400834e-02 6.430920646066366764e-02 9.177853905353977604e-02 4.204211015472433810e-02 1.155310906645650240e-02 3.307534234714770704e-02 9.292815455273251146e-02
