2.026123523230539680e-01 7.128713527198843325e-02 9.309747295791478972e-02 1.141428404369755067e-01 7.808882211357719150e-02 9.372241255832175488e-02 9.340253525394584533e-02 1.379187179491041526e-01 1.021202944606002527e-01 9.597419240228026449e-02 1.424148804869120044e-01 1.233751405911529403e-01 1.221750995110372495e-01 4.558744370552258313e-02 1.360650842684481276e-01 1.970640612027088276e-02 1.074848829358933042e-02 5.181613811910015105e-02 1.482081172129642299e-01 6.820466655976790971e-02
3.066422528409662451e-02 6.261367581452932651e-02 7.614905916464417834e-02 7.242185302347196874e-02 8.487099510139983760e-03 1.622936729143916942e-02 7.351401768491949706e-02 9.724959970967034240e-02 8.376701725622247297e-02 9.092356669598633534e-02 3.826599642279683577e-02 5.626783972487569424e-02 9.290878997991430799e-02 5.611298477583418626e-02 2.975745214250301654e-02 3.754760342422441138e-02 2.235543316165811405e-03 6.481185183038187803e-02 3.458594569418842885e-02 2.274039178504650132e-03
1.293696956657303110e-02 1.675167529882848338e-02 2.379732882818103024e-02 5.807751427725394051e-03 4.559947591247514448e-02 8.492797771599597256e-02 9.326179859487954138e-02 1.769954171907872718e-03 9.512786053157766541e-02 7.233099221330220596e-02 1.760851413474263591e-02 4.777650897460039917e-03 5.168099950568638690e-02 3.635844098723844259e-02 3.921957457176820233e-02 5.496108202538033116e-02 2.153683838005842135e-02 4.601433315555515657e-02 8.067233865320673492e-02 9.017668179205381995e-02
4.909678911673334700e-02 4.452197752230674377e-02 7.095513408987887127e-02 9.356160725888498786e-02 8.326947489006059078e-02 1.136277066078288447e-02 2.147903612446154867e-02 5.559531412762653418e-03 6.641858426420750583e-02 2.103967815220264656e-04 2.010608430436785707e-02 3.444186256291614789e-02 7.686701208922386286e-02 1.742330320003582277e-03 5.646146562811316105e-03 3.450707517661279200e-02 5.490841803315489600e-02 1.014407657058414951e-02 8.156366786419656789e-02 6.788969678794104512e-02
3.681103926102347393e-03 7.386409535311491692e-02 5.363221634617600098e-02 5.290744193440880677e-02 8.928483774661961914e-02 7.513775796152366571e-03 7.671783905703899453e-02 7.698423269042602157e-02 7.479602049677218367e-02 5.730099452257839815e-02 5.993986178256377473e-02 6.004387955693468726e-03 2.509845085443289728e-02 8.842371679460625522e-02 1.451760237630072073e-02 4.290067934547681268e-03 6.039996078715792471e-02 2.190049618418235186e-02 7.061228972288299821e-02 8.504164695385652006e-02
1.630269458180578709e-02 2.846559036320497546e-02 3.167824212862071359e-02 1.418449828800817485e-02 2.036064382225192398e-02 3.818584475131332756e-02 7.433330240153646247e-03 5.256359173424143827e-02 4.889168005452507182e-02 8.250366739276305400e-03 5.912244077433959077e-03 4.474202040500474542e-02 4.248607646518898044e-03 5.776430794557560477e-02 4.926695905978061701e-02 6.932817245474748313e-02 9.410776192351613667e-02 4.989782168658327133e-02 5.151671134055962192e-02 9.587652997677030553e-02
7.557478672764023075e-02 3.162985567958722516e-02 2.848753826237435810e-02 4.200701197225292088e-02 4.784479021619356814e-02 3.105289557027265598e-02 7.521537225530458559e-02 1.919985150849805658e-02 6.858817603321841483e-02 9.340203055137186183e-02 5.712912436647821224e-02 8.205796309970431190e-02 8.084259488673889438e-02 7.398320957637331829e-02 2.250024321594850177e-02 2.768768959250363093e-02 6.102451934788716281e-02 6.043170657289888281e-02 1.985462269233767563e-02 1.967746954045327540e-02
7.296177005521603531e-02 5.103700492817631051e-02 8.754024294685766594e-02 3.696999596817051453e-02 6.416390089354018222e-03 6.223333487852055618e-02 1.158019749754788524e-02 1.376231271525241205e-03 8.599802574336115613e-02 9.485527326911101509e-02 2.067315788098309653e-02 5.623964218256058412e-02 7.895084707823472880e-02 5.589278931970553810e-02 8.974300567747432733e-02 3.353434245907275374e-02 1.817994426137359287e-02 3.660971802839663169e-02 3.075252488262069164e-02 8.130496724993957480e-02
2.640339789980705731e-02 3.626513538642015672e-02 4.776173550414198471e-03 9.670446301517354737e-02 9.078410139566192583e-02 9.212995058668244086e-02 9.659595611471372134e-02 7.232002633369562228e-02 3.911594460163173026e-02 7.164988343906668333e-02 3.761005257478855501e-02 9.504147814327323918e-02 5.768249422665761017e-02 3.041586263950294550e-02 6.853699221701997635e-02 5.763213852857923536e-02 1.761732433589128372e-02 6.063946889269816731e-02 2.789424024460934737e-02 8.143529825511307274e-02
4.378923969713181125e-02 6.689912219006943772e-02 2.788914871803513038e-02 7.034604335364397221e-02 1.623913986521155137e-02 9.459659474938127144e-02 1.994512302626717803e-02 6.372420443083208486e-02 4.247387424655368199e-02 9.344777263979524295e-02 3.269448049475769807e-02 8.053594990869490655e-02 2.045445299018375934e-02 9.664256925002961962e-02 9.381408310842130616e-02 3.398852465182509303e-02 9.829405917252924396e-02 3.714922973532842898e-02 3.632625249089071334e-02 8.870297227423518116e-02
7.356670028052333943e-02 8.977772680530499150e-02 4.853717651792303217e-02 1.559636784436591083e-03 5.773017596352735675e-02 2.011279005379650389e-02 6.193285569868857421e-02 6.020183486704142051e-02 2.997727513543664568e-02 5.766332821217387550e-02 8.094856726744925624e-02 3.689369090948788760e-02 3.394849733840010070e-02 1.103247708078761852e-02 3.153725425659793802e-02 4.208608982278561061e-02 5.789780115800855637e-02 3.786623836462277293e-03 8.811189323565608855e-02 3.741031843645355182e-02
7.469873840102765616e-02 4.836344185677934893e-02 7.655198766984283587e-02 7.682633225888591162e-03 6.846902777292064590e-02 5.604038944247462933e-02 4.703212247155296594e-02 1.232761737910904702e-02 7.855792787732696070e-02 4.492241290376217805e-02 1.116410868797230831e-02 5.248022083480122224e-02 3.424788976682208164e-02 4.787161848541155590e-03 2.597954885690758817e-02 1.459086820078170366e-02 3.078984917010463545e-03 1.292940178609156693e-02 8.071084863732770273e-03 6.417100731069108610e-02
6.568586085840479039e-02 6.966545195869174034e-02 9.521087972557867873e-02 7.855047597507053281e-02 7.918539728397967423e-03 3.830640860670761483e-02 4.010216440070020483e-02 5.789368524531797455e-02 8.326977484858595624e-02 8.221954721919794151e-02 5.521053161882694474e-03 4.195408095243371993e-02 2.275850451169485547e-02 1.760194434884205725e-02 7.113037328087173927e-02 7.662720668569279747e-02 3.134659849774856961e-03 5.392642076967224529e-02 1.695459509821477598e-02 8.946643934189979497e-02
2.191676204125120320e-02 3.985567619274894835e-02 7.454422607981327220e-02 6.333351228963990387e-02 2.747025462315231398e-02 6.420475361872418629e-02 9.422489050455451487e-02 9.125626725735584699e-02 7.149071901150466646e-02 4.869766677836534496e-02 7.777875298518863167e-02 6.674753757946129407e-02 2.605167586263629209e-02 3.230321909580387979e-02 5.948035371242824804e-02 9.689801724967772936e-03 5.027169192440113232e-02 6.118362233058727284e-03 6.851536951063315339e-02 9.258545593716162314e-02
7.084779449560452483e-03 3.775740980494918242e-02 2.489194181930398653e-02 1.983149216534581261e-02 5.646052942975102185e-02 7.675286636659246764e-02 9.720491697322450331e-02 1.755990152691343578e-02 6.517177792050847518e-02 9.783225949280671685e-02 3.630125600072014319e-02 9.329266398695535908e-03 2.863563379182505753e-02 4.228800280154135227e-02 9.798899764541456336e-02 7.688165449024329801e-02 2.950888862656404765e-02 5.202205740868862810e-02 6.154293688307879706e-02 5.804548106679275309e-03
4.643995221185424210e-02 5.886759329263242801e-02 4.499836186855913495e-02 5.841272116075423709e-02 3.746926858411938482e-02 9.977163995628049453e-02 8.732969584935457857e-03 8.781169708281132136e-02 9.930260860292729197e-03 7.674195884667096845e-02 1.931332627714286293e-02 4.430831000624111532e-02 8.045459394658237284e-02 9.132066099628899369e-02 2.460026312359883324e-02 1.825241565647769612e-02 4.343783013887674710e-02 8.362117403410082583e-02 6.527510303977548944e-02 5.870980088361384130e-02
6.984203251332637974e-02 9.301530168539770549e-02 5.254267348130941401e-02 6.752056680552226409e-02 3.591974346197116669e-02 4.861306018020688374e-02 3.556281850148005491e-02 7.502397228392901352e-02 2.934345625906612659e-02 3.658417636643252185e-03 1.960061771498941216e-02 2.680424339324116809e-03 2.542905156017867541e-02 8.353074448500358296e-02 5.676449892723203772e-02 6.944354569922146780e-02 9.806574828248564024e-02 9.578035073552636225e-02 4.394939776920711583e-02 3.591870511480593775e-02
7.702575449248405537e-02 3.780526090632105318e-02 8.876241099467112317e-02 2.443250853133014516e-02 3.604797316586281358e-02 6.738803146649818832e-03 5.574497405601517436e-02 4.795805853933979290e-02 7.375890477833652037e-02 6.554306131979759087e-02 4.776941667868124519e-02 8.596707616441129352e-02 2.958719601860926307e-02 9.444731270236698950e-02 2.674183062105229061e-03 2.780404761310888498e-02 6.709500970731334391e-02 9.107195520806893319e-02 2.625664696508236626e-02 1.256292302673145444e-03
2.031811325184122025e-02 4.451851342997505123e-02 6.516126165086803812e-02 1.019147794084822659e-02 3.344084153039506187e-03 2.835539638518809469e-02 1.742720100979927578e-02 3.820193002990085462e-02 4.147359535480830278e-02 6.337103329499967075e-02 8.115238140060763994e-02 5.291412010606100225e-02 5.920180243360489286e-02 9.112352550592695347e-03 6.310112291661222617e-02 1.645565564518849597e-02 7.563683397726650437e-02 5.048848413471273416e-02 5.458471665145726154e-03 4.996277713217409100e-02
7.061299745486986079e-02 2.699238357134766883e-02 9.855999390616607125e-02 1.235164884529338369e-02 7.113600792362194392e-02 2.943195864402721462e-02 7.623058574488862649e-02 3.868934018343388875e-02 5.532186755753026874e-02 9.055777685946329869e-02 4.905586111639582969e-02 7.530405089120245643e-02 8.652934993175921685e-02 4.857349022128098354e-02 2.727186131235334252e-02 8.524665073579522356e-02 8.814805327616442865e-02 4.082997988197987344e-02 7.578567935178120996e-02 3.487829168946137565e-02
