1.738619317548235899e-01 8.555246822615446278e-02 6.455186719433997355e-02 3.625381282316588599e-02 1.238295457899686869e-01 7.855616847941235270e-02 1.381388717350081619e-01 3.963312238746993094e-02 1.083554789426335041e-01 8.327415905261599527e-02 1.430082386705015529e-01 1.137329250494984317e-01 1.432390508717086564e-01 7.733017249372609037e-02 8.823363080170743000e-02 2.952389749507299682e-02 7.436533677931443653e-02 1.603418482295634606e-01 1.319578007554264576e-01 6.954671327925421309e-02
5.355566785025304283e-02 8.962947179202003511e-02 4.763602300449373828e-02 7.917563586724968294e-02 3.592333863348247391e-02 2.934158084986527009e-03 7.820681860051116596e-02 9.236007994922862396e-02 8.676263724291591317e-02 4.500922445175031122e-02 3.413853209062391036e-02 7.602162194843714582e-02 8.196105923690506778e-02 2.236834524160889043e-02 8.493209207706738095e-02 8.926814207445200877e-02 6.217256928456746379e-02 5.557368444192650053e-02 5.091753818834593437e-02 2.427757810361109991e-02
8.014579986884440288e-02 9.043313368570392308e-02 6.537358577216953459e-02 6.751937274594477754e-03 7.099291784524908167e-02 5.462969663377938156e-02 2.624828312608207259e-02 1.892854678895398296e-02 9.140145079173710163e-02 5.529511432823879663e-02 1.210036075538947244e-02 5.545078774117136178e-02 9.729569364086738947e-02 3.284528307749919052e-02 2.337032731946620239e-03 3.171851380343815308e-02 8.360022960465007813e-02 7.126996356072999583e-02 8.353104596311233809e-02 7.830779354678388260e-02
7.448475874600246800e-03 9.335833925623504559e-02 3.442740018855379447e-02 1.671819424619238811e-02 2.226994028068363311e-05 6.710957332575297196e-02 4.597657974066911291e-02 7.105860375854745198e-03 8.632917130138098583e-02 5.055418358386590955e-02 8.925200290023793670e-02 5.016991741941835559e-02 4.133777894542106646e-02 7.792883311906387278e-02 7.166404875602976066e-02 2.637100806504717732e-02 9.107309138808632187e-02 9.136551548958204982e-02 1.384209465974503041e-02 8.934992315462353396e-03
3.764542167812861412e-02 7.055095128654543125e-04 3.285380410346813024e-02 6.223959359950836934e-02 1.070032398002668250e-02 6.000210738485214912e-02 6.450885204802601913e-02 6.291549720902956701e-04 2.367625481079795036e-02 1.147347150879133443e-02 7.400691520009332336e-02 7.412287094015890254e-02 7.774426150557181558e-02 4.941203077720940362e-02 3.508907167505488645e-02 2.269631503606239775e-02 1.814557443300146566e-02 6.007849439681798437e-02 2.874094801972316982e-02 8.402746327796573045e-02
6.460357026438527661e-02 3.590550489045274407e-02 4.509890231074611955e-02 8.667760352536617308e-02 5.972722756483092588e-02 4.192473356744641499e-02 4.450465410146932366e-02 6.128857296970108282e-02 4.226966992894050368e-02 7.708347815754312826e-02 2.935734670745785563e-02 1.529918382503376965e-02 7.346421154986954027e-02 7.423282195260767768e-02 1.560238907475390915e-02 1.927622458422710919e-02 2.081659498985351242e-02 3.715210736155184768e-02 3.230308121748739353e-02 2.296679592466490880e-02
3.569824570160395980e-03 2.041780419175494299e-02 5.480335537649547867e-02 8.410661267123849261e-02 9.454401098841325179e-02 5.259235144906242859e-02 6.854175714872179359e-03 9.534827584829023983e-02 2.027324282854310600e-02 2.173683181051422331e-02 5.045326927161480207e-02 9.071792692534753899e-02 3.482918308944520785e-02 7.604923126296339597e-02 7.707399158080308066e-02 9.059954811044239331e-02 3.888007067169661074e-02 4.516240992914762054e-02 1.604936194562026769e-02 1.848120911883276499e-02
3.262469752995600597e-04 4.392740502702949940e-02 7.314028974939629224e-02 2.971486510065656297e-02 6.938446158219607751e-02 2.799885534390942482e-02 7.382155455802262567e-02 9.012596615155977695e-03 8.198889867380804164e-02 8.650090651651599905e-02 3.067602604156115589e-02 7.960327379129202019e-02 9.308647320766785804e-02 1.499995973039788301e-02 9.462390336698485449e-02 9.784939146114490782e-02 6.286461032846310526e-02 2.494741340696994547e-02 1.190466608986732316e-02 7.646029949178513585e-02
2.039964313001700960e-02 4.485818175589783956e-03 3.865530412342076810e-02 7.095174635841160204e-02 8.300464947830246687e-02 7.185433873965078877e-02 8.435729014663180536e-02 8.187923252708179112e-02 6.507668458404186618e-02 7.434188924349784122e-02 3.838827557010681540e-02 6.394131243610280679e-02 3.615625448090310778e-02 9.335684672026564601e-02 7.519817895284186884e-03 2.372709775843528934e-02 1.852903827598531214e-02 8.121667424083206521e-02 2.256504679516552203e-02 1.454832974657065472e-02
3.780653536308327400e-02 6.436653126651332990e-02 8.159747857397409154e-02 8.242398445787509076e-02 8.300138694033715181e-02 6.250639010152024555e-02 7.799969188543239007e-02 4.372003852715530825e-02 9.950450438835381495e-02 8.154272045102456401e-02 8.438361628604296172e-02 2.384876889818956722e-02 3.279052696990469862e-02 5.595176865699016955e-02 6.779807855813156647e-02 3.010798659583384732e-02 3.007917527831605389e-03 2.298565717984205753e-02 9.519262000183986716e-02 3.963515065333523234e-03
9.441804567331762987e-02 9.866177743061869954e-02 1.561893174908398664e-02 3.525762988712047991e-02 9.529454790191771441e-02 1.772305947599014594e-02 5.526034280313824043e-02 5.247774634080112910e-02 4.598841233398081457e-02 3.337444734339035934e-02 4.532390518795875733e-02 9.239203988389795008e-02 9.465519119746373944e-02 7.313121393502029777e-02 1.432241505329664467e-02 6.664221689987329111e-02 3.371169452585381227e-02 3.771563838314787726e-02 7.185850601557552952e-02 2.400423807322548189e-02
4.287885266748095447e-02 7.346088366650647961e-02 8.421149712640337015e-02 2.950407148424047041e-02 6.291923002041388546e-02 8.732040684008104958e-02 7.051929401041091838e-02 7.911219428796373299e-02 8.357816932550714284e-02 8.983400876934807822e-02 5.751916409020240567e-02 9.733859227742790166e-02 4.238197054962470484e-02 1.497625194869706133e-02 8.681046015929812232e-02 9.669078417091281352e-02 7.874017888602963255e-02 6.842756982502438967e-02 1.858901944958544356e-02 3.746065672618983239e-02
9.022894913472689904e-03 1.664316691022742559e-02 8.933144113568003419e-02 3.677276687775041936e-02 7.211740938909201593e-02 3.245853998979775223e-02 1.448006446490106638e-02 8.254654710087477865e-02 1.744571235230702941e-02 7.042556450965584136e-02 7.796169892041045213e-02 5.802983654258509622e-03 1.913070977233866099e-02 6.478071793704075210e-02 1.985587346248680884e-02 5.525880126201127007e-02 2.033665246402496449e-02 4.018608727542370002e-02 1.180100754006118205e-02 3.363168637761837845e-03
6.365007487263217578e-02 9.998670672267168102e-02 4.961196507433651703e-03 8.748675674092754040e-02 6.911815797216815105e-02 9.393072075559784351e-02 4.698708157380106221e-02 4.143219285689594966e-02 4.378345729712529617e-03 1.992406569588152376e-02 8.821451612302132206e-02 1.849888114620288487e-02 5.881534255417269347e-02 8.253030302783270766e-02 3.125311664409507334e-02 1.973885003373946484e-02 1.202193743156568934e-02 6.329459865114854533e-02 4.262079699632601720e-02 5.196807301258422884e-02
6.288170446473129345e-03 6.001510075111010645e-02 4.902042134492682474e-02 4.474445945846671630e-02 4.013311809018115656e-02 4.916610819623184331e-02 8.332473549860252779e-03 7.243754232968557805e-02 9.597865445833303477e-02 4.069497323526680838e-02 6.628146957075412016e-02 9.141980083584606842e-02 8.049622054057589682e-02 6.746090215036631976e-02 6.015154610227834570e-02 8.598410974916777250e-02 6.916799458933265039e-03 9.743071913481083160e-03 1.929125216484157967e-02 7.968959848270482094e-02
8.143881626435829635e-02 8.663261865695728869e-02 4.862928269743956033e-02 5.405809016754934554e-02 4.525313595336891842e-02 6.407144353231342647e-03 7.175634733839864055e-03 5.531003210930253433e-02 4.984124822138225053e-02 8.242801553548531612e-02 7.817513871345378729e-02 2.424747101759098383e-02 3.436704998149826829e-02 1.809219843918583731e-02 3.044364778366604168e-03 1.456710147013362544e-02 3.237825031130014963e-03 5.340441305171002295e-02 1.787636594826566214e-02 2.269093371936910242e-02
1.718620538358306415e-02 8.513334520493356927e-02 7.182429291166159482e-03 4.102250644862531076e-02 8.447174931780304652e-02 4.050755751820333400e-02 7.385357827485243554e-02 9.697054755867025311e-02 2.768684074625708119e-02 4.347530795717122892e-02 9.384009014766682422e-02 8.220598604205009430e-02 2.235787419679273816e-02 5.442264257175977171e-03 8.533600218785209260e-03 4.004905363087929958e-03 6.675025982410572045e-02 5.441747463008222985e-02 4.292654792061063873e-02 6.415983905957257233e-03
3.248638024986471445e-02 3.577307371011312354e-02 5.020785753394062939e-02 7.767688200773077700e-02 7.067054745193569743e-02 4.574969433939835364e-03 8.601746805279167352e-02 4.136530179184743500e-02 2.273273193899048167e-02 9.199004430717805381e-03 6.276791936866389643e-02 9.983360505044078237e-02 3.739752585564082299e-03 6.715254270062073760e-02 9.990252835668178566e-02 7.511262548669507544e-02 2.302072261932475161e-02 3.300623344018153299e-02 1.047159935152364163e-02 7.338502950346852127e-02
5.455658108398989820e-02 5.843691196573450042e-02 5.959596001178334851e-02 6.270455687787124255e-02 2.009372897237005334e-03 1.856730071498692222e-02 6.370821281597777164e-02 3.098727070071494172e-02 3.122609979268500466e-02 1.633568457423024631e-02 8.780605161968139949e-02 3.619985873881140931e-02 2.441218849151288728e-02 4.327399949977283472e-02 3.377022820013932808e-02 4.319892676220580402e-02 7.467553180998456885e-02 9.430311458556007997e-02 1.129190902235836097e-02 7.782247274174264318e-02
6.186141324455153578e-02 7.770234133647019314e-02 7.395458040305850911e-02 4.338073230974207745e-02 1.137740544998319149e-02 3.394491191347113329e-02 8.264656368671131903e-02 6.281318719337948553e-02 5.776629990392896652e-02 5.714257563572117116e-02 2.113506857087975657e-02 8.708670181545130617e-02 6.774852914123724590e-02 4.073717272464880135e-02 8.087238443734029447e-02 4.806280903024598428e-02 7.990551198940219757e-02 3.318939917256857192e-02 7.348153786521339006e-03 8.359660016987147460e-03
