1.855261631892434482e-01 8.256958243982909229e-02 1.104089616371408816e-01 8.810839466600908776e-02 8.723413224327575266e-02 1.231375686132133718e-01 1.052566496249715960e-01 7.055261658891244514e-02 1.027292618891832848e-01 6.905079245852957515e-02 1.274876865224796041e-01 9.508218814220806281e-02 2.934111980458246893e-02 8.614969173420743143e-02 1.098464703455487579e-01 6.582409635803052050e-02 1.196596734507987814e-01 1.247502709419415906e-01 1.222891226298163103e-01 1.198604649875234102e-01
5.178293333330097337e-02 9.779601623656730691e-02 4.858119973071486908e-02 9.855799284334232357e-02 6.333180075907945961e-02 4.321154266559450868e-02 5.575344861938489466e-02 1.640561370908204600e-02 7.682945656250822486e-02 5.050425261933666476e-02 2.380182890853138611e-02 6.749594165165306858e-02 2.565013979281501044e-02 1.090374304396002402e-03 5.366786177244003281e-02 7.077280096738394755e-02 1.986869033592338074e-02 8.865483935570613039e-02 2.070638007070624287e-02 6.912005507335716725e-02
2.724044436722628231e-03 9.567314733142547045e-02 4.947743390361616922e-02 9.010077876037041189e-02 5.371762363670404272e-02 3.117951971027649316e-02 9.807002283702810630e-02 6.615109763893900485e-02 1.013040451627987906e-02 1.901875148224406800e-02 7.645865511835943373e-02 4.976747436553985438e-02 2.610569035045750999e-04 2.036760932920809314e-02 4.658341568015855749e-02 4.496936337821189414e-03 6.077124079730242961e-02 3.985164348047742777e-02 6.979079676030514046e-02 1.842902057945499175e-02
4.364935251051793412e-03 1.728738319344280683e-03 6.257254561967755258e-02 1.136884836568614714e-02 6.635729578829197180e-03 2.676745167191284594e-02 5.199185602424644115e-02 7.544409850752016589e-02 1.216415146338698655e-02 9.707316057125744968e-02 1.313641725313917721e-02 5.464179800215051425e-02 1.844381925697161778e-02 8.819875275015431892e-02 2.770068500780720200e-02 8.352841833635367419e-02 1.169767432240774799e-02 7.172729320461673774e-02 8.058645725285173977e-02 1.168455096540496098e-02
9.957480690200137818e-03 5.112646136945863534e-02 2.220608238801666939e-02 6.314506948773045136e-02 3.460494327385629093e-02 9.912664211687183258e-02 8.992677044601361802e-02 4.961509448381800497e-02 1.901754159400508362e-02 2.613559321357240839e-02 9.433133388414674525e-02 1.978457084878215873e-03 7.197394113676557070e-02 3.997997421002078694e-02 9.773307020831153991e-02 5.479957389451650673e-02 4.430991769924252227e-02 8.964386906000604283e-02 4.332879310958685087e-02 5.734634886089964856e-02
8.604509399806301029e-02 6.705069854339033852e-02 5.785715281490977531e-03 9.708790231611233446e-02 3.145001437730526872e-02 9.985288882717142933e-02 4.552548709557191660e-03 7.104818385104284123e-03 5.940712875094968093e-02 7.811713886353852110e-02 6.748708431134176717e-04 4.190533432202203645e-02 2.024609804540739022e-02 4.101707470603438432e-02 2.189607432586793134e-02 1.924406546921473421e-02 2.669296305293079874e-02 6.280715577511926384e-02 7.096187661895339560e-02 3.706264676256670887e-02
2.387388548086566420e-02 3.800838430555367187e-02 3.762111071091415321e-02 8.457308137323098218e-02 9.001475749489717959e-02 9.046887162426096862e-02 9.694753563935286367e-02 9.286426479053150329e-02 4.310235672585595312e-02 4.918888944975401828e-02 9.870772415171306935e-02 4.084287971090321684e-02 2.891458042178248963e-02 2.092934056740024598e-02 7.605276076557921034e-04 5.265790204757817006e-02 6.336426281050484832e-02 8.786588963762666238e-02 5.281162951424701012e-03 3.375459051256186893e-02
4.212120870114539894e-02 6.193458762212292884e-02 8.485859426480824030e-02 7.900845858627636442e-02 1.336547395687416422e-02 4.633764829772857308e-02 8.000649279698759941e-02 6.019158803559801485e-02 2.809533696275123837e-03 3.708705818756116018e-02 7.967790641427004161e-02 6.362352938797653790e-02 9.256592927732018583e-02 5.542602339213862500e-02 3.928213617584504214e-02 4.473307891310210338e-02 7.772870647065474592e-02 4.642660789651717468e-02 8.186508755939934934e-02 7.262766221061471572e-02
7.720786792567804757e-02 8.457892658925403317e-02 1.482441078792018406e-03 4.592753665361409138e-02 2.795407522602693165e-02 5.330571206672343743e-02 4.435899099396735379e-02 3.880059699051065236e-02 1.305212499931295358e-02 9.728193114770322669e-02 2.317660860135112300e-02 5.193054935339130179e-02 6.320676103060589301e-02 7.425753837211668262e-03 1.736416064627934949e-02 9.221195956270744620e-02 9.903904166758752126e-02 4.014626489532843734e-02 8.902822521094830299e-02 1.660295471282805663e-02
3.761807035443255620e-02 1.753141794660668593e-02 9.097472422649127699e-02 8.481456695764276466e-02 1.169206935075069002e-02 7.451926833884718604e-02 5.887839958524646033e-02 1.407081094014778211e-02 7.717864118909931181e-02 2.971869933678770309e-02 8.121691979513989690e-02 1.519412024070525627e-02 6.523223096491351236e-02 5.197793217469731664e-02 7.593050911336657327e-02 7.126056423122995032e-02 8.690039680394504029e-02 5.781798753640568500e-02 7.820075676465282344e-02 1.816939354772184774e-03
8.614857217614740881e-02 2.466114667936075699e-02 2.240701510811580338e-02 6.702688717933817653e-02 9.082146018343642546e-02 6.777213811222847217e-02 2.614146851516152559e-02 8.526781856979671892e-02 1.799810552985841097e-02 1.460442444950803623e-02 1.254422145222629063e-02 4.904317321344808800e-02 4.521879009503546737e-02 9.160187794108055545e-03 2.891103988549619322e-02 7.618951919695438404e-03 4.903225306942948780e-02 6.744215394413573261e-02 4.743574041262899055e-02 5.923943340876625628e-03
7.619145273854527334e-02 6.267702367133894115e-02 9.274362041795458644e-02 3.649335526472406027e-02 4.233622279805909078e-02 4.876696137311423845e-02 2.385271880122090751e-02 6.289014848702643989e-02 1.685175143427414257e-02 5.562972214714904245e-02 1.722290860461361817e-02 8.101071735112786235e-03 9.400926325172521969e-02 3.693594226844909567e-02 3.782320444596257852e-02 2.495513445711902353e-02 5.212001856353779689e-02 7.457501911366110070e-02 1.054465260667343356e-02 1.860094895912614218e-02
2.738026470080283728e-02 7.843500188493968128e-02 3.409316038305990754e-02 4.661035519492050944e-02 6.107191485444340290e-02 8.115479389776897312e-02 4.051191912097937969e-02 9.913633855085529634e-02 8.458543964134535020e-02 8.523599456256338025e-02 3.510116921414593166e-02 7.683885563644600458e-02 2.446354345477980141e-02 4.002634067794683809e-02 9.085407331639078210e-02 9.073165400818600235e-02 7.476091992884413562e-02 2.547869764078327867e-02 3.526302018732679205e-02 2.890870108667731309e-03
3.454223125925146715e-02 1.916389282684350000e-03 8.361421328388236873e-02 5.499450098751498817e-02 8.100785463344450585e-03 1.360033143309633680e-02 5.953136978659690111e-03 9.192050514811056505e-02 5.829767605086372262e-02 3.990067077663288914e-02 8.461979187768692290e-02 8.939733716353726045e-02 9.789411312018592159e-02 9.515941809388922534e-02 3.684475147285294627e-02 2.735524272988787420e-02 2.508252102033326110e-03 7.138137289645692107e-02 1.533144970789053312e-02 6.572051075537177836e-03
3.062904578451859650e-02 7.506758124342143013e-02 4.190218415328907098e-02 1.025426828899821466e-02 8.448841191371225801e-02 2.159868336705127526e-02 9.314870928514917825e-02 9.766724765876544367e-02 9.136597330967301256e-02 2.590579781195056011e-02 3.825981907668137005e-02 7.546127617927231301e-02 3.327780221575801084e-02 5.170501103433161605e-02 8.093681463878511784e-02 4.476312096715110572e-02 1.588579251004589368e-02 5.358960135476638353e-02 8.721430686209713512e-02 3.883952620541820944e-02
5.843806394669420756e-02 6.383047845805271681e-02 4.993765823961504591e-02 1.927802804344505225e-02 5.338671862362431852e-02 7.583216445584106680e-02 3.121425804539222984e-02 9.239050717388125333e-02 8.161654681914676246e-02 9.736265952632970622e-02 2.408245509850698296e-02 6.528954028933307840e-02 2.614102424539427316e-02 4.721346936674053474e-02 6.548074307711365671e-02 4.245906359799243163e-02 1.755532717686247857e-02 8.485361245147909903e-02 4.278432282292723987e-02 5.251235288976705690e-02
8.701595278587787030e-02 7.020689580958855425e-02 8.620294799846020539e-02 8.153575836151416567e-02 7.089358637633609572e-02 9.147428829914505677e-02 1.671415572863754750e-02 1.577359525728183609e-02 3.185008715197155255e-02 2.563931583606569170e-02 3.734207868555688981e-02 6.633292556033613951e-02 1.445730768245433520e-02 6.638022972265789729e-04 9.947884851327777611e-02 7.887104187834985403e-02 8.902861130891481789e-02 4.891827499833904108e-02 6.408576996478264343e-02 4.939599626547608313e-02
4.779739594076701931e-02 9.379502391293342844e-02 4.833815867862480131e-02 3.691674855367058777e-02 1.783690370947029966e-02 3.540334484334064363e-02 4.980914454676380054e-02 8.622889495265774473e-02 1.474398976838814379e-02 8.059125727230849467e-02 1.458690028337176342e-02 2.827645359873940528e-02 9.800646440797615433e-02 6.670661888195897338e-02 6.679949449231176173e-02 1.759011838725877894e-02 8.895353805100604527e-02 1.847241581148026043e-02 2.655486411064178487e-02 2.833909079458890590e-02
4.772726059748672034e-02 8.902915828112209495e-02 1.054638763744127940e-02 9.067998465548660070e-02 2.332001982362047476e-02 6.457888560474360495e-02 7.131188283210791734e-02 5.213226677191550723e-02 8.321929523846113841e-02 8.359785885906656500e-02 6.551445818140480548e-02 4.204674040414928954e-02 3.415676101207389820e-02 8.166002973831332223e-02 5.282979372147087599e-02 8.143887038213615259e-02 7.040318341776391486e-02 2.082941295595288830e-02 7.079315702020309853e-02 6.682857096986558054e-02
5.364815588997862150e-02 7.508436267664869712e-02 7.035085664960392948e-02 2.637373560312433751e-02 4.929248581411358604e-02 9.434138137838637972e-02 1.139459086695950897e-02 5.519583437617401472e-02 5.460534337361747786e-02 9.481027331344289710e-02 3.687030966973710300e-02 3.343985937139302284e-02 6.510371226363462216e-02 8.513751352548146190e-02 2.554181193330440358e-02 7.062081479424830999e-03 5.870478861146027211e-02 1.042510689232093585e-02 7.975669842614943605e-02 6.699322658206940950e-02
