1.496169211846691272e-01 6.200372094241012738e-02 4.020672668652339882e-02 9.355415592745323916e-02 6.930986745714125263e-02 8.671064796484795334e-02 6.077931882141782149e-02 3.385715931467480483e-02 1.491834402003680560e-01 5.177717461424755779e-02 7.858583654122990036e-02 7.815472449576069125e-02 2.149092371279666056e-02 5.747859486015927805e-02 7.890849645812200719e-02 5.061737399968144896e-02 1.828734759713844873e-02 3.902457451948612016e-02 2.935935669823995162e-02 5.202120680293125660e-02
8.867728222440381114e-02 4.111581188007448762e-02 2.244003740304935379e-02 6.650722931765019885e-02 1.557682585610750160e-02 7.247717724062129052e-02 3.054217633641087559e-02 9.978491034174102881e-02 9.433430176671958600e-02 2.663543509426110831e-02 2.660609908105325896e-02 4.317410865683540128e-02 7.168120482702371177e-02 5.544775804581310308e-02 9.418905907447087944e-02 3.361719010557234766e-02 8.861914479328938943e-02 7.187933565739959563e-02 7.519209061799277116e-02 3.603729204837047284e-02
5.221416837435967351e-02 9.590893620706818223e-02 6.782615772711661495e-02 3.443421969529657928e-02 3.512948838900921411e-02 2.804537623799887788e-02 3.694098835614052778e-02 6.694409496977041241e-02 4.910144359493599092e-02 9.166997604203197536e-03 8.543528970445581072e-02 4.150392852218237616e-02 9.656135324267756115e-02 5.211633763191574759e-02 5.147094393051385164e-02 4.892657711470082410e-02 6.250466954337721703e-02 7.529743208371192376e-02 9.254764144250982039e-02 9.200129464066378326e-02
4.454503989655065471e-02 5.248754763913507371e-02 1.824814071089989748e-02 3.160325746005913233e-02 6.487786507776346911e-02 8.605973813922199178e-02 5.868604932982679490e-02 8.157687742969399469e-02 2.496617446042707217e-02 7.502609799511495564e-03 3.768973262784983125e-02 3.382153903259732790e-03 9.420093534557703874e-02 9.148926107302003674e-02 3.702616475972099475e-02 3.539621521538637711e-02 3.874044215391469342e-02 9.050146563786014287e-02 4.853802196292039683e-02 3.362656706942795254e-02
2.366893748445875276e-03 2.717235732165191025e-03 1.363626347618665004e-02 5.626833751676135753e-02 8.353294957615758909e-02 4.102884674263627268e-02 7.587961738043688675e-02 6.055291741000347339e-02 9.663546606477650680e-02 3.114902559280186087e-03 6.546416140653454896e-02 4.748219261964529286e-02 5.477418536343900413e-02 8.599379119617314715e-02 1.848655062064517157e-02 8.205694504230773290e-02 2.668793267894632726e-02 6.050949694192347961e-02 7.383914721943558856e-02 4.477436614843073592e-02
5.626571217504217244e-03 1.238254118770332202e-02 8.729721945518595372e-02 5.501609647436303541e-02 1.750144874234122946e-02 8.757775174866104517e-02 1.291229999611511782e-02 7.446778094971618495e-03 4.899709893014803086e-04 3.749023165909139144e-02 8.263115138737911480e-02 5.511455859787355721e-02 6.323479102256733542e-02 4.507871482399222751e-02 7.286943506818714666e-02 3.650214912277505424e-03 2.084972214424107850e-02 5.883195595099931924e-02 4.006335527133748908e-02 8.117374978623309589e-02
1.387644843916906526e-02 5.831230962948372870e-02 5.311058995120178372e-02 9.278912644460654557e-02 1.837095227622552798e-02 9.282636797485577240e-02 9.622445540821292220e-02 4.531558996081293256e-02 1.359969014701973948e-02 5.836681216239206216e-02 2.223799970798789882e-02 5.510365240507872353e-02 6.243607752927161914e-02 7.828684219640616448e-02 9.539151018208383292e-02 6.662235405741093186e-02 2.225410510968935107e-02 9.793618392666299244e-02 7.029304136524140191e-04 2.017120665254934758e-03
3.231555449684238301e-02 7.465827027852439679e-02 1.800269978743802499e-02 4.452186251170353951e-03 2.731349226449079209e-02 3.752921486387651717e-02 2.822039287439611840e-02 1.674032347049018293e-02 8.329903638299274160e-02 3.192484224317364977e-02 3.023861729564807435e-02 4.146599998554609950e-02 1.739863843325025958e-02 7.434063480140751896e-04 1.837278141805367623e-02 4.729609655162483883e-02 2.855746404768697705e-02 5.235957968081370734e-02 1.812727605219025678e-02 7.823422364842469445e-02
2.506443410090242185e-02 7.682573465363434773e-02 8.301481449670045087e-02 3.522472183809843838e-02 6.184185643378679181e-02 8.744798371831347117e-02 4.930791044508697069e-02 5.232080883065016140e-03 6.618722427916610973e-02 9.403742043635439363e-02 7.382359628450095579e-02 9.882450886995795825e-02 5.834441612175668423e-02 5.732864515972209418e-02 4.833870447351189953e-02 6.455625576210631544e-02 9.948338327653893920e-02 4.499086806601773625e-02 3.567282482061815557e-02 2.910997928711728244e-02
9.668732040775947223e-02 3.409943259770379514e-02 8.444126222697857266e-04 8.930802634670648166e-02 1.015109221326864278e-02 1.318527549024075575e-02 5.399729246751464734e-02 8.225704310682761811e-02 5.043933681949819281e-02 5.969873534332120063e-02 9.887154216215840452e-02 9.118194848186705892e-02 6.431865612828251144e-02 4.951501683037043411e-02 6.440221094989102835e-02 3.350552442440153655e-02 7.407683292249539475e-02 1.192116182447004041e-02 2.116463400932749872e-02 4.391421326340573528e-02
7.310155964596107281e-02 7.071861880599095845e-03 5.814208459224545940e-03 2.729094154043778739e-02 8.702147657528036540e-02 1.175030952685989297e-02 2.915583159302975735e-02 5.789427940899499053e-02 6.789232364151565752e-03 2.651535762216907996e-02 3.660939968620711277e-02 4.673887300863234506e-02 5.876109522388766465e-02 4.517227917115040209e-02 8.930057026881792204e-02 8.033163736294618440e-02 1.825693710500753131e-02 3.417423829799513119e-02 1.187464157499978912e-02 8.417643325213738925e-02
7.730000170231221546e-02 1.805609139361012000e-02 7.785044029865784143e-02 8.413169707743593795e-02 5.893756774326786713e-03 1.095280062012394910e-02 6.286216851983206233e-02 9.347972808430271563e-02 4.172642336888104236e-02 5.041810761675880222e-03 5.197260481279555866e-02 9.009383750185201434e-02 6.549729011037180859e-02 2.648678543723631540e-02 9.922031194747718552e-02 8.655667823503473968e-02 9.098741616111255537e-02 8.818522719205579286e-03 3.260272494628545931e-02 1.181775844517507528e-04
8.882558157090966744e-02 3.975510384409831031e-03 9.942601595663314029e-02 7.714613864609219662e-02 2.910990966048019463e-02 4.039359330388971048e-02 4.491859358377592315e-03 6.062576725088351243e-02 8.743077432288426376e-02 4.364454223464312582e-02 9.287674915249743979e-02 2.380156017785542075e-02 1.806736639004292641e-02 6.323743440367873836e-02 7.034953928222552333e-02 9.088389267894349255e-02 4.841232094616423898e-02 7.412687832162973001e-02 3.041612363670609387e-02 5.700890813903639748e-02
9.077040812335060438e-02 2.212615235922019835e-02 9.105676787296121399e-02 2.350123886027741943e-02 9.405337100628816116e-02 7.676666141689895972e-02 9.639700571372035454e-02 3.109508181478502081e-02 2.745443903552300530e-02 9.351842113311691074e-02 3.602471607683660482e-02 8.755809699043770600e-03 7.846958924857715123e-02 6.916263843918768472e-02 6.584207289946346353e-02 2.347523365244838164e-02 4.421029986449449833e-02 6.565645385100628284e-02 4.625724040448569302e-02 8.932151800059508207e-02
9.579457382889622341e-02 2.310470650406500071e-02 1.717216176901526122e-03 2.658831806470294407e-02 9.336437808449636611e-02 9.137848381628509153e-02 3.852062671858787202e-02 2.459872929870303773e-02 4.255067795119439611e-02 7.769807131704149772e-02 6.579705500245790206e-02 1.516644030121858805e-02 1.653340995735735897e-02 3.049430296262510900e-02 3.432642858553346804e-02 1.352131044768752934e-02 1.226866436845051173e-02 6.523243810166888534e-02 8.369134530490641988e-02 7.765118825013905823e-03
2.716657009060435835e-02 3.526017729838298170e-02 8.378037456602123456e-02 2.244551260386389371e-02 5.576763684025444479e-02 1.957078736150164033e-02 6.947929161366099560e-02 2.650266580550020463e-03 5.077079058959210744e-02 4.905749090034170617e-02 6.562632563161151233e-02 6.434386529114827225e-02 7.248259321899426511e-02 5.229211537921227282e-02 2.052656966010526704e-02 4.362735927227620603e-02 2.185018256623503380e-02 5.377855351027216457e-02 7.751860027550804000e-02 8.868886528566594096e-02
6.326363244526776730e-02 3.143742950522271373e-02 9.282355339944070582e-02 4.993655131205881892e-02 1.161815325174767738e-02 6.712766305740495987e-02 1.481762581550240092e-02 8.621101163040549575e-02 3.385249351254624589e-02 5.125695256761313851e-02 4.502060546129055263e-02 6.651307556724783687e-02 1.919509347079491335e-02 1.125652632321194613e-02 1.257251944933398570e-02 5.095364985900061733e-02 7.457717607380610902e-02 4.531502836423247083e-02 4.386071248410923495e-02 9.179949044071755715e-02
8.138760213035350910e-02 4.646916595038430575e-02 9.952624824127624670e-02 9.914549897746649521e-03 7.647811090962827740e-02 3.204144512895684693e-02 4.445015944165464639e-02 1.088050806234733964e-02 5.842162598260112333e-02 3.292569979316750921e-03 2.546526570171436885e-03 6.368517394370352969e-02 3.238261237900275308e-04 9.960146327276318823e-02 6.567611682940284468e-02 9.244995627351893300e-03 7.719433118493962409e-02 9.731768000649859696e-02 8.153510166806438031e-02 7.361506041452896276e-02
9.932102306821506688e-02 6.553415813839970350e-02 9.513759339487661004e-02 8.801196619796792728e-03 6.149875174973529549e-03 8.802960184368357685e-03 9.711159791045451128e-02 8.022461494868264598e-02 3.131446776566348955e-02 5.373866649811727403e-02 2.956024021529279899e-03 5.951363347031913067e-03 4.223833071661489691e-02 2.861826049928715282e-02 5.780330160345556467e-02 8.680108832424894560e-02 6.018343817430016687e-03 4.638624578868744130e-02 4.214104256912858809e-02 7.026276424494086459e-02
5.710028571112902435e-03 5.529087989431068911e-02 6.144057232253179873e-02 3.911145564654536916e-02 2.339810748290779494e-02 8.235635540335727034e-02 1.034217734450382275e-03 8.669967588554376714e-02 6.988804400499058767e-02 9.707778470361648482e-02 3.163753341134787483e-02 9.011224873971876437e-02 1.287708357766591608e-02 9.491232672906818602e-02 9.023940717380639354e-02 8.039914853754137614e-02 4.822188692772098190e-02 8.896572797896086515e-02 8.451608242340165333e-02 8.755548473907037721e-02
