2.649773939537106160e-01 2.674274681113602767e-02 1.469697406323720035e-01 6.490188436175192699e-02 1.169954750199761473e-01 1.119706664425931947e-01 9.356220047823082808e-02 1.348474753894298439e-01 1.300118029000718600e-01 8.157375889266695046e-02 6.571285649712500787e-02 8.400718083919882229e-02 1.077717330467049955e-01 1.175659103606323252e-01 5.954280217783014528e-02 9.070709660711134825e-02 1.936863693474643114e-02 1.026498709178977481e-01 6.103236071974648541e-02 1.403084065863726415e-01
2.611431521319422869e-02 2.003339656576881567e-02 9.123072818211463986e-02 7.199329121523113939e-02 3.040665560151441238e-02 6.454384281248569388e-02 8.871909133495314501e-03 8.009172753713909854e-02 2.181034826665303669e-02 1.747289522415759397e-02 7.614356391597480733e-02 7.188349988909413513e-02 4.970902525833396229e-02 7.103125645849882319e-02 7.731712253716158112e-02 6.293319049081036454e-02 7.863582752444657487e-02 8.261698138599653241e-02 6.493503103655788589e-02 1.663303206418215163e-02
7.726265032806686750e-02 6.277816270926180053e-02 3.842343025013257585e-02 6.907158463324206132e-02 2.661390638583480822e-02 6.930529701823220923e-02 5.858435864952326461e-02 3.511418387568727983e-02 3.109805413779164265e-02 2.516936369588862552e-03 6.136390024650818092e-03 1.953034329925183027e-02 9.541442558796897622e-02 3.428235411120611476e-02 9.678898315587990131e-02 7.639903022088534966e-03 7.128272719305699112e-02 4.971492158974202824e-02 2.163364183931146961e-02 6.554215415852696069e-02
3.975365376952794128e-02 2.364284975267162692e-02 5.972759942174002412e-02 5.024101993452215892e-02 6.963176044636154582e-02 3.775082338869374665e-02 5.168708649398817689e-02 5.770056266204098144e-02 2.828388947142195312e-02 6.754887941625889458e-02 4.983484599341251459e-02 9.249844795169714917e-02 8.644013489133162143e-02 8.167536853350117199e-02 1.399925937223918219e-02 2.012070976030289060e-02 9.425572764112299939e-02 5.475045495845382026e-02 8.636968540863533550e-02 5.488334789667031338e-02
9.305628995092067590e-02 8.712416947133599932e-02 3.512202131286554924e-02 8.816684327789960085e-02 2.837722708527894502e-02 8.563620739548839789e-02 6.438040098325316374e-02 1.039500506791163348e-02 5.341327492228991475e-02 3.031613190727817930e-02 4.786106085930960652e-02 9.153427451676704463e-02 8.092534354293579035e-02 3.953388319109923249e-02 2.289432277855305703e-02 9.756759137700241058e-02 8.873526313244232966e-02 6.825815788196136491e-02 9.762978306534356165e-02 7.822553693439468492e-02
4.017110208873930083e-02 4.674804162836285193e-02 3.463825088379971634e-02 4.480940493690177551e-02 1.757406634983097599e-02 4.450950661341429582e-02 4.400273006093992356e-02 3.226037612260764659e-02 4.237510055982393609e-02 9.368123257221484465e-03 8.312764052344423504e-02 1.143824339243376675e-02 8.863893180260075388e-02 5.943148100220031760e-02 7.974093233878859488e-02 8.706509943608196911e-02 8.888336276492215561e-04 3.886464194084610080e-02 1.103087506643281139e-02 9.664760972765613911e-02
4.651754187017022313e-02 5.999483434437378332e-02 6.199910886233622048e-02 7.038977183810865568e-02 5.372288022682737696e-02 6.734012887150778170e-02 6.936985289507047181e-02 3.175816282336246799e-02 5.954793966672385086e-02 3.321268610781615699e-02 5.626793453622461194e-02 3.258160659825485445e-02 2.203833569000490655e-02 2.581588741895678510e-02 3.029623340344707316e-02 8.803297310089105987e-02 6.437825573999117479e-02 8.147584058381068806e-02 3.279473761648451363e-02 3.593846793892543218e-02
4.567868005074376958e-02 5.345868035002641211e-02 5.005873898996909127e-02 7.017920450393155818e-02 7.811295240329135803e-02 3.757571486891825296e-02 3.987909612626453632e-02 7.342546098570369717e-02 5.640480408132107076e-02 8.532654864102667824e-02 8.544730678228554255e-02 9.092151422044046638e-02 5.533024754140800083e-02 6.853037193518496557e-03 6.394301505289363974e-02 5.009765773257961879e-02 1.248140720254835648e-02 6.471779205216303399e-02 2.147871024517578054e-02 5.151043225146306748e-02
7.633357039705275515e-02 4.758924881399106965e-02 3.693433481298150772e-02 1.655227873876561479e-02 5.107990484216025362e-02 3.377172329604252038e-02 5.348894449479291331e-03 5.921537768244712618e-02 6.564055494493646614e-02 1.686930942030129364e-03 3.861056426191318558e-02 5.476400505527723173e-02 5.786021262465846499e-03 7.069068102980345658e-02 6.071266456689958235e-02 6.505028402731117057e-03 1.068123802864467953e-02 4.569057352326471449e-02 9.915031664037224357e-02 9.299975592393937285e-02
9.916961312835749498e-02 3.088800039398731725e-03 5.992645307096821500e-02 2.377610229446367601e-02 5.471689514264313492e-02 9.117756223639805757e-03 3.086520966472179606e-02 8.192897582838420956e-02 5.901058154350743989e-02 7.383618274148451288e-02 4.304238908548158049e-02 4.111665834865024099e-02 4.779381956187338937e-02 2.220608232695908679e-02 3.135224176934519463e-02 9.703186220767202191e-03 2.362940891436404788e-04 3.053253081164075677e-02 3.781117906608612300e-02 1.139794291492183392e-02
8.219134887060614014e-02 9.921841432765653168e-02 4.620815966626698468e-02 5.718856009114606231e-02 3.967176294456044305e-02 3.755333012678843674e-02 2.136321434546236894e-02 7.354597466350115686e-02 5.865649355637436724e-03 3.619631034347083748e-02 1.132740401895711117e-02 1.389220280497470775e-02 1.169048310290007366e-02 5.071460952526567895e-02 8.707425462837979635e-02 4.699379749568432380e-02 6.543608482084514733e-02 3.711673508940265681e-02 3.541796362045799423e-02 6.184156429497039698e-02
3.753464444502746522e-02 5.095179212832898902e-02 9.467846037888379140e-02 2.330079622183326565e-02 5.404623558186449905e-02 4.049278690179095724e-02 6.183314930714736701e-02 3.467671994519615913e-02 4.078876002378940824e-02 1.165562922820725412e-02 8.235907081055289514e-02 9.272473336707465555e-03 2.074120093224231243e-02 3.937996194201536654e-02 2.719776938800842064e-02 8.923256027241555435e-03 8.737207158006665697e-02 1.583320747898544698e-02 7.115758332217383964e-02 4.704442124422393567e-02
1.391438178454494981e-02 8.926792067445454837e-02 9.389489667426800801e-02 7.282704156886925240e-02 7.333799597017275074e-02 5.427001213938081881e-02 2.594588074498406505e-02 1.822733378303518365e-02 7.598592802624126730e-02 4.504784107359556533e-02 2.375184243234931478e-02 6.250028607071635156e-02 5.126221854974093856e-02 3.011353210919433254e-02 9.107194369174866078e-02 4.045842232185645898e-02 8.027889023406344082e-02 5.575271660772084664e-02 4.008467195236223302e-02 1.253329674818302181e-02
1.467037955833757658e-02 1.815278344046352896e-02 5.523080479563263062e-02 2.677203587209895513e-02 9.542998130741466023e-02 6.559019985346348225e-02 8.781021810211432632e-02 1.789865509830293119e-02 1.414266492088972482e-02 7.263679249429795537e-02 6.434405371404776364e-02 2.285105645129670293e-02 8.617058878840745673e-02 5.082458395265957579e-02 2.715656665739252240e-02 7.295833830989283120e-02 7.704623689526447078e-03 7.459112592897540472e-02 7.636225684044092854e-02 7.709326576621645249e-03
8.821635894294829749e-02 5.531340909852541787e-02 7.522969896677464408e-02 5.992538532456468531e-02 4.354777018816894524e-02 7.137342777545237216e-02 1.249819378966983245e-02 8.279600210062798560e-02 8.103099920125619859e-02 6.678165841359472166e-02 7.077302193209475401e-02 1.573036060090706942e-02 4.167564740993472822e-02 8.882924759915591939e-02 9.523424053892882990e-02 8.489550807903914476e-02 3.807631693207047530e-02 6.113882788784426314e-02 5.096830444909229707e-02 2.825325715949257577e-02
8.807899645120825793e-02 6.701658807007045138e-02 8.691196730354137923e-02 9.782416024833573420e-02 4.303722612094434269e-02 5.549074083857720441e-02 8.429088747910935819e-02 9.255702227564846507e-02 4.566088762441693899e-02 7.949422573624204125e-02 4.289098097698169909e-02 8.859165178649652805e-03 4.658142722963459770e-02 6.300023595365969453e-02 9.088901964410445178e-02 2.634083870745154363e-02 7.233862459153246605e-02 7.995666097432398145e-02 6.775321298436115525e-02 6.936781074574856210e-02
4.049073741808008331e-02 2.707074343324081950e-02 7.080278344044445282e-02 8.762690995350231118e-03 2.971706836113054140e-02 2.516013608141409730e-02 8.187099503194691930e-02 3.495628829073756105e-02 7.816151576390735489e-02 3.881661392271412020e-02 4.440276681082964277e-02 1.958795850620831305e-03 2.705603629970254609e-02 8.971666115433241107e-02 4.060805121343108448e-02 3.703526521807637417e-02 3.192672854235977659e-02 4.492073584304454026e-02 6.173536984575311859e-02 6.686959264744515852e-02
1.455775517351626247e-02 3.998593769930258029e-02 1.993327174102106636e-02 9.176375923037838334e-02 8.045361177881060755e-02 8.758319910021789001e-02 3.617974204747326228e-02 3.414439666525054262e-02 2.895891034190085922e-02 3.594955192731246613e-02 9.373656165528694573e-02 6.380648091032212199e-02 4.923535011122768396e-02 3.303245726171057800e-02 4.448117757622184476e-02 6.386640792564390878e-02 8.260799144772332236e-02 7.331627373129569192e-02 3.084080298655811347e-02 2.122035886615300168e-02
6.977772744953407436e-02 8.725608247259623862e-02 6.650767626713794062e-04 5.757241705739558901e-02 8.053014658495399880e-02 1.848251133405530780e-02 8.107751505458669905e-02 6.614387534684029908e-03 1.118346155390629454e-02 1.504104103891978905e-02 3.263548339304363222e-02 9.361034744873757141e-02 1.676221704271501148e-02 5.312486906966754768e-02 4.025975964994216172e-02 7.727590831534662807e-02 5.326436835631642719e-02 6.649091618410722659e-02 5.294818322650585163e-02 2.289249429490135615e-02
1.582201888993017835e-02 7.154827027501868553e-02 8.844852545799392063e-02 5.688499763503251233e-02 8.048281437343235423e-02 3.980572967428696457e-02 6.556674617764195190e-02 7.379592203986173882e-02 4.066826029170346468e-02 6.624288426261608353e-02 8.972194922485959845e-02 5.387800076996671766e-02 5.778885411410736306e-02 6.181202250038408258e-02 9.214715848347448945e-02 1.974341898074022383e-02 1.328485308142524210e-03 5.504960116208860305e-02 6.349299113678320101e-04 2.219297278405366752e-02
