3.355354518601409985e-01 6.993850195610208653e-02 5.764259453053241500e-02 1.073344073996756187e-01 6.905658376107486063e-02 1.627682618109892454e-01 1.482681405458467216e-01 7.323436253189734291e-02 5.901929010145856580e-02 1.318913720210055929e-01 1.008971168509746885e-01 1.293590002470918210e-01 1.532960436793171510e-01 6.083220069224894166e-02 3.970619071265335531e-02 1.437968063389065132e-01 1.004462429183588801e-01 9.769922112474452303e-02 1.231074787794323444e-01 1.044062088417695988e-01
3.843327832607131012e-02 9.960216480438412179e-02 5.543756088234356311e-02 3.977721614457235821e-02 9.425232633769158042e-02 7.940806917670142906e-03 8.175923957988759372e-02 5.347064002392706156e-02 6.514045162241774434e-02 7.770527030079099617e-02 4.981813108462011114e-02 8.081628523289997867e-02 8.516076115899140486e-02 2.582692958015299703e-02 4.243963238438647201e-02 5.166350072102718349e-02 7.147503174204969389e-02 4.123200753831468557e-02 1.623442853409610281e-02 2.849780921963335212e-02
1.441302288987256729e-02 6.215555153501529234e-02 3.927009787460188778e-02 1.977258578295090774e-02 3.063803444544446319e-03 2.308544817291065601e-02 4.043462311759876758e-04 6.384415254622505254e-02 7.380267410906027337e-02 1.064172717071984325e-01 2.792854963688581535e-02 4.231758720705810356e-02 6.246226149584005460e-02 2.619422237054895922e-02 1.028656841022702328e-01 3.451523541717061577e-02 7.476582694630296011e-02 1.070647318762254635e-01 2.945885071459008325e-02 8.506929428107341123e-03
7.580847927387725227e-02 5.366641519709863806e-02 8.981043836424450200e-02 2.837616890601304953e-02 1.067965485374367113e-01 8.231751945695511830e-02 5.584347994639721896e-02 2.107814019041235817e-02 2.890229397296481886e-02 1.001779775854918786e-01 6.682995347732054170e-02 6.676864482701351522e-02 8.826906774873648220e-02 7.462219339785816641e-03 9.142039059474461882e-02 8.279135634959520693e-03 4.784097378439037401e-02 5.574517439733100987e-02 8.751781466890385872e-03 9.312294129404490028e-02
1.009610545636915740e-01 8.839653800935334815e-02 8.205548120747985230e-02 4.329704755824391460e-02 4.757016930785147590e-02 7.319772886833350589e-02 6.535924399994692824e-02 1.047790750537903604e-01 1.380603100888955562e-02 2.357079828181519662e-02 9.666568975640567329e-02 1.022153807963300937e-01 5.001092569875967980e-02 3.272386833784170918e-02 4.912898779186766762e-02 9.995285558289725147e-02 7.774592896903093076e-02 1.251795665286203549e-02 1.569425695678210511e-02 7.503204059744963961e-02
1.822180860981844133e-02 8.093013858089879997e-02 3.454189699860688023e-02 7.161711373248970391e-02 3.987157732177148278e-02 5.820244726150503034e-02 2.490213619437055270e-02 8.135966108364829641e-02 6.384702787354086528e-02 1.699747871898190169e-02 2.093117280841298722e-02 2.948320482944069218e-02 5.988131481437040243e-03 7.563381169414036542e-02 7.127136415657069068e-02 8.754628965252994610e-02 4.337538464644845326e-02 7.834939856001960079e-02 8.859316435068866069e-02 7.640002970047929387e-02
6.070573624369896698e-02 8.489634491268963079e-02 5.965215448986348895e-02 1.276234441823054580e-02 9.206096527851903577e-02 8.725677039853010908e-02 3.815209040088898829e-02 6.781495348074571827e-02 5.274190335950218467e-02 5.560844776517291643e-02 5.754877118797861735e-02 1.898317181862284667e-02 8.714346260736022254e-02 5.083820832247894911e-02 8.656258528403319719e-02 1.056647189598655390e-01 2.528127996756893495e-02 1.317116408596246367e-02 3.118119884320768101e-02 6.136670178783141388e-02
8.036382106815491422e-02 6.829942909022113096e-02 9.983446204799620305e-02 5.505505430804935596e-02 2.517724890243457428e-02 3.459441736621020336e-02 8.559623280218479902e-02 9.155946815611148981e-02 7.452003857240385720e-02 3.802577886699327198e-02 9.395744379253408163e-02 4.746655955667034021e-02 9.555078566096907033e-02 9.704886262668335761e-02 4.129026632473940112e-02 6.054808588253264567e-02 7.495608959273138139e-02 6.901745927417515802e-02 1.703057224842591602e-02 5.935582258159145808e-02
9.814105816751224343e-02 3.915229072604891475e-02 9.638442551892739511e-04 8.338370237001865859e-02 9.031170872638025204e-02 2.884549704412713023e-02 2.278712051343454933e-02 1.373572848413705076e-02 9.146322025648243037e-02 3.443982032202226595e-02 6.789335386485761958e-02 4.884421728597261592e-02 1.084237674082496640e-02 9.695506215837780550e-02 7.108510150486772872e-02 4.078266036341236800e-02 4.567897186130241011e-02 9.754850657892270849e-02 1.611848613596641652e-02 3.317753089512841952e-02
9.074857995025863155e-02 4.739826492883498360e-02 6.288329282896275296e-02 7.424502122295580098e-02 6.239440530069770806e-03 1.913502869662164763e-02 8.509129915101303065e-02 3.909152846748262244e-02 1.451618609414484333e-02 4.733332705189593342e-02 2.060396963320574454e-02 4.136428378088834179e-02 4.318261576756425579e-02 7.343033853965819091e-02 3.366555628528770938e-02 6.990704326853428019e-02 1.032634123794507891e-01 8.484925453584289678e-02 7.856236893181552106e-02 3.066942094488878112e-02
1.002812389863018752e-02 6.588710957233548382e-02 7.947988809702256213e-03 7.487733285489789337e-02 1.020091036480232499e-01 5.683558928607757021e-02 7.191367363177535166e-02 6.227178169037744099e-02 3.908592107211416450e-02 8.995828953504574066e-02 6.864105180600252321e-02 3.004831650060172700e-03 4.476514587787189134e-06 8.892149471849979114e-02 6.953366449357970859e-03 4.914464190543495897e-02 4.855331457932568484e-02 8.637952651087800471e-02 1.703586305153114572e-02 6.388345390708635718e-02
2.966398243243319882e-02 1.265727265179460333e-02 2.641019592910252844e-02 1.060957247406532633e-01 8.471423261065036403e-03 1.098765442536014936e-02 8.351698500564019856e-02 8.536871104614188188e-02 5.145596839600659334e-02 1.868918607659986533e-02 2.212100699987401206e-02 3.931667775206594551e-02 8.075287500419017772e-02 5.276960224557693951e-02 7.411034290253065704e-02 6.268480773841982046e-02 6.020271490620737742e-02 7.369784478713112263e-02 3.952683161043882287e-02 4.432127302094211740e-02
4.628432838930562898e-02 7.674670094550208044e-02 2.006782540683910154e-02 1.041819578716203787e-01 5.583995209406301258e-02 5.242651487676636829e-02 2.962610863754714524e-02 6.106981113561114199e-02 2.246912232742072357e-02 9.393661787939569519e-02 7.896036379203232036e-02 9.946896541805473613e-02 6.895035729219171905e-02 3.978205752714345650e-02 1.297358150928565844e-02 1.065710291950754535e-01 7.677914748686337498e-02 2.391765089877009517e-02 3.278219661122829670e-02 9.445416666714974430e-02
3.027349512916245947e-02 1.071765969435118371e-01 1.820170357847898310e-02 9.626966104651851763e-02 8.771487667424152090e-02 2.185778637438614072e-02 1.026110512185351431e-01 9.969796755779340713e-02 8.794672539332193395e-02 6.558922086737085932e-02 6.748043398816271250e-03 3.943063156671975517e-02 4.203717372420888443e-02 5.299540307891521806e-02 1.009165421734151830e-01 8.808729966575248871e-02 7.408302919907004680e-02 4.306239977952203840e-02 1.061812499110528496e-01 6.348947381027088104e-03
6.708942925638870791e-02 2.716629089790938145e-02 9.644947940488848848e-02 5.075342643122617015e-02 4.480615397261603072e-02 1.645529216867343270e-03 5.057666563302300189e-02 6.977544058026453888e-02 4.347772898948909504e-02 3.056011723889398568e-02 3.693376087362863769e-02 9.116769227394594735e-03 8.300447155319513881e-02 1.041837122307453789e-01 1.073733293996402549e-01 5.469934000883556330e-02 4.277982611170452060e-02 3.068172286922344130e-02 1.203515775215230864e-02 5.302956886710855772e-02
9.223307624485571621e-02 2.553301438058997591e-02 6.518977820753296681e-02 1.634785710431923070e-03 1.919950916480899633e-02 8.831307371350304025e-02 6.613981750343470023e-02 6.055052019722054896e-02 1.107633356461850890e-02 2.159256018109695710e-02 7.585788679784667699e-02 8.926474455786329032e-02 7.276101023446288063e-02 7.728389790633306833e-02 9.047214168722055028e-02 6.236046785888960803e-02 3.707275825149636966e-02 2.132013968801265563e-02 1.482731799857099977e-03 9.264787614973891972e-02
5.409958484401004852e-02 8.405159992247147882e-03 6.353068115856400078e-02 4.252205884371217798e-02 5.484092231488052471e-02 4.393266331424577897e-02 9.446269620836617031e-02 1.042161672781811814e-03 8.725941196911123077e-02 1.068746453163985921e-01 4.832496595573496090e-02 6.804494421762388723e-02 7.512380510026245295e-02 8.110834335981888243e-02 2.651656041229352376e-02 8.315945768271632010e-02 8.895649737023181292e-02 2.706207492718277000e-02 6.167716848240673705e-02 8.896395752034180759e-02
1.055692775838883435e-01 7.069245541755028728e-02 1.489455829422383672e-02 4.255541029980721562e-02 4.885881278955491597e-02 2.702767751665447957e-02 7.470577596327208914e-02 8.327568771657103963e-02 8.559669888420534667e-02 6.760804998401551136e-02 7.987017308009961014e-02 7.813580395387688393e-02 5.710088966252381548e-02 5.305937932754310749e-02 3.963328438787706159e-02 3.376863952903742111e-02 1.716614569468764145e-02 1.003287459332887488e-01 1.017363722601219572e-01 5.583565329817745566e-03
7.760853512202607433e-03 7.680174475433471093e-02 1.008064854498122304e-01 5.704054020245871715e-02 5.827026049055342161e-02 4.428395408114595838e-02 2.211197709730401868e-03 1.949676604974519972e-02 8.445174031366341205e-02 2.219152346927634120e-02 5.529585549086333401e-02 2.103627491299285557e-02 6.001631322015278658e-02 1.971395704566688764e-02 9.945333293084998583e-02 7.339922486725035389e-02 6.739299048536269432e-02 3.086897623629620765e-02 2.309339634834131280e-02 8.037739546314269512e-02
8.335117448746692803e-02 3.048078554651928104e-02 4.822212020242840763e-02 1.005021342634424414e-01 3.064282359631097935e-02 8.952095379128338507e-04 4.176212672293558303e-02 7.586172577608424339e-02 8.712529927939639818e-02 5.673872908933295760e-03 2.887352664336779312e-02 8.942005340620379217e-02 8.652948982556524227e-02 5.831782636739277909e-02 9.721589157087523470e-02 1.780695411080004259e-02 1.523557229341476402e-02 4.578099373784776105e-02 9.565210236118736747e-03 2.874924653265197375e-02
