2.073518632274257145e-01 5.406006657947458327e-02 1.256466291906382093e-01 1.104209349031325393e-01 1.474248079746141582e-01 7.496124497205916559e-02 1.140454830981535161e-01 8.121133830287179112e-02 1.015007947624488593e-01 1.279351739062431215e-01 8.670788980235247245e-02 1.250001508779783888e-01 1.320575027999209283e-01 1.079837156465709991e-01 8.442242596652152486e-02 1.525604207440808824e-01 1.468922694727791724e-02 1.483231816380951029e-01 1.483760398385077783e-01 5.984059080133830727e-02
9.996364285831021990e-02 1.062312099282306660e-02 1.610516030510178572e-03 6.438287731449598983e-02 8.945885159848976365e-02 5.131440917503428401e-02 6.318625208114346525e-02 5.560408125840678173e-02 3.710842657884078077e-02 2.759968249131684870e-02 4.918527217617701952e-02 5.329882431940894533e-02 5.408294769592254803e-02 8.994978845693607505e-02 9.499073826010853705e-02 6.757279114447546642e-02 5.418332499114262429e-02 2.389987579455366169e-03 2.873839402849609568e-03 4.358308576529762446e-02
4.136819239701834683e-02 1.701263903066994182e-02 1.259187462243317561e-02 6.347365421903673754e-02 8.798768744029661013e-03 3.721932572304174208e-02 9.252301379837808704e-02 8.305048881178052345e-02 8.355513102152206661e-02 6.616552948664365663e-02 1.623451606365197350e-02 4.679770283815248844e-02 4.939755866139794969e-03 7.602075445695019584e-02 5.066794650123486454e-02 3.519318561123150474e-02 6.017389909353593191e-02 7.760295215531166219e-03 2.802134088715990679e-03 5.618147965685520856e-02
2.090746157341316722e-03 8.260164491418889310e-02 8.693239194880131304e-02 7.057124787204083725e-03 7.837421126792011583e-02 1.928682364687886105e-02 6.246607519558811106e-02 7.407375272559213811e-03 5.915831753074710792e-02 5.425246278429668445e-02 2.173203069527728307e-02 7.095704752621634706e-03 2.719549112650111733e-02 4.469540713100644130e-02 4.788965269894317894e-02 4.060367408118059629e-02 9.366161191783776985e-02 4.119530403541360637e-03 1.727595859629317207e-02 9.629563232488862201e-02
5.368982454060544640e-02 9.429301770312910336e-02 8.448550672274578177e-02 9.805561822249887760e-02 4.744484419461934138e-02 8.440530999340088714e-02 4.444389770070256672e-03 4.181765020699398927e-02 5.521590014666144519e-02 4.582112009675225889e-02 9.337474207121421177e-02 2.812620665031253728e-02 7.392862599768974807e-02 8.278738838083002372e-02 8.306446375008957883e-02 1.072095345392738534e-02 6.786884427376876916e-02 5.898259095292546737e-03 3.177027820651149442e-02 5.424024494623533310e-02
2.060840775672806435e-02 5.557039679445258118e-02 3.467690892917430260e-04 5.427203380052587900e-02 1.970321265284091707e-03 8.734140827634323534e-02 5.599809694269463484e-02 5.622161422713456772e-03 8.621561398456124847e-02 2.253295153061701805e-02 1.752686056740852122e-02 4.520740350252662465e-02 9.883165752608774612e-02 9.714454891517160240e-02 2.040529820729968316e-02 8.178059653996475054e-02 5.591518241315921595e-02 9.437396842646038342e-02 9.086457454528105993e-02 1.159358375269035207e-02
4.443294619433424408e-02 7.954753791840053767e-02 2.434820889143387776e-02 9.956183164444833145e-02 2.699931632920528346e-02 2.712475774296623302e-02 4.182210432587368798e-02 2.118798723430930300e-02 4.942079642311628801e-02 4.628319078044708379e-02 6.985037130896143420e-02 2.086814370688588882e-02 4.632043579092526286e-04 4.720537952008255211e-02 8.155921425641593503e-02 4.375303080528014470e-03 1.628976747662507288e-02 1.893685531517624865e-02 2.939237557294801725e-02 8.151813519511495743e-02
3.536817597647277239e-02 5.067677665981025481e-02 3.067071295843459833e-02 2.827919363154460936e-02 5.541703059703295686e-02 2.959118433817372815e-02 6.647927088796745654e-03 4.450650165697737221e-02 4.507907700553981378e-02 8.943695599331978607e-02 2.780382656146632853e-02 6.956511698513877240e-02 6.580237274582913243e-02 7.873379214102167734e-02 1.031747552032775787e-02 1.173059603917202612e-02 5.348303443843989424e-02 7.493951234969463415e-02 6.664232963691170408e-02 6.214488616590194831e-02
9.419372035125955778e-02 3.189656825260427792e-02 6.249797996195007033e-02 1.776312200996641583e-02 7.598023719758821570e-02 7.003188823403749819e-02 7.783111661516174673e-02 9.362357347633891436e-02 9.949369459718654385e-02 5.459651298028638661e-02 5.185835299659144471e-02 4.590194608103471963e-02 7.279844875486471412e-02 9.513297903861719917e-02 9.890629539590309327e-02 4.999184162294955519e-02 1.119566263377119730e-02 3.586909459944558759e-02 6.856039633732885497e-02 8.820231481317745981e-02
1.682346401068885930e-02 7.662994644450239062e-03 7.354266840494849689e-02 1.222085008104556447e-03 8.539384078447621873e-02 7.884761204154216996e-02 8.771314426546455989e-02 4.564470805784527629e-02 6.434763491799819213e-02 2.569024075583548061e-02 6.199425552827046021e-02 3.260442369857725897e-02 3.705801163649940361e-02 5.617714054619076663e-02 6.621839041530390435e-02 4.101138050466995866e-02 1.814777159674252393e-03 3.497601045493671512e-02 4.367989293879076529e-02 2.933670470819397386e-02
5.913686702541445794e-02 9.164874295161001827e-02 9.244252870504328368e-02 5.221098319223435591e-02 6.228736624806718858e-03 1.587512602267818901e-02 5.927358255807602117e-02 9.465770416480226435e-02 6.376457604089268150e-02 3.437411427892456128e-02 1.136901766661961924e-02 9.752427771206216567e-02 1.076058605470615707e-02 8.082109338571689949e-02 6.638719352270136542e-02 4.045748000423313867e-02 9.078696523732604495e-02 5.284038897079589708e-02 1.363864317595410262e-02 7.086130830807539638e-02
5.742179533397648999e-02 3.467846491673150927e-02 2.906425341990658343e-02 6.878601757729906063e-02 8.382221430403009876e-02 5.272090774223379267e-02 9.149414247573049719e-02 7.900508092735915311e-02 3.458328783537790996e-02 8.830787415571811350e-02 4.118874797180074876e-02 7.828085390833172674e-02 9.423099012156010978e-02 7.926940288030065451e-02 2.662441705694163028e-03 6.202563173205806468e-02 8.521961934073933598e-02 7.239217049220869615e-02 3.920959892698187149e-02 2.174878537005158277e-02
6.439646850010014023e-02 5.543918569731996066e-02 7.986742332027355062e-02 3.644608954625796343e-02 1.736780117763389239e-02 2.385638330842309099e-02 9.460915200544997572e-02 4.726949650113324713e-02 2.759157428625551647e-02 4.534855029331102960e-02 9.624245822525226424e-02 3.295581334159173453e-02 8.180470519025273557e-02 4.507023746527192426e-02 5.417989018066105694e-03 4.744752149329744401e-02 2.117446641498102120e-02 4.892465884546287613e-02 3.592414454866482698e-02 7.543051507480438844e-02
7.275227513772077048e-02 8.958807607827079522e-02 7.685010786701937380e-02 5.305614681881613143e-02 9.945520639391004780e-03 4.870888313129420610e-02 6.575254871264342438e-02 2.456474240867479114e-04 9.851156417183315472e-02 4.440541549948249372e-02 9.268459837131049969e-03 8.310613278700798578e-02 4.228017920396884288e-02 9.741502868499330586e-03 1.414940239786640665e-02 1.401309870956900586e-02 6.550735045524871958e-02 2.234941080317999484e-02 9.124908732623410179e-02 2.655046542564436576e-02
4.412567454435678549e-02 7.205591856445724142e-02 5.272116371830050385e-02 6.018150269624126386e-02 9.114936581447874442e-02 5.907637110665921176e-02 6.675841938327810310e-02 8.461012297042436181e-02 6.160342341374256542e-02 3.157461511901683837e-02 7.507676695639721454e-02 1.481290493720727186e-02 6.601200398542587944e-02 7.944588873430237508e-02 4.988549628864295121e-02 6.097139874555497496e-02 1.309574969749210949e-02 9.468512681304553031e-04 3.705135318675712146e-03 7.561129873310230842e-02
7.646053953298249245e-03 6.115599420681568088e-02 8.427517327521757973e-02 2.133996961959798780e-02 9.255593354888679014e-02 6.156734032431177180e-03 1.003149057253403115e-02 6.924036450051877789e-02 8.788745369114679684e-02 6.602439470748543149e-02 2.481437330683855698e-03 9.335172686916048956e-02 8.281399792908107627e-02 7.236705695093082445e-03 2.449056734529322585e-02 1.424202603788734568e-02 3.171054555723227392e-02 5.208961080100565216e-02 2.752793204181784928e-02 1.901946852315161869e-03
4.882416799079584285e-02 2.075454286838596119e-02 7.246708339873499105e-02 6.668436513954212981e-04 6.235628838836848944e-03 2.873396792211977552e-02 3.832165716495873620e-02 1.601977441943285355e-02 2.827504045928956947e-02 5.156611793826740286e-02 9.890117132847284220e-02 1.600998474437535096e-02 6.117690110191809083e-02 3.882314679295117976e-02 5.767799496485757210e-02 2.887965025415638667e-02 4.475947136091289885e-02 2.573380703083595622e-02 5.230470167565759443e-02 5.219882418175166017e-02
1.803079152994402487e-03 3.945224746977085695e-02 8.492231592380848626e-02 4.699429510146226063e-02 6.680890918766822784e-02 7.675973270183983344e-02 4.099806287251481218e-02 7.130951289805866067e-02 4.647503185089011529e-02 5.307778579114564438e-03 1.950247211378386587e-03 9.185286336696400766e-02 5.546406192016433562e-02 6.332975329155741961e-02 5.355122288143948639e-02 2.844719135492518314e-02 8.686284034232862050e-02 5.857442838909152072e-02 2.053742434880437978e-02 8.735629538762390567e-03
3.646962676285813582e-02 4.447812979711112530e-02 7.481692226248203015e-02 3.954582955356973628e-02 2.163603339585641605e-02 9.908710269192604059e-02 4.058866305830191590e-02 5.001452247773894438e-02 8.087973594828712365e-02 2.908312294030791778e-02 5.817415240743783328e-02 5.146963741215216000e-03 1.880157332968903847e-02 9.141064599269997648e-02 9.683386683469114020e-02 9.249739901372194817e-02 8.053942391709301152e-02 2.539688995099519467e-02 7.584665937683232606e-02 3.396201035974191068e-02
9.040042238835468980e-02 6.662802940919133193e-03 2.146910664419145187e-02 9.182249942444686494e-03 3.281568434935874107e-02 8.272530243836001551e-02 3.493422606228766686e-02 9.255624960518722688e-02 8.225030214499319536e-02 3.556459706871432230e-02 1.598651011023217647e-02 3.702924384719267353e-02 3.194532872706146165e-02 7.914739317689500897e-02 4.964104684876829293e-02 7.440653925574906846e-02 2.338088914473029911e-02 6.889651936592078307e-02 2.102157487626079777e-02 4.565829051570546859e-02
