3.003928482771504038e-01 1.336030064994988831e-01 5.364973255984821499e-02 1.024842580556951377e-01 1.069128205896602291e-01 9.618273127951389168e-02 1.440427316632447718e-01 3.096956068001528728e-02 1.204872618399052547e-01 3.085375569050451128e-02 3.926788138694405073e-02 8.161708464269910868e-02 9.880156749635285451e-02 1.162412149929081123e-01 8.411982033822008875e-02 8.425721470785507705e-02 8.412788305860963156e-02 3.957985621677172217e-02 1.274388617835104931e-01 1.139715745538692482e-01
2.766796032768372923e-02 7.792379893108992408e-05 3.796654375280999333e-02 2.723409019884104332e-02 3.475438201517842135e-02 4.670397314076566581e-02 2.913511598031577610e-02 4.813610267106354507e-02 9.777502864470881405e-02 7.019519385590013150e-02 6.731113128932712797e-02 7.949572831298198916e-02 9.731880701900834374e-02 7.966351919710588925e-02 5.745062370715320332e-02 4.145088055460876414e-02 1.336861583357151773e-02 7.303080709525767988e-02 2.644859765400290469e-02 7.954445140637883549e-02
8.688681225963457155e-02 6.545111097984068760e-02 7.885996191774224950e-02 2.111344193688296025e-02 9.887863611783019591e-02 1.589084142714603095e-03 9.553836078080768859e-03 7.002892050693505788e-02 4.277719025716861939e-02 2.522879169600091009e-02 8.519977623408150902e-02 5.033841145030999720e-02 3.852237005363808031e-02 7.237278131657268188e-02 7.630040870160011146e-02 1.546587466706726005e-02 6.632463876731629904e-02 6.356832703319705014e-02 5.158533091224637955e-03 9.548191337259587241e-02
8.421722016015263657e-02 4.970101131415153445e-02 4.346127163313295849e-02 5.986743384851023544e-03 3.121218561027239245e-03 7.176172147442817784e-02 3.260852018712456779e-02 2.457891620545468378e-02 2.486816990411833128e-02 9.248911655536852516e-02 9.145016615411086236e-02 5.945666785563048784e-02 9.016250284189768205e-02 7.995811262449632750e-02 4.469270568568192714e-02 5.807073719982147955e-03 9.514778531419677138e-03 2.934466014799640490e-02 8.165731849198605563e-02 6.927377877341088508e-02
3.513164598982581460e-02 8.305780921595663779e-02 1.305629974416117056e-02 6.570984804518112399e-02 2.274375012933535153e-02 9.001109625323321095e-02 3.626777936626438686e-02 5.023800406472500764e-03 7.527834232027712236e-02 1.442611208364086295e-03 6.535897003091860336e-02 2.197585282319962710e-02 7.112066296138667976e-02 6.964811250413908972e-02 1.852367028642707553e-02 7.190906087983318928e-02 7.738082650933342244e-02 1.471116107520903382e-02 7.039651952088793463e-02 6.952960796821770761e-02
3.518777767816304997e-02 3.067697936876980988e-02 9.581791499668604328e-02 1.912295121641414269e-02 3.276266245236806457e-02 5.005563837847457065e-02 1.351603076759562254e-02 5.214324236442692551e-02 6.025018837793871818e-02 6.647985250479773733e-02 6.151102907154634702e-02 3.813074287110508609e-02 1.630402557560344315e-02 6.342456872299662152e-02 3.923463823277300450e-02 4.265961553796873695e-02 2.623180736350698775e-02 4.858164060955917629e-02 1.957689701946238245e-02 2.992044188242831693e-02
9.414547082831636882e-02 1.422367143518640277e-02 1.283807594451065286e-02 1.902713165983382958e-03 4.121639337992965418e-02 6.913382072166075754e-02 1.154640412691467811e-02 9.463234272501910849e-02 5.083647108752939459e-02 1.539256376444881995e-02 3.624910266937320189e-03 3.929065447734214622e-02 6.120842315529775868e-02 2.611795698309410385e-02 5.073750274308969077e-02 6.152370014034110046e-02 8.094112152858346301e-03 8.926344623510307219e-02 8.215278057945628321e-02 4.635276437079658557e-02
7.499569089801591537e-02 7.849760766844431081e-02 4.601966039971401579e-02 1.702055962024983174e-02 5.560088162261889178e-03 4.730795188121164618e-02 5.641424084210475837e-02 1.786793903138310727e-02 5.282678613131733952e-02 1.720758403702442665e-02 4.478557038666372558e-02 4.066788768338194804e-02 9.981616722366987160e-02 4.395799268559285461e-02 3.962837971674615205e-03 3.013325007194435357e-02 3.616997654340144835e-02 7.141952019457568912e-02 6.063173614007432571e-02 9.190107116776974339e-02
2.580211527127166532e-02 3.417464313874603310e-02 9.296601465300392830e-02 6.132641878038661704e-02 4.730914161763251358e-02 2.220028216673985977e-02 9.790629384661075907e-02 3.735563596946440967e-02 2.176063023042287478e-02 3.395745831175329965e-02 8.811139635276619975e-02 1.994247977369931896e-02 5.196919058014205783e-02 5.318723984822368300e-02 2.768686025405913201e-02 3.884306767819165757e-02 7.234133548321398065e-03 7.457771635218234108e-02 8.367021408257183102e-02 9.642147399646000538e-02
3.084800765489270884e-03 7.285946258886306925e-02 5.879873874436589848e-02 2.807594495284027394e-03 9.638090319162651021e-02 7.167400695890052686e-02 1.806817721224867127e-02 4.754425875123211021e-02 1.903065307699074518e-02 9.288799240020617631e-02 7.417420900926886829e-02 9.556800391822985186e-02 6.658319000690654521e-02 4.864092472450104454e-02 8.010712811691315938e-02 9.114903388153317021e-02 8.805852087009582996e-02 6.669101572503111303e-04 8.856718213665365491e-02 6.916835861451446632e-02
1.726490782719342088e-02 3.933006747294901656e-02 4.272585166162452819e-02 5.561468539317538512e-03 8.275905428386137741e-02 6.263689453496605608e-02 2.598626921964910727e-02 7.573223377994114935e-02 9.504580800303151500e-02 9.834028583570936233e-02 7.787591742147675911e-02 8.633259172142246363e-02 8.247649473995411623e-03 5.505331402983801303e-02 1.100968936633391938e-02 6.766724286123093624e-02 4.348510993901025939e-02 7.973822989774999315e-02 2.468395592063318475e-02 4.876503687257106867e-02
1.673466860340455664e-02 6.737826790648669684e-02 1.875719539301571454e-02 3.546225721518053708e-02 6.289409476556695466e-02 2.143893901404226015e-03 2.030695068940649092e-02 9.922254153899359719e-02 2.480005419625456314e-02 6.243293703552824092e-02 6.556049330750890643e-03 4.398642779334993591e-03 2.026289408180411908e-02 2.793108985534107497e-02 1.994885881266282926e-02 6.056075667480607244e-02 1.184689948111104091e-02 7.426941434916446705e-02 2.596206012141376654e-02 3.270204454385581411e-02
9.896869606110969553e-03 6.437737726291221929e-02 9.384359843026901515e-02 6.261487645509912492e-02 4.770020759322191051e-02 6.180499796941671398e-02 9.186275784808359268e-02 4.094715639225463694e-02 6.509735515889680801e-03 7.044728656248526455e-02 9.475973527987785472e-02 3.214540730503567898e-03 5.530613780778707161e-02 2.924923207151032545e-02 4.623946703421979998e-02 4.630250655643313590e-02 1.993737829985917781e-02 8.435050729873599940e-02 3.797839735621371532e-02 2.182216454122479915e-02
4.754990521420870975e-02 8.593486597642813196e-02 6.050362182663780036e-02 5.913436599911234270e-02 4.298124610669033091e-02 3.868156206020659238e-02 6.007002683548347266e-02 8.570547657898264227e-02 6.132741310994441197e-02 8.952863182677263387e-02 2.711478841716241650e-03 9.986970896722147453e-03 3.133096854038991408e-02 9.014969801612532363e-02 2.379971089177848262e-02 9.013036539140440936e-03 6.352783997381704351e-02 4.107405066021624362e-02 5.159058937714044307e-02 4.039471320592352699e-02
1.724426922409820831e-02 4.441823753046602458e-02 9.094708979710483532e-02 6.992580919343821533e-02 8.634580836057091646e-02 3.737726378202956695e-02 8.896694981818178971e-02 5.173166828361405734e-02 1.251723615055249164e-02 7.323233446682950176e-02 1.844930795226180573e-02 4.290243686878558727e-02 2.004067769335907828e-02 8.603647691845395240e-02 6.589609231923514165e-02 3.396949056106131348e-02 1.434206643289470673e-02 9.130453040211861104e-02 2.135689791664149503e-02 9.997617308926315394e-02
5.411506390819331019e-02 2.151001565044144068e-02 3.590547081435115084e-02 4.189521442294710796e-02 3.502347329129989334e-02 6.366800416265792906e-02 3.627886950158846352e-02 4.189838324884778697e-02 2.865877306316105821e-02 2.611977073494810286e-02 9.361964590644214490e-02 2.162543070998798264e-02 6.509842080262721875e-02 4.626278100209615940e-02 3.688432959108861597e-02 1.179991506163614694e-02 2.809733192146750616e-02 5.523302447074514288e-02 6.573608673572869932e-02 8.113898046860497371e-02
3.878774330442502638e-02 7.084890045347290444e-02 1.864235530168709826e-02 5.456660927676500183e-02 6.263847264038235885e-02 8.230812468818338168e-02 9.005599429744054474e-02 7.090583306007129660e-02 5.826056275138369323e-02 6.958387431805528045e-02 4.581641519358586184e-02 9.473652614927330351e-03 3.242996713750497667e-02 4.910002080700118926e-02 9.101326489306446610e-02 4.090317652191455267e-02 9.328306934792417182e-02 4.810044571368041200e-02 4.809553103838746374e-02 9.760015282350600896e-02
9.762302740337509832e-02 2.611154788675766961e-02 3.204866816857800810e-02 7.802821786219603373e-02 3.080057104721948408e-02 3.944193487559455834e-03 1.849325025543929746e-02 9.183227070696430017e-02 5.715328762047042904e-02 3.047180324692012887e-02 5.346392399007016127e-02 7.210397208031172483e-03 6.880906634354459761e-02 2.092501677696175996e-02 7.947341972654661801e-02 2.583038145147957890e-02 1.868892136192732562e-02 5.929967044378158664e-02 4.771837249637642109e-02 9.540248522254296537e-02
2.024428499977293499e-03 4.948045556097869016e-03 8.876816908965190489e-02 2.931496466884751101e-02 5.557468258670203443e-02 9.756717805604951665e-02 7.879127378606784471e-02 3.225928342564426954e-02 3.396868706556396139e-02 8.401514389834341401e-02 5.020877882180870000e-02 8.683907475428499778e-02 6.924151122627804356e-02 2.002675336703010553e-02 2.542645413271295285e-02 1.444876791261415910e-02 2.575088127835646612e-02 1.013127055248784839e-02 9.296285386929653560e-02 7.844843646898181505e-03
9.750783069716517648e-02 5.864300272470906322e-02 4.150673667869694827e-02 7.162502351532711031e-02 3.529970428868929588e-02 4.016186980430824999e-04 2.712797345420391373e-02 2.873477657194994928e-02 5.698819056388088056e-02 5.938884038041592622e-03 8.399775166506735780e-02 6.478141503758493014e-02 2.506424501558749546e-02 8.071248244982424935e-02 3.115393814374192369e-02 1.359778490136404061e-02 3.845350006710199914e-02 5.060284330548245335e-02 6.013345528097485682e-02 5.652438613284882507e-02
