2.509781320100432644e-01 1.116831090255852310e-01 6.447574989983544114e-02 9.271333927051038371e-02 4.064069400453713260e-02 1.014510292831452831e-01 6.020648375146744891e-02 8.111567805698870204e-02 9.426516741559937129e-02 8.237376647958233322e-02 1.250989475437670750e-01 1.002797803573946961e-01 1.257590043453168938e-01 6.337760897425100126e-02 6.168949191302444679e-02 1.045213100581515453e-01 5.253080550807002341e-02 8.295002147696685368e-02 1.848957672279029352e-02 1.359037538458583161e-01
4.208491549093870687e-02 3.636113361107699143e-02 5.744395591445482924e-02 1.297455050586902164e-02 7.246525144604382129e-02 8.788024043870778720e-03 9.153978199286930129e-02 7.096739385162785518e-02 9.058385409167062086e-02 1.750082943535489349e-02 1.243930223196120302e-02 6.382848220341408307e-02 2.772201222765802164e-02 3.198247355892900462e-02 4.785677938333446346e-02 8.421773180673741699e-02 9.341062150016488097e-02 7.908690263551808319e-02 7.156347531127814354e-02 7.859175019313233146e-02
1.755295732082946467e-02 2.222080359759447468e-02 1.343747108595861987e-02 5.253046793452756380e-02 5.464530294721314102e-02 9.547782772916421634e-02 3.646964870932659780e-02 4.472291493800983203e-02 1.534514316246998744e-02 2.165049516528279316e-02 4.844489905709642441e-02 9.236872105984693382e-02 7.447467416761098524e-02 3.073329256414443489e-02 8.002004557005291951e-02 5.470221767568447802e-02 5.756735656222467662e-03 2.268715648721302339e-02 7.720184686286912790e-02 9.994571540230638707e-02
1.445870837769772793e-02 8.824077213828400434e-02 1.698867250666320425e-02 5.476847384695093107e-02 6.431210295154327072e-02 8.514015349397892340e-02 5.847421173214117224e-02 5.272060528243895094e-02 5.500657173443695980e-02 5.676022230989783562e-02 2.315048147818998901e-03 2.954910855458990973e-02 4.557042348038178869e-02 7.182031527579767205e-02 7.299626749740229133e-03 8.625790087847995391e-02 9.661311615462685187e-02 7.421500017561309670e-02 6.359536420963737835e-02 2.545169488590795157e-02
9.158645576423421475e-02 2.415194686847756123e-02 5.577547820523557492e-02 3.403571698163315035e-02 6.605938396002880575e-02 2.043756259538303047e-02 5.364469000990523817e-03 9.027909387261363883e-02 8.612195391223541330e-02 1.623832263621724156e-02 6.999362320528669523e-02 5.384515298600180133e-02 5.611300470242894939e-02 4.881949497106873731e-02 8.645862056343614488e-02 2.322502670919287734e-02 9.481058401699604676e-02 7.365614727866610228e-03 1.319634395997905212e-02 8.661106773609662801e-02
2.835189822674197974e-02 9.251625105198586774e-02 1.445411234811386919e-02 9.453830938244589966e-04 6.438935228835440845e-03 1.691054191339031940e-02 2.638438219332938164e-02 6.340682699617583747e-03 1.645889198391893224e-02 6.428463781091857399e-02 9.677350011558841225e-02 2.029929423924972318e-02 7.875165073423896767e-02 7.825998050269118711e-02 3.363120805131547628e-03 3.134422225843595117e-02 2.753573758623150194e-02 4.348006595811580027e-02 7.332728234782949495e-02 9.269722601722658883e-02
1.388396565634497648e-02 8.774985264794477047e-04 2.948725034796595423e-02 6.332508260741398498e-02 6.438230939472340542e-02 9.095249894441342908e-02 2.539823847074464125e-02 4.798717118337991749e-02 9.665696992128969267e-02 5.877077052047435801e-02 8.518219503762684830e-02 1.197229942624673631e-02 4.545572994323075072e-02 4.122660128371749555e-02 4.139548966639686883e-02 3.271188928427672810e-02 5.695751833372633688e-02 4.983803615754957284e-02 5.972120393713235137e-02 5.295486943507220906e-02
8.360859062266995378e-02 1.696825277753181288e-02 8.409955482113834480e-02 9.343548247117954009e-02 5.655488164861377509e-02 3.224557432606881685e-02 8.363947541486058124e-02 1.169204051444174865e-02 2.394795192626373442e-02 6.328845320575893219e-02 3.004688362539244262e-02 7.562673572554773349e-02 5.079558032080336988e-02 6.866476957206625598e-02 3.207620015554180082e-02 9.522554099808856753e-02 8.143786329976447635e-02 7.511569217798269582e-02 4.898165576143092420e-02 9.903962446879416293e-02
7.243684549144902528e-03 6.535397960120628569e-02 6.160797098648761877e-02 8.286641715682874221e-02 3.956065589944748884e-02 6.616613819847406985e-02 8.830396202341248002e-02 1.552166365400613549e-02 7.191910390025102462e-02 3.327635573041209244e-02 1.404656046696288810e-02 2.318154049755498727e-02 2.374884485086092845e-02 6.487996230743203752e-02 6.632165417889812620e-02 4.391084006126973194e-02 8.053765597851074431e-02 7.084278959177681134e-02 1.772672779371919959e-03 2.211633365848846358e-02
1.673124246473264506e-02 1.921277661126983421e-02 7.548523965624243104e-02 8.025991129815750191e-02 3.105093394743141562e-03 6.330007467896213436e-02 7.722178649841281162e-02 8.490334280219891117e-02 2.956170642896555067e-02 7.025029731746358641e-02 8.415872906131764697e-02 7.600522361560399509e-02 3.639583400765218635e-02 3.836422144138708357e-02 7.450541504345785382e-02 4.851237170872544496e-02 1.021567770829401393e-04 8.339265528442639519e-02 3.556030315623368715e-02 9.684366499093700897e-02
1.447985254228099233e-02 6.595293700251203713e-03 5.132186581417533255e-02 8.014621896560258918e-02 4.616006034990356721e-02 6.369023879721340264e-02 5.941323332459445133e-02 1.394426293023999334e-02 9.236548850875854477e-02 4.621894582019486081e-02 7.387646785266883953e-02 1.093950027020463948e-02 7.439359353305324829e-02 9.715541944110757389e-02 7.735029678120514118e-02 5.417469641615685338e-02 7.168979830411451037e-02 6.862989752135194299e-02 1.902369868791755833e-02 4.219282837350851051e-02
7.826558139446303242e-02 5.301019113292473883e-02 8.616465382237234460e-02 4.590772384564117958e-02 1.156000390686152783e-02 3.752242725310243193e-02 8.794733478431408791e-02 7.397477245508592147e-02 6.775452267801190809e-02 6.073428313145690094e-02 6.640331481889696907e-02 3.121395681294197866e-02 8.149719594916091103e-02 8.054311889087469034e-02 6.915127901058591708e-02 6.638944031439354687e-02 7.901847404201620129e-02 6.389833786328812104e-02 8.169772023129105720e-02 8.589891033457702774e-02
6.472857158600242578e-02 9.840751927258961640e-02 3.388419850162503050e-02 6.592037435406349066e-02 3.025786799254700718e-02 4.378039035486389757e-02 8.580406435099346973e-02 2.406139951084585067e-03 1.577678015973757106e-02 8.297646402625315221e-02 4.083611898320713834e-02 4.482861051341381631e-02 1.741534410778592529e-02 5.966776534951987593e-02 2.321103700473208312e-02 1.354017351476495372e-02 7.634299631977385647e-02 2.367365840569280160e-03 3.848532341482744507e-02 6.970912896115265267e-02
9.047981675119390332e-02 2.335419443035102738e-02 8.571062604899514978e-03 9.386168049358881160e-02 7.979369969720227773e-02 3.202419439414299490e-02 7.068785408117467250e-02 7.093829516058645923e-02 3.670291206083220806e-03 9.574007548336525841e-02 5.390391726749060169e-02 3.406025617263143401e-02 2.167892924494770057e-02 3.837079233039228376e-02 9.195437693015619252e-02 2.852184855580764018e-03 2.989823150292706538e-02 5.689605522095580320e-02 4.246186867727535369e-02 1.982252635381462000e-02
7.443910809779133442e-02 1.619424960346804721e-02 5.212957296617407726e-02 3.678620333464140135e-02 6.028540838815680397e-02 8.646576009630646542e-03 6.588319660305859415e-02 6.417360612170598666e-02 6.869747057085016928e-02 9.846674939639289692e-03 6.948199614800125434e-02 5.234408985976329864e-02 4.616684168030713020e-02 9.581314014739177043e-02 2.782673137659151877e-02 5.627795516427618744e-02 4.850433233665629729e-03 6.490240861967619401e-02 9.338321138222409334e-02 3.297104209597412697e-03
5.919995784966619601e-02 5.496645588483749928e-02 6.608538974958792778e-02 9.744416100169451395e-03 1.595926718441520583e-03 9.583614271423676612e-02 3.973809985788885613e-02 5.739602715466179256e-02 5.125176389760588425e-02 9.614157429172412450e-02 6.754875161696621833e-02 1.074096712876210225e-02 7.745647260450799765e-02 4.458035859698688402e-02 7.407547767466807209e-02 5.502384786113010545e-02 1.092234959841784786e-02 8.297515057488125123e-02 5.945255706484726954e-02 7.420931353882809223e-02
2.637356614428006119e-02 1.398620394805527578e-02 7.090286155873505580e-02 6.320380571466696629e-02 1.618609908354083984e-02 6.092278050860711058e-02 7.992737393406455781e-02 9.262899197272322915e-02 7.857789960863950651e-02 8.030632179184772623e-02 9.293878191705423619e-02 7.787314026468944439e-02 9.040288895063887387e-02 5.502434141411380319e-02 9.898631957839527928e-02 5.278180328194768262e-02 6.794771481857396489e-02 6.032304858559690841e-02 5.241760262182806884e-02 3.229127314921156205e-02
1.408938107461488263e-03 9.563356270624526201e-02 4.523208454047913940e-02 7.496793490611483590e-02 2.471671892486416999e-02 8.494775378709785302e-03 6.021494330743445977e-02 3.877639380416495613e-02 6.882418927822551991e-02 4.934256276017149473e-02 1.278166981526525185e-02 3.098998404842047416e-02 2.613456722302520685e-02 1.504880497411849143e-02 5.202448460820364995e-02 9.504994278418851805e-02 3.899489497111633535e-02 9.060897036571929908e-02 4.300963801433518863e-02 2.151921701053005620e-02
6.779448029292182987e-02 6.295182961470558412e-03 3.711571641043525521e-02 6.485049341342695450e-02 5.464823400862835190e-02 5.035887540471221252e-02 4.112528032889017221e-02 2.935020421800880325e-02 9.839284485581452355e-02 4.104572615558286369e-02 6.029384339307853127e-03 7.296482678219655404e-02 9.422783938182135999e-02 4.968356620262361079e-02 9.532474125762236544e-03 5.690042105725782312e-02 5.834713987996830581e-02 7.723792341064630862e-02 5.646944148231902022e-02 1.212124331976043370e-02
2.614088231917389982e-02 3.419649799378247229e-02 7.586658530143772228e-02 7.302143228847161882e-02 4.163795210969985228e-02 3.373579815523410769e-02 1.137235955655863107e-02 4.687164556070038540e-02 3.414353283702033920e-02 4.870213955443412207e-02 2.811682036790674917e-03 8.199839377867507162e-02 8.649462931804871579e-02 6.778791463221145626e-03 9.061645813568262875e-02 3.548286377697731225e-02 4.449746919702383258e-02 3.892447526106702915e-02 2.004774480284725671e-02 1.553922428741139061e-03
