2.635859230449715263e-01 1.393122506330506383e-01 1.194207865417626080e-01 7.789309211132174060e-02 1.537115940047502349e-01 5.027079373849246274e-02 5.834441250646498628e-02 1.101881820763076780e-01 1.582742350640495843e-01 1.196341639859962447e-01 6.398314420756075205e-02 1.493386504027214290e-01 1.209726475448707761e-01 7.801825163185591161e-02 1.158481689221971533e-01 1.468605751116388858e-01 8.566459275444993082e-02 8.267735471277988524e-02 8.261526431446290786e-02 1.377686496510454467e-02
3.041127947870370107e-03 4.660871334679095312e-02 4.055254721020065678e-02 4.844673081484031363e-02 8.762796310955953127e-02 5.649109102192215182e-02 4.162065357409629185e-02 7.240023444390052132e-02 5.460596381348016559e-02 8.928639790952952460e-02 5.326120368266856753e-02 3.815330131869448804e-02 8.781526971272846094e-02 3.313877098923900984e-03 4.740559661206296405e-02 5.126969529292464689e-02 3.129819196314764795e-02 1.135705584799163829e-02 4.655781059776784719e-02 8.181857558374940054e-02
6.788616507538348076e-03 1.703503163445130352e-03 5.864362093406883490e-03 4.685076542082921430e-02 6.775901408852268160e-02 7.911260629165990654e-02 6.894191263601689990e-04 5.189440047296856560e-03 3.583572571468957024e-02 5.525412318626215374e-02 8.553764083065752352e-03 8.402161739899727255e-02 3.006598736750903944e-02 1.527951811946900475e-02 1.243977872955515096e-02 2.817815165616860407e-02 9.568276069426751018e-02 7.128693759709235633e-02 6.924347826232689351e-02 5.285631639907495405e-02
3.733533984365205310e-02 8.226266470510187889e-02 9.075241003181667987e-02 6.219444879930233205e-02 5.999656355336788205e-02 2.789909880542060933e-02 2.257663310134027171e-02 6.920926844466943062e-02 4.905047256697130792e-02 9.446116102446647234e-02 2.280640630758721393e-02 5.784552456520659913e-02 4.750185270113521652e-02 5.270909807276714064e-03 7.974428568140348728e-02 7.020518250713421449e-02 2.967114682832894257e-03 2.910004270371594620e-02 5.594537679931968488e-02 5.981237614014209281e-02
6.718164790946324488e-03 1.676037043446945360e-02 7.311363056798170224e-02 2.746188110382629180e-02 7.923135356666839713e-02 7.031805079305229744e-02 4.320614430716161053e-02 3.758369932782557298e-06 8.665374215942570069e-02 8.379586504430479310e-02 4.934222710291613634e-02 5.413890659589636750e-02 8.336368964448613583e-02 1.629554392488394982e-02 5.824734913542579939e-02 1.143807600797756147e-02 2.007631262865921043e-02 2.126155193433092519e-02 8.702666992667526524e-02 4.827228171924041744e-02
3.051912209600092865e-02 6.993407402980093834e-02 1.851540628031025579e-02 8.648546877641229147e-02 3.773579059261696067e-02 3.058877704659561728e-02 1.921652515963313823e-02 9.465054783855153531e-02 6.852985644044683189e-02 2.974067704029014284e-02 9.811539247700166999e-02 3.586394116215703420e-02 7.876037578530138694e-02 4.414354616938252068e-02 6.283996663492819046e-02 1.513036992056755563e-02 9.079254390914072437e-02 1.757815119369721167e-03 7.918563411936541119e-02 3.789254519044973901e-02
2.410384029817385157e-02 9.950467480992734870e-02 4.195827210579523847e-02 6.607471001792590559e-02 1.579291949394212797e-04 6.093874991975849892e-02 3.701627126924296463e-02 4.465764064593446409e-02 1.028276869443297582e-02 1.353959320549306261e-02 8.777205374678865787e-03 2.009433978532400300e-02 2.455018144357308529e-02 5.552924146398142968e-02 5.130850224709509327e-02 5.090576959802534107e-02 7.385723348694073209e-02 9.085929034589688980e-02 9.795235030699635248e-02 9.426466918396743389e-02
9.389171427779535728e-02 5.885116472546658706e-02 9.292461890519494727e-02 1.614462032883667896e-03 7.182110801984592507e-02 5.049850629169209265e-02 5.900071834318385000e-02 2.906381191114764187e-02 6.274646879570799918e-02 7.000389867169713731e-02 9.206565945981506904e-02 5.588383000122230243e-02 8.451823849702537472e-02 7.350932316055107385e-02 7.757693081839799054e-02 6.376061452235912141e-02 9.861590566149669446e-02 8.524435932686587336e-02 9.885737829196809823e-02 4.188548313560846309e-02
8.451973798773149138e-02 5.759298286984775722e-02 2.958835519302990477e-02 9.136394382360280009e-02 5.603590362366928437e-03 8.669512862181458224e-02 2.867340107375952046e-02 7.979962914704030741e-02 7.271969052849208692e-02 9.014326876867394256e-02 6.030409249478675682e-02 6.274056265027432022e-02 5.589535130495507098e-02 5.868841499932573452e-02 4.661963036226047206e-03 9.582399850034015176e-02 9.640455864433594702e-02 6.671570611330328304e-02 7.800534280525861681e-03 5.522738415431014541e-02
7.818969070134587640e-02 5.345134049961206002e-02 3.650690675544953495e-02 6.792184571885730160e-02 9.533230077410781433e-02 8.195727590277983310e-02 6.668606101402764497e-02 7.909694482660054038e-02 7.648577877897405619e-02 3.250026147873690680e-02 3.206987258413501046e-02 3.545420117684172819e-03 2.031662236852793939e-03 1.758232400445240012e-02 6.295510257938819430e-03 5.255908923578100911e-02 8.567129441623164143e-02 6.225496211320746993e-03 5.442350403077998028e-02 4.889814400345933454e-02
5.787305899614166027e-02 3.900078843289787184e-02 2.707662432838429251e-02 8.265411529046447214e-02 2.835850665585063629e-02 1.223681467295905170e-02 6.168299676269012322e-02 7.329287600071549003e-02 1.166055582455205464e-02 2.453920579746868974e-02 3.700176741849436901e-02 4.351446133295718000e-02 4.647588671385704390e-02 8.783883847722821769e-02 1.778486260988432384e-03 4.485788736184353337e-02 6.176099629635583427e-02 4.575736851255273602e-02 9.787834355577146317e-02 4.606160584714444339e-02
9.881958946961189039e-02 8.630507926947128539e-02 4.862222068274928838e-02 5.646467142843129144e-02 8.103679269612543146e-02 1.735217474810657468e-02 5.879290192817106242e-02 1.207560473994290229e-02 5.198793928468431469e-02 2.593329587101477277e-02 3.356040562105310626e-02 7.927040184729117634e-04 5.543922088343727905e-02 8.664440544870408156e-02 3.619278025154344658e-02 6.075318824648532484e-02 5.856451014187333964e-02 4.190606386580411624e-02 2.139349612699064165e-02 2.392531768195452907e-02
2.709119527756895934e-02 4.943008844107478483e-02 6.528963595881952242e-02 1.216381119440791518e-02 4.418723299721104975e-02 8.673071572328298895e-02 6.941741306002169321e-02 9.910272510632239795e-02 4.309432944489535733e-02 8.109936180830017161e-02 9.779110223602871521e-02 7.802933189719304941e-02 8.674469916748199505e-02 1.590531709537100838e-02 2.992957413988849361e-02 9.613317637092305690e-02 9.428451849093857917e-02 8.062675342070746778e-03 4.439908172506576434e-02 7.121975084402594469e-02
8.677376100448097596e-02 5.984999816501146430e-02 3.359778899571582572e-02 6.225671581242397945e-02 8.460012443162960583e-02 5.878474056767229311e-02 3.692356869486619619e-02 2.091664764343383054e-02 6.284960234017365754e-02 3.101786507475389268e-02 9.626618293338659593e-02 9.024202128034675792e-04 1.445373239198598572e-02 2.415250996292761521e-02 3.131682487267988674e-02 2.163597106629807851e-02 2.012857249663363435e-02 7.191404196460816911e-02 1.410130687107159601e-02 7.495613999488441592e-02
3.671502627383479295e-02 5.333563092688661800e-02 9.773641154996422220e-02 2.252264936874245546e-02 4.037718845014499902e-02 5.840632261084172105e-02 5.221486569728196053e-03 5.860773556831967712e-02 5.413100518048728077e-02 4.582003639938188322e-02 4.139858113554834018e-02 8.001578899634075037e-02 2.735717268279753978e-02 4.673947018297971989e-02 9.893121235717751427e-02 3.264793417756613886e-02 4.103641713971776378e-02 5.428521936745634574e-03 5.141102339051296932e-02 5.213028381776421694e-02
1.401974816181268506e-02 2.111057861577791961e-02 3.164616849900950962e-02 2.862165113217851609e-02 5.009432927760021359e-02 1.358656214236794203e-02 6.437007154092311279e-02 7.973283297596486796e-02 5.657257528340414038e-02 6.652190207819912160e-02 5.144759187456594829e-02 8.694705109923783759e-02 7.161229605026259160e-02 6.685623298603356190e-02 2.246907078715776329e-02 9.465390699284553788e-02 7.584532173555402768e-02 8.114383764758069384e-02 4.105897308654754552e-02 2.004794251485313497e-02
1.441917515243501535e-02 2.826809401442140907e-02 5.874215104602738269e-02 1.021509225987219521e-02 5.398148249091003908e-02 9.833123531685787622e-02 6.099665256385930490e-02 9.109155363935514393e-02 9.848524546877281127e-02 4.400533986079000620e-02 7.541417597579853915e-02 4.442601205145629145e-02 4.677229665692320126e-02 7.317731542022272440e-02 1.785263817022865115e-02 9.383779304796441290e-02 5.653432149565221915e-02 7.216802752431472623e-03 8.629466098188499912e-02 9.927263011058107961e-03
5.327620540098901986e-02 1.002109919274986154e-02 9.881680592015917863e-02 3.276394440717089740e-03 3.236793351614709879e-02 9.952333182069440787e-02 4.212163748423983223e-02 1.507883529929150528e-02 5.864103854568478158e-02 7.953030809010928903e-02 3.882769621157766693e-02 7.502763932172638872e-02 6.413261506330496242e-02 9.787869972937707219e-02 4.191517935851118287e-02 5.410671958491021505e-02 3.786614609041608764e-02 5.000084681181780205e-02 7.203763514153629921e-02 7.573344579586180347e-02
5.693169261328009934e-02 8.057553368451648990e-02 7.174979507530070133e-02 6.092619568601594093e-02 1.193786978103278384e-02 8.376425342100821125e-02 1.043296589292946885e-02 1.031153821611560141e-02 6.080211552357905197e-02 8.435990193692578451e-03 6.718600905905333653e-02 4.804520193545428614e-02 8.122172521344395157e-03 6.396333818465261417e-03 6.843222094092260566e-02 5.065374928312191966e-02 3.307804543320771312e-02 4.761902810983464213e-02 8.157665812416793616e-02 6.357421164385430867e-02
7.151444628800129877e-02 5.451626433482766043e-02 8.147594746736339100e-02 8.092096418361449661e-02 4.452448100807211706e-02 5.531480705067198800e-02 3.394225712772915016e-02 3.500923492866069714e-02 8.696286495295946217e-02 6.894975912623735499e-03 5.432123099262366195e-02 5.331109290927443095e-02 6.352117592342847174e-02 8.895833815625939223e-02 3.816309016348515271e-02 1.888603994284897628e-02 4.459573936268101772e-03 2.820479676460360338e-02 5.593441288715194498e-02 4.092625163750138878e-02
