2.622224448674772002e-01 7.766376769934660307e-02 8.465949657020366281e-02 1.569697146382397768e-01 1.028346015937029179e-01 1.009828528855998414e-01 1.416109760628190828e-01 5.947706883040709824e-02 8.719022614841687169e-02 4.791180031432348829e-02 7.299250136607902950e-02 6.524835127615395691e-02 9.639792063821506218e-02 1.555013424089047303e-01 9.068562122079151799e-02 7.313144399499542370e-02 3.632413297888187342e-02 1.312373715082837677e-01 1.400007413272034429e-01 4.888501973930396011e-02
9.170930255210371640e-02 2.466001961641069162e-02 1.168572992377988652e-02 7.152645454156247862e-02 3.432197744219849661e-02 7.458349482832499211e-02 6.310648274672310543e-02 2.997197846944332777e-02 5.000225667416420550e-02 5.629074001184286580e-02 8.813370344189197514e-02 9.457541783187220497e-02 7.718741922604165084e-02 4.787364704358788858e-02 6.948710331110208305e-02 2.595877091708163192e-02 9.884883468623073544e-02 9.349771793194651404e-02 2.813558195485146504e-02 9.876885639417976037e-02
4.491134161065250124e-02 4.602926782122444133e-02 4.786875269127038868e-02 1.821239638512021225e-02 4.365984260399710659e-02 1.943368593980091680e-02 9.616110702044340652e-02 5.817472612692355105e-02 1.494995290945609970e-02 2.511941059444586927e-02 4.543125068349192219e-02 5.689499248167589202e-02 9.845361613424448433e-02 2.801767019999217359e-02 1.757872278793051399e-02 3.342436848862603144e-02 7.250626407843659138e-02 4.297750969829149809e-02 4.731343222369807644e-02 7.832863459424110539e-03
5.546712978153921919e-02 4.531860695739731160e-02 3.055721571271163839e-02 8.360170715468334679e-02 7.717820232221239869e-03 7.241347873745293540e-02 3.052559283773850426e-02 9.598451946709775362e-02 9.660468971594748933e-02 8.409298236996676570e-03 1.958202129559887331e-02 3.632321209253471656e-02 3.937856034276975697e-02 2.053661932864184886e-02 3.702423515757782141e-02 3.456814211003007842e-02 3.434689427203855422e-02 2.316631853068617033e-02 4.864496375425886830e-03 2.316115986212941014e-02
4.473521217016443452e-02 8.905262827214130428e-02 5.222638259070454952e-02 7.079149460255619586e-02 6.060742666577662030e-02 3.150754088901363409e-02 7.630023486535057742e-02 6.087748393629571764e-02 2.588517347752168629e-02 7.062974877177079225e-02 1.178802375573587830e-02 8.688923550635435644e-02 6.465389699998690121e-02 2.599249401826986272e-02 2.301166172980677674e-02 6.739564721839973183e-02 9.846906086811151038e-02 7.410419462522133127e-02 6.045901082712135111e-03 3.717659166858188619e-02
3.108905107954425262e-02 9.195474000580129703e-02 8.061442099405112527e-02 8.236008156659739565e-02 2.973643413184652584e-02 2.917900554814896463e-02 5.638343961247223313e-02 1.947679078076341996e-02 9.099085308416103579e-02 7.330044947204521211e-02 9.229346813381872350e-02 3.130940450290233684e-02 9.526303490580069477e-03 2.947966455393181973e-02 7.341595737119048504e-02 3.560790806130943731e-02 9.514591870666863627e-02 8.980589359524054904e-02 4.436450452641025471e-02 4.574256746800032039e-03
1.568764276741772129e-02 6.400402001963488574e-02 7.443705957415786001e-02 1.675310620331538214e-02 3.086296793711873487e-02 1.046382193613423252e-02 8.004095461946006407e-02 5.055019031112120698e-02 9.237096598062963237e-02 4.755671802211935278e-02 3.712257964382607162e-02 3.471083970038078143e-02 4.658846060490299396e-02 2.339681465493003223e-02 1.990391947466155914e-02 9.206710163497489052e-02 9.563543674833596686e-02 7.490499656989590971e-02 3.200199627533573208e-03 2.728311311472743361e-02
6.476383987584020951e-02 1.070884519219673751e-02 9.095646202499518829e-02 8.356315673852197923e-02 7.623888987532834692e-03 8.793049579797374005e-02 4.203076568636410562e-03 7.240899734290968948e-02 5.890093777129572911e-02 2.635065594245074305e-02 7.942835609737020075e-02 8.716302299302768064e-02 6.021860268748469025e-02 5.633176633727592780e-02 2.102670428322196694e-02 5.948336348352332298e-02 9.494358381264314528e-02 8.590291751744104365e-02 2.268681275509748518e-02 2.405769699404334411e-02
2.255269942837545734e-03 5.724079565026490152e-02 6.969489870737084758e-02 9.934392800924889133e-02 7.174512942162142304e-02 6.699715874331728382e-02 3.707148360179396418e-02 3.205440032252887539e-02 1.562704040333194946e-02 2.851599665948069406e-02 2.312321848620798800e-02 2.013478000662981618e-02 7.544096593124738695e-03 5.146458948084053908e-02 2.914917367698754980e-02 5.435354875673514136e-02 7.857846524716804656e-03 8.740837185169107737e-02 5.044732909039029156e-02 2.264828974790056293e-02
7.463630690861833630e-03 2.261015888333887253e-02 2.710843052733497016e-02 9.785372468194425410e-02 9.594996329609817298e-02 1.043465728150816483e-03 4.683733714795939446e-02 2.315489051528779596e-02 5.284191612776661245e-02 5.032271993803028205e-03 5.074846367956882542e-02 6.379173299408208431e-02 5.385584972837319934e-02 1.518745266629244542e-02 2.832268685151053886e-02 6.808032111837417077e-02 2.394405269165036584e-02 8.500420437891328951e-02 4.043732549453661618e-02 8.914081104283362589e-02
8.549142139292054132e-02 2.924527234725277092e-02 9.583511158141705399e-02 2.247613552678391635e-02 5.197954565219465271e-03 2.619004861828186023e-02 2.383677324966662278e-02 5.981244935399426116e-02 1.333744260233773495e-02 8.286917683368515142e-02 9.185038357993678682e-02 7.934447194790601732e-02 8.385009151285523210e-02 7.804707895141645146e-02 6.925019234321222461e-02 9.048051889861136177e-02 4.461223417397137958e-02 5.881860073982601161e-02 4.244463985334293726e-02 7.418836329255827644e-02
9.626368462652279412e-02 5.019113027350752265e-03 3.822777662720183017e-02 1.006380674783321529e-02 7.633190110084059343e-02 3.922660350988728395e-02 3.539251011177192707e-02 9.462239589483065205e-02 2.151293237583756790e-02 9.250278460963234917e-02 9.325271215514385759e-02 7.093820637234094298e-03 7.601845566270923338e-02 6.549243836977879096e-02 5.121737662232665050e-02 8.938151360426888070e-02 1.848885946431180413e-02 6.097806814161457756e-02 2.549283568688549828e-02 7.818333464617423234e-02
6.370192522733689189e-02 9.865211431858161850e-02 1.315236154928722855e-03 1.456688353350031953e-02 1.405925881666679825e-02 8.058246399000590365e-02 4.651416581301229952e-02 2.711971382626102850e-02 8.901394041930142664e-02 3.912410999406928241e-02 8.611414420929620894e-02 7.891161045618280689e-02 7.168529957102995342e-02 9.429794641049410453e-02 4.116445764381790329e-02 7.166139900989722256e-02 9.258485438798197409e-02 5.050791811235927353e-02 8.129267541985374379e-02 5.761071445796683149e-02
1.257555830047820712e-02 1.106853071413983584e-02 5.481359314481908801e-02 3.363024077448952681e-02 5.190328329555176506e-02 4.199503645402679480e-02 6.375700846802373478e-02 1.295151702400662054e-02 6.009759160461475291e-02 6.903095046552586156e-02 5.236165458452806537e-02 5.216925509688376261e-02 1.115872360181325955e-02 7.789618829128265587e-02 1.965005974443222517e-02 7.549376413148756529e-03 8.643798238198227568e-02 9.129238405384465516e-02 4.052533827061809840e-02 1.564282418311282660e-02
8.246887527253266709e-03 9.726742983912106677e-02 2.963782928759336674e-02 2.374003902162269766e-03 9.938454029858717620e-02 7.295929844916126950e-02 4.350198907868291220e-02 6.751367241242234828e-03 7.421697807941871061e-02 2.302728234955253583e-02 2.335201630592980207e-02 7.539754706354057090e-02 7.578664701902904088e-02 7.327928439067181443e-02 5.220858204056836455e-02 6.258610794654109744e-02 2.719404246489253232e-02 9.664632617633883704e-02 7.240752132667875596e-02 5.841397070926530877e-02
1.465994745918662925e-02 7.856170234101178540e-03 2.739366202896640484e-02 8.153765044840455278e-02 9.605816037101434779e-02 4.043685564043223574e-02 4.040340324735980371e-02 2.029449012778278272e-02 1.727242499584846942e-03 8.300309331702038218e-02 5.213803203365181826e-02 9.225629059843337698e-02 3.691273534485385588e-02 4.668321612112058538e-03 5.861865400548961491e-02 2.513124046590605939e-02 4.272889341215058145e-03 1.409772856195978807e-02 9.191769257177796748e-02 7.682140688348811086e-02
5.720709300045598994e-02 9.759158473673655576e-02 4.224739259309576861e-02 8.843052097357773089e-02 3.705814556613295369e-02 8.849384477745225394e-03 1.243976257183472371e-02 8.238093023614723176e-02 9.204843596247197501e-02 2.515981911782527725e-02 1.150727392919558348e-02 2.006368587009691590e-02 1.571667098578600694e-02 6.980153943300208830e-02 2.920745470300584179e-02 6.797509679633979840e-02 2.108330125707512728e-02 2.942206592200087567e-02 4.816895708965728690e-02 2.681401792282924954e-02
7.917650426786008999e-02 7.739533265393828965e-02 5.188574021244912737e-02 7.020211622958195952e-02 1.783289050315033444e-02 9.495031415396543162e-02 8.578598171807816017e-03 6.490821413400763018e-02 2.124000361127330663e-02 1.105436330107351095e-02 7.794187021548110161e-02 7.025405857355571278e-03 6.539274387506234000e-04 4.746013089379579747e-02 8.426302145533648424e-02 1.098028001297746224e-03 4.667232610937874226e-02 3.263995995694202439e-03 5.391840286970600582e-02 4.415392672096341009e-04
1.424614776304159586e-02 2.366747040525230081e-03 6.552468139697099035e-03 2.837694122337644162e-02 7.770599106380013388e-02 9.801564820383435253e-03 1.011739616863627342e-04 2.342391175326845668e-02 2.880067338065957216e-02 6.664495161946898394e-02 6.745239507428436171e-03 2.530938627329339108e-02 5.956154905589131771e-02 1.866418355578436492e-04 6.816006947358189960e-02 8.875618392554292246e-02 7.517988183020801740e-02 1.102717097052735573e-02 4.665893470740117149e-02 3.209916055585294858e-02
1.610834889889534247e-03 2.346253193777015017e-04 5.390492268350342148e-02 9.170937720969807305e-02 2.565714809551937828e-02 8.749661787923103395e-02 5.692050494696054841e-02 5.221757489934252677e-02 2.377443444498998984e-02 4.254677319191998985e-02 9.799942088083069339e-03 7.696532003088900342e-02 5.679933901805973850e-02 1.075263687751982881e-02 1.963666890881336086e-02 2.282134986141293089e-03 8.203173168480230870e-02 3.026044591648442694e-02 5.569154321141623482e-03 1.841787443736282379e-02
