3.364066411105866017e-01 1.009232176357123534e-01 5.632789077954111767e-02 1.426257272511079199e-01 1.379342311940500061e-02 9.611097672064258801e-02 1.441327349829708004e-01 1.003914666157743329e-01 8.445758266032787898e-02 3.996094158253939155e-02 4.959329941094076100e-02 1.207462596499512264e-01 8.404228894787868498e-02 5.617586740506790022e-02 1.041000185609793210e-01 9.204281088491253482e-02 1.082273237332803950e-01 6.946520256808608185e-02 1.536781905739081910e-01 1.058796839329290557e-01
5.053469566308474437e-02 7.637688941113772445e-02 6.270346352902582410e-02 3.960896535157373832e-02 6.675349078600469055e-02 2.821008311146471284e-02 9.400864222754722055e-02 6.687360005546821862e-02 4.925446075940510815e-02 7.670016442638380449e-02 6.757066048355851728e-02 7.135764948514279615e-02 8.967127446046099792e-02 3.876663707140928783e-02 4.059912171607282794e-04 6.308803996200620934e-02 1.470666049076614461e-02 2.581963845560102458e-02 3.606948175746500784e-02 8.156413181437538462e-02
9.143659719478143544e-02 7.523890236793549791e-02 9.650833402802769245e-02 9.708555170074784774e-03 4.373627344864151889e-02 4.244660514852208882e-02 9.572956586580610994e-02 6.847879289567647410e-02 4.413667670956940292e-02 1.165813841659969589e-02 7.367698711268783063e-02 7.064747667731915981e-02 6.845360085389111393e-02 8.831532365981431543e-02 8.728948633336104657e-02 4.710522953787297379e-02 7.453076807673307547e-02 1.091315769359100379e-02 9.802980038169832600e-02 4.766664702613564869e-02
8.481623645319971705e-02 6.265047324170595899e-02 7.179003123947100273e-02 6.259362390109862728e-02 7.186315047982361204e-02 3.793174118877132295e-02 3.425287026896402243e-02 7.892089211790181968e-02 8.098402092933819352e-02 5.657075760958490268e-02 3.022176478789711032e-02 3.260014379616357066e-02 4.337058954586519438e-02 3.176632626991957725e-02 5.524091975888123507e-02 1.898007904474972168e-02 5.927716931732636418e-02 9.334852611747827822e-02 5.667422469999630619e-02 7.848862221433809683e-02
5.828921331587610249e-02 8.662843046708085248e-02 2.864680931279767195e-02 2.870864753170570063e-02 9.708766044602298861e-02 6.126399768590284206e-02 9.445069614172285632e-02 6.368839113240441774e-02 8.151821931792641029e-02 6.983897275534299565e-02 5.699949245828923872e-02 4.745374942479427954e-02 9.974792154308759207e-02 7.473060047006052815e-03 8.025386033284809262e-02 8.772190440294092006e-02 1.137687343278126484e-03 9.198016902244757209e-02 5.910536303253086793e-02 7.311350672001099005e-02
3.349469992280025565e-02 5.200908641480860711e-02 2.701678277458279334e-02 7.748296315215216779e-02 4.623881292234932605e-02 9.417914832589309448e-02 9.256046400371786831e-02 2.180350481091487824e-02 5.240945661008600612e-03 3.964642271982801724e-02 1.431850221568661298e-02 3.522736597699614031e-02 5.287436781248322504e-03 6.911413389293175752e-03 7.664316977235155481e-02 4.102940767183207993e-02 7.290866433123145696e-02 7.556360812198024968e-02 1.509733372725984360e-02 2.702554279910098986e-02
8.288474239523302770e-03 4.198707239466095698e-02 1.860449355442317420e-03 5.547562161339780751e-02 7.912225205023165620e-02 3.717939665175136466e-02 9.559977925087680128e-02 9.502999491808322707e-02 3.867807719104454645e-02 9.077934113707031294e-02 2.633616628379813543e-02 6.808151076690664716e-02 7.528176399471681046e-02 6.569354265145266976e-04 3.571636156158609909e-02 2.624266178505711006e-02 1.069065811253429137e-02 1.078669992752222598e-02 9.925258431962152850e-02 7.067698750131110041e-02
7.419276727118988279e-02 6.449471714370159925e-02 7.436624497951306589e-02 6.444114020018210098e-02 6.270538201390715716e-02 7.436195636008294252e-02 6.691427979680242277e-02 7.196357843077962058e-02 1.043375802770959461e-02 3.511791881330844634e-02 7.058985085159341644e-03 9.586312003892427658e-02 4.344613029897936157e-02 3.987344399078460166e-02 2.098234286605119708e-02 3.588697197111035027e-03 6.949292886042211792e-02 4.185720335291921723e-02 5.036807373297802481e-02 4.324310417065731216e-02
9.563660688957849321e-02 8.924915533187990913e-02 6.691391089887566666e-03 3.517233263098584750e-02 4.367716610650900638e-02 1.371451176153054563e-02 5.679227824525100859e-02 6.365611940942783598e-02 6.668627210987462806e-02 7.322586751634561908e-02 3.370000188497159627e-02 9.327020739065605692e-02 6.750705626298601769e-02 1.116697340179584417e-03 1.650881309317627985e-02 2.017284439079180050e-02 6.426134876634435888e-02 5.107943840225226406e-03 1.570153359949427729e-02 5.470163455007231307e-02
3.634219697729148407e-02 3.604546849536514191e-02 2.243307680375326157e-02 2.935858136937412668e-02 9.881275471031614188e-02 7.843140607770410222e-02 9.270771637144209487e-02 3.649337617621428720e-02 2.976164111666151912e-02 1.258939400583559791e-02 6.107575486399046544e-02 6.078969544905235556e-02 7.576481369615863104e-02 9.910834343878313635e-02 3.392672854493909013e-02 3.532729418157142670e-02 9.001918332279804091e-02 1.792151149731591175e-02 1.617767677613049168e-02 1.658008013418725904e-02
3.064940354533711789e-02 1.345473652111659618e-02 9.495862683825277706e-02 5.462933253569096648e-02 3.124208689544599737e-02 9.531916189475536649e-02 5.222496241050206267e-02 7.377672319111895638e-02 6.844193932092755561e-02 4.240734145548127887e-02 8.002200227025436929e-02 2.695685989623131107e-02 1.290046187121794002e-02 2.751609066646970581e-02 3.040914357660998851e-02 3.075570596354959899e-03 8.983525190667324134e-02 6.072688776680943562e-02 4.136228117371998879e-03 6.217416393023667345e-03
6.192648648658539404e-05 7.031342621981018226e-03 1.252419128677177002e-02 3.058191658578273200e-02 7.674742270153515900e-02 4.736212373595949376e-03 7.077055825210093465e-02 6.752603097208077776e-02 6.896417283589936775e-02 6.076934811304414430e-02 8.411137137439300693e-02 4.146093939285620117e-02 6.440662325625322315e-02 6.987612261404343994e-02 8.600900814071499312e-02 4.926092155834802672e-02 3.574846556296991384e-02 2.673569152693944500e-03 2.324014565215815238e-03 4.405626522922023725e-02
7.869710768842612392e-02 5.940156683899092127e-02 8.222567725595070209e-02 8.894988966173862643e-02 6.066534617121202566e-02 2.896924214085494715e-04 9.147698361959454016e-02 2.507886839924356164e-03 7.837478532267526388e-02 3.048777137958260872e-02 4.882881294017408363e-02 8.641128417720976562e-02 5.361984601978075221e-02 6.998157475277792805e-02 3.323476453755085797e-02 1.718691653987447499e-02 9.234840642887440221e-02 8.802839541321932915e-02 8.298505970724789904e-02 5.816488152226395592e-02
8.910258441621328462e-02 2.807265994631449532e-02 7.054048696288306441e-02 2.939431920312216701e-02 5.198574398832085663e-02 7.843637761341748504e-02 6.282717609434272654e-02 8.183650139369227916e-02 7.558963956263714534e-02 7.224184467228634068e-03 2.704286416599275406e-02 2.055504927015904329e-02 3.007722987199003273e-02 6.454809062152522432e-03 8.222604413133039608e-03 8.127816830897130473e-02 9.989925615508910006e-02 6.412292276429239213e-02 4.165207975193890161e-02 7.680768649328978404e-02
1.805477357233318397e-02 6.845010342640629741e-02 8.928404341618528806e-02 7.533613942124049723e-02 2.536112415503801940e-02 9.089006141792115023e-02 3.373683182599194336e-02 9.335232042960794896e-02 9.024521871234306158e-02 4.699277185333250451e-02 6.587772270479208894e-03 1.667435739784369972e-02 9.395943402776840703e-02 4.542056675060557845e-03 6.065297922034142142e-02 1.181644456388371116e-02 3.431449633978660846e-02 8.946265243069090323e-02 1.427621849074113373e-02 1.590119332149514397e-02
7.154803795278306955e-02 4.155530251205891146e-02 1.709825256853900882e-02 1.709612318673158285e-02 5.023935695056509776e-02 6.262972109532302656e-02 3.653683415584163541e-02 6.975085000197479845e-02 8.930492323479094496e-02 6.578690290812914954e-02 4.066850650502566028e-02 1.978863609813583807e-02 9.186516204835525057e-02 8.877572492446977881e-02 1.986498431656119612e-02 2.769001176217875809e-02 7.625170003261735885e-02 7.660570517440928873e-02 5.524032011514667939e-02 1.858887111245539556e-02
8.815228785164787306e-02 4.451631288881335163e-02 7.831316879790711782e-02 7.373659424706832666e-02 7.774623432301653279e-03 5.506463686451688183e-02 3.619240415930504579e-02 2.549799921959707005e-02 7.579477670622647434e-02 3.263103286660967717e-02 2.616775154351371965e-02 3.303164271396932111e-02 7.070681705496392744e-02 6.791826130731011546e-02 9.796126007818031778e-02 5.924629780053450312e-02 7.652204825211605943e-02 5.377100785759817564e-02 7.538213182984941640e-02 9.223991561385208593e-02
4.018888550545303417e-02 2.337161372207614829e-02 8.560183978007596117e-02 6.610088345317355341e-02 8.136729519645810593e-02 4.825473738211166763e-02 1.626316874392629355e-02 2.344270231316963882e-02 5.812944186199026086e-02 2.403371035070023254e-02 7.428753248657610220e-02 8.449748799086631568e-02 9.730802717366149324e-02 4.809077625033930659e-02 1.866096059195252593e-02 8.120574368276439747e-02 6.287362497241243131e-02 5.773479274000985900e-02 6.638468355029455981e-02 3.350946244446190159e-02
2.972532454379518685e-02 3.947926277898072649e-03 9.562883388826234898e-02 1.598699951888207446e-02 3.206750392491042323e-02 9.195247090755787056e-02 9.964887767144149644e-02 8.941711318752267046e-02 1.545637200945759737e-02 3.099200101590190645e-02 6.265571812577024058e-02 1.311209772593493507e-02 7.725854291970520038e-02 7.910637326752797960e-02 9.619212103236404743e-02 6.385980323537529535e-02 6.525894876793447708e-03 2.774561646328872755e-02 6.425132502249650268e-02 4.326616028242923767e-02
2.370564046497356664e-02 3.561190549557446960e-03 7.910974599844904087e-02 6.669525302863327232e-02 2.165409083452892944e-02 2.868435940462464931e-02 5.345654767611975056e-02 2.429765378157879019e-02 1.499869016506898481e-02 4.352577167078053311e-02 3.963678013432050951e-02 2.311288751436696431e-02 8.889796151155844595e-02 5.076723465074292618e-02 5.421085863982773312e-02 6.826314846661600544e-02 5.078178321321069610e-04 1.236525155270194049e-02 5.896026056079605587e-02 6.996736365798394974e-03
