2.359508531882584803e-01 1.075395152235194135e-01 1.221856834993299140e-01 1.544108185497213293e-01 2.818267277040720220e-02 1.515394578016125426e-01 3.525463214271203766e-02 8.055537843947351007e-02 2.695094790835830117e-02 6.177712353690760494e-02 1.421527614405641571e-01 1.237950708521821930e-01 8.834329105784174963e-02 1.024090072417963154e-01 1.121804366160055744e-01 1.311865833480271304e-01 1.132591578319878112e-01 8.860924628184790874e-02 1.082827637797910414e-01 5.203948895848274636e-02
8.516919867363512142e-02 4.766228742697924819e-02 4.455568663070274410e-02 2.839732170866096292e-02 6.464664316147045175e-02 2.275309970390221662e-02 2.960372543363018472e-02 6.245286998122312298e-03 1.004055359964349803e-01 2.782125762991701640e-02 5.447518950916076935e-03 4.674943295341702464e-03 2.977198061457471054e-02 4.456842659581863875e-02 3.154380700273010790e-02 7.705805035496184063e-02 7.959268106281894295e-02 8.515450771612990966e-02 4.814398621243540927e-02 8.140102130632717592e-02
9.222207278711853917e-02 1.827305366640399539e-02 4.050654932397951269e-02 7.314137450641008953e-03 1.048464612673997987e-02 5.805357441208729152e-02 3.207149368292318975e-02 1.520139376699178139e-02 8.655304660873856804e-02 3.515861245846893524e-02 2.092533778017673096e-02 7.306169964977807241e-02 6.508257628878170997e-02 2.822505073362719871e-02 1.910212741475494913e-02 2.926127152869962070e-02 1.768939500242325616e-02 4.878089923703046726e-02 2.947948750109380053e-02 6.937351570011096591e-02
3.789581137881278122e-02 3.296933677538566726e-02 5.420027877523384691e-03 4.241118734541919622e-02 2.689483225728944715e-02 4.069517075483634200e-02 2.035841239541869713e-02 1.601090725792559885e-02 9.489517794789949223e-02 7.507842825763635930e-02 6.960057617925362317e-02 1.372783167095977842e-02 4.404496108677855015e-02 3.558053821212864287e-02 3.203260535857227476e-02 6.348628763472699554e-02 4.927067299044320158e-04 6.492491720602006078e-02 3.494738433174669756e-02 2.838804702142742192e-02
7.826051290323166043e-02 7.611208703394529984e-02 6.557317888791242000e-02 5.301124142663978661e-03 6.291102627840074180e-02 6.873184465013918061e-03 6.195824269791826155e-02 3.135490733667551516e-02 4.817696871863821201e-02 3.761726633559826088e-02 2.384782454156196205e-02 4.661129392371083507e-02 2.764983101136253563e-02 7.441410397130905630e-02 7.306230027309745800e-02 7.222861753270246044e-02 6.232824987427423163e-02 8.970157277133024298e-02 9.522810575685441981e-02 7.032313317926240648e-02
6.495425977565016940e-02 6.088223512958435224e-05 5.985814930611230850e-02 9.857418328587376488e-02 1.105320974809256493e-02 6.675787225841200859e-04 7.630452301379492264e-02 9.325445921333865018e-02 8.959716887926467976e-02 6.142726516934199354e-02 7.178522276748824926e-02 7.265710794451329946e-02 3.302331367577610033e-02 8.900788031456283167e-02 4.693714492419550494e-02 2.850902408094285745e-02 8.118162303381519507e-02 7.530499880475578257e-03 2.925867302458080160e-02 4.578204814383057819e-02
5.445983210406499936e-02 2.785248842652460893e-02 3.732890052106883211e-02 4.266301742457939868e-03 1.530740529050739034e-02 5.860136686568567094e-02 1.696479677823688539e-02 4.895448976783178807e-02 1.807820359137531085e-02 6.753525882388909662e-02 9.455993490316094707e-02 9.497494677756405934e-02 6.904993079946535051e-02 1.542727194467499556e-02 8.973216530623664977e-02 9.538616676074486433e-02 1.428261739121314787e-02 7.795980617163779380e-02 2.999064691462107954e-02 3.918218734573925693e-02
4.673257431860494693e-02 9.418023582388404535e-02 1.030593660833237050e-02 6.264888470226656625e-02 9.733754474834303838e-02 5.265621087082552471e-02 1.523335217753405649e-04 1.756573200323531840e-03 6.306095553757719296e-02 8.545586200253180165e-02 7.422756137556584151e-03 5.164271244690234880e-02 7.305395655365961270e-03 9.368480528518439987e-02 4.548714022908516980e-02 7.563044164133925738e-03 8.364576262111846072e-02 6.642762726260431627e-02 2.444456263827309017e-02 8.288006610398809815e-02
9.317071227018008939e-02 1.408169218393269745e-03 5.326287626061959081e-03 3.694958877060781216e-02 9.116359575820753847e-02 9.283871255022541069e-02 8.953154038427799111e-02 8.092513175398553804e-02 7.147272340736481044e-02 4.161251511716849288e-02 5.487939447348566535e-02 3.461048489604858641e-02 5.374567026426772115e-02 8.055052555087384436e-02 4.775936123159089247e-02 2.246070323887730188e-02 6.817198389351981913e-02 2.756723563795294984e-02 3.514743373728784065e-02 8.306233835530413279e-02
1.428027842573413760e-02 6.742810363588143396e-02 2.719306974742104546e-02 1.796948300346510805e-02 8.020274618421838198e-02 2.720462879666455530e-02 4.016091700410473475e-02 3.288301001321536354e-02 9.930929726743357999e-02 5.836172440785694637e-02 7.288000844667992008e-03 7.868152953446198861e-02 7.727663570594558995e-02 4.370080154378928883e-02 4.635122047307620174e-02 4.476759171282853472e-02 5.553186396493277333e-03 4.100506158433331327e-02 6.670532665439285469e-02 5.454938562161277052e-03
6.950910499896921502e-02 5.450597428514006998e-02 6.312543180775211094e-02 3.921560636337852179e-02 6.862694993790539356e-03 9.550249249319732459e-02 8.677626026339062271e-02 9.865557282112537296e-02 3.000781953746531686e-02 1.656849798392876980e-02 2.740689877358463630e-02 3.070255245415164352e-03 7.829487031509027584e-03 7.760456389436966307e-02 1.001511911321282672e-01 9.795938984720563292e-02 8.608324810940200938e-03 8.475386588218666861e-02 3.269945595463055049e-02 8.902428656485510128e-02
2.367858729248147748e-02 9.194189923449279378e-02 4.731078520163283646e-02 1.003395386524108118e-01 2.979205787675472117e-02 6.506964278718202488e-02 8.251000089265608795e-02 9.237663845573968607e-03 6.239317530117875765e-02 6.015594610042776513e-02 8.420548238527292284e-02 7.743534141680059879e-02 9.762698193400207169e-02 5.263573951873994766e-02 2.591921272816397406e-02 7.553569458595386053e-03 9.721397284606285438e-02 9.346290237701496140e-02 8.198101728708301339e-03 3.387843591053105868e-02
2.283635387824088994e-02 3.244409817414359038e-03 2.120427757915009301e-02 1.564823225737598314e-02 4.031641603285784914e-02 1.903458246366596801e-02 7.597488119163726961e-02 6.054864735021103089e-02 7.215460120066700955e-02 3.279948309375049081e-02 5.653391035333796277e-02 2.953652504922714070e-03 3.740767202713572801e-03 7.242214265267635231e-02 5.514011975094897100e-02 3.390933654260418900e-03 3.394063890643668480e-02 9.050581601731498560e-02 3.195824445046275414e-02 6.220313585490230834e-02
6.006029098064550459e-02 3.862510895396428084e-02 7.794957548929666580e-02 4.290109178096495474e-02 8.206146898226464315e-02 3.232080111993369809e-02 3.902212477239126037e-02 9.050765445035527379e-02 8.367703311082666517e-02 2.128455780299735867e-02 4.263801567975247092e-02 9.668672440494126274e-02 4.356858873279510769e-02 7.694451602090034148e-02 3.487700571316443982e-02 1.644216656291270715e-02 7.581759416658533091e-02 3.796605463260770835e-02 9.223625071599031444e-02 2.347095235788726822e-02
5.625283914851972322e-02 3.672904184836754682e-02 8.718211342179768564e-02 6.739208098084543963e-02 3.060313753611180326e-02 9.053426708793810285e-02 5.340328522904887187e-02 8.583684799359607431e-02 6.400210846391206354e-02 7.631499257996976482e-02 2.680032230731085180e-02 8.076109103942681611e-02 1.002254619481248235e-02 9.484283098963562642e-02 5.084257440305959413e-02 7.626319446551570180e-02 3.280195092917410904e-02 7.464823696413540322e-02 1.019898222075723594e-02 2.111020043593224774e-02
1.649461032951594908e-02 5.492673620256140893e-02 9.151559203038453494e-02 1.271540754932353433e-02 5.327381347454025057e-02 9.674509964639096959e-02 1.372419140609427990e-02 5.648488515808288563e-03 3.807898012415628086e-02 5.040853830315304013e-02 5.792854837462813045e-02 5.850716307898085056e-02 9.497745543253449663e-02 9.332882391810636002e-02 9.924777599809277151e-02 9.270119162361580012e-02 7.917994360855767910e-02 9.741762699072052667e-02 4.990622610718357249e-02 4.722936554871416670e-02
9.760200605347539582e-02 1.200872794233383105e-02 8.762558358920917445e-02 4.726551484971322492e-02 5.002505029571332335e-03 6.744634682071865353e-03 7.784470994144618294e-02 4.580088532988788042e-02 6.679023534997971523e-02 1.850926194157051508e-02 7.190599978172204643e-02 2.782714386912235605e-02 2.986149219722385867e-02 2.670341390889241842e-02 7.454292492699404749e-02 5.687839524536272146e-03 4.506242944908730313e-02 8.714710550457624438e-02 4.954103683261718710e-02 3.094056593590398599e-02
3.404755344235398801e-02 1.533197228488244156e-02 1.743019048386067540e-02 5.963497940020754534e-02 3.432534586493455144e-04 9.430904033012832421e-02 3.957132907662256477e-02 7.889460995852864977e-02 2.837087141820093458e-02 3.066081000574666718e-02 2.759516103871312298e-02 4.736074880988025426e-02 4.676465532732724389e-02 4.234094277347243834e-02 4.655418354931131070e-02 2.004901826753338959e-02 2.412795563499909451e-02 8.077196926271633381e-02 3.947962229439033743e-02 6.952328993214813846e-02
6.049750335288679726e-02 9.888455312530800012e-02 1.001022166468362173e-01 5.153808684870205686e-02 3.267042710655483628e-02 4.832582795625438299e-02 9.512534254405020928e-02 4.163381181884658749e-02 5.655838152004826619e-02 1.284227085879872596e-02 8.597206576622391794e-02 8.834678746478358269e-02 3.606324944882608602e-02 2.403782650897318823e-02 4.254365791234424737e-02 4.113106428502239648e-02 8.171935752098684336e-02 6.191973749831714002e-02 4.996536493826606723e-02 7.756281977718755549e-02
9.607722511699341716e-02 8.644907652301248024e-02 7.690851027536761697e-02 9.053272259195770111e-02 8.461987136517851171e-02 5.034573450101764713e-02 1.011401322978921352e-02 9.522296680773569000e-02 3.960149328262692336e-02 2.811961444062788251e-02 5.986017919663629699e-02 7.407915333662172530e-02 5.710950281204241891e-02 4.846524845142621829e-02 5.807274817745717438e-02 3.158997507948491795e-02 6.994257406337618665e-02 8.506999684322104349e-02 7.895028156410544007e-02 2.354311235810318051e-02
