2.619584694382289247e-01 1.225040433317768074e-01 1.621372257257218674e-01 1.541089349651756368e-01 8.680433376272095325e-02 1.578872746524613846e-01 1.266672589880599720e-01 8.782841627109201632e-02 8.674823392231355290e-02 1.591442341128803672e-01 6.791906282254667193e-02 1.425068451906380818e-01 1.954676126570318445e-02 9.942481786641441110e-02 1.081803389420699785e-01 9.733349157310397515e-02 1.137741425434287551e-01 6.366877725573351354e-02 1.370221532294429445e-01 6.646006248085233048e-02
5.779765374855338339e-02 8.855855314483720986e-02 9.016261292136805439e-02 4.963563103462231840e-02 4.783385130632015342e-02 2.827473411909172882e-02 9.690293251904907867e-02 3.245372435545334361e-02 6.466662502486757169e-02 1.525742369544638190e-02 7.200212822642065857e-02 6.289685800088339052e-02 1.505412274039926758e-02 6.971238934931667935e-03 7.337032304780016778e-02 8.761957686098933995e-02 1.898774767371358418e-02 3.940714207094556110e-02 9.092966079051081896e-02 2.682132780866418667e-02
7.132789469356269618e-02 2.854739757267901398e-02 9.414065932796270020e-02 7.894461523769376321e-02 7.620789731716598459e-02 6.596879597618699256e-03 2.652551704937811203e-03 5.309762544706839171e-02 9.184674235911718942e-02 9.075335257465988112e-03 7.472833756585832432e-02 3.657955569658285361e-02 4.043180422831205330e-03 3.362823589616723702e-02 5.225481496521591773e-02 7.918721724585176674e-03 5.594656252952639325e-02 7.197507044061592085e-02 1.852312698386518117e-02 3.577623641947358379e-02
3.679881815461211181e-02 3.104204462216988633e-02 6.589965481679380122e-02 6.706503921575324156e-02 8.162402805965507033e-03 2.889463529688085508e-02 1.967260439005784692e-02 2.159934192884780529e-02 5.670001772645536647e-02 9.823627415538092877e-02 3.282585142140861251e-02 1.536504604857901260e-02 4.042896126328632267e-02 4.881433480669805647e-02 6.542625174422526946e-02 2.572333295966461320e-02 9.367941994300078845e-02 9.265860506325000745e-02 7.781541276550081598e-02 2.797250346114588202e-03
2.738718425295507894e-02 4.439887596016783150e-02 3.526793011672690881e-02 8.643045777946611885e-02 2.725775747994455683e-02 6.511359749166191480e-02 2.265709843728840392e-02 7.418721730209798526e-02 5.638981074448008723e-02 4.736322509320711749e-03 1.729428251917426371e-02 5.809291111766106547e-02 3.398658309452862181e-02 7.208550622124020035e-02 9.558252683513217274e-02 6.254310082763070607e-03 3.330695700880028504e-02 9.789217732064461885e-02 9.232364628305567145e-03 4.192416451052768944e-02
3.520849786214248767e-02 5.845232842687182739e-02 3.725080724584666630e-02 2.914732212958752802e-02 9.753607523170013116e-02 3.860160268813826040e-02 1.715224014627333635e-02 2.863404165226313483e-03 3.666871518419780734e-02 7.737740503472952114e-02 5.282205930017128126e-02 3.630355605626228721e-02 4.243681516749717858e-02 2.891444678621200165e-02 5.768862883034499289e-02 4.447297755496180255e-02 1.637263770266572660e-02 4.799108226228687019e-02 9.936398748314262397e-02 9.196342657919974461e-02
2.013309924046972205e-02 7.405152315260209173e-02 1.509507594332377793e-02 4.626238085739920011e-04 3.269237242008538047e-02 3.318426174121863470e-02 1.052405649229779666e-02 2.363563872871004071e-02 5.428154990155475978e-02 6.753616925180881692e-02 9.514119214005962999e-02 1.996473189266837617e-02 5.696108778578593684e-02 4.143838515161563096e-02 2.862276680666331428e-03 9.448452984724040049e-02 4.508936897104499041e-03 2.921148748664269615e-02 8.074161890768355443e-02 3.585642504110269496e-02
6.022027282185561659e-02 5.640956561370625254e-03 1.061267601856060762e-02 8.886244056706966987e-02 9.116235059541623331e-02 6.858602101257492423e-02 3.047815120738487510e-02 5.795797309114766871e-02 3.849682384497850329e-02 2.716703968473510589e-03 5.964602070384958377e-02 1.584902300750079540e-02 5.681667327371742616e-04 8.819936319274618297e-02 5.312636509495159004e-02 2.236205206221957356e-02 8.218295653188993632e-02 3.609572994511298788e-02 8.629050508002800157e-02 2.237908049625222592e-02
6.204008137542557644e-02 3.629794301205916535e-02 3.994484678309942471e-02 8.672775406909595183e-03 2.640006545840022437e-02 8.698916263596993825e-02 3.640529320483498060e-02 9.600661969918773686e-02 7.023842970392263352e-02 8.019156059587218000e-02 2.511759285172684639e-02 1.846245527830348010e-02 3.919703698279253246e-02 2.667019048424873473e-02 3.766503817345772526e-02 2.880960046451344278e-02 1.669140606156305380e-04 5.338427542082391751e-03 7.543825219072985977e-02 8.875341919354089171e-02
7.947545757158913649e-02 8.475165235559731225e-02 6.067369973746942341e-02 3.408914599171591897e-02 9.961841193254164506e-02 4.417367820646013465e-02 7.542118203182182623e-02 6.093280724208482296e-02 1.150955966063703720e-02 3.578227432926240010e-04 9.984169897195635524e-02 2.623180560786767673e-02 5.451246596382353093e-03 1.015832702177214136e-02 6.096663254199793935e-02 4.532849128366955860e-02 5.636759916846142970e-02 3.238956054927962652e-02 3.999707269385231051e-02 6.516032719938325002e-02
9.866365908101407123e-02 5.035306552759401255e-02 4.128390954258687184e-02 6.462451717719365496e-02 1.967829072446349026e-02 4.682548594954552557e-02 4.539688340430696883e-02 4.156764462133382548e-02 6.764724285025433548e-02 1.446856763609119002e-02 1.106118545875223180e-03 5.718282277907904901e-03 5.842702805819288865e-03 9.728167077340013624e-02 4.698033335351625706e-03 1.495691717946551202e-02 8.738391724098315549e-02 3.427977565170133023e-02 9.050111859146438287e-02 4.669446600525320457e-02
4.614149163231389544e-02 6.110715296408508052e-02 3.225657452934560521e-02 3.621159910401272608e-02 1.902932374297936630e-02 9.178743968703639844e-02 2.617981265891391671e-02 5.317988364526283346e-03 1.336151735804536056e-03 6.462219275849297173e-02 1.390619997570737877e-02 2.447543432926323551e-02 3.252862396281780422e-02 4.141641581299038144e-02 2.821273031541242718e-02 3.771500186235318686e-02 8.460448189405697650e-02 6.144142424256199275e-02 7.763101473438220601e-02 8.004740433679963241e-02
3.238477455482415696e-02 7.213679452424269500e-02 3.591140039285801999e-02 1.334768633082683564e-03 3.924785055053449379e-02 3.090316819870862070e-02 4.940959193959942874e-02 4.292231440439581158e-02 8.451794064429735132e-02 4.333677583455178284e-02 4.024450146839726739e-02 4.786036513563194511e-02 4.665758932556401256e-02 2.225267090689096033e-02 8.895227964974639079e-02 8.327549443152559849e-02 8.920229327532029628e-02 3.118506294540174251e-02 1.040241524865639401e-02 1.522733273311358687e-02
1.279679022122211067e-02 6.043051656775641489e-02 2.145907155794885002e-02 3.412143140004583047e-02 4.932144763597665071e-02 8.963228938843176286e-02 6.706299160087668410e-02 1.940920244798684247e-02 2.248017167303048222e-02 5.686990660027855388e-02 7.082323200987414302e-02 2.579273898573762949e-02 8.634220031565215114e-02 7.750084082096203586e-02 9.611149825197713714e-02 6.855209393256715689e-02 2.422517649044917537e-02 3.301294455802981226e-02 4.545365314351906133e-02 2.914146057947812965e-02
7.702917295986973223e-02 3.408496513151652169e-02 1.812866354352038467e-02 1.178969230551801806e-02 8.054942283879154563e-02 2.850362531561414711e-02 4.895136507500369438e-02 7.664805315073208725e-02 8.067871204025475751e-02 6.378525574784554841e-02 4.836448799362346590e-02 6.133323873080706590e-02 6.177980380424678147e-02 7.047190119472533654e-02 1.120261274311185095e-03 1.619470773034308378e-02 7.548852740674309725e-02 1.939633600959966842e-02 6.928445374115183020e-02 5.093408361098819559e-02
8.664925889065898390e-02 5.373105991779830032e-02 5.450424332104053526e-02 9.991504937806318376e-02 2.117974709415471057e-02 7.242497955204911519e-02 8.554880980696016879e-02 9.941130908044611136e-02 3.442563223269930889e-02 9.029449578991601000e-02 1.378621462633256153e-03 4.528585345163971265e-02 1.476785355813721272e-02 2.667245899729284858e-02 5.775381987715260540e-02 8.336092423068047763e-02 5.210653984200317584e-02 9.772548674648412481e-02 4.612709891317129385e-02 1.374830506083992744e-02
4.547439891255947164e-02 7.321144308817235935e-02 8.498352428126493274e-02 4.192871781305506501e-02 6.930523572246236053e-02 4.917108885946424451e-02 7.494407377559661465e-02 3.382787149919517372e-02 7.475241100099974667e-02 9.533530334330797551e-03 4.102437147869807815e-02 6.979032893420508699e-02 7.502548349576539100e-02 3.485950511523621537e-02 9.826704472464392603e-02 9.163276951936016879e-02 1.934235153711306998e-02 3.421087368007850321e-02 8.607132613676621302e-02 1.427779729384970504e-03
8.034314288765705137e-02 7.075251938063127632e-02 1.437893343049511177e-02 9.399278556130807871e-02 4.584901100757720477e-02 4.485166027808908107e-02 9.413058767824941664e-02 1.324307689143217059e-02 2.028002243556780229e-02 5.498436255982609017e-03 7.148968664615759638e-02 8.799337492155791252e-02 1.339774308781361938e-02 8.330964365111469261e-02 5.679415119705195913e-02 6.256776627227812748e-02 9.666953317858210937e-02 5.555688278678997533e-02 2.241792341676857037e-02 5.733110726260298717e-02
7.707948428232019866e-02 6.553533929337884700e-02 6.851872399964202554e-02 2.641106921187354184e-02 9.120328044355827113e-02 9.437205126865333416e-02 8.546048660328443500e-03 5.617680991825129561e-02 5.674842078776939913e-02 5.716456683174856584e-02 7.299426870013925837e-03 1.941676196614190719e-02 6.526695696072785935e-02 1.931096255045525872e-02 3.442451070707972655e-02 9.694099957964531777e-02 1.850675485377819771e-02 7.545047255229421490e-02 5.469882432426595442e-02 6.180178414243577001e-02
8.057228845821447216e-02 8.441081818773555484e-03 1.871916280306387334e-02 8.578155501307964392e-02 4.107803748850714920e-02 5.681901679786414278e-02 8.644916761411720885e-02 7.295313926611986244e-02 9.435791729269601968e-02 4.368484274618179841e-02 8.719919134841321029e-02 6.866633470748098600e-02 7.869668198143787638e-03 1.774918700047675366e-02 3.866304465427803511e-02 2.084811563644813071e-02 1.416163321247920857e-03 8.054196738434479808e-02 5.600066102402556818e-03 8.508532153729460312e-02
