1.279157796076482723e-01 6.890106448918617565e-02 1.111750053402004168e-01 9.617368044407718919e-02 1.173975409040526052e-01 1.276021526935335049e-01 5.395063096579368056e-02 9.406377921859232494e-02 1.029299727918410456e-01 1.385522830244365344e-01 5.079566332079418767e-02 1.149147055693454100e-01 1.001443639568511401e-01 1.309005721021854751e-01 1.412510657916765666e-01 1.159541713444189603e-01 9.179938099888236558e-02 1.110594990677872956e-01 8.355345696247987175e-02 6.123348762346579599e-02
9.338442002893243554e-02 6.483415183297694395e-02 4.595603786321098005e-02 7.397981041377352240e-02 8.513175532248103139e-02 1.158889241702864073e-02 4.368887748230895762e-02 5.188046995897367675e-02 7.496152715503022479e-02 9.664583512098030849e-02 2.394732537449738644e-02 2.690691128446642908e-03 2.821948531811702132e-02 5.975727224732799159e-02 6.416377825667753110e-02 3.959699695524289409e-02 6.487964135049976988e-02 7.334563967759115399e-02 7.629470919470111856e-02 7.686722103228987857e-02
5.476843053967370839e-02 1.593344059019443856e-02 6.943963091934739207e-02 8.427528717709333039e-02 4.152910217501114970e-02 2.207647186720934629e-02 7.767934994389336101e-02 5.920817875622585297e-02 7.237271503882936226e-03 9.876399104662964001e-02 1.308549498177086212e-02 1.391363718167587527e-02 3.247354138251497963e-02 7.956233655270317229e-03 2.794764501817833743e-02 6.562549290548781722e-02 8.620037465408819655e-02 2.990601033121673830e-02 5.412659149867511676e-02 3.139221973359529461e-03
3.565845819626001223e-02 3.954988446702479253e-03 1.307848875405633916e-02 3.278220788385035472e-02 2.011045267334108516e-02 7.445700379397207636e-02 4.240928564665327749e-02 8.564832710382551395e-02 8.421040008221747364e-03 8.352396500164921411e-02 2.893857608299999027e-03 6.626865508561285978e-03 2.834048103704372989e-02 8.706981583666320579e-02 3.025176945208492285e-02 4.059011926267520887e-02 8.073468985358502048e-02 7.479795277214548732e-02 3.539259988403494622e-02 9.604461918232450046e-02
2.920364587241286794e-03 5.401210087365623802e-02 8.763255164660098406e-02 9.898558085196768053e-02 5.431590243357686115e-02 7.430593892355086272e-02 1.459734703674726679e-02 5.276700108173611181e-02 3.685055518329553165e-02 1.057774486690666975e-02 3.086554222301244460e-02 7.120775537752298268e-02 7.251954190920560650e-02 5.723410222860792276e-03 6.563245419263845359e-02 1.370333937350596415e-02 1.974439727787870302e-02 9.364796520147088132e-02 3.154605446340118940e-02 6.582626798138323243e-02
1.103810189033693854e-03 4.319919996279711349e-02 1.051975650436617372e-02 8.882509626400336353e-03 1.042329981754832637e-02 5.415525806425607741e-02 9.178894564778855569e-02 4.780082741899272653e-03 5.563410985597688763e-02 7.782878637692287882e-02 5.976474817762708613e-02 6.057964671126606082e-02 1.316070322241712567e-02 5.563889582709409531e-02 4.640946027751054193e-02 5.277772012890830089e-02 8.673994762140224690e-02 1.684371417814238894e-02 9.063793220825044558e-03 4.440939175061961453e-02
4.148945793291032580e-02 1.299285701054631080e-03 2.485274553457997998e-02 4.809743075028652393e-02 7.686932056609127595e-02 8.402117628516173053e-02 1.138224246879450223e-02 8.669475358848743526e-03 7.969171693857496352e-02 3.483935654065122706e-02 8.872620782901645409e-02 5.795725946303494081e-02 9.256242162771166626e-02 2.258216408646873728e-04 9.773111602354829508e-02 3.415937671948565679e-02 9.075146312519089681e-03 7.180350098408028528e-03 1.323130453045229422e-03 3.840912776919106625e-02
8.316185974887027599e-02 6.191746638251172758e-04 9.845965293446977407e-02 3.720983065892063957e-02 7.901517060858409547e-02 4.101983068978008046e-02 7.252204084437861853e-02 5.365561603147611658e-02 6.563393597949891689e-02 3.938585711847436555e-02 9.625124489571411368e-02 5.165447700443385332e-02 6.801473103734076431e-02 3.158614633265738325e-02 3.834728866712124040e-02 5.835812434397145282e-02 7.272835816501400930e-02 1.042689216113286237e-02 9.338989888544041440e-02 6.838371364538527175e-02
6.539656507551372400e-02 8.917862655267545791e-02 5.924632456670972380e-02 1.302747297364259668e-03 4.824918349194343148e-02 4.679293209241646573e-02 1.691200070030130041e-03 6.566849131799173955e-02 1.788443683586837807e-02 1.175962274070987447e-02 9.909645122194811473e-02 2.393342511957208523e-03 4.463736894133441165e-03 3.159058671461894424e-02 9.166933962780926537e-02 4.507449382297495921e-02 9.154241201830233543e-02 6.069727601047608667e-02 5.796698740012985740e-02 9.318940306616770031e-02
1.429812988918831643e-02 3.818996042347629072e-02 7.233885430225357738e-02 9.370569269120060385e-02 5.593763504284602478e-02 8.283626565879458059e-02 9.551256663015051870e-03 3.043652758222972418e-02 5.388624608305823266e-02 5.567860320984305972e-02 3.857141796523833044e-02 6.108331596699017457e-02 6.045465498975147872e-02 6.312104105803059695e-02 5.211588290396418355e-02 7.861607014548747940e-02 2.667329800371378776e-02 2.745762415214474464e-02 9.392266388079373307e-02 6.371470644875398825e-02
7.871686424467894128e-02 6.869944699293929757e-02 2.577984954916637955e-02 6.713068220405017661e-02 4.395652003726016610e-02 3.436600157815983270e-02 2.878494299349313584e-02 1.841608081547959838e-02 3.337128224829536555e-02 4.964058625243947254e-02 3.496951583286713600e-02 4.280086857008758017e-02 7.786265762267945145e-02 3.522677935472617872e-03 5.229931302136941323e-02 6.760600059978146004e-02 6.461253759586382817e-02 9.057428001104909920e-02 9.129667239844829751e-02 5.268241196458467446e-02
8.617012353801828395e-02 9.131336661788752584e-02 6.134168158131390186e-02 4.308928645534750024e-02 9.231240056207304367e-02 3.299441884724685619e-03 1.086336783244232912e-02 6.111682933241181781e-02 6.942544843938792953e-02 3.610907249972439455e-03 9.597446133805576790e-03 6.278611115229680573e-02 8.637654397702368425e-02 8.192160865647496459e-02 1.100949563610678118e-02 3.020385790212809680e-03 9.468733894170204557e-02 4.791128217550914142e-02 3.104462209001420878e-02 4.922253644869034606e-03
7.001016374508151063e-02 7.404773145227337705e-02 9.514324199097395907e-02 7.559512857518276008e-02 7.609925300528928849e-02 9.978619379052600102e-02 8.229276388848327795e-02 6.823154545370148372e-02 3.823245563874917707e-02 8.177125876717090958e-02 7.332590505743780129e-02 5.875468236888278795e-02 9.377983212040201522e-02 6.778838854634304523e-02 6.866360163630558233e-02 1.623066119335797586e-02 9.957302212601135127e-02 3.015375693342255137e-02 5.088615634482712702e-02 7.089695640786281006e-02
2.449164726669983416e-02 5.075000607214972398e-02 5.818877597287219067e-02 5.578954710059790684e-02 6.452908784062701131e-02 5.165465421793502543e-02 7.446393208816826093e-02 9.852778529591435519e-02 9.398300482839343217e-02 6.727950927674689052e-02 4.108078710205992357e-02 7.117148968425428268e-02 4.520213250227370083e-02 4.922782825747643032e-02 7.967527009798597293e-02 9.553607233682280542e-02 8.731591579321676400e-02 2.945293894449875494e-02 7.893894863114948868e-02 4.188111286079387874e-02
5.885967490961870052e-02 7.880973830572876593e-02 7.888978257544607131e-02 2.905966900609041614e-02 9.125237435614672044e-02 5.090794192200272239e-02 9.930771182228353977e-02 3.666498338900103099e-02 5.460404343886454681e-02 4.324369646088277279e-03 8.255847109904349002e-02 6.507313622404189979e-02 8.875081529799348778e-02 9.687811627014202009e-02 5.002793239176667184e-02 9.215558906850240817e-02 5.908249439482831517e-02 3.471449753208644129e-02 8.777603029202135643e-02 7.222977618221608498e-02
8.231495101560901140e-02 9.176587253993638560e-02 1.578387476470747425e-02 2.117822389368689828e-02 8.272868257120975788e-02 8.744859177561559171e-02 9.351253224777934803e-02 3.167486604551500440e-02 9.835099806324232308e-02 7.400819275807221653e-02 8.664609573903803152e-02 2.673769584713059366e-02 3.446421424024024432e-02 3.739842790901160008e-02 9.356165289818108022e-02 5.968114848619951451e-02 7.232658959561893974e-02 7.386068964176237261e-02 2.681736893416264682e-03 6.982418565943976363e-02
2.807831845608949051e-02 2.622908836858387632e-02 9.937807274257716428e-02 9.932399984301142071e-02 9.709030540573299062e-02 7.961931504208599741e-02 7.524061386011271502e-02 4.975529227695596468e-02 5.214691877310117379e-02 9.624089023398170462e-02 3.867360789266693910e-02 2.490302767519050539e-02 7.524194131221928483e-02 9.406065964077928165e-02 6.055806480685604898e-02 2.406996347755985255e-03 9.659258061083708657e-02 3.152569213674222270e-02 4.589873811112318847e-02 3.440756340487514248e-02
9.287286027817798217e-02 5.173861069270102760e-03 9.330236251828591398e-02 8.715556103893307149e-02 2.262592735378277098e-02 4.529869125888608301e-03 3.364995422155009352e-02 6.625001075536994521e-02 5.716980452154413195e-02 4.649431898605146940e-02 7.636175036267567329e-02 5.611531201958463305e-02 6.525369776744405388e-03 3.226585315643313440e-02 5.411570186686397860e-02 5.859300447402573941e-02 5.565507558681803864e-03 2.115235175618857162e-03 7.419823070207548499e-02 8.143804341140088721e-02
6.426711805088079765e-02 3.302016546327544294e-02 4.870444116269977836e-02 2.512662828781954405e-02 5.635904331787962296e-02 6.506320452292373158e-02 7.978501242950859773e-02 4.725743409581380228e-02 3.081228181303296079e-02 3.157267068667668833e-03 1.607949021569643651e-03 5.618969891870240208e-02 5.773175478473278194e-02 9.514844195311455977e-02 4.230907808311900470e-02 9.013546221468975161e-02 9.300684823290014669e-02 3.493911647056235220e-02 9.471125821077491791e-02 6.678103734701258676e-02
2.876731589960386526e-02 3.553280052470413758e-02 7.649426841763128093e-02 3.154626641125514441e-02 9.942042293838349032e-02 5.154784568757003055e-02 3.948740723643882206e-02 5.405720551940737528e-02 7.442060457547606048e-03 8.088607162927505256e-02 4.869296630641662543e-03 6.545982791222675068e-02 6.822569904706535238e-02 7.031571093940579276e-02 4.887380329560354897e-02 6.214525554188452677e-02 6.583341088087583948e-02 5.828766428558983942e-02 2.525376613206622642e-02 3.286925298084814040e-02
