2.459696680105182276e-01 7.636719316475987229e-02 1.327328626728351280e-01 1.023987093510682067e-01 1.153114617198470748e-01 1.410009088232943436e-02 1.018872734530019697e-01 5.757089646135891969e-02 1.695910196975331519e-01 1.403014165364231403e-01 7.381287700676690544e-02 1.064622903088296990e-01 9.731346564204923499e-02 1.117638248222278807e-01 1.255573943673672366e-01 4.861638139163449585e-02 1.208312017815900419e-01 1.163427402103791586e-01 6.981998966753795444e-02 8.537696932510419057e-02
8.157726853072999607e-02 5.185351322431885207e-02 6.948005437484393310e-02 6.766969995529105442e-02 1.481044994361280318e-03 2.066571230462037681e-02 8.562654636373401296e-03 7.074762474386599165e-02 5.230873393111837993e-02 4.946726595096861967e-02 2.990217928169195544e-02 6.931992987406433715e-02 1.346454187087484794e-02 4.577718787496855291e-02 6.319459834922670771e-02 2.846875256518618599e-02 5.879649204335605367e-02 8.230864388496965389e-02 5.653932332405991329e-02 6.450087617339895531e-04
3.680777148757113926e-02 4.566356763807648961e-02 1.246239643362223593e-02 5.620840201657398283e-02 8.970424572019473908e-02 4.848122889080874959e-04 9.484983037302829878e-02 8.045477045046356412e-02 2.660041562969128921e-03 7.383776434016775525e-02 5.549712616141316140e-02 5.702133510817061768e-02 6.602015130158143952e-02 5.055086410592202206e-02 9.320382757226075565e-03 9.955664075512061367e-03 1.275737856096959000e-02 4.849131598212275303e-03 2.089917533971824559e-02 9.898621161183285277e-02
3.248711971102297147e-02 8.838126157931514015e-02 9.928095071581570508e-02 2.804982874382852195e-02 4.141109959031830101e-03 3.214449772260246502e-02 4.502336820649111178e-03 8.543763478892077434e-02 4.369794109281021494e-02 3.889098085546260908e-02 7.768525799259375086e-02 2.828420268332557802e-02 1.448737375507601691e-02 2.528558126019427033e-02 6.179453877232535253e-02 9.775954134702746767e-02 6.245954019924156164e-02 9.762465787003027362e-02 6.682555567501835547e-02 8.778214474588968974e-02
8.156251318832273556e-02 1.331050442822698937e-02 9.608473902940914413e-02 9.880320864490707566e-02 3.873420775411191841e-02 1.281813004730311158e-02 1.551397283380018385e-03 5.070420334978160970e-02 7.715419519157294681e-02 7.397945554793237954e-02 4.509979370565523477e-02 5.665179369106814605e-02 6.426947083377491932e-02 5.941472525139646077e-02 2.338326559675335536e-02 9.811701593065785820e-02 5.515536240552287861e-03 5.309446404020456284e-02 5.539596403956064535e-02 3.786153386889640204e-02
9.097118127967079859e-02 9.506597043650522744e-03 8.019893792272253519e-02 1.723763760942768203e-02 8.501692727480091027e-02 2.629961831814612433e-02 4.847854587535831844e-02 3.133039972580136528e-02 5.879112967923040556e-02 8.890082372377224040e-02 5.879923710673759518e-02 7.985770123513753760e-02 6.750996200475387066e-02 3.636317526569611547e-02 8.752329334168584829e-03 2.237743961403838855e-02 9.061387795322943528e-02 5.578297861440352501e-02 4.684429490174082944e-02 5.524193190148586619e-02
9.978549528479258024e-02 2.868055060627978936e-02 7.427666964964126095e-02 8.470751221134617537e-02 5.806601494783825666e-03 5.915116054651230887e-02 9.052707875803936433e-02 3.374766219545967394e-02 6.558652397277407731e-02 7.781543390867905197e-02 7.461917219748392949e-02 4.602142204544323878e-02 2.777014873936912986e-02 5.921424014934646707e-02 6.068946229573858597e-02 9.822752436223861072e-02 2.669365481832217807e-02 4.465254428755597443e-02 8.968506967092576554e-02 9.641393186970625973e-02
3.162171971476101379e-02 1.612916397614449007e-02 6.737139917558158941e-02 9.530835429065065423e-02 3.161382493107774833e-02 1.985712653585717385e-02 4.696553016034069050e-02 1.245989356288340622e-02 3.171157058278855495e-02 7.261527971296563577e-02 4.390492775840105014e-03 2.197993161469835848e-03 7.845231055394452646e-02 4.455031655894720055e-02 1.681468138905467535e-02 1.334763809767114569e-03 1.455704808825708605e-03 1.580003864479527856e-02 4.686800126614096285e-02 9.190147819727230438e-02
3.348558698807945627e-02 2.807038040328284703e-02 4.503025877770803348e-02 6.580504458000781265e-02 8.866263136823776536e-02 9.757483369434116760e-02 3.575883158131509809e-03 6.043033568441818354e-02 2.117352470293543338e-04 1.358588893233492190e-02 4.207896941555522817e-03 2.054132984016702329e-02 2.131094483476174764e-02 7.555462907808843664e-02 6.487354500042279148e-02 5.807120350763586569e-02 6.586917459813524355e-03 8.283890435253925266e-02 8.762553865442623824e-02 2.007388404387555614e-02
9.389548153962705423e-02 9.712106163370351486e-02 2.712245884056926556e-02 9.592486321456585030e-02 3.009685724768192128e-02 3.352337475023327296e-02 4.232090641331748282e-02 5.777524630878882322e-02 5.389421832092209513e-02 3.131762796472166432e-02 8.434571149338579432e-02 9.958840497654064539e-02 2.689411078994733556e-02 2.716637116992614079e-02 1.207018162471806865e-03 1.474896071886298149e-02 5.662548871626209984e-02 9.383142618484914543e-02 6.941948080127056941e-02 9.292962314226488330e-02
4.305977570741137514e-04 2.394939363516766090e-02 8.202838498669753897e-02 6.097658192659477505e-02 5.904665175270689542e-02 9.293705314523567629e-02 8.240623487588796814e-02 1.522478274757426212e-02 1.867842927315316315e-02 8.743575004980889964e-02 1.607244544909041187e-02 3.558009746525684497e-02 8.822752072596463935e-02 5.746262305275095378e-02 9.204553328008040214e-02 9.876038349221075152e-02 5.240117308328354900e-02 3.173978071500937331e-02 6.507463989247881664e-02 6.836722731725346225e-02
4.678925470757956673e-02 8.753953803394241839e-02 6.461616345766744984e-02 3.529772702793664702e-02 8.214276466485076478e-02 2.895107230048684852e-02 9.266846990481013291e-02 9.989007255358084425e-02 8.578224361251249319e-02 1.234950299837660539e-02 1.104115954332320938e-02 3.518729155323348234e-02 6.526534821469411052e-02 8.469328276399080632e-03 5.025064651368638807e-03 9.917729593334728699e-02 4.539213725888007617e-02 7.959153070933763785e-02 1.301657265050373304e-02 7.412796402681004482e-02
2.585003980635003536e-03 2.833412213752588629e-02 8.547296846163827955e-02 4.199454025397456047e-02 7.574445968657257666e-02 4.042312319322129144e-02 2.598972225608175979e-02 8.299936473619785871e-02 5.126664184892936599e-02 5.023993158780381413e-02 1.324514676936709018e-02 5.363344246007603622e-02 4.254569096419083540e-02 1.716644295560454392e-03 7.937550481543532988e-02 2.698174327015144883e-02 6.265451260375594356e-02 8.167454198959919753e-02 1.252560798903350550e-02 6.500601791901843007e-02
6.136523660634775335e-02 2.433446776525887215e-02 1.717651581595133412e-02 5.672257317635931440e-02 6.132388567934707324e-02 5.241235172554451621e-02 9.402643120037344759e-02 3.796657270484792707e-02 1.869399253875224723e-02 9.343062526760338715e-02 1.982269143574084957e-02 4.902669875238755554e-02 8.063923684256388280e-02 6.808651657620770625e-02 6.452708381144994787e-02 9.923285510717089197e-02 9.889582463346052732e-02 9.348709051469739073e-02 3.584068876889338201e-02 1.920862933719780230e-02
3.497773505186990012e-02 5.767153131607969524e-02 6.782530690767676895e-02 1.280985148082059040e-04 4.313497675926120101e-02 4.488431250674036754e-02 8.402283013149765278e-02 3.410796886397585853e-02 3.506375158669994621e-03 9.317854737235056750e-02 1.312959552931293288e-02 2.434838296636727961e-02 7.892178693917807630e-02 4.960171549405409386e-02 9.640504796552115674e-02 7.596974666889587391e-02 1.929155950525381080e-02 8.189575212913102753e-02 7.557143796022093574e-02 5.675307631500992218e-03
6.922668058165355742e-02 3.173072419873151223e-02 2.913041326666990921e-02 9.509554430165152727e-02 3.127363281435673742e-02 1.765607285462561515e-02 7.716511504208502237e-02 6.697432207380114855e-02 8.890550140047241701e-02 2.941489355065473113e-02 9.535819954055732572e-02 7.190102344058231509e-02 7.161166491014385460e-02 1.666368212306531746e-02 9.925215516985372299e-02 3.177531851414321790e-02 9.984335582742938364e-02 9.245036967698254393e-02 4.850260453576838099e-04 8.459851060414361190e-02
2.831979209874752046e-02 2.646306325279046412e-02 4.798758141572936897e-02 5.352252038074667602e-03 4.176594796185764680e-02 9.592595488722471808e-02 3.672998521542896605e-02 3.329089565309389931e-02 2.724626059124087007e-02 5.156436419520923908e-02 8.643642412784531548e-02 5.406056724040490119e-02 7.856582717103453850e-02 7.587012828514406136e-03 7.074408521069976141e-02 8.818306340551401723e-02 9.248386344956061045e-02 4.247364570354525415e-02 3.813153654174357421e-02 7.830494236043561429e-02
5.999391534929918168e-02 8.030960109240170910e-03 4.660728508038725071e-02 8.152060758958944164e-02 6.636129282431696419e-02 3.280004756515163961e-02 4.645367994970789338e-02 7.093804693969382735e-02 5.450336466632271781e-02 4.956334474869426160e-02 7.815156347447388407e-02 2.015801853041632175e-02 2.188961776177386284e-02 2.047968474393562291e-02 7.411305720288977050e-02 4.769712623795804851e-02 9.307158732672478341e-02 6.582911724441695145e-02 1.365972530995367487e-02 4.324446159879183349e-02
7.034162908958789540e-02 9.671055538283332420e-02 5.165213435242373141e-02 2.057692430473290115e-03 7.774037872516185999e-02 9.380590612952377505e-02 2.816199175704366120e-02 6.314411911998778215e-02 1.144515664954930470e-02 9.748966473670941935e-02 7.302409153555282362e-02 5.301536190043290575e-02 1.702968014525371374e-02 2.508936954806034736e-02 6.474101826288466977e-02 8.701878396987894337e-02 3.076531163185223378e-02 4.602885179537464025e-03 9.438036213526841689e-02 9.650151465215249524e-02
4.566032584416791773e-02 5.910650250460241367e-02 4.711260836326183754e-02 6.540035387756773511e-02 4.228157718649298152e-02 1.640084205829765024e-02 5.760622285721733044e-02 7.835344796131758771e-02 4.362141736736661196e-02 8.560847961739757872e-02 9.503912176502515852e-02 1.133833750866242119e-03 8.565562126477523075e-02 5.590218896229245948e-02 1.131852665789320235e-02 6.523543475275299375e-02 5.774889051892213854e-02 5.469917039545325876e-02 7.538204869799591812e-02 3.178806977460964939e-02
