2.172320570461832856e-01 9.382046049447570479e-02 2.637633873616597804e-02 8.646219989534266459e-02 1.009356645563047328e-01 8.677948634599057243e-02 1.233443979241377192e-01 6.816418450824626718e-02 4.848206898074663984e-02 2.359382857281247178e-02 9.631017612048133059e-02 1.493933232912156850e-01 3.284438448037310665e-02 1.350687729721875840e-01 5.743988821490161878e-02 8.855001268630148525e-02 9.900142605098966042e-02 2.718643932237705188e-02 9.250677076519235598e-02 9.124268247857401926e-02
9.504484111833789994e-02 8.923517094336308464e-02 7.702987449429213318e-02 7.055145922127077640e-02 3.225333897906027675e-02 8.255898177436071794e-02 9.086069841521693044e-03 9.690592120301889587e-03 7.352479010667413439e-02 2.774748667803355121e-02 1.334976736383011210e-02 9.634759099636991397e-02 9.906622623968329433e-02 6.116678845909961915e-02 3.504023830672726991e-02 6.134992212114354082e-02 1.840938644813876549e-02 3.206607826399802269e-02 9.217969558110077066e-02 9.587699460243737960e-04
1.444917398084540928e-02 6.997821116735859770e-02 1.476989508122712562e-02 4.418403350951995157e-02 4.701877097269235861e-02 3.508698028026489141e-02 5.103449539481313968e-02 6.309612763125842239e-02 7.583321543434057288e-02 2.066409959537808538e-02 3.187159753365736287e-02 1.185399460065754765e-02 8.672691414428143619e-02 6.466177029612241514e-03 4.196528066892853126e-02 6.270787502520461243e-02 2.494182382613389232e-02 1.627073918529564677e-04 1.398819649118479037e-02 8.999983001413364159e-02
4.099980164718785951e-03 6.023067296192000097e-02 2.803367998471828493e-02 4.795031336178467996e-02 8.299963819956346356e-02 2.208301931176781703e-03 1.398396332490646835e-02 3.580228878572127432e-02 7.880621397409326434e-02 2.091767814866976258e-02 6.763546160380910777e-02 3.215916323655977627e-02 9.343916536660779905e-04 3.168557873534844083e-02 6.393501946230405186e-02 3.452798590464827705e-02 8.390307667553233151e-02 2.755296628323300467e-03 4.245305300335498050e-02 8.200633511394907205e-02
8.939414599134665185e-02 4.381130612879490654e-02 7.662996810473568510e-02 8.548076650718583469e-02 6.724492629442924314e-03 7.065271241507971312e-02 2.748552247282102373e-02 6.460516375562570801e-02 4.261322581502318546e-02 1.318071453348595989e-02 2.257414210815428257e-02 3.044194306622551027e-02 6.292898164763019442e-02 2.539005202376019149e-02 6.537988234474007010e-02 5.820564682223320491e-02 4.509464926852751326e-02 4.655082133679741552e-02 7.998197070087223470e-02 6.881040399731883084e-02
2.468710768575603856e-02 1.439463975027426360e-02 6.649691772299216007e-03 7.399688704557587371e-02 4.651998895347295854e-02 1.574404752552878081e-02 5.174530081931708742e-02 3.578981633433582499e-02 3.449666566129239512e-03 7.084338288889592550e-02 5.395180334814409125e-03 2.817316507792127014e-02 3.222567693613028611e-02 9.159885630446659710e-02 2.042698796275623993e-02 1.109549193474369637e-02 1.142685493888472362e-02 5.211941002595426448e-02 3.783323117091569321e-02 6.975036080757758550e-02
4.915229693823633395e-02 9.337430597198097260e-02 7.669821641489386888e-02 4.835858602179322202e-03 7.628901168870910743e-02 9.478916424385905315e-02 9.606955538768649494e-02 4.626853750024312317e-02 4.282454319232265397e-03 6.686381273035378603e-02 9.838875296987417696e-02 4.936081301205198779e-02 8.427169063931685966e-02 3.613437078660524521e-02 3.275841980921701327e-03 4.891290489147542830e-02 5.280617390090182328e-02 4.647437704068085179e-02 9.828715952311133097e-02 4.101862259105602121e-02
7.612112889678163130e-02 8.809876169445460259e-02 2.486299311743437462e-02 8.121899020827882953e-02 4.628059402584808885e-02 5.317287028616401318e-02 6.699213226599205762e-02 9.410118289318479545e-02 4.420330146594055043e-02 5.416028667412934455e-02 8.745308335271140265e-02 2.610325941633653488e-02 3.315193268166571981e-03 7.235114971061465394e-02 2.612693286967612480e-02 1.242407773576359453e-02 3.819768206512561687e-02 2.303524326942290104e-02 7.175029205677922739e-02 2.400266221747715534e-02
4.463704657107635948e-02 3.953458850156743587e-02 9.553667555583361670e-02 2.487479422006488861e-02 3.384377360387752498e-02 6.692806263029103808e-02 3.618562347030834098e-02 6.775275995227061920e-02 7.413014974923645695e-02 8.183205623654477706e-03 4.674671585278912522e-02 6.775159799180056897e-02 5.451900104230216620e-02 8.914802653806359889e-02 2.292365679522467836e-02 4.548543861318420783e-02 6.516285055439484386e-02 2.197990804670888615e-02 7.441293294298224892e-02 2.384398298709873576e-02
4.125702039026971080e-02 5.005227967104114439e-02 9.598156738772088692e-02 3.522225955149627281e-03 6.514659693398640317e-02 3.902912506660238812e-02 7.613546846282893965e-02 5.534423898081734100e-02 7.053913755114375739e-02 9.713138197923290584e-02 8.254902271467657107e-03 2.918148055207796590e-02 3.322074787769302429e-03 2.010324076709477797e-02 9.597697119370136865e-02 3.218081891014139967e-02 9.685040693701156556e-02 1.884593905427309896e-02 1.693925193897095546e-02 2.272004093886260956e-02
1.031778013871447255e-02 2.106735413531560935e-02 7.855436389566206696e-04 8.542216688521989121e-02 1.282578288421842979e-03 2.223766631752643972e-03 4.654724751622067030e-02 7.218059439956506229e-02 8.801431627967114257e-02 6.218154733269077444e-03 5.151092711716164646e-02 9.017497788439909900e-03 6.183606817378986542e-02 6.906239705229189930e-04 4.329513830932382734e-02 8.490139512338330807e-02 5.832272971307825293e-02 6.213318651078492127e-03 8.992408963610425132e-02 5.497716527307784651e-02
9.308340624228030047e-02 2.739536495520115272e-02 9.510061885087210676e-02 7.478407370723502701e-02 1.582936533817713709e-02 7.806472732471966824e-02 8.668588943141515568e-02 2.833569979893883067e-02 7.053527275085094694e-02 1.559961863177641329e-02 1.215820215747941482e-02 6.783495413193411927e-02 7.269405115533612849e-02 6.107781593151341559e-02 5.723815665122775065e-02 7.081174063626304027e-02 9.238523719790840694e-02 9.044528187161463006e-02 7.189780015026542292e-02 8.202364831124042688e-02
9.854920893933772144e-03 9.443058147314482842e-02 4.542177934970941661e-02 8.763752913964914515e-02 5.414095152010722084e-02 3.486951016044392837e-02 8.473806290828889143e-03 4.001130367887642536e-02 5.781555113922487617e-03 6.377253629854642836e-02 4.629877528211787802e-02 4.738137913576856430e-03 5.279689102297005499e-02 6.630305417633311493e-02 6.509668551999375774e-02 5.520107599098466461e-02 4.884744191819611952e-04 7.192605796736910306e-02 5.152628581224795445e-02 9.773138347674660553e-02
2.015198727470741968e-02 7.030092406154114792e-02 5.176802380261975867e-02 8.996544788234883683e-02 9.593892868467740476e-02 9.562042720180877198e-02 9.828901406330005364e-03 7.770215900581624313e-02 1.294566964212031691e-02 8.602001523803681771e-02 5.867497684940249647e-02 4.725566977925683976e-02 4.772845380023715139e-02 5.390865145904954331e-02 2.545248219622902111e-02 6.073519312623013033e-02 7.554824672352013215e-02 3.832743813548733502e-02 7.542598556500484941e-02 1.523731515550594967e-02
8.985267891528597728e-02 3.242860350534338071e-04 1.299815977782625871e-03 3.074050903211259650e-02 2.716903840418325583e-02 3.249996631101014638e-02 4.269627830225634219e-02 9.367800018054067701e-02 6.871496673864113669e-02 9.705475786872697075e-02 1.494677754441927665e-02 5.036174502060478120e-02 1.240681515056226737e-02 8.864247975056116502e-02 6.026862641898257655e-02 4.128222359605099312e-02 2.374515702552164667e-02 1.187518520010855116e-02 6.719156461505453037e-02 7.022706629482609875e-02
6.160794053724569230e-02 8.222151222902489287e-02 3.797453848636533208e-02 6.582971347358111680e-02 7.325614357238754981e-02 1.927376937131214385e-02 9.714550924495676809e-02 9.112724734602806187e-02 5.400440545102169754e-02 5.353509170329415895e-02 2.119366108341902422e-02 4.066799618472858452e-02 3.780381057247195198e-02 1.478834495526610941e-02 7.053603563953697586e-02 4.693428403344588468e-02 3.700026633519661046e-02 6.098566247516423733e-02 4.145230696717350444e-04 1.149362894204435451e-02
7.674232528512381357e-02 7.551155357763725262e-02 8.223038079036378012e-02 6.035952322473273762e-02 3.925442913513915028e-02 7.128123486471163450e-02 3.686407304698313941e-03 7.059135148847769936e-02 5.247115478167855424e-02 3.030903263491308008e-02 5.422788569335931785e-02 7.484381892967183203e-02 2.012559149476866871e-02 9.970888958293082360e-02 6.055572935111019212e-02 7.817952111258971715e-02 5.643488602841598145e-02 7.421053856409412508e-02 5.661257190349011995e-03 7.980093769308080343e-02
1.156668843225762237e-02 5.398846773179999392e-02 4.982380933000435386e-02 2.743735973110246473e-02 4.391798459754497203e-02 3.705061585400312024e-02 4.286747537325455437e-02 8.769283303343922359e-04 6.347063333990793366e-02 5.744034790623257086e-02 4.585953547560596422e-02 8.371003316054380361e-02 4.399205748508136504e-02 6.850112521760472195e-02 2.213576276915596441e-03 6.505080887386027744e-02 8.620296575846111975e-02 8.302605710626166646e-02 2.385169059638272623e-02 7.046446419588452137e-02
3.010050858852440087e-02 1.692848901855754581e-02 2.348536771527544309e-02 2.354724259283638363e-02 1.607255954606738937e-02 2.345740673111629607e-03 6.249242167646238549e-02 3.132631745441900872e-02 9.549969422353471460e-02 2.485717532235724031e-02 1.321865491808358467e-02 8.132936133026458453e-04 9.991419876453891402e-02 3.042473204211137983e-04 9.335538835642137601e-02 2.634368484957461337e-04 9.952740349739838677e-02 9.083746124475144956e-02 9.200992215825135045e-02 1.679093918237395400e-03
2.583483927754887111e-02 6.778843236401334293e-02 4.806605496514528009e-02 6.927967396136690270e-02 6.265990080331774147e-03 3.806430598954636813e-02 7.631050142835682504e-02 2.081378903403388256e-02 3.174745352079085675e-02 4.318186946325289211e-02 8.070538670994874264e-02 7.175625283583490777e-02 8.781339416137434392e-03 5.706575645925546225e-02 8.471731261472377483e-02 1.760720606783319417e-02 8.732926004862584524e-02 5.105715334281042683e-02 2.208077013135853126e-02 2.886326587236830513e-02
