2.519222286422263535e-01 9.711468796973959927e-02 8.690540554296119491e-02 4.771530665829105955e-02 1.737905349161924240e-01 1.725418057428255991e-02 1.508648086364723362e-01 9.952410826196782245e-02 1.359597161146045285e-01 1.137386395234084857e-01 1.018540805691443285e-01 8.324608487188296657e-02 1.547636176812696718e-01 1.419426608914811927e-01 1.085728922381513917e-01 1.908419162598426200e-01 1.428848243262267337e-01 1.366108128153238899e-01 1.117420980710195494e-01 1.394721561518586471e-02
9.842581286456680845e-02 5.409522114459455744e-02 7.171999658050270954e-02 7.064590090050457474e-03 6.201518280723677251e-02 1.855803563403566475e-02 2.480530455890608138e-02 5.574851283611743230e-02 1.005198952636942450e-01 3.297926904366477868e-02 7.654421615930642742e-02 5.873630130022067936e-02 6.539625943861269997e-02 9.370365451747632302e-02 1.069316575749475542e-02 7.915869344879669645e-02 7.573319068956665956e-02 4.429406204098681327e-02 1.122168533262842514e-02 2.190504669663326243e-02
4.521722742237593851e-02 9.803609213200904782e-02 1.545969571207579489e-02 3.856862558490228854e-02 4.004821824883585124e-02 1.096006844991031549e-02 1.099549208043147132e-02 6.347446120399150016e-02 8.205430052256913742e-02 6.529993770346199933e-02 2.511879170156013086e-02 6.092976962730387719e-02 3.493625542854464361e-02 9.707363935598600779e-02 5.458660686954403679e-03 2.649073299507623269e-02 3.949996540702438441e-02 1.474848766222424008e-03 6.075481556321118970e-02 7.793999552350465432e-02
1.212519796336621568e-02 5.404935849893489214e-02 4.416676348099664458e-04 2.407154087248955781e-03 5.683715205973794565e-02 2.232062050222020227e-02 5.237979618769263851e-02 4.413960228475985459e-02 5.236678890616877635e-02 2.638115794778115187e-03 6.115500241676975063e-02 9.461262162183614599e-02 1.142667042765536933e-02 1.214091635967774405e-02 3.112185520388990184e-02 1.717478804273977686e-02 1.011577416518441436e-01 3.221267059767661534e-02 5.088615029268646339e-02 1.943579326503090329e-02
1.423792230942451213e-02 4.407212152038222225e-02 5.252518017311328530e-02 4.457295450650251151e-02 7.455587441979798224e-02 8.699190105492627528e-03 4.835069073557303476e-02 8.092193619111553993e-02 7.439385466237247342e-03 1.038905716385369465e-01 9.298517613356779843e-02 7.920555280403970833e-02 8.772742716493701909e-02 2.683745741975263402e-02 2.319412977979138073e-03 1.123785029467490315e-02 1.029994101075734081e-01 1.096246984630410218e-02 7.946759731700184237e-03 2.032832414048695024e-02
9.530641086344873725e-02 6.704327088374069377e-02 1.047141723155450843e-01 1.397798722937553320e-02 5.260746366537471380e-02 1.529204712532941657e-02 6.234638880349151202e-02 1.566074734835228022e-02 1.020836696152595674e-01 9.050109865541648702e-02 3.520041084847676943e-02 1.386910766144156155e-02 4.082592539855272457e-02 7.180550981105898734e-02 4.078141663262863786e-02 5.943454202189456248e-02 6.237640363454395598e-02 7.228360823929917689e-02 5.651685860697815839e-02 3.812987198654520238e-02
3.732584634601016776e-02 2.168612620168407917e-02 8.311515102044456094e-02 3.752519144433597020e-02 3.362745619196275126e-02 2.961651700268622817e-02 6.981237926672714811e-02 1.016607940566971319e-01 1.008004908173586039e-01 4.840381913483167431e-02 9.062088479016804088e-02 3.632102317272219161e-02 2.438864807133606788e-02 5.898945246322031405e-02 6.875885371334497509e-02 2.738956312364620310e-02 4.940109552650193137e-02 5.751064471045694293e-02 5.540112784951052582e-02 1.076502645038746875e-01
1.041790216534389801e-01 3.285648553129014854e-02 1.061443110407774559e-01 7.033629387222073426e-02 6.154971001388453294e-02 3.501459422891374518e-02 7.867776244477245329e-02 5.895541934477379481e-02 3.354957517198992045e-02 7.983095197823496247e-02 4.525308355810957195e-02 5.405439567384329874e-02 7.317895138869467964e-02 4.752722621030611161e-02 5.790433455866232995e-03 1.128769555273491029e-02 1.097926436659895678e-02 1.872941741447302702e-02 6.304403183953878609e-02 2.218905366137717116e-03
7.006940294375954559e-02 8.956255845672966842e-02 9.907069025083757585e-02 1.203071145248187264e-02 8.765595686217800275e-02 3.413933010295647913e-02 3.543923563265304055e-02 3.355421164799179956e-02 2.748383762423986867e-02 9.546637899810891947e-02 1.836059866667417648e-02 4.433503742033930578e-02 1.060269216962263783e-01 8.702892702684689175e-02 7.802728325372491891e-02 8.065198819499400096e-02 1.870983875845817421e-02 9.462096836347019813e-02 5.336022208669454620e-02 2.316382774552450900e-03
5.045044819083330939e-02 1.934988496303591222e-03 3.909786928168631354e-02 7.309697783323475251e-02 1.308430249382024069e-02 4.160768641701281800e-02 2.073930945497603692e-02 5.905850102102856714e-02 4.047797291213056647e-02 4.552646542339538333e-02 5.872313830304632526e-02 1.374387416918299368e-02 5.979507311997509650e-02 8.042322755994055217e-02 7.312532081247212490e-02 1.010802896310254440e-01 5.012354335302479647e-02 6.978369518584585929e-02 1.286030316388101120e-02 3.660837918850352868e-02
1.322380477244679796e-02 6.952449398152309168e-02 1.764564492707100876e-02 6.741669483415159425e-02 6.228222123916668518e-02 2.610368662975619605e-02 5.819535327505356154e-02 1.089019795647007925e-02 2.520494839490707364e-02 1.936474968864168589e-02 2.259062728194896966e-02 7.866574110673080211e-02 9.048812132850795513e-04 9.720620430453280614e-02 3.392756532263067198e-02 6.834780917671351430e-02 8.329474321754402888e-02 9.256235392043487761e-03 3.273929821059318179e-02 1.051424161712881389e-01
9.398030060845722483e-03 5.077601683251013742e-02 1.626921759033663276e-02 4.272310759323070389e-02 3.835874904286801224e-02 1.036099458212498270e-01 5.563106363883990602e-03 8.280519578783408427e-03 4.990729431739566319e-02 4.835893564362077346e-02 6.477130292539481915e-02 8.300678660584733318e-03 3.281177587865500341e-03 4.193286527710414491e-03 1.422241473968974788e-02 9.192546596500889011e-02 1.976556281651025912e-02 1.021115141322930381e-01 1.079049126478970194e-01 3.628899860053380610e-02
3.768542160411094549e-02 8.489467225922116278e-02 1.534182425278922228e-02 1.087496726374241954e-02 3.933891705461536881e-02 3.837548505979074959e-02 1.016065039893074423e-01 4.593704835208617648e-04 2.404817696687969533e-02 9.356891237562292574e-02 9.860834702599916013e-02 9.904208865577671106e-02 1.980220092479280727e-03 2.644546192383291812e-03 6.362308984376946475e-02 2.712942114298817417e-02 8.982523633111869077e-02 3.612516844319931669e-02 7.288513906980240153e-02 1.200562158002207308e-02
7.960769815243810832e-02 1.559346193493593193e-02 4.763559646219870519e-02 7.069080744468274335e-02 4.040847527089798386e-02 6.789398077083839966e-02 3.286206876623896239e-02 8.740514709612180744e-02 2.141099015494845118e-02 2.704571774062215078e-02 1.044757214690746339e-01 7.653963114236583820e-02 8.446942668635981644e-02 6.777361462910104495e-02 9.619824828576885312e-02 5.607237112110376870e-02 8.629560229797111903e-02 9.972210997562350882e-03 3.583594475721030986e-02 4.855964732790886938e-03
6.952615481094789884e-02 7.494052172279355717e-02 7.385889845067214465e-02 1.065522649758026685e-01 5.951818296069429082e-02 8.269735546173710705e-02 3.002756273442237778e-02 5.775144310508880524e-02 7.390168396852461394e-03 6.706767639698239802e-02 5.034455950016819559e-02 9.408791175541265928e-02 1.032930086267649095e-01 4.583546486609832438e-02 5.439519312415516498e-03 1.008390541712360366e-01 7.338656684406606734e-02 4.989328732010857997e-02 2.066313439178248113e-02 7.286009133551599182e-02
1.016243204520844538e-02 2.546471089383159012e-02 6.008311226482110357e-02 8.440988567307817006e-03 6.501898547657276872e-02 4.241938379242152918e-02 3.288188657067932924e-02 4.157326651204247027e-03 3.226949461034571420e-02 7.647516604465291225e-03 5.099071436946597119e-02 1.053129174217503905e-01 2.536084793222153147e-02 5.486441608776852080e-02 7.141112498455182145e-02 4.934847095782666365e-02 4.992133809315964926e-02 3.855546097882781020e-02 4.420781829974895771e-02 8.414711415225349656e-02
2.078056173929671360e-02 9.417624454746376106e-02 6.828341730304791912e-02 1.735994548342171401e-02 7.133227551487111850e-02 1.683271108208803796e-02 9.451461923992819647e-02 8.620065264064459207e-03 7.291545213689951122e-02 4.490320778012510394e-02 1.079225589005541365e-02 9.313439505433611376e-02 7.523387248130265770e-02 6.032097519073389540e-05 7.152308399673461270e-02 3.740105670146953720e-02 2.753277202273389859e-02 9.833271711851425401e-02 9.275567442783683170e-02 6.309210150019038676e-02
7.357542409624011348e-02 1.532356208393130005e-02 6.312035567553858639e-02 3.185995253994224757e-02 2.251135607379078918e-02 9.590541659062754021e-02 4.137538198417071988e-02 7.185037630752630355e-02 7.141074375366934790e-02 4.219645508071937640e-02 9.476374120205771634e-02 8.830808707379395051e-02 3.986259057091361135e-02 9.175768035996142991e-02 7.300467869900136020e-02 3.318121283797600962e-02 4.236540777581856120e-03 5.783659140834816748e-02 3.524521102895299129e-02 3.902072947287262700e-02
1.756794534795177998e-02 3.435271878631117326e-02 2.344195683242259257e-02 9.721691967981782589e-02 8.092708467360415492e-02 6.396042543573302042e-02 7.770279751606319618e-02 2.951587301416784548e-02 1.512354498958157385e-02 7.539584523982582887e-02 2.351346650028013872e-03 9.224777167604245043e-02 5.318886728430310268e-02 6.685188725505861185e-02 9.019846270250604647e-03 2.001370324851421689e-02 1.016068232448648911e-01 3.012412367736199900e-02 3.101861926090771285e-02 1.659641412765201079e-02
1.418473763016351013e-03 2.456297588968177348e-02 1.886301043581544226e-02 7.911933661298140019e-02 1.069055131474598019e-01 5.352095279638182518e-02 6.558768801725961550e-02 5.763808322881164119e-03 4.819177703094727067e-02 1.624756313842389346e-02 9.202481226728551067e-02 2.981692175629370445e-02 7.323171383693873049e-02 2.480047207225874115e-02 4.302284732190925914e-02 7.179021402310489797e-02 5.536972879148052001e-02 8.760775768413109343e-02 5.491819695706191135e-02 8.531607152882665634e-02
