2.687515482015918611e-01 5.151981531763281247e-02 5.097794004216953112e-02 9.311369059122321518e-03 7.369582662960071084e-02 5.076676455056875620e-02 6.582908827656899775e-02 5.521241586706308879e-02 5.274344397835818710e-02 1.150633628021961452e-01 1.279887649595012888e-01 3.601305905064008939e-02 1.081443789627625912e-01 1.320696200810538290e-01 1.207127823761462160e-01 1.442392753899281732e-01 2.199589060421735728e-02 1.039423901965582930e-01 6.029538313189734822e-02 9.190728541810691543e-02
6.581818112162785700e-03 2.956365933826254899e-02 3.803701076046887147e-02 3.782219514524001736e-02 1.923060789325263878e-02 7.200435482903626283e-02 5.967311358725832515e-02 8.555918265019801794e-02 9.771073940758095988e-02 9.053879349003104982e-02 6.465467683036763349e-03 4.671211965922716230e-02 1.628376156975341882e-02 6.667354625802678070e-02 4.407994128568431397e-02 6.672046543333176594e-02 6.878678524313810994e-02 5.619291192405365815e-02 5.233791571213811805e-02 2.758649346132251504e-02
9.724054769629258965e-02 1.195800634964321388e-02 8.586121984641473248e-02 7.777340352298578452e-02 3.830190973851637509e-02 7.030659428645427700e-02 2.745178263795903378e-02 5.196991529750134842e-02 2.288107726754370561e-02 7.521682764119364158e-03 3.609232035627970431e-02 8.051527159903362763e-02 8.168071783571020927e-02 3.384832407669637749e-02 3.533779916753045786e-02 7.550843598566070458e-02 7.753143269088060008e-02 6.602287460934672114e-02 1.515131006861744102e-02 9.778893003231392544e-02
2.642313727315907107e-02 4.823982132105891080e-02 4.773088167052957215e-02 4.731424598733225025e-03 1.267870391892819172e-02 7.256879553224303281e-02 2.123012533995823070e-02 4.609703469717509050e-02 8.215032466390211063e-02 9.858226599768722676e-02 8.119511294681452940e-02 1.962237742026011825e-02 3.612184422609229090e-02 6.296821292291285288e-02 8.250215445490866051e-02 2.361191369759007078e-02 7.218029050868075835e-02 3.533147878924214596e-03 6.904458914226166422e-02 3.456511150888407630e-02
6.213574187695552337e-02 5.572680701881341930e-02 5.396522390699848293e-02 6.557242009594974053e-02 4.289365622907503894e-02 5.303874952527173892e-02 3.647706670394761791e-02 8.997232528444772115e-02 1.531316013377218704e-02 5.421225938617777601e-02 2.671984219488540355e-02 6.435824032096004732e-02 8.233401718731908625e-02 3.218934545750663789e-02 6.981780952169201748e-02 3.514901830153849271e-03 1.862610202431272052e-02 5.126183610313878036e-02 3.688027209149134095e-02 2.010702349972237624e-02
4.055077185122001743e-02 1.472698631112787787e-02 5.559013610758672952e-02 5.868583584403073289e-02 6.129379688817741118e-02 3.567435920822658452e-02 1.745453321042289563e-02 6.647564683904737259e-02 1.424951193095370765e-02 5.751687114404962359e-02 4.383597132721987061e-02 2.234392393236040060e-03 1.486144970593786946e-02 1.216527143700213420e-02 8.135887494879696924e-02 4.441848962052761390e-02 6.325610546596456552e-02 4.332288741870004428e-02 2.113682285881949424e-02 5.712288574111613892e-02
9.876005509169233365e-02 3.389233887151039959e-02 1.257599017137863741e-02 3.707247231006813998e-02 4.038512873952912474e-02 3.601718874557253980e-02 4.428798577975598394e-02 2.760165753008663250e-02 1.464380921091388427e-02 1.849122605667743655e-02 5.245235118004482056e-02 7.794137918379760721e-02 7.474059600432548210e-03 9.175270885227057582e-02 4.766000295865618214e-02 8.193205174026951809e-02 4.172773629461282163e-02 6.050430600087966515e-02 6.759759285960130482e-02 9.145747323137576323e-02
6.684179463781579622e-02 2.066916234555089826e-02 6.901947768016170048e-02 1.797896575957200899e-02 4.142262339688732031e-02 7.480506362793183650e-02 5.467270144158997702e-02 1.527628979450690316e-02 8.984619784816232080e-02 6.029259953307383735e-02 2.521152394933199453e-02 1.572064050932121468e-02 8.450445769012454589e-02 8.280986543515460319e-02 3.685485528597296639e-02 3.376669242351328787e-02 8.388023951428347225e-04 1.260826971886009999e-02 8.912079244806236922e-02 6.085751599083521340e-02
5.485145337139986366e-02 8.260445320830028804e-02 8.681821338086163908e-02 8.877715166715344219e-02 6.845372143766741135e-02 2.641215122874873700e-02 9.802925585714070134e-02 3.809743784692060098e-02 8.941402524004927327e-03 7.429278132236506738e-02 3.629808899796497373e-02 2.975775749674799617e-02 8.326947032987491726e-02 8.983235088417391989e-02 1.138135588093937105e-02 9.476653046252946078e-02 7.138376100400548041e-02 2.341797111660972805e-02 2.424700075564603305e-02 7.592423133452735895e-02
4.982879715970825463e-02 8.460281225589734444e-02 7.115757718989638991e-02 3.930869998468347615e-02 5.401239449761045114e-02 7.361047289649269576e-02 9.806624940064484486e-02 8.053510054841236943e-02 6.541265515219552018e-03 9.943870684681485606e-02 1.776587899812490795e-02 6.622421053256440093e-02 7.853078320373833854e-02 5.719378557483817405e-02 6.654182139218661751e-02 1.638825662150751247e-02 2.872398502289293110e-02 3.819321811219803658e-02 9.618329244696804947e-02 1.955392508613437372e-02
5.355739731914151147e-02 7.834426122269463888e-02 7.562408782494452197e-02 6.646234755757652202e-04 8.965256180064956615e-02 1.855828999960566078e-02 6.609349897867544676e-04 9.859833847965195075e-02 8.492435663323850276e-03 3.418654438480814989e-02 2.579082367970849873e-02 2.898336572590842763e-02 4.712523761690791402e-02 2.160562418671553575e-02 9.214583807744945732e-02 9.623244839844325577e-03 4.170678773941871587e-02 8.217144420782017400e-02 8.212871332843287020e-02 1.078626922584676774e-02
1.200291107784817735e-02 6.550715409599103256e-02 9.509394468070942255e-03 3.410133562344197511e-02 3.542588727903613066e-02 6.125828336531692619e-02 8.803629996006379077e-02 6.754605497538219983e-02 2.527775395567844006e-03 4.863637228542031649e-02 3.408251031525214719e-02 7.307228298924670074e-02 7.357138896959436458e-02 7.113517627974456914e-02 2.811677715209949524e-02 4.844102226125276967e-02 4.342962992387189303e-02 3.319404032875117533e-04 5.377920439388779450e-02 3.756181030294028500e-02
9.840037549466634781e-02 5.292252210265161599e-02 5.995126714433164639e-02 4.099284913791768903e-02 7.094317264452403016e-02 3.131030761628348508e-02 4.889758218420460489e-02 8.326955948962377896e-04 6.909143713533204278e-02 1.544572728898189334e-02 2.933829003091706009e-02 4.639228337995204843e-02 6.146038296177906007e-02 9.533518080275742157e-02 8.988219585839418713e-02 2.284216877467897325e-02 3.273388698267587493e-02 2.378089163746349710e-02 2.765460238282652083e-02 6.985357138634704088e-02
4.941087633553693792e-02 7.563448651967230596e-02 8.658899272891472376e-02 6.824907654628648013e-02 8.438733514416382753e-02 9.448239889756854248e-02 3.402150836838553627e-02 5.042943853350496941e-02 7.332040783673347828e-02 1.077795747800820540e-02 7.314945872351290290e-02 2.719343170980903501e-02 2.531857125815156762e-02 7.889884682280833006e-02 8.076246883612303801e-04 2.679269723740507203e-02 5.256581229190339377e-02 3.915954942552551943e-02 6.736876478356912390e-02 4.127526665594469929e-02
3.583722648408187855e-02 7.520870247194422729e-03 3.890727773957744495e-02 4.669678232107635218e-02 6.658809745037018446e-02 2.624215411043939739e-02 5.173064726964450577e-02 8.097290155101506681e-02 4.368579435773700670e-02 1.549618464367298436e-02 1.169999773277740143e-02 2.868566363595781432e-04 4.560140866563312800e-02 2.632629825497745726e-03 4.223005813761992848e-03 7.156047708192359372e-03 8.029793120785273797e-02 9.775042503038045005e-02 6.347243736508927092e-02 7.604143858871201256e-02
6.667622666897550510e-02 7.208210350817410850e-02 4.101150721238228103e-02 2.466980267522732653e-02 3.920157498987700967e-02 2.605995186024104987e-02 1.210128597382459370e-02 5.799627567895572489e-02 5.481737557789426174e-02 4.621201627586699057e-02 7.857894787674691781e-03 4.472850916683989569e-02 6.656683054794165777e-03 4.428298404158579477e-02 7.390500954209629214e-02 9.257918281664136162e-02 3.927081908501661722e-03 2.157076506387866147e-02 7.483012972203109681e-02 1.613767869083592224e-02
1.649805872200430651e-02 9.391710167378565163e-03 2.335540469358313859e-02 5.839356748432576044e-02 3.907375666380948076e-02 9.659879761695541744e-02 6.726921639816539622e-02 1.599603583345187222e-02 6.008857654555953970e-02 4.643250135294586800e-02 1.453943803494848336e-02 4.593439747171720877e-02 5.568182778606045819e-04 6.341580020511319860e-02 8.689931750950492806e-02 6.579590570791300774e-02 7.265260331935127769e-02 9.725192582341982139e-02 9.437028204655575903e-02 4.920446683747659034e-02
5.413928358737299384e-02 4.958318309788395384e-02 7.788530974912825922e-02 4.974425153944677519e-02 9.428852212021300583e-02 8.952785098884502579e-02 9.024418509604821559e-02 3.955282596386029692e-02 4.103646884610168133e-02 3.859105729747392115e-03 7.905683304801469635e-02 2.191661840436902667e-02 3.667288134033032387e-02 6.935075957951063186e-02 4.213816901703094919e-02 1.333557869214011676e-02 6.452531248414422604e-02 2.565990216038560937e-03 6.861968221577768867e-02 5.956278657435505608e-02
3.400502016622687640e-02 9.762829366810675535e-02 6.227390206091040770e-02 4.472864662682132786e-02 9.905359257832700715e-02 1.615225370877454436e-02 5.648803784276724277e-03 9.860851563533290509e-02 1.267762075315626014e-02 7.798654557014089717e-02 1.364027592242743683e-02 2.990647467924077013e-02 4.294155538682969259e-02 2.866724780306969741e-02 1.230296166742646073e-02 2.483165882403215452e-03 4.571473520075264481e-03 9.442731361095293985e-02 3.515020744926918711e-02 1.710645861917335989e-02
1.536037763141643447e-02 9.915131493374546023e-02 1.656960345116770261e-02 4.127770720557867590e-02 7.695990994760196213e-02 4.274590095432480308e-02 4.141781735785265983e-02 9.832605300528080017e-02 6.671447301047446488e-02 9.323228001236945339e-02 8.352625274115527132e-02 4.739029018716729713e-02 6.545580658473934554e-02 3.445016819000662478e-02 1.686844810047367568e-02 3.735433954231172360e-02 9.337325300134241557e-02 4.592038985185506461e-02 6.385015592005492679e-02 4.628927308603136836e-02
