3.297674199423643593e-01 8.297510578536504422e-02 9.650402463260607244e-02 6.637843426797443436e-02 9.841089996379595584e-02 9.759323218864229821e-02 1.116132232461742035e-01 1.035838839316346183e-01 9.696877278029253366e-02 8.575348952253460111e-02 1.322647962416645118e-01 9.021725879841425988e-02 3.361891366470992626e-02 8.542031158229601573e-02 5.806620378864531251e-02 1.422292918896349845e-01 1.118826149316309859e-01 1.037264550677360897e-01 1.476676459756411097e-01 1.327637303667188184e-01
1.916670140722602847e-02 8.083220969618354346e-02 5.016301269700740306e-02 6.508678686724719831e-02 8.051811188132151909e-02 5.609550251234862034e-02 7.035357426364739764e-02 8.371143381250474580e-02 9.783948138744148759e-02 5.666582139453021222e-02 4.866448384851954079e-02 5.009022850709049512e-02 1.089673988258603454e-02 8.443228903915006578e-02 8.953836003720157255e-02 3.707428886862728680e-03 3.766952894640514943e-02 8.610347721855234060e-02 8.840530626584042206e-02 4.108780556854074034e-02
3.517656588749461938e-02 4.734025381357301332e-02 3.342924452569871058e-02 1.461157251089094389e-02 6.395551177503579210e-02 1.652211450934114659e-02 6.736694344809768947e-03 7.878319291884343378e-02 4.240113348985348474e-02 1.059348296566853644e-03 6.561204307676074543e-02 6.742071951068905056e-02 5.557399907958470581e-02 1.138101583978283309e-02 8.796387772682272288e-02 5.495848408230201432e-02 8.828760099718804821e-02 1.367810251728201717e-04 5.584623415786857392e-02 3.955076942209506674e-02
6.784589624619646528e-03 2.129437805670993805e-02 2.933454342572669807e-02 5.974268672662832319e-02 2.891067422783018259e-02 6.074342603456864276e-02 7.262571197248998689e-02 3.923819650451457891e-02 8.117099765849278281e-02 6.479415621320726293e-02 7.882282156911744886e-02 9.836554766834446073e-02 5.593806635263237625e-02 1.111434892602518277e-03 9.871114693587191430e-03 1.820195418018662886e-02 1.459424171110735267e-02 7.167637831144180183e-02 6.461050706388521414e-02 2.695027928686657623e-02
2.357631804251781801e-02 3.493518043608241641e-02 1.289167478630781627e-02 3.016200625861145332e-02 5.838261107310584001e-03 8.299810587753250757e-02 2.580412294868514311e-02 2.128201349577314369e-02 5.102754619185253387e-02 5.409034654449810381e-02 5.198898000687456056e-02 7.633107003572321692e-02 3.979443285328339297e-02 9.748506159376528479e-02 6.246256352017152957e-02 5.817898797776611952e-02 7.488056160397998928e-02 8.398672089776392305e-03 5.182883476595207678e-02 3.325860919556612033e-02
5.340719353930002689e-02 6.129562767488468816e-02 4.086690090864151387e-02 8.587477781631295756e-03 8.344786996447907390e-02 5.496739894941939097e-02 8.873938967267809563e-02 7.991101761281350913e-02 1.494459820798201173e-02 7.136147477551625651e-02 2.622247589353426597e-02 1.495248912139819815e-02 7.697684066506700618e-02 5.545125324279208401e-02 5.463669811860374925e-02 4.936530982905988629e-02 7.177997415414001658e-02 6.820310047865309200e-02 4.646859425751342747e-03 6.510028864338165966e-02
9.783294210573641181e-02 8.059433635634297155e-02 3.722436075262534200e-02 3.608349053905934856e-02 5.014342596647397565e-02 5.383764451763257963e-02 1.105398233655898246e-02 2.477337421182307028e-02 4.572367431510664104e-02 7.456224676556474917e-02 7.348239054989232077e-02 3.559314157874538583e-03 8.827841484787457560e-02 6.109183858991542454e-02 9.596596124955039664e-02 9.641375589530684631e-02 5.830964092294973339e-02 6.011894464879664890e-02 8.271539175437879476e-02 7.631442176576214154e-02
7.760068659596798535e-02 2.373755866344883295e-02 5.924844473222512509e-02 9.131154416063136381e-02 9.737230639522320708e-02 8.907561503644776529e-03 6.648151945501833138e-02 4.032969677454983221e-02 8.828227438260019544e-02 6.122098394989507891e-02 8.080258302606059886e-03 6.054413919020130291e-02 4.743149426001267571e-02 5.173346328017233015e-02 7.013658774244402316e-02 1.705875168414498766e-02 4.330426810738846610e-02 7.481306880463713116e-02 7.762680516620441840e-02 7.044185857449496158e-02
8.180185480072037219e-02 2.632031440413517415e-02 1.292083678222436666e-02 9.090441745852954891e-02 5.883244047886736217e-02 5.915684613477566883e-02 2.849731146151996200e-02 2.185057487473978516e-02 1.671104328683950535e-02 1.258013605858592822e-02 1.462369117352287952e-02 4.498611636270664904e-02 7.105701618391815910e-02 3.035851185567395305e-02 5.635191637187777353e-02 6.522318308221766725e-02 6.512943355833676617e-02 4.530816511592928447e-02 9.784656746386045933e-02 2.541162580903481502e-02
9.794308045391521278e-02 2.111050834438310195e-02 6.623560554978384640e-02 2.768027431656867529e-02 7.461368123133391150e-02 1.805926690558084309e-04 5.962612413728200778e-02 7.376191005035520609e-02 3.113149927183067253e-02 6.310490019245217075e-02 3.036949238793424516e-02 3.328660261351425176e-02 2.940876026928046158e-02 9.257564621821073869e-02 3.062085726569789210e-02 4.490675692860079948e-02 7.473233052763814110e-02 4.914857633793439512e-02 1.740535099516607453e-02 8.094800123770316824e-02
8.648185265052131532e-02 2.738596541346119753e-02 3.034042308661969931e-02 1.318460135333119655e-02 9.977344537190012408e-02 6.556285006024552275e-02 9.722647914223433996e-02 8.272613093985482779e-02 6.321592655145262529e-02 3.320131893456677169e-02 2.124946859270171115e-02 2.931769111997208251e-03 9.626026496465908688e-02 9.265791819092278336e-02 5.550572274834787018e-02 9.132612309153864683e-02 8.854050041015967126e-03 4.981036669825066737e-02 2.636320763581025822e-02 9.297315205938430638e-02
7.990786736348269581e-02 5.996293185000572956e-02 2.263415712952051434e-02 1.692253414292037295e-02 6.164860318363901692e-02 7.608255073558702931e-03 1.594372736735900214e-02 8.322849885516020452e-02 3.550931338940250398e-02 3.719921165300146826e-02 4.851468363893478991e-02 5.724944198547751717e-02 1.745302177915912870e-02 6.662934008246279571e-02 4.731580224282369573e-02 8.784894388603359250e-02 2.135487577509951468e-03 5.794305115236746129e-02 6.773488339487289400e-02 2.690386137252363460e-02
5.742049510730416056e-02 1.008002803957571379e-02 9.669240952468223516e-02 2.369305641323567885e-02 9.447348909106573212e-02 9.245435165102910968e-02 1.763686421972788035e-02 4.867891012918881127e-02 7.188325999130354416e-02 5.756708955108794275e-03 7.342066949236557283e-02 9.612313182936386979e-02 3.919033626998210534e-02 8.093168506050196775e-02 1.178111402645981923e-02 2.862653197151845269e-02 1.773737095769600119e-02 6.485673195089721246e-03 3.177138659609384658e-02 9.567002955172106138e-02
5.091415478536812783e-02 2.981414195135874759e-02 8.790521860521437192e-02 7.002526922070072268e-02 1.046218157193002339e-03 7.344887234779430563e-02 3.586283829865833522e-02 2.249590189037451241e-02 6.070552880348584202e-02 6.002823111125910049e-02 4.460441096438755304e-02 5.773533738540218702e-02 5.326308243679594989e-02 8.299848351777840139e-02 4.172750327971853218e-02 6.075560418234893928e-02 5.502346106647208746e-02 9.961983615827040006e-02 1.640010260034243522e-02 9.532842527489300555e-02
8.915555485499208899e-02 5.740750508564846505e-02 7.449129653665782780e-02 8.985632797618375855e-02 1.379680179947715031e-02 5.358753408511960498e-02 2.109614196808161889e-03 8.420080986251506083e-02 3.152279995060673634e-02 1.346833444016884082e-02 4.024031751843627075e-02 2.926416499523206913e-02 6.581529781187699102e-02 9.677608113283772684e-02 4.672429224866832265e-02 9.410122034048044870e-02 1.135515392797099496e-02 8.070956884723005584e-03 7.475423683119587943e-03 8.045099197902794153e-02
8.335308437169672291e-02 8.163556585886003192e-02 3.160799219204517285e-02 1.866953075335043297e-03 3.717761726917323539e-02 7.902471085433167286e-02 6.795896425065439672e-02 2.125474906190397920e-03 2.209763175167818797e-02 3.858771518121580091e-02 8.465025237515919412e-03 6.384388873961264858e-03 5.554678069745529190e-03 1.793290631634716003e-03 3.296610057152454115e-02 8.517010629223494000e-02 1.002298093231929477e-01 7.672225152727207842e-02 1.526087129601977864e-02 2.090977169630776553e-02
4.347674310222131994e-02 8.776158048008245172e-02 7.575049526453141169e-02 3.586637124887144534e-02 4.145844202349203284e-02 6.171595646493731324e-02 7.025271084719977854e-02 3.138093255063460763e-02 3.691821507767304583e-02 5.582533594274930594e-02 8.939051341055935518e-02 9.198734908699471302e-02 6.419210459293256399e-02 8.680852135042446682e-02 9.226721356303413391e-02 1.187773744191478881e-02 3.426287458237411987e-02 4.709400617731435840e-02 5.413794103535013447e-02 1.054513810365588630e-03
4.989155495929207748e-03 2.655344186232409462e-02 5.712707389349982318e-02 4.492675809858605318e-02 1.002053811778302050e-01 6.857743830316467837e-02 2.589001897245854847e-02 4.353429148357600836e-02 9.437052283392886876e-02 7.040155381902525600e-02 8.435714418860923783e-03 3.108688154987678323e-02 5.320092619098668041e-02 7.794861437974355545e-02 2.180936382683718033e-02 3.405801736174225020e-02 5.516030860950411202e-02 7.216812459306770622e-02 1.953852648473784412e-02 2.343653089168237780e-02
2.448284771359103204e-02 1.627504331735914504e-04 1.002292456838447254e-01 8.750753758570498086e-02 5.557175731563568540e-03 1.954677563597504580e-02 6.126072219944954378e-02 4.332456473166217820e-02 3.109346406776559296e-02 1.342408245412324459e-02 5.755861603444440561e-02 2.779848367280365884e-02 8.683817258377365955e-02 7.266100727546785654e-02 7.711116919026059224e-02 2.230894771991866199e-02 8.370311460971895101e-02 4.823819744598369964e-03 1.503853508732549450e-02 9.142572833432627277e-02
2.307418444755118120e-02 7.567304092796046933e-02 2.697079662601647391e-03 4.380850882636007360e-02 6.269042642454926428e-02 2.225257224227079889e-02 9.170432339123847643e-02 6.712980735536690918e-03 5.928815115229366106e-02 9.180229881491178134e-02 8.302891433425595505e-03 7.400464710607197738e-02 5.602554864529016992e-02 6.286977935774372937e-03 7.956537979345712497e-02 1.592136629096186891e-03 5.082609989245041870e-02 1.781760402800047077e-02 6.865970878840046976e-02 1.713872827615070538e-02
