2.325804859035428829e-01 1.683102587303901554e-01 1.241295424483664922e-01 7.717994868419549015e-02 8.134865840308462548e-02 6.810839524246714571e-02 1.030297145290350741e-01 1.141503826171731406e-01 1.184190720702268385e-01 1.167477866381685936e-01 9.045651158939335690e-02 1.135299410281628840e-01 3.303800715500419816e-02 3.674000481181015354e-02 1.003962838492054588e-01 3.245519054444558071e-02 1.592316472709762870e-02 8.156224020938575292e-02 1.548085628640317180e-01 8.774419822036896854e-02
3.256051632733496931e-02 2.950390031151042466e-02 5.677127962914807480e-02 7.656037846535916624e-02 5.712212296897431485e-02 5.464704206395363389e-02 6.641102177132506001e-02 8.254126352520492482e-02 9.498774804787224685e-04 3.042866094472927024e-02 6.992980920181664228e-02 8.585421316671808245e-02 2.544563048853362361e-02 9.645507751179423217e-02 7.359407514714240428e-02 3.400470718487721283e-02 2.961366058844387000e-02 3.491680598765858207e-02 8.135653520715599440e-02 4.707575291301867998e-02
6.089240444099786563e-03 6.188675506544183413e-02 9.827899485066241003e-02 6.672178273998682907e-02 7.073790226617431010e-02 9.224297015149780787e-02 6.068905024374470630e-02 2.482820692379037603e-02 3.171222597911014379e-02 8.630793741375442085e-02 8.677036725823022989e-02 9.770309505682350792e-02 6.790468374016321584e-02 7.160483538909084844e-02 8.609067210081011376e-03 6.161774431130814800e-02 1.127242544381457101e-02 6.035724517303919789e-02 4.392576618334648186e-02 7.660261249796274097e-02
9.042427425370466731e-02 2.623727255498680203e-02 2.152767661695918072e-02 7.481855511952228976e-02 2.847933648027577494e-02 6.919447260709815639e-02 7.346243321677066451e-02 3.088053281920506710e-02 1.008007445696755891e-02 3.619747399487338591e-02 1.073716682729761868e-02 2.713697639081933538e-02 5.034286196260680246e-02 2.075644983933222412e-03 3.858515542172836002e-03 1.164958897643946292e-02 2.284326363515830696e-02 6.533946224644949022e-03 2.203644667594262252e-03 4.729296863284465635e-02
3.571935530825087746e-02 4.072991753453031327e-02 2.842820803761405765e-02 9.896967899319512874e-02 5.952355569398729701e-02 7.811567422640634806e-02 1.757794015805689419e-02 2.199378163962704275e-02 6.001180414940410213e-03 3.136981422071607323e-02 7.817189955712083860e-02 1.507532537300584376e-02 9.595899591280968033e-02 9.233078850882071864e-02 3.028580321490617275e-02 9.249482451739252098e-02 9.873166844756459115e-02 7.541867335349321244e-02 5.328503719072385375e-02 4.553996557117202804e-02
6.092767748318544258e-02 4.956984601595845752e-02 3.052300207884496575e-02 8.932239475604822343e-02 6.816063637964436817e-02 5.749739774094099476e-02 9.860814592115609012e-03 4.623653060455343994e-02 6.101567194871246325e-02 8.368535550593508843e-02 2.535504405659686628e-02 6.912381420916791086e-02 1.992063820224380249e-02 3.259038419998223912e-02 6.149685979375963361e-03 1.170979788992941931e-02 2.781641577249191130e-02 2.400941069695312902e-02 4.834409684921321670e-02 8.454577319284284354e-02
6.782609110502539618e-02 1.277134707184068982e-03 3.168815544291091885e-02 2.925648321736126420e-02 2.598695728329903157e-03 6.664087317459063686e-02 2.366532438404271924e-02 6.388872554793520453e-02 7.382009259170853321e-02 2.864700787204884844e-02 7.644193299314073174e-03 9.677122129628502184e-03 7.225318818463008497e-02 3.711575887657034972e-02 2.475654235557333063e-02 6.869764291172524018e-02 5.405136387736898806e-02 2.858494753558108586e-02 2.991147500308899768e-03 1.037623499408448814e-02
8.924272534949653779e-02 3.692284386804171176e-02 6.747787249958038525e-02 7.912340589066430008e-02 7.457772124957789961e-02 6.195695879875340317e-04 9.636503898356976738e-02 4.072184720788616513e-02 4.998466307831124500e-02 5.946367560297166621e-02 5.605625706204388214e-02 7.287956307860614380e-02 1.557887535820701164e-03 3.860189246273485614e-02 4.673102285403826772e-02 7.053516844102344918e-02 3.264712472395717852e-02 6.211724004896419793e-02 9.275743393499180645e-02 3.397643099204385869e-02
7.236953156238165596e-02 4.687139957875507273e-02 8.496672847641218102e-04 3.056691488713210447e-02 5.089580783905478523e-02 7.922283632330262559e-02 4.593417519230972440e-02 2.678956826274183842e-02 1.974278303476738675e-02 4.440059517521909721e-02 6.958663973706900874e-02 4.736985259684736715e-02 6.675859957200368233e-02 3.898124784760107625e-02 7.894672519860335136e-02 2.876806840480126276e-02 4.362030663255139079e-02 9.707892073483266604e-02 6.829026825444067805e-02 2.517265529262169288e-02
1.990958232351279847e-02 9.664723406094075098e-02 3.288955342859929687e-02 6.061338981060215847e-02 4.331607740006239438e-02 5.508613170779452090e-02 1.657594058418964192e-02 5.463624009351695371e-02 6.357021805387454150e-02 1.396411753567535809e-02 1.949217592008684052e-02 4.539806314814340271e-02 1.799923501757930838e-02 7.369164386012692913e-02 8.627502340757930988e-02 6.139300465624972919e-02 3.953734395824028136e-02 3.840903558502137272e-02 3.443501487730606797e-02 7.900901583850274135e-02
3.674049307879818926e-02 7.503432185988662129e-02 5.386264002574067677e-02 3.099652035066673486e-02 5.021816922403576217e-02 8.016885224140091193e-02 7.332408661150779938e-02 6.606153718849237799e-02 4.394766639942185305e-02 3.098252703101498501e-02 6.234651411024441647e-02 5.939334000507720535e-02 8.935115642680711845e-02 1.275042349133244206e-02 4.899821235246094864e-02 7.105960954318855938e-02 9.449895707888283924e-02 9.442563115422727971e-02 4.170942933767414484e-02 6.171013393588255236e-02
5.682951397039279900e-02 8.471175302884811908e-02 6.701856782523493705e-02 7.880572185829790022e-02 1.939977289652027384e-02 9.060504415483822127e-02 6.318761991806991218e-02 2.589371904848275507e-02 8.090562095421027777e-02 9.912087921999558279e-03 7.166460976893439250e-02 1.478808409487708531e-02 8.113303899291811339e-02 5.954817044517804470e-02 4.725611185081191046e-03 6.555956201632734404e-02 4.126087736923720467e-02 3.139574350543854891e-02 4.772037719118516277e-03 1.140944322281234324e-03
5.642633845912334994e-02 3.004139002301252706e-02 9.497842991675521651e-02 4.170544658168752472e-02 2.807203351836219662e-02 3.404494503945804107e-02 7.281326902915638555e-02 1.145895117601361014e-02 7.623406311168211269e-02 3.612503214809340696e-02 6.011511390264237531e-02 2.674669059207955904e-02 2.253159235086617251e-02 1.649645855675485693e-03 8.358297949375549651e-02 5.153021814684244145e-04 3.019163102643324104e-02 3.549706177398555956e-02 2.592653033643755093e-04 3.915089530572136989e-02
8.487655451638310283e-03 6.753932411649250789e-02 3.013060897816726216e-02 1.500754843218494831e-02 7.221399188693045437e-03 4.436007426096762185e-02 7.030769823828204867e-02 7.799908729486423886e-02 7.476328680168659035e-02 9.992590147202495832e-03 1.888247564123952948e-02 8.664111423592349426e-02 5.176678795527123872e-03 9.190793901191707249e-03 4.192011811780399499e-02 8.291436209173874694e-02 8.942554628243361281e-02 7.797807299193949826e-02 7.860239759938625337e-02 5.933909384932303799e-02
6.416858900390207121e-02 1.924334713730226076e-02 8.179440689123318453e-02 3.870827790620156444e-02 9.802561452596603164e-02 3.186739970309770270e-02 4.362028948309513293e-02 8.375079166597576563e-03 9.304134184683486575e-02 8.052915124781935552e-02 8.148835903110147882e-02 3.871543364831049605e-02 6.600449687292422873e-02 5.690790607403971996e-02 3.862594229358389669e-02 2.850363086413677804e-02 5.272763314887826680e-02 3.170830618125072137e-02 4.847147828124776653e-03 9.391658243442774223e-02
5.134069822006971651e-02 9.691136242168477133e-02 8.873530559388614902e-02 8.021118700111129485e-04 9.244538751312493530e-02 7.093698597457800958e-02 8.186577170378012136e-02 3.610525826116869202e-02 6.026598131390759061e-02 5.738678978119998025e-02 9.017141672907003080e-02 1.956296257619779752e-02 9.290969522397612979e-02 7.841946272091142311e-02 4.452896566702557735e-03 4.689227794140563704e-02 1.662507057315487646e-02 7.247193231660652157e-02 1.174348964325233786e-03 7.299230477618225132e-02
1.323286219552466392e-02 3.288272943130793324e-02 5.683653825189578790e-02 4.947142561752199130e-02 9.792504002495704130e-02 6.922649287983832778e-02 1.891295356645770337e-02 1.083282807240489899e-02 6.683850183667872091e-02 9.815395239868715538e-02 7.968170998060629395e-02 4.923131140597043764e-02 2.393499505677694483e-02 1.155063452429109377e-02 7.611146291423161181e-02 6.809917297867966457e-02 6.914799053982662036e-02 7.086433291253421696e-02 2.143227381517406535e-02 3.844628312972431499e-03
9.478351989263197885e-02 3.194394841233539131e-03 6.247601619274756671e-03 6.833876004959713035e-02 3.914771876527244759e-02 1.886223065685430772e-02 2.732440028630688314e-02 1.608528859099727162e-02 9.611277016394696726e-02 3.084358145508595689e-02 9.352524576467328987e-02 2.653147643712716608e-02 4.973484347973279596e-02 4.173894710722514736e-03 2.078338660542181776e-02 4.079708527629913317e-02 2.422889291558183444e-02 8.350286587106625635e-02 8.413385418962436579e-02 2.380983275491710405e-02
6.457587814600128373e-02 1.941570564026875653e-02 6.095071893182932299e-02 4.822793708492700837e-04 4.305900718211700534e-02 4.902307055368095023e-02 1.935186833084896751e-02 6.539040756759906779e-03 5.669096984068060924e-02 3.919681178483518796e-02 2.135914881573223317e-02 3.709611832169634055e-02 2.151016484064213405e-02 5.142830093010230391e-02 4.365987169286894565e-02 2.564464413700046075e-02 4.634055333700920487e-02 1.590773935675500114e-02 9.071466217985962865e-02 9.448444053537594089e-02
6.906816166930659917e-02 2.526935525797787893e-02 3.386275266818128404e-02 2.578451506483743494e-02 1.419690800028173931e-02 8.354962670637756939e-02 1.756415237086516104e-02 9.937821144290909237e-02 2.472076067019721851e-02 1.527301670118619281e-02 3.861802883849219103e-02 9.970114732619711484e-02 7.326157346461946440e-02 6.158985844970876755e-03 4.042048601612014021e-03 5.439072391596966316e-03 4.469241178355598532e-02 8.488170881532253187e-03 5.146614685903973252e-02 6.418823821399791130e-02
