2.628251394650948924e-01 1.439987682461875140e-01 7.597125647827196460e-02 1.322047487722065040e-01 1.239682443468980988e-01 8.528069102468802121e-02 9.775300060281405523e-02 1.219099459488092868e-01 6.305099198771928377e-03 1.238522488727256954e-01 9.510556899862225577e-02 5.708877566387211833e-02 1.394949744043814770e-02 1.014726474994883942e-01 3.660840463247257148e-02 1.146821448218615924e-01 1.145910195563866335e-01 9.855665440630761998e-02 1.224561623303726809e-01 1.007543421969258335e-01
2.332554931376798132e-02 4.814749173157820139e-02 6.771406471497402879e-02 7.604900153361289494e-02 6.562266489196150188e-02 2.968696911169162178e-02 9.010418233937406152e-02 5.696876729364092062e-02 3.258789236317712751e-02 9.913794615126358956e-02 8.916902454890303364e-02 8.058297809917956689e-02 7.063568290074712097e-02 6.312404471787222415e-02 1.629856450745843441e-02 7.307651937208463344e-02 8.841128184145409172e-03 8.383793789675186847e-02 6.776588543467274017e-02 9.507382995596394548e-02
4.654738833266879733e-02 6.526397602575202683e-02 3.122705423783020059e-02 9.975538355663118861e-02 7.582622187733256691e-03 1.221121394360535906e-03 6.642932888689474791e-02 4.106202894031696533e-03 6.734650318562796284e-06 4.059918098158891292e-02 6.061079464943874839e-02 3.548564394078414924e-02 1.890315859435900622e-02 6.647437373961751286e-03 6.845824430162203433e-02 2.786802184653619507e-02 1.603150487521951689e-02 3.667323996150339410e-02 7.332819072497125112e-02 9.889076948183966875e-02
5.259656757294145502e-02 7.051662872242467350e-02 1.908231929542014704e-02 7.987773411332166340e-02 3.120956730121480366e-02 1.247634352418518569e-02 1.714054886918442433e-02 7.722504414503073011e-02 9.388983260987832091e-02 4.902519304449153709e-02 7.396670291950617482e-02 6.757955667010620560e-02 9.486481194632773173e-02 7.094145401189437539e-02 4.245817417535571736e-02 1.785749945000170234e-03 4.878905954685857499e-02 9.030588999815547524e-02 9.462939544666090774e-02 1.019647323965764546e-02
9.153735352528152847e-02 6.876716970943655416e-02 1.214734936537453791e-03 5.325466677516538239e-02 5.803712713876676976e-02 9.455134248678133402e-02 7.360821171250958583e-02 2.625332557879829498e-02 3.395560589581099464e-02 5.104891070354488497e-02 4.447978253480875527e-02 6.228717272762308854e-02 7.377917355384390474e-02 2.958974481379898075e-02 3.935513697397513555e-02 3.207800609180734563e-02 8.992839824751207300e-02 1.580534820285759562e-02 1.380972298717871895e-02 1.372966981517703688e-02
1.639508819682992252e-02 7.422589184675516816e-02 1.689991515132838358e-03 8.050417492216998747e-03 5.631490452514986700e-03 3.080061175393798006e-02 6.621803819723129370e-02 1.207293749379210329e-02 7.247832425888055263e-02 4.852759846072485402e-03 6.313566688145311190e-03 5.771989853870965193e-02 8.606802157073341342e-02 1.143472295000159782e-02 7.068230543421832879e-02 7.500661575810073367e-02 9.981732627231154620e-02 9.438527505562777087e-02 2.104139959243078728e-02 3.070335353021523897e-02
4.586486443751766617e-02 4.434939067779077038e-02 7.428854455894109976e-02 2.788054227362946167e-04 1.705512664790188523e-02 7.893869572934320011e-02 9.153588495336299757e-02 4.707667051565862792e-02 7.641671749594058927e-02 3.333396543410195589e-02 3.779962949826159296e-02 1.087803177728000753e-02 6.310691924789385565e-02 1.740081757628730852e-02 6.379911397834776843e-02 1.514173811942481906e-02 1.501786072181253776e-02 6.786937490800482031e-02 1.486514108552681318e-02 7.839008532278591602e-04
8.049461081834148601e-02 8.921835849604209390e-03 5.709314263299614112e-02 7.930641636241982095e-02 5.691972891086249714e-04 8.860013845123113074e-02 9.478532055714586346e-02 5.197106338979121110e-02 2.575830077441174787e-02 5.566289177794894738e-02 6.643568725694896926e-02 3.881110554470496021e-02 5.148896600217453545e-02 8.625782812186603976e-02 6.652008166278999823e-02 3.437438255973610662e-02 1.619921387685197174e-03 4.941457064829821860e-02 9.489573016841430786e-02 5.611957402247156473e-02
6.070101490936241628e-02 3.733823557428388867e-02 4.983203419161082171e-02 7.605574211593658929e-02 9.470768413442905154e-02 9.028600568693113948e-02 9.077114520013924992e-02 9.912210592256399597e-03 7.927653020419533902e-02 8.490193559490394337e-02 9.424532460230977682e-02 9.761292053409687669e-03 8.504321704892972567e-02 7.114951754934578654e-02 4.034644616258717398e-02 8.225722679110733515e-02 9.327238940099552567e-02 9.393029873484158576e-02 1.066283833080441425e-02 8.699150381339842975e-02
1.975846813441343303e-02 7.995825426849334505e-02 1.843944826234103149e-02 7.409027819494759526e-02 5.935384028667334277e-02 4.298115013186897676e-02 7.262649653322440779e-02 1.064664037204329262e-02 3.532529017628982526e-02 3.420383489914615577e-02 9.929931639154754297e-02 1.309095471052357240e-02 9.875413850448278019e-02 5.531357492766097311e-02 5.970161093920370310e-02 6.537455859258629876e-02 6.878020260444772660e-02 1.267613687739033157e-02 6.404620832958019157e-03 9.344046517803215879e-02
1.597219042402247061e-02 1.311550055361292502e-02 1.931178857866021684e-02 9.986549189643562086e-02 6.057688043967220104e-02 7.068041388961315841e-02 9.300932505352267621e-02 5.363495112176733248e-02 9.209278574286537677e-02 3.284863788210310581e-02 7.326693301742707998e-02 5.044819056440356247e-02 8.399598672666805377e-02 1.012935643240413588e-02 3.236602020563200677e-02 8.294365459971618504e-02 6.356938776246873202e-02 8.515791808996461820e-02 9.995483476254267419e-02 1.114834874786240285e-02
9.680028474151170610e-04 2.532249322181023832e-02 8.138421723715401346e-02 5.879078960358007783e-02 2.071621091507502843e-02 4.839273027804064098e-02 6.066083187752946415e-02 4.466984377764041114e-02 4.119829850608304478e-02 3.054510198571286361e-02 6.815807679562878307e-02 3.923949816404620483e-02 1.240997487616282181e-02 9.748976058159214420e-02 8.459905747294446665e-02 3.928459399747284003e-02 2.976202217981482965e-03 9.263913581229103744e-02 6.002159192764057460e-02 5.528653299448974684e-02
8.941750169376422308e-02 5.466466728146367887e-02 7.651162277383172401e-03 5.368973782673200357e-02 6.724181289506542258e-02 9.100160923949995873e-02 5.093928681067778907e-02 1.222804258760256182e-02 6.485901888795886361e-02 6.438196144063372539e-02 7.409192409777125288e-02 1.417331942490840380e-02 4.270733091090777450e-02 7.241204347476007386e-02 7.383603152197955322e-02 2.852163110972545657e-02 2.523609554326072812e-02 4.119894232656753918e-02 3.296327396837882978e-02 6.107314523641751980e-02
8.590383512108897002e-02 7.284801806073863684e-02 9.487292960032167599e-02 2.014462083947317350e-02 2.828367726467004989e-02 6.287188215935231306e-02 2.083304584787951802e-02 5.473727666862572561e-02 5.226487351835323175e-02 2.827483599515295820e-02 1.274847511824826057e-02 6.835978736193153160e-02 9.480718808877242922e-04 7.318763219665118391e-02 3.011723914166715421e-02 5.201981179844640535e-02 8.072413422801018312e-02 7.803958137905098180e-02 3.921687228196080177e-04 5.764950013135705653e-03
5.146385011607071402e-02 2.208838764881553354e-02 8.187806054805385481e-02 7.117977704808087225e-02 2.823557195968233804e-02 6.701907654832443828e-02 2.527263793600437181e-02 7.751807812472333650e-03 2.497456602196979070e-02 6.046486832087052954e-02 1.427019443126005364e-02 1.106995313726579812e-02 7.744373922946579114e-05 6.163284879681111411e-02 1.545751688018344276e-02 8.794478060182885082e-02 4.873159442909996697e-02 2.466612162029033911e-02 7.527633635041325322e-02 6.672260887051964517e-02
7.131475466683492859e-02 6.971104518972419395e-02 2.869608033159792848e-02 3.224068606472829928e-03 4.081584922023151485e-03 3.753234570870569997e-02 1.104196849318539540e-03 5.418115701272539081e-02 6.437843281413184460e-02 3.626502703625716917e-02 9.912046278540539990e-02 4.646107974562024845e-02 5.537694135025568454e-02 5.360723767658568534e-02 2.546659744937577324e-02 9.317601508310741076e-02 4.916111754058969524e-02 3.117451759989017454e-02 2.622625119849041411e-02 3.491462431145562345e-02
1.205831075072896254e-02 4.702112446253547962e-02 6.684722924719653514e-02 7.528004254621716018e-02 3.986670386790731879e-02 6.736331727503457045e-02 3.048784788509308064e-02 7.936238978182838522e-02 3.960330963314841191e-02 2.104690854179350895e-02 9.980779606398293424e-02 6.927890112373569567e-03 4.922930420615422714e-02 4.452604239551966048e-02 9.008355469024720980e-03 9.737659487006539161e-02 9.719930893406922290e-02 3.134135577164538777e-02 3.484423233687422572e-02 9.440996140006384374e-02
5.954746757965356796e-02 6.284897063108656201e-02 2.235013961482221895e-02 7.078837545334311365e-02 7.690589262209598931e-02 8.738242160554536564e-02 4.119267117501123482e-02 4.681583101627313781e-02 2.181593977515207394e-02 7.738525587737447864e-02 6.500344095614443707e-02 7.807659119400257863e-02 7.027386803644752877e-02 5.926810558699670273e-02 7.802396669015189412e-02 5.764740212091576388e-02 4.689608198707670428e-02 9.337148153768409786e-02 5.935144300718361854e-02 9.124696060406335685e-02
9.323346909321533760e-02 4.208343894768682564e-02 8.158321344496949346e-02 6.336130157712208111e-02 9.285548693432756073e-02 7.693189997611483977e-02 5.935661441947705230e-02 9.107499195180358831e-02 9.760285763935029613e-02 2.907138393006322361e-02 4.975589761706367131e-03 5.401462581428573793e-03 5.752349619277491444e-02 1.953545528464549833e-02 1.431786040415216135e-02 9.125020226413494903e-03 5.916219553655524543e-02 1.055504998528564858e-02 7.657342598358861385e-02 3.335972737501261692e-02
5.329060035250385990e-02 6.531878433231770587e-02 3.505098754690405549e-02 1.097874688522750865e-02 9.983462504013612682e-02 4.193708187985831920e-02 2.392276816155780583e-03 3.158531736439140064e-02 6.656453540532228375e-02 7.946536554877994818e-02 6.760244834550607762e-02 8.924503555843492364e-02 8.464020368230192048e-02 2.594438600556861138e-02 5.627728276105307265e-02 8.582810850660288482e-02 5.074303595665789063e-02 8.965434590117223046e-02 9.589888664987222811e-02 3.199967394816654459e-02
