2.291631648951729938e-01 1.063488799214378777e-01 8.770209131358805421e-02 5.723468562880932448e-02 8.569946944811825118e-02 9.202492074440447867e-02 7.413086922656259015e-02 6.934960622103476802e-02 7.752533389889623705e-02 1.551228490465367260e-01 4.658543701472576959e-02 5.356673284213206432e-02 6.515081656735130511e-02 8.014381006839532695e-02 1.686830404119936677e-01 9.817406927484305379e-02 8.905398519024751436e-02 7.314874093216952589e-02 6.886784279296048750e-02 7.408871182340777406e-02
2.528659162439803737e-02 9.119897880038197336e-04 9.495612483233775714e-02 5.052806845042834418e-05 2.387758746435200349e-02 2.617329803374176742e-02 9.284749004611636547e-02 1.933610204729327084e-02 8.707863762632295224e-02 6.238456070126633529e-02 7.889206645255120165e-02 2.183613718379430468e-02 9.600464760111319940e-02 5.274941452607410236e-02 1.152289337554293115e-02 3.054754098708820781e-02 3.849918147509308330e-02 2.702147332722463352e-02 6.259495238427370545e-02 2.374676915364111462e-02
3.375311372805166882e-02 4.918316875190834048e-02 4.002167642655626856e-02 4.834199020800288710e-02 2.496008044772471055e-02 7.101957626841000348e-02 5.864165850497171997e-03 1.781960786712100120e-02 2.807436982126846475e-02 1.093153158635447146e-02 4.645210822509455995e-02 2.072625482944669140e-02 8.365377383207112105e-02 7.180217554160688020e-02 6.178089238453236126e-02 2.261308866128616465e-02 9.440737393776202357e-02 9.905776861922101217e-02 8.965993256275404943e-02 1.005223879948471434e-02
6.342765022127315466e-02 7.239441673267919819e-02 1.397337166567634917e-02 3.093152473706000175e-02 8.244381832101516094e-02 1.848452163898837292e-02 6.343324591615408237e-02 5.637434212421313373e-02 6.870421051394065559e-02 2.566912170275754967e-02 2.410574350719307812e-02 4.952469933988773443e-02 1.346653710612441025e-02 2.158545296867898922e-02 2.262183360846255209e-02 6.567724257790362452e-02 4.369604389607496808e-02 5.631022429692405379e-02 1.855956236296664105e-02 4.793734890955753114e-02
3.506683355493380588e-02 4.107589460106142454e-04 8.922102403102870338e-02 7.621877857123282932e-03 1.578769063972260828e-02 3.934474042345900702e-02 5.381907575742247984e-02 8.728211482876101213e-02 3.646628909729271451e-02 3.670018728662285262e-02 9.965514180493348362e-02 1.696740836019958870e-02 9.809829170086205308e-02 7.055087986565322655e-02 4.044917885750120429e-02 1.803191222230763474e-02 5.764376788320259293e-02 7.920664250754645697e-02 3.088463724770801333e-02 1.077376430455163729e-02
9.005521298134201713e-02 1.031168987238662016e-02 1.377353849652355328e-02 5.171177338163946390e-03 8.355094655152221772e-02 2.692412868937287332e-02 9.282867749490769649e-02 8.099332523813194962e-02 4.553265383801666927e-02 3.947596857898294335e-03 3.248768691353908639e-02 9.490603170329869887e-02 6.123943600578808655e-02 7.869132638044252018e-03 2.570148431223065119e-02 2.281060170331178361e-02 9.478547046850725744e-02 3.110416291884565958e-03 7.231383556893099251e-02 2.904014048092911152e-02
8.810155555415245809e-02 1.535609555841999097e-02 6.422112010823376183e-02 3.767105829748152216e-04 3.025014022790294480e-02 5.720192385617324515e-02 3.298405280473065693e-02 2.515918857145441750e-02 2.259732482700734998e-02 3.597485446789485536e-02 1.787542455617397927e-02 9.427095280023177482e-02 5.248266078331061124e-02 3.287665509048011414e-02 8.139431909800992626e-02 4.827199590533470114e-02 9.965275054431732560e-03 8.999853403014430875e-02 1.710518743430205005e-02 2.149174811163630239e-02
6.824278034120957737e-02 8.069580165346057835e-03 4.865728500623083680e-02 4.022471649667617305e-02 1.438015824001636148e-02 5.133320986619516191e-02 8.277769958437514175e-02 9.921905001881850539e-02 4.142570917317667072e-03 8.616472928737434200e-02 5.455296448901854334e-02 8.276309165570291948e-02 9.988986487644341272e-02 1.494403363138931996e-02 6.715474648404501368e-02 3.426562735824312256e-02 5.116683154442219772e-02 9.936452249278678039e-02 6.433794826643073062e-02 5.455594233301708923e-03
1.612073178841373286e-02 6.090161393624727183e-04 5.631899813029515173e-02 2.345205473158529230e-02 2.992003881660511289e-02 9.004427943242759858e-02 2.153013507416534633e-02 2.642723041367926046e-02 9.151303233020141592e-02 2.502575962690066838e-02 3.473796938490863323e-02 9.621936446292225775e-02 8.574842810678937055e-02 4.007565208905983049e-03 6.340293242165472021e-02 7.940130641567329228e-02 6.636726225602450346e-02 5.357964199717171749e-02 2.741472543986600563e-03 6.519459965554692815e-02
2.394173490839050095e-02 2.958780816455909568e-02 2.650967290144510408e-02 5.842080257370532714e-02 1.069949802935719202e-02 1.574956135557161949e-02 1.685663813923269500e-02 9.991918128805299393e-02 9.862316530229175982e-03 8.648708905786496592e-02 6.391164983528788146e-02 8.597577885776254425e-02 4.910228634095434308e-02 3.955204464491501870e-02 8.519944996272869886e-02 8.518939267550897088e-02 7.912232488679409037e-02 9.385161889987454764e-02 7.722224662617474533e-02 7.373902651330808966e-02
9.661618484884516508e-03 2.769279881589313888e-02 3.984293596719138547e-02 9.228043274230895987e-02 5.726977495988370276e-02 5.939345374980897069e-02 5.966767334380819465e-02 4.280479132762891187e-02 9.656326909514184598e-02 9.445715578502941745e-02 4.801418633896659127e-03 5.066749040961496253e-02 6.155707002007302503e-02 8.563081414594167495e-02 1.007915074276235536e-02 3.013738896142307416e-02 6.420367854119456152e-02 2.954626698572571444e-03 4.935588248231590619e-02 2.189997766253388989e-02
7.333034454020738446e-02 9.056713174515584885e-02 2.465029740234135971e-02 4.617393733976246639e-02 1.178201813354357030e-02 1.143726051154483371e-02 1.001092739194774442e-02 7.584188944338303429e-02 6.955285803388598642e-02 6.415012935426034693e-03 6.530731610402383536e-02 8.864898914232609284e-02 6.931772730878840716e-02 5.825059815941733415e-02 6.640295851381093628e-02 9.638170483963549515e-03 7.684960812508498385e-02 2.274368199330302487e-02 8.952372481670396731e-02 1.008498109689908231e-02
1.802907979988207718e-02 8.407520967554282798e-02 5.622555297455397727e-02 2.253011095736982133e-02 6.552450221568260902e-02 6.629077758143669952e-02 9.381476439723709926e-02 7.218779385879640909e-02 9.382396925824558476e-02 3.943553251174682084e-02 4.618183300113207906e-02 9.308748664854760158e-02 3.079995747750296012e-02 1.911019707587092997e-02 6.552416635550654955e-02 2.654223295729263299e-02 7.691525170505174314e-02 3.090344019285340416e-02 7.707344392010533063e-02 7.731310593778514817e-02
5.389828531748371010e-02 6.796731848088111323e-03 2.062727141506368739e-02 4.441705884122957443e-02 2.891863681124337213e-02 5.518816399582587157e-02 7.813649807296507710e-02 8.170099685715143112e-02 4.144325020509695423e-02 7.503169263039946579e-02 4.584159777237506450e-02 6.350881295191317111e-02 3.184222687886385794e-02 7.247334824374145057e-02 1.514435858839945429e-02 1.954577985893359016e-02 3.203201457068213104e-02 5.179872727838533836e-02 4.158328774347955920e-02 5.994851681670632093e-03
9.656604186480949314e-02 2.799618972467826650e-02 7.751444844257300570e-02 5.984965757780021101e-02 5.326953610787954659e-03 1.992826672503593757e-02 5.028303088793990849e-02 5.762681198653116926e-02 1.059479118682338369e-03 3.624387541655732514e-02 3.987250313253845602e-02 4.579879267185841402e-02 1.806953556012935811e-03 9.910056360727731439e-02 2.007213927843021217e-02 9.297442980079218683e-03 2.467119608352452698e-02 2.471040408306193412e-02 4.647517871216635954e-02 1.478905292313681483e-03
1.271577533409423699e-02 1.839460943406985224e-02 1.374772274181823746e-03 3.651166515251086375e-02 9.112140109106654784e-02 4.310474714766446974e-02 3.529270934207865557e-02 3.113189288015825312e-02 2.132835219272180213e-02 7.058848065811904049e-02 8.654185794150742739e-02 2.898028354147145352e-02 1.962528197434173713e-02 8.314146446203754537e-02 3.212351887569902392e-02 2.071284720977749697e-02 7.746717292139108924e-02 4.716354633112843781e-02 5.208071548066531276e-02 6.563628590131854144e-03
2.680386674825424587e-02 3.602469192561442990e-02 2.833406230799201397e-02 9.627387014742583293e-02 6.176262451359331579e-02 6.721427760491946457e-02 8.920022690875278881e-02 5.384655326469383468e-02 8.178439191748232417e-02 3.347879434745404392e-02 7.394613224153512993e-03 7.211487408703824709e-02 5.375313741969144771e-02 5.465026512122272973e-02 1.307839417088334580e-02 5.797978947831965851e-02 9.057899565835696165e-02 1.644066773200322448e-02 6.489229780683085369e-02 5.739398357454905675e-03
9.970504835165459878e-02 5.308618882924381194e-02 8.005778223081887190e-02 7.737040068453525377e-02 9.956400833756057223e-02 4.640676949584648242e-02 7.897979853676907226e-04 9.174049645251237950e-02 3.642413269977181484e-02 4.616275455972608521e-02 7.245673873926870845e-02 2.366286466892544502e-02 1.518117980845462567e-02 8.828935167633955583e-02 3.274023329500818508e-02 7.721773554487226798e-02 2.118970398503314950e-02 9.448034062275945805e-03 8.676525836481012444e-02 4.169049012107020613e-02
4.917838263478594568e-02 3.408182220847854466e-02 4.717577066579117795e-02 1.853469332082388274e-02 4.308167064321691969e-02 3.050113150157737416e-02 6.878487891108185648e-02 9.794052218945675792e-02 3.573067319020192117e-02 3.066320886319472486e-02 9.776567733821858730e-02 5.784191639709965888e-02 1.927333634287928948e-02 8.251167534600603592e-02 3.643138448590815121e-02 9.747855586680444218e-02 6.938260362205260490e-02 7.025280948449937057e-02 2.806444923180424766e-02 6.809009992533081312e-02
8.020944506168515425e-03 5.963667842962219745e-02 7.702978465486456927e-02 5.213941390110357621e-02 4.740530969578173048e-02 6.498706094870228267e-02 6.686593363579596341e-03 1.139893307853937637e-02 2.103295145464427821e-02 8.752190988917535330e-02 6.074292906051880631e-02 7.285850740320906627e-02 3.630269360566897724e-02 9.230921389934769461e-02 1.890808676192834480e-03 4.843899113124672251e-02 9.987014816250890104e-02 2.310340028108681752e-03 9.629151704327582051e-02 2.354711587319736898e-02
