3.611942742967561570e-01 8.357394102788083534e-02 6.514805498009976215e-02 5.604036179439900872e-02 9.734957364796950618e-02 1.035718018023720488e-01 4.793911284938685846e-02 8.745924054401996162e-02 1.467891793492623331e-01 1.733676444040538334e-02 4.132863626753091602e-02 1.785565198888618421e-01 6.391890391060084387e-02 6.480368730309418734e-02 1.306057626456614829e-01 9.036335301015006871e-02 7.730969662062980863e-02 9.935463351821011146e-02 7.482061228712182099e-02 8.222852132256279478e-02
5.892877817182972516e-02 6.229511572278383091e-02 1.005676722399226897e-01 3.883147397382163274e-02 1.031913853834975914e-01 4.345458631103338298e-02 7.544877993855358955e-02 3.691961870836776155e-02 1.507624140041326569e-02 2.389428449985796579e-02 9.618806873312199524e-02 8.855021669932536255e-02 1.024050055194200975e-01 7.663283404776591312e-02 5.770302921000669549e-03 4.298287051278766591e-02 9.002418236162783305e-02 8.796840017198928607e-02 6.187528201432816732e-02 7.091050700359342873e-02
9.396439307234599747e-02 9.150844701024193895e-02 1.506823037946752181e-02 1.277962214698258152e-02 3.476821019978410671e-02 9.540490099629869714e-02 9.852886847957199878e-02 8.368931881148385099e-02 9.899057759986316235e-03 2.160437273022073820e-02 8.947203056426335233e-02 6.390795542244974425e-02 5.081759122647255128e-02 3.329902304192219886e-02 9.096187526380759836e-02 8.310370293174690337e-02 6.495349390444528359e-02 2.916471539999800425e-02 4.963045204309356889e-02 4.806466466722018188e-02
1.471023101835147208e-02 2.834739965916203280e-02 3.313953762227082184e-02 9.674008589288052296e-02 1.029905986338516682e-01 2.917160841343826444e-02 3.930386501643168967e-02 3.924355955771843124e-02 1.556356674383266737e-03 1.023173272826310154e-01 5.179375027233767970e-02 3.148235605159842992e-02 5.591928151452293244e-02 6.224244407253721328e-02 8.402094579385199768e-02 5.590259620452095284e-03 6.195401764346711998e-02 8.946090939070755477e-02 8.954346863144091451e-02 3.945632860151272736e-02
2.082446026043527007e-02 2.855344878728559993e-02 4.309542302374074624e-02 7.525397510655570943e-02 6.419329856682948199e-02 3.800164058416614921e-02 5.109036134965329237e-04 9.373259244749087421e-03 6.091108258713495704e-02 8.409209102558343196e-02 6.107223382273343354e-02 3.533534613857329532e-02 7.253092638641522871e-02 6.141536623414704105e-02 4.645435770341144188e-02 6.708506707774002098e-02 4.906741271628094203e-02 3.818138322849783800e-02 1.130644510158847725e-02 1.822115446316967952e-02
3.236329673199433293e-02 2.567657822128666459e-02 7.066943479514928295e-02 2.643777178520251465e-03 6.137049759187864634e-02 9.112120859291808483e-02 3.052695233782791451e-02 6.077548323284827358e-02 5.951927647822977813e-02 3.422228042322450481e-02 2.894109317748022082e-03 8.620591424539757186e-02 7.441477777314123299e-02 6.989981236922353236e-02 9.974321695415126060e-03 7.579347331701599688e-02 6.818704938297383278e-02 5.071752641069814799e-02 9.654496850905190664e-02 8.207762479511968023e-02
5.471951213656872648e-02 4.784072908049014777e-02 8.980806742999256076e-02 7.484955232119830382e-02 6.606502084356456750e-02 2.622135355898861514e-02 5.221650232370588646e-02 4.431819951099229965e-02 2.729905205063219709e-02 5.112814388934625032e-02 9.907507875041898782e-02 1.718761654247815199e-02 4.353565655805943790e-02 1.053083076904417631e-01 9.730311658715469492e-02 5.571516563432513114e-02 1.145597610898822782e-02 1.401014645747013926e-02 6.457571701954985255e-02 9.237619587055644066e-02
1.148023037539899587e-02 8.928941860020615795e-02 5.631753306941122278e-02 4.338471632635876839e-03 8.332649848037032569e-02 6.576127761196993993e-02 7.105751766928769531e-02 3.041052218615777902e-02 6.163989902281596586e-03 2.386451792442258191e-02 6.729286743424087169e-02 7.345108468380778799e-02 7.119073148668916828e-02 7.476587119018822392e-02 4.605154346893403083e-03 7.976576449132705832e-03 6.849762882590654245e-02 3.378570067416739042e-02 9.007341801557192107e-02 6.823389050531993016e-02
6.559305592222583470e-02 6.321086979321902111e-02 1.037702199789989899e-01 3.477362300065935108e-02 1.373346843357055140e-02 7.483690981207934134e-02 1.013782831415839664e-01 4.185625923147283378e-02 8.973288705487933448e-02 1.457136839750648900e-02 8.545955987985123792e-02 1.235720044690332559e-02 1.943764332790817381e-02 8.903964697290971814e-03 5.711037835690445374e-02 6.777447388794696770e-02 6.630527469321868816e-02 6.297860160518244099e-02 7.867745585217521265e-02 3.886099739819607463e-02
9.942140951814013028e-02 4.600174045899160791e-02 5.919339140022757129e-02 6.679552093878640597e-04 4.417046827943618692e-02 8.569897620491817580e-02 1.021663426024563559e-01 1.010727159887344767e-01 6.567260140544717295e-02 1.321559586017931505e-02 9.645902659638165566e-02 3.506104647212928555e-02 7.909779179444687003e-02 9.324769023056120321e-02 4.533532646746398637e-02 7.901817630338146825e-02 9.242174823855206847e-03 1.128648748320524794e-02 2.142769318682423429e-02 6.430815902563524755e-02
9.120675038213038599e-02 7.708779984290978216e-02 4.856948242483979244e-02 4.531325270098197910e-02 3.569584772379485321e-02 7.310187037634503261e-03 8.714322224092611868e-02 2.142320504301239992e-02 1.227715219572751530e-02 1.029772147479570549e-01 6.279388488394960222e-02 4.853018705562115592e-02 8.729302587446821637e-02 2.715832385972849830e-02 3.161654881295415664e-02 3.559218122512610577e-02 3.159750937152474778e-03 1.597864209333525395e-02 2.641616912121856967e-02 1.321800276648235802e-02
6.756107832366442523e-02 6.660866775145302121e-02 7.101920135534654788e-02 3.033640606165433073e-02 9.679739701236371452e-02 8.755626832928879374e-03 3.926039559499779064e-02 4.641155443284463930e-03 2.474142882891821812e-02 9.934624021426488594e-02 3.121338204892263289e-03 6.334527280180719810e-02 8.965173796535191864e-02 2.707954277085598480e-02 2.990337256746915945e-02 3.282755225433534735e-02 7.412720671572398112e-02 6.339074236067160362e-02 5.475905623496497843e-02 1.059360651789413924e-02
2.873376423053905244e-03 7.854869307716512428e-02 1.022878306635526258e-01 2.368166866224832162e-02 7.783590349349317483e-02 1.044276633722034942e-01 1.490783927123828963e-02 5.660639938578446856e-02 6.134470544988548935e-02 2.389562348546590484e-02 3.255905465269334775e-02 9.285174237808113684e-02 6.899822744997175829e-03 5.921597655534326923e-04 8.430308871864780618e-02 4.492587299653541533e-02 7.327048803511120034e-02 2.851913574747814983e-02 1.012835519832808312e-01 5.428448716667211987e-02
8.737958201285002391e-02 4.499849380030236656e-02 3.643260439673116653e-03 9.263280804672796576e-02 6.570875387250155186e-02 9.085484172918144308e-02 7.989520291453749978e-02 9.071645271901396246e-02 7.693637161961914064e-03 7.694322221585039867e-02 1.808700857134696791e-02 1.051570366163065984e-01 2.848720246550848212e-02 1.631093352071853134e-03 9.604932047625334979e-02 7.042036944486800183e-03 4.265565266064228617e-02 2.168645734380685725e-02 2.100366170067820282e-02 5.564253669261164797e-02
6.138780022550736903e-02 8.520438058958315630e-02 6.748618744089593391e-02 5.842580253992388922e-02 8.257636489085512163e-03 5.653463084761069235e-02 8.236836185202153771e-02 2.942301517094711438e-02 9.128970323787866104e-02 7.871577201465572438e-02 6.512499438917439265e-02 1.791628183572605351e-02 5.668863688743368962e-02 7.240043073797432227e-02 1.008747792474168486e-01 7.917225092294165323e-02 5.892812188900532072e-02 7.328425019814439889e-02 1.050017561028380175e-01 7.062570328598891112e-02
9.778413345085390507e-02 8.871143813613251161e-02 2.441890768949876375e-03 2.900367330243643071e-02 6.556164798715709285e-02 6.581713145125199504e-02 2.892340964028845135e-02 1.684859452801993479e-02 8.081911123429511012e-02 4.735730864723441957e-02 4.693241280140059840e-02 7.283734344495720880e-02 4.662130456011730206e-02 2.659898999784907764e-02 1.102415930268464683e-02 7.577020765152520099e-02 5.930428441492806291e-02 1.057117658069082478e-01 4.992414831705883904e-02 4.450044658888378107e-02
4.058258717555805750e-02 6.359137096818270884e-02 6.088099140262681619e-02 1.107489728508233295e-02 5.145223849645775421e-02 5.756330992542531971e-02 8.943632750589410041e-02 5.709497164650014639e-02 4.275617634699000608e-02 7.814258353826073616e-03 3.022609286560856007e-02 9.562848062949547145e-02 3.940012158689600030e-02 7.812784248461958347e-02 1.352806840442433677e-02 6.238109511035391797e-02 5.963010688018619693e-02 1.956684511300322421e-02 1.951014791831243850e-02 8.308209537877770529e-03
4.215546335033389796e-02 2.614512134096329959e-02 4.594484048062746212e-02 5.561935240513834339e-02 7.211119062539612934e-02 5.161462604212598004e-02 2.663995610940591077e-02 7.726424660788105969e-02 5.692592562485754987e-02 7.052209450416852508e-03 8.346257485121537367e-02 5.912317043672053046e-02 1.835639107608881895e-02 8.060971370550938653e-02 5.373539151562317651e-02 4.830545109731149145e-02 6.477065270022729082e-02 1.753978837439472416e-02 2.815445186617760581e-02 7.853618453220864715e-02
9.479154492061613035e-02 8.381188774763456695e-02 6.368319355232525576e-03 8.082940772792114592e-02 6.772922970063648129e-02 3.327755093390594859e-02 4.138412240812325976e-02 2.830585640068951359e-02 7.908264174533703728e-02 1.490588332137460226e-02 1.271034353704002598e-02 6.538643803638365289e-03 1.030990800374235045e-01 9.659976058084836226e-02 9.755172697042015229e-02 9.559730820428191667e-02 9.581901602240910920e-02 3.045942961598967214e-02 8.797506832209169014e-02 7.039656888085162045e-02
3.555638523066573242e-02 9.637091519376785043e-02 2.790020900445148826e-03 5.972806649872089424e-02 2.499386211812044956e-02 5.975900051208529046e-02 6.433868930683929455e-02 1.714400691848901384e-02 5.443973984065897387e-02 8.889631936254167865e-02 8.297781005306775759e-02 3.467846859023324818e-02 5.460550250861977151e-02 5.426281622201712925e-04 8.430746547067576036e-02 3.926715650983864103e-02 5.211001548141277334e-02 9.935660106075963616e-02 9.768063691230725876e-02 6.017719064406577140e-02
