3.405330004179513148e-01 6.014440260012707956e-02 8.775062984523136767e-02 1.616150600843039575e-01 1.410028605819237391e-01 1.200893962624885736e-01 3.809515531574557412e-02 4.861536056836959774e-02 6.810261086187906210e-02 3.632040212305603921e-02 5.537197093252805430e-02 1.047860719898017351e-01 6.894452075705179150e-02 1.540478818463512749e-02 9.381526901114237149e-02 5.741913635680529621e-02 1.046183031871470992e-01 3.799075635362750974e-02 3.920835996346148239e-02 9.795207609149295114e-02
3.985190623313359520e-02 2.198928672395436806e-03 6.149626475178470580e-02 4.811931329330652873e-02 3.331098588849009529e-02 2.887889883689508802e-02 8.423224734916522072e-02 7.153590782193371134e-02 1.727933326742732423e-02 7.669949941706516450e-02 2.205109442050770877e-02 7.416934137887720713e-02 6.555780300630476010e-02 2.644035041681835549e-02 1.929867696633521743e-02 9.766695018133698947e-02 6.631062785100046153e-02 2.706801027784335942e-02 4.515835209119101884e-02 5.522538998186625470e-02
2.607185612818521334e-02 7.479038617031323610e-02 7.921705875976943478e-02 2.989108790142458449e-02 3.294060626663810470e-02 9.510691481747972353e-02 8.430323404237427543e-02 2.426313097972265798e-02 8.972151508479445092e-02 3.432493103868825435e-03 6.514004000397617677e-02 1.567891228648252838e-02 1.309805852417455369e-02 2.025967669302527682e-02 8.420320161588715213e-02 6.047430897605140382e-02 5.419456691985170826e-02 1.082148468312819564e-02 3.977791231340300701e-03 5.935654655158483081e-04
4.874036242848533290e-02 6.924298157892297412e-02 1.050866157080059121e-01 1.556395859416291952e-02 8.964629569258564246e-02 4.980588631983746961e-02 8.538931520394098251e-02 2.163135871970163146e-02 3.954142979264321095e-02 3.118414229870385829e-02 5.015105878724208238e-02 3.909914777899950455e-02 3.696145432876824649e-02 6.798453141662229304e-02 5.112596782708877380e-02 3.629862107389831422e-02 8.740361028116096220e-02 8.562759165580668963e-02 2.052835838564808640e-02 1.064014343140568530e-01
2.066767517771807630e-02 2.457941397800583738e-02 1.000020942763627241e-01 1.919348341775503619e-02 7.718091020380193901e-02 2.769950745630274727e-02 4.174941758090074811e-02 1.255150732471722701e-02 9.849589590798385474e-02 5.057253080840123927e-02 2.171994788331993789e-02 1.070561184575380409e-01 8.748834855862437643e-02 4.983042466269396037e-02 8.642216315867290444e-02 4.982144610959767655e-02 4.950426536239597997e-02 5.050407133274695780e-03 1.920931120152023081e-02 2.073821791749376128e-02
7.656476780431143922e-03 7.122887108616929308e-02 6.502591634961273070e-02 1.455258266129501104e-03 8.455047006394030007e-02 6.721233785092967095e-02 2.377865883868045954e-02 8.330092418440625257e-02 8.161825924647779507e-02 8.925353375342662265e-02 3.114562779324516265e-02 7.214848254201569611e-02 6.316136914373968181e-02 8.081141336761592242e-02 2.021396763566864554e-02 9.182031355668014705e-02 1.068152108082917884e-01 7.966729666593087844e-02 6.195040486158360366e-02 3.963453141694073603e-03
9.568150561312928348e-02 7.392280420399051366e-02 6.552310231309231570e-02 9.565866299892067381e-02 8.102731428106357825e-02 4.784071067519644199e-02 2.604322423745809162e-02 1.161688723951268204e-03 3.080557919288408678e-02 5.221918662958079105e-02 5.823004563228488528e-02 7.285645961502057455e-02 1.810957147208319337e-02 4.663012443918879840e-02 6.309290435800310459e-02 4.482897390194744147e-03 1.692092681533555881e-02 6.272788920228826795e-03 9.109548009788630274e-02 6.916102834237949915e-02
8.686864870514499071e-02 5.642516857412224057e-02 1.019640171582369970e-01 2.988767449477503207e-03 4.235461804048155574e-03 6.078068639599226025e-02 3.718018986156572392e-02 7.200481630728315652e-02 5.382103650311356041e-02 1.070034611350942876e-02 5.346592469435555023e-02 7.108798251904245580e-02 4.116184342327426117e-03 4.575111618919879691e-02 5.086491647097911989e-03 2.547048866919610077e-02 5.276028100912337482e-02 3.043222481882737473e-02 2.022665679051659400e-03 9.303599316406196973e-02
2.111304070046434410e-03 8.704763667346840372e-02 7.861787910673183333e-02 1.000208759205658965e-01 7.975879337259732249e-02 9.815557930152561672e-02 9.330782418190018690e-02 8.455191574085918482e-02 3.262340574531779475e-02 7.800597811935075510e-02 6.266693817956649204e-02 2.014367388384296839e-02 8.501219090485838403e-02 7.942777764506646354e-02 8.926258837019183934e-02 6.307273752208694684e-02 2.873634383952003782e-02 6.814807831051770959e-02 4.423130526923394618e-03 8.411431733353509632e-02
8.494344669536410541e-02 1.021586986564751443e-01 2.018921074028560275e-02 9.671343577457688911e-02 7.146492123786346573e-02 1.480982695749359819e-02 2.122461742805031859e-02 3.639342834489167622e-02 2.092188349882709644e-02 1.031734761102138243e-01 1.070764967127479927e-02 6.466732605921865495e-02 6.324153000452270579e-02 7.957327070185048201e-02 4.108337853333828699e-02 6.258825847326364433e-02 4.547490229520332466e-02 6.663227614418970601e-02 5.972086672354157133e-02 7.237496057807296657e-02
9.723834654371290437e-03 5.492347805286188628e-02 1.750789414114968523e-02 9.933398004705487616e-02 8.003061251729957915e-02 1.015290363824609132e-01 9.565285886781860203e-02 9.377893565542170379e-03 4.257230424541775388e-02 1.392888521115451424e-02 9.129796873598668150e-02 7.422970448945885591e-02 9.617174192558758383e-02 1.407043639308214189e-02 9.980638065957070371e-02 3.503486111124499286e-02 5.240235352991112067e-02 3.683271701654199787e-02 8.513972178161989535e-02 1.364942233684735863e-02
7.041383492961213186e-02 5.300616889995808656e-02 1.044802299240283755e-01 3.734987397171451312e-02 7.747964459914077895e-02 4.616343369647273737e-02 6.432545921454099758e-02 1.010199191125099732e-01 5.879236325644918160e-02 1.165031372511928127e-02 9.056544075432390595e-02 5.400278095721210148e-02 1.025395010317407679e-01 4.882453997342810215e-02 2.976570366680495947e-02 6.191415488201972711e-02 3.755981663981548119e-02 3.478963632585559129e-02 9.311771412004990478e-02 1.470528563401760601e-02
9.092214493059573577e-02 5.300117186675339098e-02 7.689181685017289214e-02 5.329845877610672050e-02 4.936480131202589106e-02 1.019021641695348583e-02 8.482155219187860473e-02 6.506076900503823812e-02 2.948719801823897549e-02 9.253019448515849288e-02 6.923949592521499996e-02 2.997884359653493758e-02 4.707557867419705742e-03 2.863138016178573553e-02 6.762319729058884066e-02 6.973279767784461855e-04 1.029212478816788831e-02 9.020723390397461516e-02 6.062234718368109815e-02 9.053979481623515568e-02
5.118197953302371095e-02 6.678707751970762441e-02 9.114609961703860896e-02 4.940189740965958941e-03 3.679034285696692469e-02 9.931659803878883919e-02 9.753053605107850355e-02 3.844925070444172449e-02 5.390444135086524396e-02 1.926034210012422115e-02 1.065301381353331994e-01 6.147839126515716734e-02 3.232673058165051738e-02 8.809859911863313076e-02 1.040944284035854595e-01 7.761919789167544270e-02 5.745669219045942099e-03 5.714103610057272992e-02 6.812926731629731503e-02 1.032142388653205511e-01
1.801548703532040996e-02 1.342715337671699163e-03 1.057094118331407262e-01 3.743036189485678122e-02 7.862092418297007834e-02 2.603802543738401726e-02 4.486019355356779537e-02 7.375287694925281023e-02 2.140483590468382838e-02 5.029257988763163878e-02 4.698330789429331494e-02 7.607597322181996156e-03 7.655917001560648416e-02 4.925826556566861858e-02 5.034224820775553980e-04 9.785887173828658470e-02 9.067453348598401505e-03 5.455363478987398929e-02 7.053504121772823099e-02 8.033250908168913795e-02
6.199830270284072825e-02 3.303767478002354180e-02 8.016995111488815773e-02 7.434476611889404007e-02 2.196968007842892145e-02 4.428686999886352789e-03 9.907984211513420902e-02 4.771247443838742830e-02 8.402737289705050627e-02 8.931565570501137641e-02 2.568258516415310166e-02 9.688812320403318579e-02 1.438665610397513346e-02 6.964454391073621187e-02 2.052305481716983765e-02 6.411826824358317356e-02 1.309096590667390043e-02 7.851770247410026771e-02 5.545951285198273684e-02 6.611413426841733498e-02
9.062417335244017658e-02 2.467733476435782052e-03 4.326706546646508222e-02 7.118284920764055002e-02 6.356909669001357954e-02 9.008528226961752539e-02 4.005192634048153344e-02 2.345229742397935205e-02 1.431619245087458782e-02 7.963248929468098869e-03 4.122919213591075965e-02 8.684550751922164372e-03 1.291970948321497989e-02 4.534110402223449215e-02 9.819917187242566126e-02 4.039862433532521307e-02 6.572799827826303343e-02 7.092483260504027498e-02 7.066077472597412368e-02 6.670396444855265783e-02
6.332666560662210918e-03 1.020038043994710986e-01 8.944029199075144432e-02 1.464462735849190837e-02 2.512387803908307585e-02 7.277592283548157959e-02 8.078289335111865643e-02 3.349456024501088619e-02 7.817146897476286160e-02 5.020728769584316409e-02 3.710589045284261311e-02 5.728659467299866692e-02 6.037436084469781361e-02 1.014198842178833104e-01 4.188654022212465189e-02 4.565815666143539092e-02 1.311682594913531411e-02 6.785925246214087603e-02 8.835683377257211313e-02 3.229820226710851394e-02
1.665707620441702133e-02 7.156410267020231475e-02 9.916271664015273435e-02 1.341530297582848447e-02 1.009806475935319525e-01 4.343506586201743153e-02 9.750603523993486843e-02 2.463822283029616644e-02 8.195840807694165786e-02 8.885878060469250272e-02 9.224056113331546847e-02 5.963957583902120690e-02 3.980872766851854122e-02 1.831248503149463663e-02 7.601222411513366972e-02 8.983640207030961500e-02 9.805646160082767682e-02 1.043318007456297547e-01 9.962802146929142233e-02 3.685000703100541064e-02
7.571959911194495185e-02 1.067916455714612300e-01 1.707547577684265933e-02 6.034143765008248561e-02 3.402053988555012176e-02 1.431160376812689282e-02 4.789666903067926057e-02 9.400157449048837655e-02 8.876489264493557518e-02 2.482638735897357493e-02 9.757555468646950114e-02 4.379257993300189611e-02 2.771802679587740195e-02 2.130212256870474361e-03 2.871432409270769162e-02 3.301754263301767689e-02 2.943578845589151990e-02 1.737774318801998952e-02 9.763630093458974812e-02 6.010428415435570271e-02
