2.187475243864172303e-01 4.234313050697745273e-02 3.494344595397432668e-02 1.181324378499772343e-01 5.979299054686565418e-02 6.454095126056755283e-02 1.315656294297647688e-01 4.391856638377331784e-02 8.417267629478025759e-02 1.463703205386418515e-01 9.868075469592210713e-02 7.821237079048963536e-02 9.356709002606812542e-02 1.610514667209623219e-01 1.015920538719292526e-01 1.061184384760452681e-01 1.457177105055247890e-01 5.829075938999317419e-02 1.272644099455735311e-01 7.370908785980526123e-02
6.337325087254684630e-02 6.035248659689207429e-02 1.404057573488917167e-02 1.291897380830894261e-02 9.344254198293910907e-02 1.980957262959086654e-02 7.007601896868659308e-02 5.899938426296133520e-02 5.409516610246355856e-02 9.429671197801192672e-03 9.065861158110059825e-02 4.454498560293363232e-03 7.945663708125895106e-03 2.113884884518940632e-02 3.410003697816026830e-02 9.791539797347978413e-02 4.749931239787749671e-02 7.408839253492266463e-02 6.804566600235739671e-02 3.988499365616415999e-03
6.140657395099481664e-02 9.903191549230333512e-02 6.041043463560283322e-02 6.392954641232163025e-03 2.374945001805334188e-02 6.673659884299594502e-02 9.793651792250761268e-02 5.262599249641989468e-02 9.007264752144807096e-02 1.470347037061511299e-02 3.821506232818871335e-02 8.453050604773248988e-02 7.772224148605878791e-02 7.656421837239940631e-02 1.203620051602373280e-02 7.743481167452377634e-02 6.101559280222099840e-02 3.563192179671783449e-02 1.882546093822233882e-02 9.644855852992634260e-02
7.752975721101293405e-02 8.570725081117269717e-02 8.904222039783822595e-02 3.555098412025536198e-02 3.683450345096619255e-02 3.821921071571914713e-02 1.443759326773361856e-02 1.803190682055254637e-02 3.837457218139239679e-02 5.957551030265000741e-02 6.235375502881693177e-02 1.533437288917829412e-02 6.622828555561631469e-02 1.260981414831442542e-02 6.963876114437629605e-02 1.874972407882450481e-02 7.911365075862018814e-02 4.321235660791388627e-02 2.457616551903281377e-02 5.704948580282544202e-02
9.590770568919952666e-02 3.612020987245456727e-02 3.649059248171478143e-02 3.875481672720102605e-02 2.354188743670115880e-02 5.337416307410706301e-02 1.414595901181166064e-02 4.585874569779430088e-02 7.543695089691129785e-02 2.767855524010032209e-02 4.701263070246071429e-02 5.692595054500088070e-02 4.807228700138156674e-02 3.187522369118433313e-02 5.927178041917444129e-02 3.927814595342205180e-03 4.101995028032447144e-02 8.248751988943481273e-04 9.385438575308591852e-03 2.975899258978324108e-02
8.446942500273180165e-02 2.065682104454896750e-02 4.111545340499614398e-02 1.809058204478309825e-02 2.174457929489305441e-02 5.829362026623533671e-02 3.566389311958969438e-02 4.693629745653980084e-02 6.500070761968766708e-02 2.576037367813152276e-02 8.509682199130896851e-02 7.427320909474433019e-02 9.656828284562624098e-02 3.744491173709187798e-02 4.236213074127647554e-02 9.137351435499868613e-02 4.611793596538538154e-02 4.902866845136136936e-02 3.529661608550312135e-02 6.295559279406141850e-02
6.869861023976200909e-02 4.058230874886245565e-02 2.599720749950711410e-02 8.174807110329143645e-02 3.757264213280723381e-02 6.509951346293428587e-02 5.762869822542543430e-02 2.052053258600481517e-02 4.964447318681498855e-02 2.969015623931169426e-02 3.868951707858311884e-02 8.923449406393882399e-02 8.366181545619211235e-02 9.192339083102196717e-02 1.084041051562996232e-02 9.383897174807295793e-02 8.489923828022145902e-02 4.393408422591615209e-02 8.855968789754389836e-02 5.255849917902880725e-02
1.671787470377119819e-02 1.979905602829849093e-02 3.252018642744795157e-02 3.839250620943988196e-02 6.207331797758051245e-02 2.116523815010701304e-02 7.629162385441534688e-03 3.202869636918489332e-02 6.754815627140013656e-02 4.772324306312073633e-02 5.665751589086970297e-02 3.623478169087753636e-02 3.060031507316274442e-03 8.860884843149048617e-02 2.063319875567178052e-02 4.706930798491740925e-02 2.882469872162549823e-02 2.082120750387238609e-02 9.708095178180325968e-02 8.711309708552476827e-02
8.841214972707042707e-02 1.931124169928255703e-03 6.719137314503624558e-02 9.264850893173123825e-02 6.763693814670355964e-02 1.020375593232295680e-02 5.391375750885930851e-02 7.598424813438552083e-02 2.442301464842029646e-02 6.043053669970405162e-02 5.070227577635082888e-02 1.946945988035746547e-02 4.751154296460513744e-03 5.780479471849150896e-02 3.241450409832927898e-02 1.339939811678769830e-03 3.934955025177422176e-03 2.643913330383224070e-02 2.102278294267722128e-02 6.528823794325908092e-02
3.645477789920530814e-02 2.949029163949744639e-02 9.382097851233360541e-02 1.306796805026140366e-02 6.986436301449257258e-02 9.931261173086691763e-02 6.721778918283394938e-03 4.385179289721966717e-02 9.460258679891578315e-02 3.756673195612350580e-02 9.080586611839651379e-02 8.842272822921276587e-02 7.936100074049771969e-02 7.228430191795658100e-02 1.793416729873241813e-02 1.930735389693257961e-02 1.595350374651585343e-02 8.350659517199159054e-02 2.497455665018564336e-02 1.373286195720125995e-02
3.108654311593495034e-02 9.089399301295909839e-02 9.174637337726644637e-02 9.885771903560387763e-02 3.363509722338814401e-02 9.471730462032923459e-03 7.674969983072067736e-02 9.534092987067560587e-02 9.999987821302880331e-02 7.619657522646272607e-02 9.542536131780086917e-02 6.102383882737061685e-03 6.955566546493412161e-02 1.203453126520118849e-02 5.227040340069283308e-02 8.110388930178165368e-02 4.421417446461588935e-02 9.047125587711787875e-02 9.411919971965237997e-02 6.532006798363661215e-02
3.906255741253694680e-02 7.027985337688325701e-03 9.069578352233789720e-02 5.992527638556652964e-02 5.103143399735780156e-02 7.310459334782894170e-02 3.934507017844897370e-02 5.872334099170854055e-02 3.996719315770418807e-02 8.416869675008738227e-02 5.811342098066182849e-02 1.404912235628633793e-02 8.510823821203628015e-02 7.386121401862874580e-02 2.855011867232306808e-02 7.915409949892986130e-02 8.375779184581616521e-02 4.910190327965672369e-02 6.788891192605893410e-02 2.690338013181142740e-02
6.956243346933850547e-02 5.504483980820517458e-02 1.599701342339929916e-02 2.660516158890240471e-02 9.404866787184916477e-02 7.973665361773084326e-02 2.011623792366618035e-02 7.939173955575791475e-02 2.304957699588375958e-02 4.625168490978923130e-02 8.313841708787751347e-03 9.614668648309213084e-02 9.628185571756642247e-02 2.608193461794936635e-02 2.997350472937032606e-03 9.809842358011930386e-02 2.520892355712220020e-02 4.062159166875300986e-03 6.852115475288057811e-02 2.580572689881012460e-02
4.776930658759786369e-02 3.353170733043331700e-03 9.937716466502156953e-02 9.947232481142043170e-02 3.432958146222028079e-02 1.869683360380230974e-02 1.425991816854430688e-02 4.499352129268622408e-02 1.130377803747871848e-02 4.847167796173440513e-02 3.004048676909072679e-02 6.685051921119798679e-02 9.039075544617060365e-02 8.655092412707750260e-02 8.677686852458910138e-02 2.080160646038972314e-02 4.679674669342936966e-02 3.578183284295455291e-02 7.189109452620200125e-02 3.769655765162789607e-02
9.873422551554374149e-02 5.225543966078932678e-02 9.105631849336370820e-02 4.391681207472098239e-03 3.285635693589083334e-02 8.058115829843698341e-02 1.542686557411093728e-02 3.572939129204427688e-02 5.650259556087805501e-02 7.737031383819681883e-03 1.639610665007396051e-03 3.191981750138424972e-02 7.157026709221774030e-02 8.198814348172624167e-02 5.725256139165708913e-02 3.815463264180518621e-02 8.697318047620734849e-02 8.557154086854018571e-02 4.694274335424151318e-02 4.032073944932104692e-02
8.401988419061784397e-02 9.508997014374938328e-02 8.051905721774715863e-02 9.499302851909452450e-02 7.106880765335932271e-02 2.413852263702376526e-03 5.858153452377711651e-02 2.030373177471518631e-02 5.202154615055213510e-02 3.113432186820399780e-02 3.908007099454860467e-02 7.596621401463403422e-02 1.139495943312914851e-02 8.217081625739688922e-02 4.164969053959165918e-02 4.224021391518351098e-02 5.121737688324470850e-02 4.334619758447129378e-02 6.810949856604665842e-02 7.726402746979692260e-02
4.744298238379118099e-02 1.072681932600355603e-02 8.939678040018080030e-02 7.267956447838076761e-02 5.640956073184177910e-02 7.361738755929825729e-04 5.429663594940514759e-03 2.719858821203172822e-02 5.686889357138691543e-03 1.395521734454652218e-02 4.608621558386841177e-02 6.111756261994383266e-02 6.844877221343464990e-02 7.746679524014657425e-02 2.329477410179990951e-02 1.469850406257140578e-02 8.376282914380725475e-02 6.690243707850972166e-02 8.021727849985076098e-02 9.830265987387737381e-02
2.173647156152064275e-02 9.345613550479187071e-02 9.322079761733504874e-03 2.139912258026473169e-02 8.364227229814691356e-02 6.386620446500292092e-02 5.263147053317662055e-02 5.481426003907727273e-02 4.995561672741388737e-02 9.004812786662491630e-02 6.498189787155311814e-02 7.074781017128135840e-02 1.559667343075133014e-03 4.854623561332942899e-02 4.708210629179825774e-02 5.240468796877838925e-02 8.671399442341368169e-02 2.230201960946931461e-02 9.017460134198318489e-02 4.055906846158569001e-02
1.843824019403541778e-02 3.204008515886119096e-02 6.359633070535704313e-02 8.869535741796324979e-02 7.683136238240895199e-02 2.933123163594800881e-02 5.551667651066281156e-02 9.677381520458423758e-02 5.684899226594367083e-02 5.104113593503878388e-02 1.840456126945931928e-02 3.262618637204373149e-03 2.267812640680433312e-02 6.494245562444132813e-02 6.447518868032520167e-02 5.416840602145506223e-02 6.736793689842709987e-02 9.174238059546585555e-02 8.362577357620797069e-02 3.086261167000108399e-02
3.612299072230450853e-02 8.773048253226967130e-02 3.628815607156613693e-02 1.061077759027014879e-02 6.869718678026091874e-02 6.111453771143254138e-02 9.415290562269530705e-02 1.005854958760665774e-02 4.158365617658980190e-02 3.422088273007217740e-02 3.222346378393442512e-02 2.532615193767923101e-02 6.831230094680912357e-02 6.215880866238528146e-02 1.704399543058011599e-02 5.650255757416734748e-02 2.993322443664412497e-02 7.724073107081545764e-02 4.840795540795262038e-03 1.980218539023562846e-02
