2.508124749871377124e-01 5.006430704607393867e-02 8.958773645481253600e-02 1.534133976093739193e-01 9.105573068680153370e-02 7.318837203421638127e-02 9.986967332840979150e-02 9.546708274269465055e-02 9.614673679074919876e-02 1.418182380847751445e-01 5.102054480898455396e-02 1.519128237446649432e-01 8.806394447949521601e-03 4.694739031738895396e-02 1.137076463478874089e-01 6.593820912151512892e-02 8.967876373800826029e-02 3.499778494263110218e-02 7.705115539279645820e-02 1.027377634694146558e-01
9.006756789724512657e-02 5.479203358553791370e-02 6.958200970599837110e-02 1.027611654369636751e-01 5.909146743573957111e-02 2.823358557086222062e-02 1.718790411609726065e-02 8.455765007703097344e-03 3.774027302827049485e-02 5.722991209802663626e-02 9.633913561910605050e-02 4.752009057240005885e-02 7.604358849626396966e-02 1.376738226778757325e-02 6.116620627990452391e-02 5.288073769130793161e-02 5.789840469587038962e-02 3.984901103192884514e-02 6.988124726733084546e-02 3.297584002407353415e-02
9.316304477613399082e-02 8.375629063464054558e-02 4.489496289339168361e-02 3.951283052854279165e-02 7.094767046611319405e-02 4.238967914111183705e-02 6.100916067858070529e-02 2.559671146426914165e-02 9.425581973386681911e-02 5.066495449223257924e-02 6.214720804336711785e-03 1.020459481156944931e-01 8.463767138529407208e-02 6.550152179670236385e-02 7.089996600104156443e-02 5.405501862368408683e-02 8.242611781797694326e-02 3.507147904101264035e-02 7.634347189185507199e-02 7.665618696125654774e-02
9.291030859362479216e-03 2.172089728537025810e-02 6.723560359724933821e-02 6.835647584868584370e-02 8.624299673936811073e-02 6.681481178180084801e-02 7.576762295883308906e-02 8.828704654542274266e-02 6.541485516632174202e-02 2.317083342284633266e-02 2.668313176755747473e-02 9.990570754320170221e-02 2.932969983766845964e-02 1.867044095712358173e-02 3.689490805237506665e-02 1.396648411728271949e-02 2.725441281933908486e-02 6.471919225737310377e-02 8.910847633375754140e-02 8.266119040885140656e-02
2.712255871240742272e-02 9.141524902373436567e-02 9.201658666361824113e-02 3.835623978177074567e-02 7.902118483221186318e-02 8.423522677332256903e-02 3.855786393866220824e-02 7.970741486815074994e-02 4.885680896384483191e-02 2.085122717283627303e-02 7.725964630258229382e-02 4.499264041449647228e-02 2.140843815242229539e-02 3.249198648288188773e-02 6.853179443068180277e-02 6.730817348884610488e-03 3.511583971791147618e-02 3.568684350857488381e-03 7.751354239094078447e-02 4.484913913032497618e-02
7.968577337577742448e-02 1.254063638059051480e-02 9.847690797820089770e-02 2.925347314251078735e-03 2.774103425807494284e-03 8.254974840379385170e-02 8.450970210881364464e-02 5.845073868521266647e-02 4.075399000046195375e-02 4.347574158574352143e-02 9.313434869944060834e-02 4.319401160044868127e-02 4.961200424467723108e-02 6.446078556108877922e-02 1.208259836040992928e-02 3.355918812123521999e-02 8.654319873092559956e-02 5.402522006240920160e-02 4.937547065156033116e-02 6.172541579510056400e-03
6.870346237496791075e-02 5.643719014917356058e-02 4.529923906806325451e-02 6.529605116781600493e-02 7.238767112587053687e-02 5.714020231527432853e-02 4.143224652606762592e-02 1.816823943203609709e-02 8.636685411217416564e-02 2.654341189935864251e-02 1.183115891347815210e-02 7.440156708069529945e-02 9.236723140500523177e-03 3.249739195234709749e-02 8.373447139843952225e-02 4.054592874206336406e-02 7.643954921184969997e-02 4.650401952726741783e-02 7.716016519493537618e-02 1.626845188241378762e-02
6.438505809589314954e-02 8.548256683604497919e-02 7.467990062257935657e-02 3.937335276840830955e-02 2.538067675633839601e-02 2.013314738608489030e-02 2.342050374895849468e-02 9.779803432333701585e-02 1.312819541780084649e-02 3.781585222476190750e-02 4.323466398778650494e-02 9.784197967416048691e-02 9.162615998051457100e-02 1.308950515980269493e-02 5.966361213845609163e-02 2.140887381217794136e-02 3.436093134177772845e-02 1.963088779046231330e-02 9.059791740351375022e-02 6.191294702608982070e-02
4.007043959667671781e-03 7.890094872286652905e-03 5.522588968872625681e-02 5.196685149721332747e-02 1.684290381409734444e-02 2.804426350676158045e-02 2.219571341264509404e-02 5.836728505459154448e-02 1.372569044152046995e-02 7.269677555424422510e-02 2.039650935078450578e-02 3.301436292010828666e-02 5.637703335954480366e-02 2.500188012723938286e-02 7.003841387497559967e-02 6.576176661611998764e-02 1.577023692181955122e-02 9.851247056542788288e-03 1.650146743268742638e-02 4.646586442269627637e-02
8.905223091076593100e-02 8.316357395485404758e-02 1.199479684850158524e-02 1.223099061125357788e-02 7.271518410706599711e-02 7.928723825202173281e-02 6.155848361498040405e-02 5.629141918469245109e-02 3.051186393938999653e-02 3.547053280894080923e-02 4.953219644821423018e-02 9.458359702922022882e-02 2.347252567447917146e-02 5.079852435143415723e-02 5.928899764507428866e-02 2.293071683210965578e-02 9.080450585945921971e-02 9.817711700483498782e-02 9.592567591042691980e-03 2.688399932510371002e-02
5.003644665131586067e-02 5.705484698579349478e-02 8.008047206070857682e-02 1.746884076023429502e-02 3.305163410045074135e-02 7.782892558454197751e-02 6.175400287015102990e-02 8.370407352054742844e-03 8.476313097696454302e-02 8.105865283990888737e-02 1.198209505378833306e-02 9.417342989137843234e-02 9.250278570632054775e-02 6.261869665660398099e-02 2.885537727391759497e-02 9.853038780464513924e-02 9.982799444911347186e-02 1.028929416657532875e-01 4.232597022354365329e-02 3.110055785660061425e-02
9.305323472514516470e-02 6.783110719396451271e-02 8.995264947589652615e-02 1.052525300113481277e-02 5.704869289391816672e-02 3.431669265833840049e-02 1.303946011161939700e-02 7.686687071251768755e-02 6.005664592026451615e-02 5.456049450697001563e-02 4.095684466089578868e-03 1.420423004250957744e-02 7.813043096795575793e-02 3.063469362820216840e-02 1.009629858065510394e-01 4.454276255968092624e-02 3.242204266345254104e-02 8.863849017935268582e-02 5.726972215173955355e-02 7.921027417881452981e-02
1.349992629872089588e-02 9.582584540982676258e-02 5.981880370661463511e-03 6.933455586011171012e-02 6.067498660403987387e-02 5.887794014175658924e-02 8.746531381730182630e-02 3.854759375060495125e-02 1.131014272453583977e-02 9.301106712509858709e-02 3.936912593791958709e-02 1.847105239282426092e-02 2.204869867285062107e-04 9.514303946341812201e-02 9.520247757889538365e-02 1.010190963230528094e-01 5.032766681644962325e-02 7.658578498376342192e-02 9.151338435815974115e-02 8.458014748727656074e-02
4.370477447918021119e-02 9.960637880356898455e-02 2.943904463252023165e-02 5.471830979707458659e-02 6.058584113275954086e-02 4.173777699775919892e-02 2.300953105373108182e-02 4.612485746569167100e-02 3.018077278822532336e-02 7.432110407329585444e-02 3.780305506801903692e-02 4.406608351950871277e-02 6.311797705042913875e-02 8.192149657462642620e-03 1.089001520887708345e-02 3.202738143343555194e-02 8.857495108499188752e-02 6.960283536013503469e-02 2.441009373289890552e-02 6.931346112010454419e-02
8.745714077799286723e-02 7.293758792294031956e-02 2.171279298563731294e-02 3.436240693508322425e-02 6.396790950122369090e-02 8.087311017884188380e-02 4.443235043366208781e-02 8.866292743857223657e-02 1.851902672734643054e-02 7.592829285483676527e-02 1.623369445513043671e-02 1.587948840127308830e-02 7.531432624692334377e-02 7.572357564898329896e-02 8.829367631045692555e-02 9.678889499314691225e-02 7.551585121706662351e-02 7.930330352231644217e-03 2.620428887761757156e-02 2.816478524382344268e-03
8.729295562213296167e-02 9.876492274016680784e-02 1.282901814143007704e-02 9.927268395001173640e-02 9.217340472070545410e-02 7.773892653657363261e-02 3.576038338953003298e-02 1.592255148186599856e-02 1.614647599561982658e-02 2.917236978760953670e-02 2.128519416139981746e-02 9.970988610646329409e-02 7.070229729999100154e-02 9.619607894882863108e-02 5.834722261726483367e-02 1.483420688099273965e-02 3.120079651058871653e-02 8.474084589947723789e-02 7.203434645799032532e-02 9.846401805231129456e-03
9.293800052476342000e-02 1.468046252731204128e-02 2.599613405230431773e-02 3.689037353206176678e-02 8.483861350280027733e-03 6.504149178773031836e-02 1.793224810976910832e-02 7.673874738449784627e-02 5.125939528558894759e-02 5.073442564114147291e-02 5.960483886472493775e-02 8.653901686133869120e-02 2.126507558039677365e-02 3.208325951131628904e-03 3.566725356161554172e-02 2.763975073170837904e-02 6.700127985635900840e-02 5.913406538831892517e-02 5.245528007818659952e-03 3.130046973283865872e-03
7.672640283598501643e-02 8.377070987929466361e-02 4.700843399390244176e-02 3.641138490089423224e-02 7.320954051362796311e-02 6.576519652608960043e-02 8.727356247406942158e-02 3.500565420632069380e-02 6.382495687540644391e-02 8.013303981074823557e-02 1.959529755072270812e-02 1.698172894790958218e-02 6.810199240916380015e-02 4.140426091374480727e-02 5.905907371056317440e-02 6.097313420672394874e-02 2.485515082706574522e-02 1.585015082389302013e-02 8.288190625725637417e-02 9.814295910461801054e-02
6.977795733938231548e-02 6.554347132581647695e-02 8.460575210428798731e-02 7.182654332326093849e-02 4.559232656162307690e-02 7.695262666371545379e-02 2.667754207781927039e-02 4.248076185400158356e-02 4.249200890980553424e-02 5.202848515647195277e-02 4.141325377749697362e-03 9.816012645468391584e-02 2.199233409071827891e-02 5.464071005663684311e-02 5.818181437186568244e-02 7.511976452237437152e-02 4.010200137097005846e-02 6.620673096344613373e-02 1.010077657965712250e-01 2.855872167217967869e-02
2.208552108883297602e-02 5.902003612396462817e-02 2.113977638216027813e-02 1.310138451715122700e-02 3.120669760946277738e-02 7.766634691649139388e-02 2.851312691828586550e-03 4.637360808501126558e-02 2.004365158312373246e-02 5.311094144916802401e-02 6.882699700907152565e-03 5.445688079237397811e-02 2.793994451369881740e-02 5.145170663865644700e-02 5.148479390199906663e-02 6.321930357749709628e-02 3.957981902126752466e-02 7.140346955298373932e-02 3.497568026372404465e-02 3.833790348836550038e-02
