2.151841290550367825e-01 8.704259696029491289e-02 1.091268936739537843e-01 9.309179158967144374e-02 8.131279431711233019e-02 7.020449127192113226e-02 1.090838159327642554e-01 4.386905406484001985e-02 5.366928620844027553e-02 9.287246601393778223e-02 1.377851644681952203e-01 4.319311808550260756e-02 9.920711722158190304e-02 1.056091855227833387e-01 4.845353712925955236e-02 9.888315907165382002e-02 3.888623202491203051e-02 4.556402327123354468e-02 1.252148398577858646e-01 5.718849887154515976e-02
8.418535171811200590e-02 8.009416128298173232e-02 6.348319105182773092e-02 1.596915277579065082e-02 5.933096223335280334e-02 5.242268023137874877e-02 1.346152418147478214e-02 4.524388937194872423e-02 2.669505965052133833e-02 9.273400073401652510e-02 2.959284382175164652e-02 4.820768047252750599e-02 1.235477991106290890e-02 8.779243422725750701e-02 6.117103321072262651e-02 2.105383219560191810e-02 2.024784027651768334e-02 4.987862178863411433e-02 2.269959524455103170e-02 2.782360687921604792e-02
7.668536439393114877e-03 1.144346431978491424e-02 3.470562447499651176e-02 2.075965502378351868e-02 9.043235329990732818e-02 9.897557384596714081e-02 3.075542218189653097e-03 6.651155680230400047e-02 8.653524138021284617e-02 9.592044753411491098e-02 7.217037628579581546e-03 2.911741545910950801e-03 8.778013546745089268e-02 6.853289317716287909e-02 2.050389867511270944e-04 7.969370849661522316e-02 9.478457993036759621e-02 9.855753958752269672e-02 6.551330421582524099e-02 1.945906668288310826e-02
7.042979070664007191e-02 5.278821754454865456e-02 1.272412834433296440e-02 6.092566269206164953e-02 5.542234557024208752e-02 9.607537538303843883e-02 6.292434745198759172e-02 2.553488954013990661e-02 5.859450884090070671e-02 1.718060196590843677e-02 6.789930022302612111e-02 3.758199310535670357e-02 1.180952401227380877e-02 7.447209575853008801e-02 5.195009101995018766e-03 1.652009582592187803e-02 1.334304562799219079e-02 1.427439005130026750e-02 2.101229921178512580e-02 2.625176033072340598e-02
9.068240775258580577e-02 3.636361668870211755e-02 7.897593364672697569e-02 1.924265891537253748e-02 7.086559454782669076e-02 4.783486815955859811e-02 9.420951279239171694e-02 8.290786490912253892e-02 3.596954070776278017e-02 7.041630878353194456e-02 3.258852989084479873e-02 6.323406611589488246e-02 4.962047090806803729e-02 7.055015665112629453e-02 9.726270986699503407e-02 4.895208510398867813e-02 4.760734499891729199e-02 6.741792369490616499e-02 6.158357885005288218e-02 3.777157616981730026e-02
3.862211794085488453e-02 7.950452740679575525e-02 8.029072911338573648e-02 4.405270723541632183e-03 7.872132152047614517e-02 8.904371225044646621e-02 3.095091350747809777e-02 9.741952928735453376e-02 1.027208750300060563e-02 1.082474997188024451e-02 8.614999611920932943e-02 1.975590210804001583e-03 6.177908094672947270e-02 7.649188140525493840e-02 1.782541681524263399e-02 9.627207838756454694e-02 2.629645398919963281e-02 6.497552585673897763e-02 5.434465614085327162e-03 6.364259463902283143e-02
6.280142499930405076e-02 4.319944988430445693e-02 2.808660938076716976e-02 1.258237704359309664e-02 3.187541072123243474e-02 5.166340010526566939e-02 5.306682277377449547e-02 9.690283563984504120e-03 9.974898432333645718e-03 4.065153948263884598e-02 1.652380580817299979e-02 8.244283185498896271e-02 6.356981210707422780e-02 6.868370450980502973e-02 3.229226320365859854e-02 3.891046705660893695e-02 8.016969762372476438e-02 4.061506972175217556e-02 1.589336708703580417e-02 1.152883970835451126e-02
8.997040847473630754e-02 6.482902708001275771e-02 2.020342935733126025e-02 8.723913944896703743e-02 1.413088138495307601e-02 6.976774152458820044e-02 8.191017213458177959e-02 4.576802031262729165e-02 6.930022264647486829e-02 3.259175209659128519e-02 9.591952413522611409e-02 4.346966715833110867e-02 9.060814569142650043e-02 1.664154754625614061e-02 2.008637896000720069e-02 8.750400805311601971e-02 9.294293875158586571e-02 2.690936239566049659e-02 1.179222010820655392e-02 3.558486684490847277e-03
3.387865451009486589e-03 6.470830050238240982e-03 4.765614565963138924e-04 2.707536510867860832e-02 1.717154226948192260e-03 9.008113930814734549e-02 5.575023272987762735e-02 2.156188970366008928e-02 8.813931897496160572e-02 2.271034682690544967e-02 8.543529046226044921e-02 1.432154447914816414e-02 2.447136666201057617e-02 5.249207167208860825e-02 1.685524634383249801e-02 5.829117216515245382e-04 9.431281597727102228e-02 8.523045356667187378e-02 6.767011460481091312e-02 3.960383479243039656e-02
4.119395496589053907e-02 7.183879075061939089e-03 8.172456361506913458e-02 8.582037592758248734e-02 4.300481765550823177e-02 4.109952606955853682e-02 4.489400486060044632e-02 4.789980307175034646e-02 9.249010071333624294e-02 2.536227904787802245e-02 5.244734143261625681e-02 4.915597928107254960e-02 6.667699602644504286e-02 1.482819355856068722e-02 5.849436351108810300e-02 7.280326405282824820e-02 2.124094398819968005e-02 6.677612837466999351e-02 8.814588039225063065e-02 6.402672983206736661e-05
7.977903705895822428e-02 8.814821037788865554e-02 3.682406521352218215e-02 2.277033432464884571e-02 9.738186531856866945e-02 1.842681647916333309e-03 4.317768213833022423e-02 1.825151017040243032e-02 5.650916377465699247e-02 8.018267865834072250e-02 1.464043601830424847e-02 9.334993202932248546e-02 5.975097552373640625e-02 7.805109280164780616e-02 4.370194546435990368e-02 6.185968587580225470e-02 4.428732099260394156e-02 7.198281043574399074e-02 4.053616288591315592e-02 3.301375548450269631e-03
5.100459572495446431e-02 3.752069991891236050e-02 7.792253275639494936e-02 4.556313619497087512e-03 6.110727489640700727e-02 5.857077266606815213e-02 9.069981002626478772e-02 7.939375188280752005e-02 8.867281226728657151e-02 9.363705568571889515e-02 7.022504209340191261e-02 8.284516239114937675e-02 6.257413260169553126e-02 1.836192842188362137e-02 3.303995025910880928e-02 8.030969094616114204e-03 1.325042470013759917e-03 1.430313408438309633e-02 3.521833468875095602e-02 5.589806428774482527e-02
1.269293601625172234e-02 9.442299249307707643e-03 1.835417504977962175e-02 7.327346277302204842e-03 3.831027449515537336e-02 5.111599370476319071e-02 4.131070331422942443e-02 9.422039707314726342e-02 9.200182563440480188e-02 6.037847970784986779e-02 8.172350439685317769e-02 7.880656081553401304e-02 8.231208448519861109e-02 2.633567787936085328e-02 2.429423494830414143e-02 5.575318362135026767e-02 2.140614650143995989e-02 3.281618426764754126e-02 1.396378156408362213e-04 9.680744671487606645e-02
1.458750320393714661e-02 2.140239316743289960e-02 3.689953072773703019e-02 3.397897044209739065e-02 2.784446134502002387e-02 2.980048007714310165e-02 5.911248668580218468e-02 4.880109737601417280e-02 2.256729439327767248e-02 8.858771485168687176e-02 4.082648563559243549e-02 4.757478066129836036e-02 6.453976108015346824e-03 9.688826296140658212e-02 3.533773255736747526e-02 6.596578618891024703e-02 8.288290307852222427e-02 5.906200346553422409e-02 9.148925170789379280e-02 9.867942210971741845e-02
7.323735150834148611e-02 7.306253968955048195e-02 4.508645639899459129e-02 8.851712480281918871e-02 8.835568371348812011e-02 3.162308301283078826e-02 1.285018735961408580e-02 6.318217318341505517e-02 8.532664571622805560e-02 2.755582562930499954e-02 2.213482039814540503e-02 8.454572664421147743e-02 4.461475649028685819e-02 5.001073016858283149e-02 5.448967517463509241e-02 4.479624185031137046e-02 2.509880679435659914e-02 8.946274841412350798e-02 4.949769154455895687e-02 2.641235941086358605e-02
8.513993528192337346e-02 8.282250778586129625e-02 7.006557258655174425e-02 8.533554845769455999e-02 1.132399877401835120e-02 1.700526369982278269e-02 4.844409446070810366e-02 9.131963861661057669e-02 6.987412000730580663e-02 8.568636549973096539e-02 8.010055752450026545e-02 6.580361660140381097e-02 6.232959892941561386e-02 1.440439590513888958e-02 8.231848409649068082e-03 2.437988299567096784e-02 4.017192483206072362e-02 9.887840414501769884e-03 6.913217046966929624e-02 4.578857917733171468e-02
5.869766030023459980e-02 7.923493575067341865e-02 1.936777513821354157e-02 8.284228542852646593e-02 4.220552043218072508e-02 5.526149102432519750e-02 9.803159137177264171e-02 9.565916297775343968e-02 5.354844140103406924e-02 6.683985643038326506e-03 3.947167048384014193e-02 2.489056513603205012e-02 6.144153755556889390e-02 7.766798216110682405e-03 8.451765214212930699e-02 2.273812784510384141e-02 2.816177732425515640e-02 7.861245563564868422e-02 4.548664597073272253e-02 7.905123917461998051e-02
4.671960106253103713e-03 9.368458483264940906e-02 3.083746762382063786e-02 9.898450771887214172e-02 6.872941548341036933e-02 6.686857431461319667e-02 8.383009077633617190e-02 8.146289402726990259e-02 7.967017028343605090e-02 5.384632504822515348e-02 1.936832483639966407e-02 9.077458299892379734e-02 7.630746817428918360e-02 4.548467815802434422e-02 7.208854121475714860e-02 3.228853642926333978e-02 6.658131336070838291e-02 4.011008704379288858e-02 1.819328857291402368e-02 5.722700759572268286e-02
2.007501747732357705e-02 4.175285212389113175e-03 4.688579336231704642e-02 1.571318193884132727e-02 6.131745074359674919e-02 8.143046477659109106e-02 3.574419932862520771e-02 8.099538410959797319e-02 7.863126839257637835e-02 6.491031707823451125e-02 8.741830804765747531e-02 5.209101254761550059e-02 6.879511271381445747e-02 6.534827508786142380e-02 6.713431071132779093e-02 4.561167768667029852e-03 9.274023517270220396e-02 1.736551903559886353e-02 2.982999181083503468e-02 6.033168924760626273e-02
5.704778010287138434e-02 4.966022851915666281e-02 7.632590148408614772e-02 6.278934526843260588e-02 9.132566911501038831e-02 2.914905162220820037e-02 4.466246121490902513e-03 4.832881636594241193e-02 2.626243858070542725e-02 8.786389263795126026e-02 4.019309885631450543e-03 7.874434518028156083e-02 1.551358793852466479e-02 3.445838740990229271e-02 3.373667533454793171e-02 9.430431593414329017e-02 3.122818489817583837e-02 3.546882366713357410e-02 2.165310179564633453e-02 6.225332302528946427e-02
