2.836436999014155247e-01 1.303363049509984883e-01 6.990606329180316936e-02 1.088142703550630808e-01 6.057395649022321443e-02 6.408471791909936544e-02 9.232615934910465283e-02 1.072695789391819032e-01 1.243152642969559407e-01 8.071064400973526620e-02 6.497304569771830685e-02 1.247351849862975426e-01 5.604613199846156940e-02 1.111006005392066731e-01 1.041213186993369955e-01 6.586227329722781076e-02 8.016151156793156762e-02 9.305797881969228580e-02 1.424671135459653071e-01 1.423436319430901875e-01
5.894397755992451110e-02 7.262047697877709040e-02 9.281001039026084976e-02 7.397464311780778401e-02 3.047203425351874273e-02 2.875567239141012602e-02 7.166866976330223127e-02 5.450187865672978527e-02 8.580088025389503992e-02 1.680300603589401920e-02 5.301503403989802493e-02 7.044577345660457679e-02 5.396927869437073005e-02 4.338300805014766448e-02 8.089646294734787607e-03 8.132485006545299433e-02 3.834037968691243053e-02 1.816285704422348005e-02 1.202827827114344439e-02 6.075432897726707610e-03
8.096758967641537116e-03 9.640154309786939935e-02 3.511741517465449824e-02 3.391670152669060828e-02 6.286881802133498232e-02 7.381428980200863132e-02 4.490016527409428776e-02 8.914956907967096222e-02 9.609460153146624772e-02 7.168079473991557926e-02 8.142644481020977487e-03 2.405188261781020589e-02 8.188174170408268893e-02 8.636616428352407102e-03 8.001119386455739224e-02 3.065273877566174893e-02 8.867049366005385833e-03 3.931336687210505026e-02 7.300911940678843359e-02 7.427802376475317603e-02
1.613610311486652835e-02 7.561292677348444013e-02 5.777241107258021535e-02 9.860077776333102395e-02 9.384877073870112607e-02 7.719906184209687772e-02 5.730240134663542456e-02 5.159061810895470418e-02 8.851294430356716758e-02 2.716052650130423851e-02 8.583970768291117326e-02 5.996363394672276498e-02 7.945657506599272668e-02 1.244119504950316236e-02 8.876121677503340246e-02 5.465657964346162800e-02 6.337970321848626631e-02 3.946977378841292489e-02 7.666983496009778520e-02 9.569160808908976079e-02
9.316555797947123629e-02 9.130849880748614922e-02 6.603764491937706704e-02 1.410377831851161777e-04 4.375847252926706038e-02 3.421703573271111382e-02 9.267816446954035836e-02 2.673369641523300200e-02 8.507178343403733189e-02 8.482495782327678646e-02 9.686472900319019474e-02 6.262439375083167503e-02 3.805964266185808687e-02 1.444017908802314176e-02 2.480726839249614013e-02 6.446500124912069030e-02 2.888244872394918339e-03 5.201094783192305310e-02 4.823468340357801865e-02 8.039598823499748137e-02
6.945587761920868353e-02 4.071580286390053156e-03 1.264495685923017361e-04 4.732131743765234655e-02 5.193729355184132507e-02 8.895992375133028596e-02 3.356777348277460021e-02 6.196717242847611662e-02 6.380936575206069827e-02 4.467696633706100262e-02 8.264902796974790689e-02 5.197400543366734182e-02 6.025579873432965888e-02 6.524727940976474128e-02 1.352389179965974957e-02 1.919027168650241574e-02 6.668649712470960111e-02 9.243236662577238028e-02 7.397714571277823337e-02 1.766510461545332117e-02
1.779760880492436970e-02 4.611410925561052615e-02 9.793408285690721748e-02 4.693311375433742438e-02 2.320242955998547130e-02 8.950068768575554501e-02 6.835539476517808744e-02 5.319827684752261032e-02 5.403324927941709904e-02 4.575769908264028241e-02 7.290561659742604561e-02 3.695006433350067621e-02 2.769395607260597553e-02 2.443974205838357616e-02 8.217861706052459470e-02 5.304584151934566005e-02 6.070468007525068460e-02 1.463994854881779488e-02 9.840636230151324215e-02 5.730003781311703709e-02
5.308529213341699887e-02 9.315749527681010944e-02 3.621079434124907601e-03 2.433199851939960023e-02 1.379326172280025478e-02 9.840647211691033736e-02 2.649450796662312924e-02 4.340418680779526556e-02 5.408239623995003686e-03 8.942182356966942025e-02 3.243644620801982431e-02 4.570264609928566257e-02 6.581793064729161979e-02 5.684495146807128085e-02 8.326935854272181359e-02 8.406645756524570856e-02 8.365286230324739392e-02 6.355696990049485018e-02 7.374215981493681404e-03 1.604646078932785505e-02
1.877946111191544296e-02 4.404602924982863738e-02 3.686612752303897265e-03 4.185708409637679817e-02 8.800997974108697164e-02 2.811991306950746561e-02 8.103111634653759054e-02 5.279582571774628363e-02 4.525438615536395842e-02 2.665296433791907241e-02 9.773161023331283781e-02 9.197952686109314713e-02 7.413863288684650887e-02 7.933354150447986808e-02 6.178677578438136753e-02 8.379198281845252894e-02 6.349269535812081255e-02 6.379992273028545864e-04 8.941649844009925616e-03 2.799011864241482059e-02
2.325992323073144876e-03 9.086074554825600280e-02 3.043944610166032794e-02 1.404082778448776520e-02 5.771299211928204720e-02 5.631500469887679161e-02 1.088060513905480045e-02 3.094536286964463465e-02 8.407074368659549213e-02 4.135191202941590483e-02 4.919260234341293891e-02 2.282485577555483369e-02 4.459725134569263866e-02 6.601836157290937035e-02 1.591845067397679170e-03 5.867591736047363116e-02 1.758350322686674794e-03 5.615585034766930328e-02 3.535011037270901352e-02 9.916211525377886804e-02
9.859707104077297668e-02 4.490933545371968150e-02 9.647989454684624544e-02 1.750299601709592867e-02 1.251148220049700527e-02 2.247786005435629259e-02 4.047688271509134600e-02 6.503798481737782522e-02 4.437295331515259816e-02 2.525928267597945739e-02 4.737687274478968175e-02 7.368579740119587940e-02 8.415420219063508497e-03 6.810761088558024701e-02 2.274919865043487782e-02 7.009672835708114468e-03 6.999479773605964128e-02 5.663789565319238273e-02 7.082737022276490435e-02 9.782570653711913922e-02
5.313222908677908696e-02 3.066680042974613551e-02 9.213185043228189208e-02 1.433776425069234299e-02 9.328407161610674514e-02 6.279878043511272212e-02 7.076612162786788743e-03 2.739053650666456452e-02 5.871713870882225295e-02 2.983624115868156734e-02 6.236717599376458143e-02 1.869194250954835448e-02 2.112228481131912805e-02 1.120932504384188934e-02 7.713923379889553976e-03 5.003144595444605769e-02 4.202446715570798408e-02 3.616039222172166140e-02 7.799074885883960917e-02 8.287237824593918223e-02
9.164267741575687909e-02 5.148348088360545083e-02 6.963259842695169143e-03 3.395385326520727887e-03 5.550305634143213457e-02 1.899010017663203126e-02 4.292792398813819604e-02 7.120563352691738901e-02 1.047195100455144967e-02 6.944460841056977751e-02 6.216572428027090924e-02 5.715943017609218663e-02 2.107351283521717925e-02 1.438554044540151303e-02 3.139829711183067529e-02 4.016420666739074774e-02 2.219964340070420747e-02 8.140270124177653721e-02 7.610974977928551544e-02 9.239924965296686388e-02
3.330585527264009332e-02 9.523147238735915621e-02 1.701316485774229115e-02 5.422109922230901324e-02 3.658908838758157325e-03 1.291698934455978200e-02 1.758259186351631906e-02 8.315778889595576429e-02 9.152328052359759436e-02 7.970857994244381906e-02 1.936918962519185161e-02 3.241002847348695148e-02 2.616869581246625970e-02 1.559209760438629152e-03 4.190874845843792218e-02 9.001315135066924322e-02 9.146177021177764876e-02 8.515511938688358207e-02 4.826999715440161154e-02 3.361711497644098712e-02
4.792976937288944556e-02 7.347552213376697117e-02 9.587557503495962308e-02 4.103220945696910843e-02 7.878791527941657324e-02 8.181289771356171914e-02 6.407326551205654031e-02 8.034788717418628323e-02 2.894452857850418268e-02 3.427858505161917452e-02 9.735495666128204939e-02 8.527713310060347496e-02 3.531214560039297456e-03 9.975886709622079629e-02 2.677413838263668217e-02 7.352155539962609843e-02 9.460590075852938138e-03 2.042425465198098936e-02 6.215699616836550118e-02 6.554224640354408549e-02
6.722790718673948840e-02 6.460872324307298520e-02 7.872871504411298182e-02 6.622045285681926741e-02 3.435548818447568126e-02 6.109448673151664233e-02 5.344561596201984760e-02 6.646254782175589626e-02 2.603912022542316518e-02 8.890597052629055363e-02 4.518409133394776789e-02 1.511092478898012946e-03 4.271434753193984607e-02 5.962497746227199413e-02 7.588222427388671698e-02 7.088031313546881707e-02 4.052237099063067671e-02 2.693694313942232230e-02 2.941352408914281805e-02 9.263429638454157011e-02
3.538980810140098660e-02 2.604711765841510873e-02 3.836391444887968238e-02 7.459421168739675811e-02 4.896454390731591610e-02 9.432482351697913476e-04 7.330732974148354564e-02 5.433378105264148605e-02 8.956985930451477618e-02 5.752905536612819282e-02 7.875366417153412124e-02 9.878322754211944778e-02 5.058252381248010132e-02 4.686792589285893040e-03 3.671350770414508885e-02 2.326383379027391340e-02 6.307494922340621535e-02 3.863848506820466433e-02 4.220515869610293180e-02 6.209975269435104306e-02
2.865817184579632151e-02 7.295632097934179675e-03 8.695242165623426334e-02 6.928221163069907262e-02 9.211572435540231474e-02 1.208016889628955697e-02 9.064381029636453535e-02 7.821071515248848027e-02 9.627259039161895071e-02 4.545031474019826240e-02 8.868116732963413074e-02 7.418587304989310641e-03 1.892274438507760698e-02 3.639008063007011240e-02 4.855048503503734195e-03 1.038920263970057913e-02 8.939070900103196493e-02 4.210302394892617012e-02 4.541845234823452954e-02 4.913675967186681426e-02
2.735710149325768642e-02 6.965037933399700898e-02 9.396300931312223659e-02 2.398244114260261956e-04 4.876570156150025759e-02 4.995140449869718557e-02 1.836142863677944423e-02 1.859129755624500113e-02 6.905437356414179800e-03 7.798497587856499658e-02 4.343588730891904254e-02 9.342879954459727687e-02 6.753282492913073587e-02 1.789011849026262910e-02 3.293824634674350632e-02 9.081450449738311115e-02 7.312134816103098289e-02 8.705773362202780252e-02 4.238113213985883650e-03 3.076651884304895321e-02
6.875769237409357255e-03 8.897970330759902291e-02 6.544641992222584304e-02 2.767700909063334352e-02 2.445504304839595314e-02 3.858172874727398144e-02 8.917131310529345656e-02 2.317350937308199077e-02 9.029320078324220775e-03 2.939643383701278159e-02 3.153036219735624174e-02 1.235350589825168210e-02 8.642220943428055580e-02 8.171776774871054860e-02 5.375214054264711161e-02 7.140836409261720752e-02 4.286162245787063230e-02 9.446574613110324259e-02 9.522628165205830608e-02 7.843394096411650251e-02
