2.523532063033348538e-01 1.278725292221864207e-01 9.698067791301208385e-02 1.486777694431988539e-01 6.319840364513054642e-02 2.915936059644628001e-02 7.633104922734793019e-02 1.538630257575908031e-02 7.386875057858568842e-03 1.285033591807580589e-01 4.784113544298046472e-02 1.382768157596069303e-01 1.093355594973202255e-01 8.977095828253155163e-02 5.293951253016051378e-02 1.157460277445009761e-01 6.382795348152245363e-02 8.875975261919093195e-02 9.306369653435375700e-02 1.746386858397420139e-01
1.070139066175848121e-02 1.989446148501696973e-02 6.855178906590778110e-02 5.794981524291691749e-02 1.056331436035118365e-02 9.267004671394885040e-02 5.799684604171050778e-02 5.432530243487698057e-02 1.955755882761000056e-02 7.378773689507080180e-02 6.730186971727995793e-02 3.130068294126666512e-02 9.795411356821098758e-02 3.405122064222287914e-02 7.307294739157485508e-02 3.714111227817484123e-02 7.160899363605575940e-02 3.531022792446980585e-02 7.783835718137978310e-02 6.147602477375491842e-03
8.557484619264421610e-02 5.097248026508427801e-03 1.923321731840949012e-02 6.491792688174277681e-02 9.682694477191280957e-02 5.401843606885409210e-02 4.672559992009608920e-02 9.807077974801404509e-04 8.585962985385338364e-02 1.775351680616699167e-03 1.745357784895944578e-02 7.256073052348195607e-02 7.882525010031660173e-02 5.523685741530224430e-02 9.071445637002104045e-02 2.156957349293471549e-02 6.528872214504599647e-03 2.480297291004467455e-02 1.476242008410048184e-02 7.753397471093080584e-02
8.476153360304294893e-02 9.623503999294107103e-02 2.930031094312625373e-02 8.629170943560381113e-02 9.023950074914202646e-02 4.623489963179158724e-02 5.302860387167638440e-02 3.575860006927938928e-02 4.026707289431853687e-02 1.820753114701572153e-02 4.937388294344648154e-02 8.769160317131384497e-02 5.392572412478429528e-02 2.844840625638464168e-02 1.984565859432530117e-03 1.977553670109484518e-02 7.934688608876021287e-02 4.811688034307759487e-02 5.000417128708613268e-02 2.872815144481118133e-02
2.748088932171713003e-02 3.878785744604026919e-02 8.443242382036743321e-02 5.084944131013446889e-02 8.872442551064396721e-02 8.321402342920447559e-03 2.955100300225734986e-02 8.888013293895154210e-02 4.942723447503714201e-02 7.313637072591176735e-02 4.371963571956360289e-02 1.365923172486927092e-03 9.864771125325921819e-02 9.906167723327398422e-03 1.809143823505676707e-02 2.853438791037148439e-02 7.561825473966476974e-02 9.697623978237936149e-02 7.022561416487261426e-03 6.649961240554413955e-02
2.632692032285032305e-02 2.163592669261864623e-02 6.984185262599165722e-02 6.414700973856146682e-02 5.635011843297724199e-02 7.956199085447977770e-02 5.822094910796860034e-02 1.805253506874515690e-02 9.893109443589714891e-02 5.119743063679994821e-02 9.542727943932320656e-02 3.320469703296846653e-02 1.838654192914018770e-02 6.276025671584699317e-02 3.733069337343480204e-02 9.078513811861758931e-02 1.721491614246531063e-02 7.144755265356488028e-02 6.927037628899747335e-02 6.505515572726232321e-02
3.891914120214299416e-02 3.446364099894794197e-02 6.952493011762540809e-02 4.932278788123037327e-02 6.211846514821173226e-02 4.452270623390963689e-02 5.633671868822075907e-02 5.747328356079467460e-02 5.738079038178766494e-02 5.131858297436036470e-02 3.496519922751483572e-02 9.648802943079602679e-02 1.753675060843856714e-02 6.136243938652708070e-03 7.581895060436705247e-02 8.421239254597995272e-02 2.150280803980987587e-02 3.775031333816725176e-02 9.683720192326977783e-02 9.565680367548909380e-02
7.229296651277930530e-02 8.829080121189258890e-02 8.179723237417677040e-02 7.793828542925819447e-02 9.333959618978027173e-02 6.606648966649342203e-02 4.620442681168777238e-02 3.160233371729409546e-02 3.767342015411664913e-02 7.626237633779897607e-02 1.286952408610164689e-02 9.615131572058899234e-02 1.818870730633943486e-02 4.826463609791090820e-02 5.036760693568065328e-03 9.680590220402850166e-02 5.730177389637444718e-02 9.245867024447090854e-02 8.553524545318574868e-02 7.871816582825896802e-02
2.530227089989423375e-03 4.006133268187581087e-02 2.997289919521459872e-02 9.589925779531421890e-02 5.429018290754850616e-03 8.653810047910315967e-03 4.583157854224523264e-02 9.647178379188492956e-05 9.767185435688664676e-04 2.976022569539682472e-02 4.632899799918008266e-02 2.462110743277649144e-02 3.887639844974810632e-03 1.906291993672194762e-02 9.286853125048549762e-02 4.476549142159115535e-02 9.824533504900072323e-02 1.677594351631239711e-02 5.788982556445174121e-02 5.363105217530425572e-02
1.831949603663499820e-02 5.744200025831333600e-02 6.778416335443848695e-03 8.097591707241492270e-03 4.213170220048573222e-02 8.205200708017565403e-02 6.312722700491563144e-02 9.431780116840496331e-02 1.567229899371762672e-02 1.025356968566396715e-02 1.624150738564251670e-02 6.378774782761865991e-02 8.676546549489622118e-02 4.530702173521682780e-02 4.818610029162970904e-02 5.715654161000314343e-02 9.771639639850672465e-02 4.999777062796870175e-02 5.604906486895967765e-02 2.882949693381613512e-02
3.251430256507845812e-02 2.409653602366394060e-02 1.215206042101307782e-02 4.787003022087957943e-02 8.999355778909229331e-02 5.898978995378063861e-02 5.564374489353478975e-02 5.432419783090963045e-02 1.955470239567804955e-02 5.027865672076726154e-03 8.918288096743698032e-03 9.754922494457587967e-02 7.010061879057234713e-02 5.704742335871725717e-02 9.522490262261444627e-02 3.178950499276674002e-02 6.382327808698470828e-02 4.974133752922671459e-02 2.285373381568579776e-02 7.608872803566524984e-03
4.530197695283817716e-02 2.799275919901334300e-03 7.907801590451413176e-02 6.920563875725081748e-02 7.902575202849503044e-02 8.018839173584371705e-02 5.783085634046159634e-03 4.680732011080562804e-02 8.040996488397228470e-02 8.316631589813128222e-02 8.367095952040780327e-02 3.035312235645503190e-02 7.395060230537410517e-02 7.969741392073836916e-02 8.495784722655100318e-02 9.874003126564045996e-02 3.730159809283317696e-03 4.919561866746018780e-02 1.132816557689141426e-02 9.934260210445900602e-03
7.015397315640645171e-02 2.677073037003413480e-02 2.870502737717408812e-02 6.155378841321157424e-02 8.225307191521924466e-02 6.873618287947726169e-02 1.286732732703566029e-02 8.933172798120005142e-02 5.289391675719933711e-02 4.367299172064498247e-02 3.576621352241778767e-02 8.745259257205884040e-02 3.785074078798669750e-02 3.263344352684787592e-02 8.889892961753032008e-02 2.025992276768757983e-02 6.502368975179036170e-02 8.631244841013324676e-02 4.060308340092223800e-02 1.784270195377464160e-02
3.127457790251775629e-03 4.793357403976490627e-02 1.054585696713226245e-02 3.325404593389452712e-02 8.769526910068886627e-02 2.624565542584099756e-02 3.595944322383892808e-03 4.307338387381054283e-03 8.677971588270794526e-03 4.521048610703615189e-02 3.386426838578370652e-02 9.848293029460730708e-02 4.731433052647176368e-02 8.329934038907441107e-02 4.862697104151652433e-02 3.105457860124284653e-02 5.233255044176932103e-02 7.948783735221480462e-02 5.704082848655629701e-02 3.434817871940196859e-02
7.673759927782343448e-02 4.322507703367133719e-02 6.621562671553724022e-02 6.201621175780208661e-02 5.124779323450531776e-02 6.063615540442002239e-02 8.129003039703718014e-02 1.533992694714435626e-02 7.813835883186148745e-02 8.786898782549881770e-02 5.588580584260978423e-02 9.054018910986917634e-02 7.222502569901746022e-03 1.498264343998773063e-02 4.438104340527885411e-02 1.803106548589372780e-03 9.862423595985093244e-03 2.180044573679335018e-02 5.353990686468777099e-02 7.303728575705797921e-02
6.426066906830467385e-02 9.331656743194712000e-02 8.578078949913495177e-02 5.722005430348612448e-02 3.866711213937747138e-02 6.356057019802083263e-02 4.146357550707915895e-02 7.776827899302464486e-02 4.220584882021483075e-03 3.481308229234186119e-02 3.930520707973791938e-02 3.511774996537836424e-02 9.881862450172021473e-02 2.361540341067955989e-02 4.144661950634086905e-02 8.562746361679798857e-02 9.038518553895265317e-02 7.022475859809289289e-02 1.958717954409751327e-02 3.397500758744407406e-02
7.254119985049960195e-02 3.588603166650818771e-02 4.191830023406472455e-02 9.191840926075704743e-02 8.173631825219641531e-03 9.144763529343175046e-02 5.942975399468304609e-02 4.348053342490787454e-02 8.173754336003180576e-02 4.230358341670739653e-02 9.518724672058580250e-02 6.096853147376024747e-03 2.681801480096396295e-02 3.794822817407140017e-03 8.706479269553363265e-02 9.293835911999871746e-02 8.556452754380111658e-02 2.695923267626347888e-02 7.214296402308369160e-02 7.042821314621577899e-02
7.013675668517944939e-02 1.659118682584407450e-02 9.858119892374932192e-02 5.463226850535299328e-02 4.112899428014850367e-02 3.403270303794025953e-02 7.229735262774689142e-02 7.154419447943137500e-02 8.895182529125177096e-02 4.469530625157611126e-02 2.697917462751455928e-02 9.169722008333777707e-02 4.339181408973133425e-02 7.180799384842288802e-02 1.596229575722269908e-02 6.800049629139770513e-02 2.133593121769128409e-02 7.819690010891069964e-02 7.253195931692617282e-02 2.493410996465368623e-02
4.339206687971622345e-02 2.190872049819547751e-02 9.508974325788181747e-02 7.732781170508334911e-02 2.326339338872378606e-02 9.556385767866038689e-03 4.968659665680137671e-02 6.415361695863400215e-02 7.422704896437631872e-02 8.617788284094099471e-02 1.876929452712665716e-02 3.522990685357509782e-02 2.081736412568875594e-02 7.099448989527411269e-02 5.820038697891242313e-02 1.285869109306202532e-02 6.127107026599901834e-02 2.627990825076683898e-02 1.390729514825294125e-02 6.096391540097656492e-02
5.302640102653299881e-03 5.818838913761098519e-02 6.601239950703527426e-02 8.240826296285400088e-02 3.211414070310811969e-02 2.774882928144006833e-02 7.120341032509214588e-03 9.604474629650601447e-02 9.997450988214152609e-03 1.602968237761690645e-02 6.775281582954977011e-02 8.821535821602780048e-02 3.081653376820981055e-04 1.060222840686482308e-02 6.944387951323628683e-02 5.648270064439262633e-02 8.912232638173288313e-02 7.324271365827329794e-02 1.033017959469845204e-02 3.017289670353301423e-02
