3.856513873417791172e-01 1.105443084827918143e-01 1.558587579191148542e-01 1.771253622063879152e-01 1.172012998576165976e-01 7.778847030579985611e-02 9.144867592789193700e-02 5.495819668407597725e-02 1.282484458844652675e-01 5.677440186660015486e-02 1.135456152422907178e-01 1.283401473270255055e-01 5.255857712173222368e-02 6.328004570172650334e-02 6.473006401733055748e-02 1.039065118588803072e-01 4.198711654398992743e-02 2.994087470776915505e-02 1.195571931160003681e-01 1.132088987369452987e-01
3.629217379456271125e-02 5.318059506205472659e-02 6.124224980502881305e-02 6.878895775148187453e-02 5.762169734492184059e-02 4.548869514983469586e-02 5.179294698840551658e-02 3.362795802661208006e-02 5.391154960035175053e-03 8.898235145982957839e-02 3.585196997359618026e-02 9.650556562329953847e-02 4.771707933461201423e-02 6.399638904082316504e-02 1.382045831409092979e-03 1.596549453964500598e-02 4.139310895559723813e-02 8.957913609737987171e-03 3.919163093739146120e-02 6.584297023562621365e-02
1.381904219781580293e-03 2.048856609238801363e-02 5.156528573952884331e-02 5.142249506251435343e-02 4.635325231127936096e-02 4.028901322497525916e-02 4.664530463581640501e-02 7.366897599910346428e-02 3.534666861252482310e-04 2.176092403281584473e-03 1.022487101949182270e-01 3.927154615691792056e-02 2.333850290031045174e-02 8.364206659812285782e-02 9.483406895702882478e-02 4.534139797948429085e-02 7.662821070258404865e-02 2.542277224910158631e-02 7.096403976228744803e-02 1.407325430417711784e-02
4.672122716678456938e-03 7.670440450620825100e-03 3.362594808049003403e-02 2.375359106104811199e-02 9.565309379371765564e-02 1.568327465223770534e-02 7.942168247566291917e-02 2.102262564867712902e-02 2.825761383875780713e-02 1.021295125200707421e-01 8.480231532442064624e-02 3.089576833083849602e-02 4.512045235844323876e-02 4.644340345964748096e-02 7.032627984841911817e-02 5.105061525542482770e-02 1.008019803103543111e-01 4.548129931671174991e-02 8.561387047585439225e-02 1.055326395615428098e-01
4.384150995108495458e-02 5.155724022535004142e-02 6.830981347888301358e-02 6.010781891020194889e-02 6.015101878587492817e-02 9.108271437421275318e-02 1.077641367843187392e-03 3.507604353177925377e-02 3.714999417305474283e-02 9.876824737552090949e-02 7.096627195913257635e-02 1.026868639423794277e-01 1.045482198127962725e-01 9.411347451600200753e-02 3.775539307489299279e-02 7.598354144837116131e-02 3.689494291821972943e-02 2.689531351028138367e-02 7.206887681272167168e-02 9.031460927904283453e-02
2.744401925659003053e-02 9.008248419439199295e-02 7.527046477712401318e-02 6.504943023509945910e-02 8.400887186800357065e-02 8.256007320016266193e-02 7.294997835486273507e-02 5.776546570805633773e-02 9.562777670317693102e-02 9.250592730169847344e-02 7.647902608557733545e-03 5.945834313447988240e-02 8.401198377262826533e-02 6.244288426113589474e-02 8.110299459070233197e-02 1.208646925054594756e-02 1.015811289898763403e-01 3.490516576943912281e-03 8.997717292566784208e-02 3.815436986310329764e-02
9.790148674703506859e-02 9.231814522312177529e-02 6.998407040637669163e-02 1.024709051071362037e-01 7.223605408160967134e-02 8.189922866027272985e-03 4.967169665987528071e-02 2.069304199941070233e-02 8.038495278927902665e-02 4.580552464200440821e-02 3.160121270935781906e-02 2.214496021240926552e-02 1.043756476027068170e-01 1.342225497213034259e-03 6.316163966297290433e-02 5.720415403321035125e-02 1.062202394519042720e-01 5.006889645471600259e-02 3.716717563909027050e-02 5.812270216292331898e-02
7.238743740588286790e-02 6.866125747023942016e-02 2.475719490745705367e-02 7.560458413101668607e-02 2.766198481553725635e-02 7.981940635061238187e-02 1.426208683517592342e-02 8.163468460378329322e-03 1.413651695493472419e-03 8.603199344538925430e-02 2.228745505538120425e-02 2.927978231764592071e-02 6.426582487014857736e-02 6.926469185540884421e-02 4.720287793059525262e-03 6.573151161701594469e-02 6.210531962910399023e-02 1.070202573527494067e-01 9.585840257349456661e-02 8.060361863894626236e-03
3.649931117788073748e-02 9.044700705601864399e-02 4.720179417877353595e-02 2.502334335433439166e-02 6.396418215704054513e-03 9.105181146147522941e-02 4.963470442445509084e-02 3.909145040489076114e-05 3.462391289461472926e-02 2.409638275907285618e-02 7.154503423962225994e-02 5.801048265520747371e-03 9.573591393463859456e-02 4.889958498912658907e-02 9.301136190296098449e-02 5.213702858882920260e-02 5.733755074066391316e-02 5.785704438996830401e-02 9.735711344941599954e-02 1.703958880803142784e-02
2.168915568916272504e-02 3.153647013039680841e-02 2.175888998903037497e-02 2.459796732349598530e-02 4.785435082827080994e-02 9.422193282291253455e-03 5.494394189619528947e-03 1.005977175287837561e-01 9.333024139133781413e-03 6.518745840394660207e-02 8.591031240759045354e-03 2.954962553472011491e-02 1.081590841037537859e-02 7.870594126470180363e-02 5.371290365715034043e-02 1.013661011989533400e-01 5.205234626204915255e-02 9.079795641458842520e-03 8.888596123729926302e-02 1.957454752956447677e-02
9.528508535802496238e-02 7.478053651046027983e-02 2.041657666885710737e-02 9.418234829109259354e-02 9.385715553839022590e-03 4.558317043983040398e-03 7.211285166312492168e-02 7.312861095963906453e-03 9.165526861515274279e-03 8.600304953617324277e-02 2.780883838890661763e-02 9.071151647930071615e-02 1.933860592417040516e-02 5.803491012152527800e-02 1.019422217922451579e-01 4.180219443617479158e-02 2.343812229109581632e-02 1.038271614378350055e-01 1.983032081513361883e-02 3.383668933722785988e-02
3.016226142775188870e-02 3.531516896775200448e-02 8.627565603323392174e-02 2.856480418307105751e-02 5.919123416118868969e-02 4.590543878721539683e-02 1.047347208902063564e-01 5.628121034805152328e-02 3.845540666281638265e-02 9.874119614416955459e-02 2.722295949267253615e-02 3.103139933583519416e-02 9.112370589793715447e-02 1.075385869522369475e-01 8.682300767580289347e-02 6.136509990992903424e-02 6.469287721423319648e-02 6.457328414940441408e-02 2.341223563112692849e-02 1.460954127694373203e-02
1.560004701463633611e-02 6.249973246247211844e-02 1.043654534529145084e-01 8.616391564147896087e-02 1.216007444235487830e-02 1.451278123773848752e-02 6.270630427841987486e-02 1.640530688740342823e-03 2.666261868028619447e-02 8.058768125915875824e-02 7.149511279216382541e-03 7.828427732123872940e-02 2.803617629983758824e-02 6.552985411731586385e-02 6.583720118705403690e-02 6.464768274683929672e-02 2.224611911674534426e-02 7.501932810276592568e-03 8.225937557068871420e-02 5.384586515942302309e-02
1.045226096191111953e-01 2.011896678151663728e-03 3.567528469959852649e-02 8.901600893350493371e-02 9.321492655047346199e-02 8.144126152663397344e-02 8.989519354268328544e-02 3.931568275284341718e-02 1.336539840397991258e-02 7.317908615596343570e-04 3.920805595755237627e-02 8.049564780559709254e-02 2.603918611193220198e-02 1.031756045279864781e-01 2.423840372494644180e-02 2.882397801314707034e-02 5.162634911491401773e-02 6.933839240468917366e-04 2.817608413133083217e-02 2.171802540365407042e-02
5.059486559010178963e-02 2.664339509632410868e-02 3.039361152911248740e-03 1.049476184057349104e-02 1.177030700470985168e-03 1.012838839735128171e-01 4.167621587325406191e-02 3.445762840045279302e-02 7.174469176803355275e-02 7.296027397284418972e-03 4.642848930093776069e-03 1.377954028189313194e-02 6.139941904010341039e-02 4.316888093335040713e-03 8.680414812392713009e-03 3.983739868264277867e-02 1.436046457579405813e-02 1.058738075148534796e-01 9.466628646927014931e-03 3.412075710582630067e-02
8.313584626342607198e-02 9.045263015441536505e-03 4.302880865577667080e-03 9.106727654369954628e-02 8.709755369592378504e-02 7.819243413376231189e-02 5.497969013690087031e-02 6.729775307986093913e-02 1.280276638586812753e-02 2.457228611862165291e-02 4.913848028233767928e-02 6.823705817677251650e-03 9.520310494972403226e-02 3.758967671902518209e-02 1.608899380005672161e-02 3.778107198973969238e-02 5.354025751989744536e-02 7.329499722746181389e-02 6.705625799187420188e-02 4.989140747457009029e-02
1.050789677052213211e-01 5.914871868185277159e-02 1.019199931610619177e-02 4.844948040631757991e-02 7.372474945031350091e-02 5.166359915384311462e-03 1.016093342231001728e-01 8.517471877091564725e-03 8.130830008081660343e-02 5.084561022014231352e-02 3.045507768500630916e-02 1.663647808168886716e-02 5.518846734562657397e-02 1.026594889054517207e-01 6.245975057205604974e-02 7.072681598564828712e-03 5.912136966538033417e-02 5.508958640891147875e-03 6.792833460844589777e-02 1.003570346929852919e-01
1.270483068237150334e-02 6.104660826677120455e-02 3.615240732481350000e-02 1.659128068507518747e-02 8.113205348163533837e-02 9.310061302862197852e-02 6.295905138273369395e-02 7.297844490346361117e-03 9.480251521950695814e-02 1.807033864249957267e-02 8.209532694645864381e-02 8.512106819285235326e-02 7.574821033692501204e-02 9.918410970085118905e-02 4.553306762229933358e-02 4.412325234074196412e-02 8.617804246489017828e-02 3.745573394968625125e-02 1.130624169933637513e-02 9.553730064354069851e-02
8.931673803409129198e-02 5.034746475868092513e-02 2.429198183577864836e-02 9.910740425257405159e-03 8.953081366328106624e-03 7.902321527636753384e-02 1.546554022846108583e-03 6.626429750084572579e-02 1.041109096206099816e-02 9.528566399893918792e-02 1.243986589390779288e-02 3.348735697514774318e-02 4.014102003193822238e-02 7.289593913977984729e-02 1.879811591855392108e-02 1.003920166655585394e-01 4.805695015151938143e-02 9.751531917806934013e-02 9.347394597043616471e-02 1.018175912005172684e-01
9.706920723814341234e-02 4.007193326107651166e-02 4.153842871973966594e-02 7.161045312470813717e-02 9.506695926276129138e-02 7.892368202938354615e-02 6.081299300065477753e-02 3.354610025598684514e-02 6.577013602886665200e-02 1.178633186971047263e-02 2.798891420630466795e-02 7.942718610037830668e-03 3.097997923946423440e-02 6.910666836672499369e-02 9.882754362342233145e-02 1.838842051911879216e-02 1.015635137781189384e-01 4.254464049865947645e-02 5.358211904470978892e-02 1.126567227522320622e-02
