2.106863245142123475e-01 9.246854784033095576e-02 8.501321794023003475e-02 7.125066129267998427e-02 1.136694445697785799e-01 1.639028567247590162e-01 3.945009862341293527e-02 1.523825651548973703e-01 5.585621339677373370e-02 8.349991996559955054e-02 9.661735130448981246e-02 8.217528535796760070e-02 1.101358986159859665e-01 3.942488833597532216e-02 5.181212089396185216e-02 9.583409574124283903e-02 6.579465815304286203e-02 1.049073309729565279e-01 1.022367818837125186e-01 8.035657579629837399e-02
8.818110357835148849e-02 8.369233648249858881e-02 1.461393717058554614e-02 8.146864707024213670e-02 6.100926121997193863e-02 6.202902636907312722e-02 3.815858762024731260e-02 6.490917776438286102e-02 1.111010883053161792e-02 7.073394891719286814e-02 2.540587049543293827e-02 3.956840165367945389e-02 7.079009660502970369e-02 4.127389276418924613e-03 3.167677273370115426e-02 9.931570569653819236e-02 9.190028183662643513e-02 6.255914092375070706e-03 4.156968129760629099e-02 4.363492059179684829e-02
1.580222026426273546e-02 6.404018348919016113e-02 1.814665091974488817e-02 8.209820565540458526e-02 7.956052397193254244e-02 8.918175478722742411e-02 2.758407894090467855e-02 8.127793258457276238e-02 3.172028722820362939e-02 9.495245712381653047e-02 6.028206586081339552e-02 2.127153370352167366e-02 6.630295727871804955e-03 5.908404089828257766e-02 9.887721914316599525e-02 1.271151909655552498e-02 2.376088987901640165e-02 5.931752490110502735e-02 6.420861649522996428e-02 8.615116526443968026e-02
3.134056840688037929e-03 5.980221123444749015e-02 6.176823449809209360e-02 6.743763533785300524e-02 4.426484499792324862e-02 4.209866510546091123e-02 1.624143894864423995e-02 5.795631119483904414e-02 3.517476686615339521e-03 6.647517015436511800e-02 8.321144146547941600e-02 6.847893589875142951e-04 2.245786193961873956e-02 3.942212164203723335e-02 8.621349195660138465e-02 2.875784699120831345e-02 9.246714447598450293e-02 7.032541757692072071e-02 5.995542160076555716e-02 4.482230974852682848e-02
9.655400389550733431e-02 3.878833187697666024e-02 8.026037274253566833e-02 1.952969126873910222e-02 2.392588743740609210e-03 5.549962239245384565e-02 6.738344920187068487e-02 6.239503195260989732e-02 9.615745923592557143e-02 7.019256485224743825e-02 4.444963852328906451e-02 4.657147552503781984e-02 8.094644728970659675e-02 6.641341122896693948e-03 3.169095521195713222e-02 4.605173040120499883e-02 9.945515211418842760e-02 3.260694618859805377e-04 1.967608288496673977e-02 4.057339237965099793e-02
7.296064041812578248e-03 9.861556891338993380e-02 9.980134823599509653e-02 2.953832398956339825e-02 8.550376931931905067e-02 5.877751997343048235e-02 4.706494270216061981e-02 1.536737748936407681e-02 7.702630147796740712e-02 8.801542985149445053e-02 3.778474978791891703e-02 8.783750822938091174e-02 9.346484489912143534e-02 9.843233978452431421e-02 3.590601786072453866e-02 8.009139331891861058e-02 5.058514065275877825e-02 5.943170207794228749e-02 5.239834772193752155e-02 1.274259175482549480e-02
3.723169241550542546e-02 3.056323305176213145e-02 5.037812506119289380e-02 4.822821165006375976e-02 2.216423713006880972e-02 6.663706674324194890e-02 5.460363071429075524e-03 3.421997855541069472e-02 4.578582865160846227e-02 1.188653300934539025e-03 4.970608917029187279e-02 3.142604794587740974e-02 4.208785507874276965e-02 2.674797856130231230e-02 4.283608506955804279e-02 5.802076099289987104e-02 6.645613023813641551e-02 2.576414535752532750e-02 8.117135625285620826e-02 5.879753437286422413e-02
8.011603882143790434e-02 5.870926218084619036e-02 2.351186765937968159e-02 9.035007566680708369e-02 6.866214786181486229e-02 4.998976750291979354e-02 7.772819554507344464e-02 5.624307449290172345e-02 5.108199714572748094e-03 4.998682598692835710e-02 9.156359829806826056e-02 9.419761306503227072e-02 4.546401693626161283e-02 9.783594220592799207e-02 1.168245089977270126e-02 2.470510609993735798e-02 6.804491499144270372e-02 3.224364443909829431e-02 5.386409330221081371e-02 1.220078728239982861e-02
6.765051458137280593e-02 3.772383999746710403e-02 1.245235097992106882e-02 8.879695595111544715e-02 8.834361137968871997e-04 9.192840961152606849e-02 9.123642003292942171e-02 4.505524270275811788e-02 7.294474916671370157e-02 3.101295177512878448e-02 3.838993059386683337e-02 1.470353573749951827e-02 2.002527455138066945e-02 3.090419518538804061e-02 4.456625121212801771e-02 8.647221661218025546e-02 2.120684170569110683e-02 3.901267300297705382e-02 1.769905415823824811e-03 4.063882430242206356e-02
6.353030627267726438e-02 8.982828413162436548e-03 3.281630909095768767e-02 9.612212373760468942e-02 7.119992560395552172e-02 1.174834345447742928e-02 9.111815417668872596e-02 2.038394831971495139e-02 2.772423272020049442e-02 2.623447649365899872e-02 5.968091320150270898e-03 3.560719333354100263e-02 1.391710467545206366e-02 9.223802515772763777e-02 9.324386475141027697e-02 7.321227388899746724e-02 1.843045853431030112e-02 1.133439021185332976e-02 3.644686718794155900e-02 9.983305155208234416e-02
5.952756069299950520e-02 6.412958271337018679e-02 5.179824311875000364e-02 2.214459435527479578e-02 4.393211555411218744e-02 2.442292313320716668e-02 6.984278537900227846e-02 7.384678299924793410e-02 1.937593104741185471e-02 7.429187653536341307e-02 5.547782595077016543e-02 1.809350178212200053e-02 4.974939157794786709e-02 3.847308874601076956e-02 3.446101475404024506e-02 3.470246905818152872e-02 1.689563209985001091e-02 2.676628025392281673e-02 2.572883434150310608e-02 8.959938484788737556e-02
4.438204824131192217e-02 9.642644030807276390e-02 2.061315348423129606e-02 9.945206544909375446e-02 8.923543161191753448e-02 3.501195465962787801e-02 1.555356692546572273e-02 8.614193002265937982e-02 8.203415729407957657e-02 6.792607097134623073e-02 2.854040188907213185e-02 7.109640724511150089e-02 1.879021542108672005e-03 9.722235471268279861e-02 4.657350539354820906e-02 8.373320572575111698e-02 9.853492574735872589e-02 9.674764845924338497e-02 5.519784219807991749e-02 5.734686762638793733e-02
6.885341324140077657e-02 7.895160812429169450e-02 5.537221226099556248e-02 9.149411944474369895e-02 4.994775073068061233e-02 7.169547870602409334e-02 3.018699026648653805e-02 9.210246494559629071e-02 5.265810525038051013e-05 2.601775568186460996e-02 1.083774375421718908e-02 1.347691769571317602e-02 6.156761999561055632e-02 3.223138009793961173e-02 4.473280284182118427e-02 1.550100065975078614e-02 1.144390314052012858e-02 3.246634991761742500e-02 1.536773019487873773e-02 6.353914572557507051e-03
2.555610253735300999e-02 5.274009461274575122e-02 8.515148178506604104e-02 4.431413757162725592e-02 9.601759627406077080e-02 7.636840433214686641e-02 6.938273744349285344e-02 7.687615147966816997e-02 7.193199061219082702e-02 5.607431036027085702e-02 7.553664046661912046e-02 5.516526071057865910e-02 6.457441063914257096e-02 8.308947126507981729e-03 3.248782669303040133e-02 3.549226030329666673e-03 1.622836032654700889e-02 3.650396670627453766e-02 5.350475132025483277e-02 4.777523501217839641e-02
3.587781367610370920e-02 9.985103298280413597e-02 8.268400245080828603e-02 1.271319873319454175e-02 9.029190325750283130e-02 4.728255539055751383e-02 7.694051380723576639e-02 6.000913464606623393e-02 7.211086260423082983e-02 9.646390420865605386e-02 8.627809850078232978e-02 4.084649090684079609e-02 6.948603894675409523e-03 8.035192237620376876e-02 7.081763436864815797e-02 1.093528469628372163e-02 3.183910739860995685e-03 2.810357038038036135e-03 3.023789314916833920e-02 8.280230829017855287e-02
7.082112902152683243e-02 9.915187349221905866e-02 4.456493092425511948e-02 6.725483246075877886e-02 5.600336475457319552e-02 8.329746661777123751e-02 3.636963611536671998e-02 7.351979024544692820e-02 4.797593884558171672e-03 1.896958240538974133e-02 1.557873558293231334e-02 1.870773334438238442e-02 8.964324335960872914e-02 7.993617343354758598e-02 3.380970757759593857e-03 3.572270876070614970e-02 4.854790142540546527e-02 6.004797950417756214e-02 3.992310953336399015e-02 5.011016755326194727e-02
9.955775966836083457e-02 1.709350775241838191e-02 1.773403613285007285e-02 8.741870179733002288e-02 3.715197252752646534e-02 4.334856195238891152e-02 2.413413686401392338e-02 3.817288698933786473e-02 2.923835294442654956e-02 7.670540214930132716e-02 3.897908363318713237e-02 5.374816173055141540e-03 8.936214007834455963e-02 4.307664150132102521e-02 3.870075132208827123e-02 3.392723866116582887e-02 7.421627807012832296e-04 6.586596877139699879e-02 3.631437193579750006e-02 6.549190972150295553e-02
6.068344413831884554e-02 4.967294382227706306e-02 2.134333504564585315e-02 9.391550813075325022e-02 8.890851017220724462e-02 1.644660195384742979e-02 1.128826603594556069e-02 9.625500294537858714e-02 1.911975997477844032e-03 1.065505526046302102e-02 2.380524847622772500e-02 3.592564805330115268e-02 8.501772595185634607e-02 2.459242633941863959e-02 5.942892987741122367e-03 8.245544094093985865e-02 3.635229123389920741e-02 8.589258564742754953e-02 5.283786508450133423e-02 4.902552349831519607e-02
9.776265303048647937e-04 1.921005477565207583e-03 3.933794174346838535e-02 7.587056501732403202e-02 2.117323874637759909e-02 3.403161067292753000e-02 4.963213902557144647e-02 6.826121321179090540e-02 3.467479270664868690e-02 3.048848839120371634e-02 3.661527917375780733e-02 4.474341322708393076e-02 8.990058170719761321e-02 8.078220852205614255e-02 4.633987179121828309e-02 5.864630416016203274e-03 8.447959170497185144e-02 1.973696194819843028e-02 1.103575735843123108e-02 4.924347486369282101e-02
8.731178278792237069e-02 2.600990607020441450e-02 7.369254051435121522e-02 6.673152512611885134e-02 6.046249105339306790e-02 9.884566054492074927e-02 4.918435218772587020e-02 2.365170639856389867e-02 4.966997487669247424e-02 1.545394174922480948e-02 8.447116759871242664e-02 8.209907389273475575e-02 6.242751670531530156e-02 3.367601397811856995e-02 3.174819680507573461e-02 6.373539891719699757e-02 6.124658034929452571e-02 1.490525185024701472e-02 4.699885369542834701e-02 9.078691212199788141e-02
