3.109402209811850115e-01 1.147129674270450927e-01 8.133513808250904253e-02 8.526812051253213065e-02 3.139198680454428902e-02 1.372089722415011925e-01 1.384705749769063465e-01 4.971507840163100211e-02 1.731908642305644008e-01 7.923429438684778670e-02 1.508409327931580779e-01 5.303795465093621292e-02 4.576548277418641952e-02 6.537975774008092378e-02 5.744682454696070639e-02 1.299220700669673767e-01 1.304694268746525165e-01 8.415866871100326219e-02 7.038853542577483413e-02 1.129971009800455478e-01
3.242858559234718108e-02 4.329973023570060642e-02 3.152382244858734084e-02 6.917090988868559998e-02 3.986292668711002157e-02 8.788628021255225076e-02 1.042200108397719760e-01 1.005696678986563314e-01 4.160547243909883813e-02 3.690702061634112963e-02 1.050363866418769637e-01 1.472031835035579259e-02 9.420869371130337344e-02 9.618026740031314359e-02 3.861241505800497992e-02 2.380842890526322503e-02 8.179454389854126650e-02 1.432026942130306714e-02 9.092117365093023429e-02 5.295350012738293810e-02
5.774231175264495086e-02 3.249409475976323264e-02 7.016052112063099477e-02 8.846307412911572077e-02 4.864551448455280147e-02 7.016693421833493371e-02 9.603972518277401060e-02 1.013406445051276833e-01 4.549909221603512521e-02 1.020579079942568607e-01 8.763304597165523513e-02 2.996634541361722220e-02 5.903729621439131846e-03 3.662153706546227017e-02 7.096244205536268723e-02 4.376380551081669040e-03 7.272006487599495632e-03 7.566798720497570907e-02 9.474277297927172214e-02 8.677842179137698619e-02
3.125152229474573162e-02 1.066022790643203350e-01 4.344487026969200139e-02 9.159238307203271257e-02 7.655173449337206171e-02 2.816249202004584423e-02 7.544104349269847853e-02 6.305027873710773723e-02 5.216358142453514368e-02 5.198760753515308669e-02 5.774067326916626497e-02 2.649216392745553511e-02 1.321017680465622415e-02 6.258802990464741589e-02 1.300154866888233660e-02 3.491727521697333275e-02 2.208391688743291739e-02 7.908246268285688829e-02 9.033796942167094529e-04 5.311872943647046735e-02
5.149119764641189867e-02 7.169829985783775228e-02 1.208292304324973254e-02 5.737472233214756245e-02 6.479846570756679636e-02 2.051625628867109405e-02 1.027807655874163340e-01 1.042008921733696553e-01 4.840838062082801659e-03 6.724606298922877756e-02 4.239142130211369375e-02 2.304302738460693029e-02 5.861383094287143936e-02 9.676218488871651813e-02 8.806488855723755560e-02 9.813487205895868315e-02 8.587908706264149594e-02 1.513188876033699738e-03 3.635896162561576272e-02 7.412634967962834776e-02
8.918038740122109787e-02 2.576779526321246530e-02 9.704899038296146974e-02 5.888141605535153478e-02 5.436583007999944844e-02 5.112761044197464827e-02 6.032050330245289360e-02 4.821246018719745063e-02 4.110206115409444083e-02 1.920742605773853237e-02 6.858586284120678223e-02 9.128198985192144399e-02 3.934794811041818913e-02 1.968548402877006234e-02 1.009098980722031857e-01 9.152025426941329256e-02 1.010990058271166725e-01 6.772577841215296490e-02 6.771363626082750609e-02 1.012711643384349852e-01
5.201257742436406206e-02 4.326748710834537465e-02 5.136874356851920537e-02 7.865790370474634585e-02 7.781506086512644804e-02 5.053798482542611742e-02 5.720597317368848050e-02 2.194769352412753380e-02 6.121944464891551640e-02 7.620237440854381317e-02 8.280016590509910179e-02 6.883945577893731127e-02 3.793661763987618563e-02 1.044781873218574852e-01 6.072867819335416029e-02 4.828594680461324035e-02 4.035908303698317046e-02 1.005350324986199230e-02 5.492412402091057660e-02 2.195272733148429661e-02
8.511039317938319526e-02 7.852510074138727147e-02 9.109116828874579130e-02 2.069969280475219067e-03 4.780379099323955189e-02 1.668563206941694674e-02 2.174544065180998575e-02 5.853659875056519551e-02 4.867472121639866700e-02 5.864921788888598914e-02 1.763509453407965596e-02 9.619948782721556013e-02 9.490676003230438806e-02 8.159637733466520992e-02 2.179288585032330625e-02 5.931494039788805933e-02 3.933823124479906425e-02 4.501429611098996947e-02 4.159813848507903922e-02 2.537125725526566747e-02
6.632093052982752923e-02 4.654915464176274942e-02 4.457421026571833228e-02 5.129866760168606127e-02 6.387220829758699994e-03 3.220336754254171652e-02 1.032128447726462783e-01 6.493067865545817940e-02 8.848115679699548874e-02 1.058359403038697660e-01 1.056813391391935170e-01 1.002187361786580216e-01 9.526566160014166007e-02 9.038131912284582542e-03 9.878398432745842672e-02 5.817368212826139369e-03 4.535182656926949052e-02 6.449727879634106764e-02 8.470142001225158812e-02 9.400432962567371875e-02
7.928825472226862237e-02 9.913490313769955653e-02 1.355721881689151559e-02 6.537432553739842833e-02 8.801279948464453551e-02 7.440600024514212874e-02 7.350552805182541082e-04 1.933826801045590571e-02 4.948104407671244376e-02 4.292219367486408560e-02 4.131669831671756082e-02 4.487143451367309882e-02 1.506620389047294041e-02 3.596973195891648573e-02 5.337691207177123337e-02 5.069343422526193660e-02 3.806551243021902113e-04 4.787802215593758848e-02 1.033246888171659300e-01 8.982335013653443279e-02
5.455908626134127470e-02 9.372070524403595948e-02 9.882700009324152379e-02 5.940423279307996407e-02 2.650937197152115898e-02 7.362072057864944841e-02 2.521469074659203266e-02 5.191990748667089234e-02 7.976172874625757359e-02 6.961620208071112037e-02 1.362717297284501625e-02 9.001964521678935960e-02 1.162389062498959784e-02 5.794737816424246069e-02 7.748233997873453516e-02 2.068690981373541571e-02 1.803342319200904043e-02 7.148464203087087632e-02 8.747420452956196357e-02 2.529194696501345374e-02
4.168507651707669542e-02 5.130188563700245272e-03 2.842308814078827600e-02 7.079358124216174331e-02 4.949746320061231691e-02 1.053621919393502582e-01 2.735603052344784750e-02 9.519384833842439719e-02 7.168870898542395453e-02 6.700783405661193959e-02 4.341569516144741514e-02 9.011826903001073780e-03 1.268132584918975521e-02 7.127464722695713017e-02 4.627207729865773222e-02 4.138835250244182751e-02 6.785342296481639002e-02 1.025104898552429283e-01 6.622534353701020615e-02 6.649100516659987858e-02
9.834110799769492373e-02 5.283870213593593046e-02 5.571322952377429777e-02 7.549183347271230804e-02 5.345654855722283688e-02 3.975548695096757686e-03 5.117122782139270874e-03 1.071414172947879051e-01 4.400345963724290599e-02 6.896717330386294142e-02 7.273673871604019459e-02 1.008344428508967661e-01 4.895792681982953642e-02 7.892001284377081483e-02 2.188054677797077185e-02 3.804956674742176331e-02 9.709088314312272483e-02 5.645490113486569678e-02 3.617322705981763573e-03 9.351292683782438941e-02
2.963138908790231493e-02 6.551570289704296279e-02 5.141133335162256790e-02 4.671548576504672839e-02 1.635236103984785347e-02 4.297312886805089438e-02 6.593496017218040961e-02 3.950265427693382125e-02 9.448948605610700546e-02 4.125908514347700028e-03 4.036004093941329002e-02 6.915347857457228298e-02 2.778728532781746946e-02 3.794572520016808309e-02 8.105205320341939482e-03 5.612874870189378529e-02 7.879600112193357875e-02 1.210578446941783628e-03 6.415492005808959286e-02 7.363758938854413072e-02
7.833915923842553475e-02 1.006315499128408730e-01 3.928253823212465856e-02 6.012304031984295333e-02 6.172085996070644787e-02 7.288098983529742170e-02 5.185033971317588170e-02 8.903453111196270309e-02 6.753817204980253064e-02 6.806999983562760093e-02 2.207725261639691128e-02 5.701156306518061212e-02 2.850239348660928151e-02 6.986430658600552290e-02 8.934546197892043184e-02 1.340021530893340668e-02 4.648788430595450494e-02 8.256097632154942023e-02 6.719482547861299615e-02 1.146524907078897738e-02
1.495090865196932114e-02 2.727167977568433974e-02 5.916607701960529403e-02 2.610309172271125383e-02 7.986545499151870287e-02 1.480052070325460836e-02 3.924265717641044053e-04 9.206295989270697755e-02 5.130586151508428894e-02 6.959351256321176515e-02 4.587667979718214328e-02 3.890815858872778699e-02 9.472229276072533302e-03 1.135373927797782984e-02 7.136685170593171090e-02 1.761625847599448610e-02 4.495048752841734191e-02 4.292862241065421164e-02 4.945323518528523671e-02 5.656213578893880961e-02
9.426942493840238801e-02 6.162435297950942525e-02 3.789187683800193836e-03 9.622664176718498386e-02 4.992511940523658431e-02 2.185823446364389827e-02 3.173134341176605394e-02 8.172295094083034325e-03 3.667858413641349874e-02 1.021850589642924467e-01 2.005428153337021971e-02 9.353784625023976729e-02 7.841472255985028339e-02 2.310685104721504901e-02 5.021415594299379753e-02 7.701461405326311127e-02 3.110558317197001984e-03 7.256083359088999485e-02 6.893789553011460403e-02 3.764724618192733657e-02
1.016043885733204123e-02 1.030306660047112521e-01 6.231183134864592271e-02 2.597831160797588537e-02 6.917383230234323832e-02 1.574421684603930296e-02 4.802087367110202676e-02 6.980886422970029870e-02 8.116237961683764324e-02 8.314838932833235052e-02 4.049228876876604516e-02 7.933898611472516016e-02 5.569735929392971574e-02 9.307337220157244073e-02 2.920607819722580156e-02 8.627429657576360378e-02 6.345051073690943788e-02 6.994177094968098696e-02 1.488482513030154296e-02 6.271893947925345769e-02
7.078634085394535508e-03 9.085395591205894239e-02 9.431908812221800886e-02 5.810047314847816002e-02 5.229205731369866716e-02 8.807640368625645200e-02 1.116399305589602271e-02 1.002015853036088422e-01 2.918146290801260177e-03 1.233989114175508203e-02 5.775926649775739441e-02 4.541450179202073147e-03 4.796417027972080943e-02 2.447856725261307251e-02 6.411625511455508464e-02 5.890084502502341418e-02 9.954382051552636279e-02 4.032145372073062811e-02 4.939724872568334452e-02 8.144193805898107541e-02
7.611653515428153105e-02 3.624101264841898123e-02 4.440512778591605703e-02 7.933048659292146754e-02 1.071466869544532019e-01 1.226575994717250557e-03 5.042491326140047248e-02 5.247676854895656599e-03 9.741953713522188626e-03 4.725204591956505551e-02 8.814387370301531022e-02 6.022438630348061345e-02 4.539440176580295666e-02 2.667951021653339888e-02 6.101946269490514385e-02 1.740682230933215599e-02 5.781020690736084211e-02 8.103447155334342344e-02 2.720452219276397760e-03 4.349037985754145019e-02
