2.344942435042737250e-01 4.139264550251017805e-02 1.395111167059114865e-01 4.829464017938577686e-02 1.154017404920493206e-01 1.043915355569444287e-01 6.049893474456823073e-02 1.940391928441538225e-02 9.100468198245076357e-02 4.870385545095046176e-02 9.982577794331055909e-02 5.559301496671301135e-02 9.383695309631233383e-02 3.743751097662166571e-02 1.211519394624126778e-01 7.868298100335296974e-02 6.806694551507179447e-02 9.724599452801091504e-02 1.363130617809712730e-01 1.234529425041281103e-01
4.554248974897289609e-02 6.050576305685926443e-02 7.918009120822436242e-02 7.528487726534940916e-02 2.710425021612135332e-02 1.041011871134514023e-02 1.729791498381805280e-03 9.663608068143016150e-02 2.245909148162613875e-02 2.201308861121051980e-02 1.044876350997054996e-02 1.253935587878660801e-02 6.832170876690586703e-02 7.451420120836503569e-02 3.704319105894150754e-02 2.434063787949464208e-02 6.979553357603030190e-04 3.382158546991941711e-02 2.155427502972387041e-02 6.748893721918651500e-02
2.493364965796026830e-02 9.231594545047194789e-02 6.109748723473262984e-03 2.673824673536908877e-02 8.203404769803862573e-02 7.326609392690951184e-02 4.905243543384915639e-02 6.908782167197902169e-02 2.041568798829973639e-03 3.986748815899844589e-02 1.445804105483035167e-02 6.452168103521026266e-02 6.145112238861916674e-03 3.746599996257310439e-02 6.059089309602085083e-02 8.735957794654575226e-02 9.236295765849189890e-03 1.192555308608087700e-02 9.914908930164184619e-02 4.239696225317388101e-02
5.587424311770623764e-02 1.500757575064988296e-02 3.913755019741619462e-02 1.775926945999548728e-02 9.295116068919995547e-03 2.172622064699882005e-02 3.621668117043197466e-02 8.221347725205439827e-02 2.687295373645533225e-02 1.283800182379127991e-02 7.022772896733524284e-02 9.201485064284037341e-02 4.513118093403159503e-02 4.813597070356050861e-02 8.905675995582323923e-02 6.818508342405821265e-02 5.379372854212363664e-02 7.617178594695761529e-02 8.310431847830831997e-02 3.779024486452945558e-02
1.998137073347039470e-03 8.895201540267633211e-02 6.973323120480494353e-02 5.339170758918026366e-02 1.918794932491353633e-02 3.833025475518594960e-02 7.847030656004069793e-02 5.750143172945070685e-02 5.193527948552448259e-02 6.999453642377205520e-02 1.557881461266034245e-02 1.042739381491850775e-02 1.644934501557282491e-02 7.711573998823748055e-02 4.739925425659899383e-02 2.869568510621423041e-02 1.384414092144557046e-02 8.478278294894106559e-02 8.465407185004414359e-02 3.740077266587196053e-02
5.415034285140965520e-02 4.481012271248811102e-02 7.152555168048765899e-02 4.441627163373401688e-02 3.861285659983775681e-02 9.095254675265496136e-02 7.329205237832017716e-02 6.010687360844180205e-02 7.537826308917039593e-03 6.293835809355419718e-03 8.799545303475807267e-02 1.308367666413919918e-02 6.099197179204734337e-02 2.923967416474861081e-02 5.850428476372058345e-02 5.422722967669679761e-02 4.022117880133684736e-02 9.402990191058824970e-03 9.568519972710852473e-02 4.094012104753116943e-02
6.225890674195477120e-02 6.199876924857261953e-03 8.519582450163164233e-02 8.135804356925610548e-02 6.263298486614703176e-02 3.839928802226443699e-02 1.584819947345921312e-02 1.520430040214497749e-02 2.245787435928261674e-02 1.165814071113136039e-03 9.122646530468847548e-03 8.613032710471132947e-02 6.702125160215871569e-02 6.253992074318856509e-02 6.183035468447788813e-02 7.530806950336561834e-02 2.842011953767395113e-02 9.825145456692734036e-02 7.715007704790702303e-02 2.425731554281041185e-03
5.992303085224135600e-02 2.973405288806500041e-02 1.816268046963870342e-02 8.341083145494266812e-03 7.114980013199075082e-02 5.319145320640346342e-02 3.246575998769429925e-04 4.863938443918384286e-02 2.048620271417629646e-02 6.873890147265669659e-02 4.813132265319696595e-02 5.321339897319023182e-02 4.186224347427461995e-02 1.773398126317048476e-02 8.718443727555369449e-02 2.470164124057182622e-02 9.939998134844116318e-02 6.273352015010072447e-02 2.542589057059699981e-02 7.623898921330504730e-02
7.266607565952112879e-02 3.585426892235123175e-02 1.962553272320860520e-02 1.958499313075853440e-02 9.690782209964621252e-02 6.979655602596611386e-02 5.772050269720185867e-02 3.422592085174836277e-03 1.074455681869442882e-02 9.498413118402967981e-02 3.056947783431015683e-02 3.748212284036752523e-02 3.389552017635079351e-02 5.180234174536956643e-02 3.298568542258195797e-03 3.636401325525780159e-02 1.726521418455341170e-02 5.843119180809011604e-02 6.903375962684336897e-02 7.744898759076930539e-02
9.765903135050778283e-02 4.898395888167825230e-02 6.291564190668087753e-02 4.469149801286938228e-02 6.626873163924443255e-02 9.884314446349186292e-04 6.473936852133103936e-02 5.921273666828225091e-02 3.336970199122649833e-02 4.274328615769353024e-02 4.513286145024206913e-02 9.769278938217042241e-02 5.592387863084187505e-02 1.651448840285840713e-02 7.323311138571814150e-02 5.836043965003789857e-02 9.188429298218248401e-03 5.395535201244007484e-02 1.809338666720842342e-02 8.944015545305425419e-02
3.028430124185670438e-02 4.499304813835939415e-02 9.575210942625908550e-02 8.946360543066970983e-02 7.428407395932119794e-02 9.189117875943542124e-02 6.545703515324120814e-02 4.674168990173221960e-02 9.849999575726776924e-02 5.751160598880525332e-02 5.597886038224611505e-02 7.934525083410715399e-03 4.232865117244236780e-02 3.925184195072212168e-02 7.553071885905367211e-02 1.535606864706796741e-02 6.072389003939704377e-02 9.859756914453600418e-03 3.544292937971438469e-03 5.835395126887416017e-02
5.773906352045386076e-02 4.983941649964947207e-02 2.698609537105697495e-02 2.041125746599640328e-02 7.853323405727144491e-02 4.985656687266653425e-02 5.308716291716686353e-02 2.034580104470653725e-02 1.576658890253408371e-02 2.838685256659197187e-02 2.216753532372588500e-02 8.829929625791180237e-02 2.770143616988167759e-02 1.713355909757420178e-02 3.448670496628390009e-02 1.252480960971147535e-03 5.876833251443658312e-02 4.419172779423496955e-03 7.659992017857233937e-02 6.268960415726884672e-02
7.200714456406973052e-02 6.934544875255457819e-02 9.709082355548438736e-02 8.251324367212543344e-04 5.712410266771649620e-02 4.106614749222963628e-02 2.015543324939591749e-02 5.583168245374618005e-02 6.688275433128366976e-02 2.756078475203819350e-02 9.967842864389188373e-02 8.151728461206920323e-03 7.682955108569142211e-02 1.598298250174271656e-02 4.872055779704054929e-03 8.110035065095932971e-02 3.316472748680173582e-02 6.762811108380287206e-02 6.178956700032159355e-02 3.651983656458802907e-02
4.294399589618062146e-02 2.296650703048172190e-02 9.238547618773196302e-02 8.643252827671886462e-02 6.175581335722294535e-02 5.181595061580825112e-02 4.858754409623985970e-02 9.696138905969618749e-02 2.914433210453740847e-02 6.411322299215589660e-02 5.943509959107789314e-02 3.965727081761858536e-02 8.798413734892403248e-02 4.785030648150873089e-02 4.592181751988497207e-02 9.076715070979804456e-02 8.180877925101471366e-04 8.802940442616777328e-02 4.437386438721788867e-02 2.964213752769414775e-02
7.100875783607908664e-02 4.732985382566495119e-02 1.311534814594927933e-02 4.827057349939059550e-02 3.505248790897015632e-02 6.956905645501099134e-02 3.491753287330129352e-02 7.167563583475139444e-02 5.021989730785289541e-02 6.200678171094358565e-02 5.167455955765588860e-02 8.668415815348184950e-02 5.054550690201539687e-02 5.803749964147228435e-02 2.489981525973404899e-02 6.628148472069544939e-02 9.536730923910502478e-02 8.897179730578885781e-02 2.878512995886875134e-02 5.193751387053688329e-02
2.515622502664784099e-02 6.547674514256378309e-02 9.650414905679721711e-02 6.717131445246538046e-02 9.700955876677282153e-02 5.841740518417387618e-02 8.310971642803054171e-02 2.938900759887147496e-02 1.705321964752116656e-02 4.984324028178435673e-02 7.030513173528303572e-02 5.660002428870829910e-02 3.710460190023867622e-02 5.660468944615742320e-02 8.791673062251242898e-02 8.001385193970700360e-02 1.170439445205163735e-02 4.706406022387671362e-02 5.355804747626968787e-02 3.007118804375887022e-02
9.962252298806165141e-02 1.891103462393134427e-02 5.345301329496730119e-02 3.435665664433407238e-03 5.821356293949195293e-02 2.659206211270404019e-02 6.543689620801228235e-02 8.997246481763229720e-02 4.240756577539511740e-02 4.535260675788006790e-02 2.221008076749263552e-02 3.982809770421102263e-02 2.483467796731993193e-02 4.582380498476880393e-02 1.287215048984379287e-02 1.611197351970053079e-02 5.228660575062815674e-02 4.839302668743982599e-02 8.728331152319013936e-03 7.265223011482317694e-02
2.802332793346084053e-02 4.337721742451270540e-02 1.330142070210800324e-02 4.506808316239493961e-02 3.202750471512593594e-02 8.614980077418660231e-02 4.411269213938239647e-02 1.949766890128157401e-04 7.731850778733144469e-02 6.718152165448409985e-03 5.243565624532017799e-02 7.189003153177400685e-02 9.011746806682763289e-02 7.696312948917721775e-02 8.030351679407551901e-02 3.204015720138025936e-02 2.769395120697094870e-02 7.789069795581705924e-02 2.698389259190672393e-02 9.278022832566656594e-03
1.844816911061608741e-03 2.105057557380046740e-02 3.970492878653834184e-02 7.490742632633455578e-02 1.502215316680375473e-02 7.486868158496405579e-02 9.545329599771663898e-02 5.445825240117690286e-02 3.834862637289696008e-02 8.704107881173335504e-02 1.303722536396956233e-02 7.942457995296495210e-02 2.124778095062642910e-02 2.017484876334426844e-02 2.320096511244533824e-02 9.085770208495759503e-02 7.654320596297005397e-02 1.556540609846805007e-02 1.542716876227278114e-02 3.587043311208470281e-02
1.724607567006095771e-02 9.386836212577066157e-03 5.177378146028720901e-02 8.427255489418350454e-02 2.125920903087522712e-02 9.367811829313654748e-02 9.340442127240344838e-02 9.885546053925997612e-02 8.002638071813428233e-02 4.085249255038464478e-02 3.472429943241692879e-02 2.535921705444666233e-03 2.539346689244409427e-02 1.756673361996279395e-02 7.503386429329354790e-02 4.181300475435700825e-02 8.815472671417617923e-02 5.707730048804868922e-02 6.226909362717915342e-02 8.093588200290316448e-02
