3.349056139863695880e-01 3.179302414405736632e-02 1.054288581807998754e-01 1.576488470016137178e-01 3.732953507203285587e-02 1.362180133593042242e-01 1.064173453880887799e-01 3.289584089038192355e-02 6.683623667197577389e-02 1.121129636652897638e-01 1.305007217425990240e-01 4.491974453162174419e-02 6.019646402052525325e-02 8.962596938809345992e-02 1.468897948872256165e-01 6.299103049461672599e-02 9.513542538390649950e-02 7.974621748325698423e-02 5.682451212476777314e-02 1.669985059092160551e-01
2.562197761485369985e-02 2.984389828925585603e-02 1.203798980664742141e-02 3.198418833345797324e-02 3.913370701478401797e-02 2.721950444583917314e-02 9.898387521603754791e-02 5.672263110585167717e-02 7.314337666277490047e-02 5.481947468488824159e-03 6.855193589120384123e-02 2.174470930355408907e-02 3.914832570119613359e-02 7.626906443743240727e-02 6.125347483901824597e-02 5.259944942731442641e-02 9.221097730320532149e-02 6.286114795293311353e-02 1.625883103235441565e-02 2.664746585581652394e-02
7.332775556435475184e-02 5.077814983457873410e-02 2.065630188359090028e-02 5.850073288787648734e-02 8.747005172388257199e-02 6.682141220827808592e-02 9.853331091715698820e-02 6.009196266726916230e-02 8.988651638945353850e-02 5.120918286442524558e-02 7.331146240341966658e-02 1.501266942210359792e-02 6.506970360970575074e-02 8.247842736970283084e-02 7.246692317640180542e-03 7.198901138427120372e-02 4.752338325394003804e-02 7.729471004604733519e-02 2.170713082934941016e-02 9.383461844524280948e-02
8.662959342915600019e-03 1.213570226617640725e-02 8.024911058640032957e-02 4.154590022328583793e-02 9.144605773420594330e-02 6.837369252711680834e-02 6.586615209502826029e-02 9.582418249612736916e-02 9.829542620026193722e-02 2.981001880328344733e-02 2.191823612850947456e-02 4.886935334112838675e-02 3.880652821195183094e-02 7.419006063685486263e-02 4.621515909462064337e-02 5.370687247984186341e-02 5.960070379822492159e-02 9.393602466607021279e-03 6.576208820242306075e-02 8.080106456637102530e-02
3.808501131326234163e-02 7.734680220757624014e-02 5.577186205380706835e-02 3.587020019318687501e-03 9.299095748581777399e-02 5.896814489610503751e-02 6.854262163566272881e-02 9.203512966900384562e-02 4.100624354253627063e-02 6.248806939061290339e-02 3.813782037847166656e-02 6.993825229311986802e-02 1.315015860780988088e-02 9.980342938671728226e-02 9.437816017792770296e-02 9.484860494202142223e-02 8.733104409062826534e-02 5.687235511478799105e-02 2.045628254087950189e-03 3.360062947184919852e-02
4.207882452631864223e-02 8.050541116022243149e-02 8.245108938923641217e-02 2.117597129498161035e-02 6.968725613349739667e-02 9.757370854102714874e-02 2.085381229572978029e-02 6.452368397761336360e-02 5.957517856507217602e-02 2.625862016320243061e-02 2.416579001318625020e-02 4.594934693415708704e-02 8.827287258455014662e-02 6.017308799762968730e-02 6.457240021017785110e-03 9.159432139614631652e-02 5.766023837358968257e-02 3.557741649610179219e-02 8.067128533303583038e-02 7.822265251239013395e-02
2.726991396562379599e-02 2.723533838575268456e-02 4.950563004494850511e-02 5.472376129477996010e-02 4.955209450991102799e-02 7.638477692396516971e-02 3.751980116521245329e-02 3.393861562027555845e-02 7.631687024645916750e-02 4.252259582216541545e-02 1.211923873061063889e-02 8.764217432132070940e-02 4.730991716494659105e-02 1.948285650274612923e-02 7.978900501302094161e-02 6.443423783864071774e-02 9.614361353276079658e-02 7.648395070654351313e-02 3.561467941136982340e-02 1.530625057475301122e-02
4.425080606957292745e-02 5.709649727429808030e-02 5.461797590367190036e-03 8.672128708976011013e-02 4.472734986406522867e-02 7.953877157388654362e-02 1.358926347185518500e-03 9.185248499953581336e-02 1.836326209759805636e-02 2.479545722187388723e-02 8.918341801083576326e-02 3.287183992077171574e-02 8.268250159684120693e-02 6.820793288598307746e-02 1.074224657421912754e-02 4.168799105974083791e-02 7.539086111965935533e-02 4.736764597314447114e-03 9.567967329029607171e-02 6.319536396636550590e-02
8.758583283206733405e-02 1.799024962053341614e-02 4.558687366611327563e-02 2.676290181238031446e-02 2.242063417354168975e-02 7.945732782526893079e-02 7.050892000034103546e-02 3.385033462487319240e-03 3.389858822502255647e-02 4.202562411217458660e-02 9.862360958450309967e-02 3.213057606523244542e-02 8.942841940157991720e-02 7.440341828338042918e-02 8.197679350349372507e-02 2.722610126824606333e-02 2.196279249542348877e-02 7.060705975072337215e-02 9.741073189869423055e-02 9.603843103605934350e-02
9.880545315103882176e-02 5.186198570163296634e-02 8.746050041190203683e-02 5.722250485731239511e-02 2.474140227253015731e-02 9.966345804245566042e-02 4.926186099146043912e-02 1.463128538757459997e-02 1.639154650052120424e-02 6.702672353400676575e-02 9.467733344739937863e-04 8.074757864177947719e-02 1.797090214264702654e-02 5.898076809697391787e-02 5.199983340782204227e-02 4.073270951831114983e-02 2.834967613566610409e-02 4.750330461765093354e-02 7.948647986648693653e-02 5.267626937418547206e-02
1.217124605480213260e-03 7.588618294309820711e-02 1.711315478112497221e-02 6.301649140690419870e-02 8.051057812288674176e-02 9.895758331920789796e-02 9.554646076769073015e-02 6.994175226402717105e-02 1.128869394692169105e-02 6.192553183875200429e-02 1.243230974412733517e-02 9.131420430545156286e-03 6.181920663728301957e-03 9.209511585159707581e-02 2.804530618729809271e-02 4.920549629186346530e-02 7.038697854874463589e-02 3.737274658320936110e-02 4.549555389003102912e-02 1.247936841617580802e-03
9.631958004881836788e-02 5.597024071528358680e-02 1.385457820924969156e-02 1.322286994630110860e-02 8.845838683675170955e-02 5.498521270488078427e-02 6.949317688211979760e-02 8.492088831503834256e-02 4.151228355849924390e-02 2.681555984284688179e-02 8.441458108265925686e-02 2.176949812226630643e-02 2.644525347003649079e-02 5.401552178444096741e-02 8.346989962360346071e-02 6.863031026698157566e-02 5.723157395890349219e-02 1.295310329966191734e-02 2.607680085658456090e-02 9.426806815605992540e-02
4.768167291821998055e-02 8.566999790213458699e-02 1.604481652952265483e-02 2.175269877197820792e-02 1.131166862084082014e-02 1.478289750416451713e-02 2.998237033619135725e-02 8.151212515694356009e-02 1.832252447987648900e-02 9.190946029880153745e-02 5.708966755725164433e-02 7.478675282104427224e-02 5.516126585189129461e-03 6.764056911801080707e-02 4.986608533965104784e-02 3.325577161583114644e-02 7.370229660542927663e-02 5.472796312327295187e-02 3.349002611208425767e-02 7.738163927751701143e-02
4.936356623290652501e-02 3.421862621586890113e-02 2.423774991942691248e-02 4.279892839565065110e-02 6.012607387557569738e-02 6.057753604578938744e-02 2.332649587830278037e-02 5.304616367609703981e-02 9.792462539575223779e-02 4.638433005572281664e-02 5.527256236523896832e-02 2.395476811894559077e-03 9.242541218188130014e-02 2.251864124361478009e-02 2.290518551849153595e-02 4.961160191998470470e-02 7.797540831686915197e-02 2.401480228641528561e-03 8.779725367527945953e-03 4.905764155751721894e-02
2.921367004671394929e-02 9.960949895940002241e-02 1.889337789119998126e-02 5.636482298185490486e-02 8.096522926740923679e-03 9.091811291179885401e-02 4.559031114725797112e-02 4.526521842208586222e-03 3.288999956271104058e-02 5.982206681046620123e-02 1.520962053817546261e-02 3.510702609847837080e-02 3.621416988107960949e-02 3.096041516589958034e-02 5.352137503687453418e-02 6.053569192997532850e-03 3.409776758070225816e-02 4.026090395834639596e-02 9.206074378290364166e-03 7.050314469378579640e-02
9.111540883081692410e-02 5.338544661160753851e-02 9.283324810906995461e-02 8.775127691055849277e-02 9.137294939447460074e-02 8.436536486333129359e-02 7.975868275909632488e-02 1.620542603801508261e-02 8.403650112606159128e-02 8.461430235144153100e-02 6.969123238081809286e-03 3.168840615803171501e-02 4.812162800856405881e-02 6.511892024229673503e-02 7.536244887208244647e-02 4.153844709747206432e-02 6.540504920789508292e-02 4.260839298576514500e-02 7.085804426702936587e-02 7.705513788903166350e-02
5.391598722530874938e-02 3.049619094404639949e-02 2.254751065473918972e-02 3.147593587201794746e-02 6.083089436207823192e-03 9.079211968174794034e-02 9.069412830531753400e-03 3.273693082920691583e-02 5.118010373537066476e-02 7.404653204601717442e-02 5.253026534106989415e-02 8.015272956512492497e-02 3.989775966668096356e-03 4.538610439030316135e-02 2.331722771688175128e-02 7.361507298171199309e-02 6.059495579152243683e-02 6.614100617780037383e-02 1.830446404692196577e-02 2.880049815675306268e-02
5.933773193794164569e-02 5.432074620680849009e-03 1.029786542378841041e-02 3.743241623890367770e-02 9.619337210099959679e-02 7.122474838511828887e-02 8.864248419869756590e-02 8.947473817257665940e-02 5.032928250402407544e-02 6.180373502069827496e-02 7.154455152161247333e-02 5.399901639410568249e-02 1.554849968134944943e-02 6.721026912843731937e-02 1.373139426712298786e-02 7.770139704655164292e-02 1.539605473797348717e-02 4.857209386160444252e-03 4.155993378169382801e-02 8.100132056347181253e-02
9.800988734006603476e-02 4.260119761913994281e-03 9.400953665654833424e-03 1.199281278446554660e-02 9.999944642534125405e-02 6.193385812332441800e-03 6.230236932682303719e-02 8.856163344702317267e-03 1.198338594835142261e-02 4.981300085117652821e-02 1.550390499216768372e-02 4.500495499101497127e-02 5.208542590571501457e-02 4.068990387389052193e-02 7.104526556066824428e-02 3.794061839018415816e-02 2.184578696888710495e-02 8.757868825712368521e-02 1.556768716084043838e-02 6.451374816324120798e-02
3.987403429267061261e-02 1.594242580251114053e-02 2.185147647763257053e-02 4.627117096434595761e-02 7.790238487503745035e-02 3.800584929036845971e-02 1.897912452790795346e-02 5.646079351106508132e-02 6.683630709782938106e-02 9.093788168359340229e-02 6.752030924427397662e-02 4.183520399004325013e-02 8.071180348330152243e-02 4.304167714897096098e-02 5.974762486930926264e-02 2.939103896929300477e-02 6.673139166672263645e-02 5.276455220535869461e-02 2.314831701100859146e-02 1.549498310758751218e-02
