2.269365738850360747e-01 1.246870902943759546e-01 9.397109221744491536e-02 4.015274851176860171e-02 1.229441400527248457e-01 1.486004147179250667e-01 8.610074732311862045e-02 5.616190595354193793e-02 6.601721205688360072e-02 7.148019963942907340e-02 1.026140876235026173e-01 9.777056233534378582e-02 1.285478469461678319e-01 3.215193072353334652e-02 8.637892234082805709e-02 5.828831550050740662e-02 9.349835578782056400e-02 2.242441798987375792e-02 5.651193513309163419e-02 1.381325968993163955e-01
9.693940171553748486e-02 7.410298912281332306e-02 2.686530884645435199e-02 3.635154522526397314e-02 7.844591790908989060e-02 7.809514640902925908e-02 8.045093446821359462e-02 4.238603301328585510e-02 5.233637710230515383e-02 3.376434715002833015e-02 6.387273470303438117e-02 4.501379968741492203e-03 4.735243025992317417e-02 5.257814286436544166e-02 3.949797701424271473e-02 2.792013893015565882e-03 5.335129657791542329e-02 6.870253853228576457e-02 1.234705742725585899e-02 2.516949506480124082e-02
7.354300338354843869e-02 8.244592004306071364e-02 4.177668574224283754e-02 7.524110636678715824e-02 9.160428507492979211e-02 6.149742184939532841e-02 2.056505632581778764e-02 4.596540232182177305e-02 7.791441145830046988e-02 1.120217742391229655e-02 4.975590632046522632e-02 8.322886564654585762e-02 6.484679007748436752e-02 6.291066130192543571e-02 3.234286857835876744e-02 1.588157801053358131e-02 4.721698390417126273e-02 7.820528444121237210e-02 3.378090526283277634e-02 5.912381088563983811e-02
8.427404826363250889e-02 4.602602575577174199e-02 9.456813857535651541e-03 9.642625845331398438e-02 4.971186992509602116e-03 3.331645431548217046e-02 1.744314428954438917e-02 1.418234688167877705e-02 9.980779991970750720e-02 1.571206386756033441e-02 4.948743882007327483e-02 6.063503072960012980e-02 3.909840371822895927e-02 4.197018103660731664e-02 6.580148223812919139e-02 3.620589790774030731e-02 8.187107114268651897e-02 7.366900814803147013e-02 3.691097272401424462e-02 6.757938255460120558e-02
9.118840072716812017e-02 4.569208312409563100e-02 9.137310145916269222e-02 8.492249067049162381e-02 9.578301654530640974e-02 3.443667823039658904e-02 5.451997398013176677e-02 6.852267663750548354e-02 6.111314380098049892e-02 8.895510591615088392e-02 4.595316810768335612e-03 9.063314382828673021e-02 3.709404962792416799e-02 3.449643158445614421e-02 8.967188123393965427e-02 9.529244660083989460e-02 6.347009626677491134e-02 9.681781959600288534e-03 7.025171999904222808e-02 8.159128602924943519e-02
4.715307813481113552e-02 6.309057924933296480e-02 1.118577445251851647e-02 4.454590863607824774e-02 5.254472820296415825e-02 4.893720430524684320e-03 5.302061659054212867e-02 9.059464978087075626e-02 9.452565578305864580e-02 2.260305920105796368e-02 9.894939847258792109e-02 2.382965529946791394e-02 9.811462715149343872e-02 1.958573269621851839e-02 8.270993688725969406e-03 6.198096987553600862e-02 3.906243763281397330e-02 9.742104870697086694e-02 2.843112468389765932e-02 2.760663463026654871e-02
8.584951802276480359e-02 3.012766900850592094e-02 4.980464631232124628e-02 3.604430441889283892e-03 9.602129679868121048e-02 2.887285102365888621e-03 7.768195313242692857e-02 6.713285289027214053e-02 8.064909275579602854e-02 5.595194584303121027e-03 2.731290776212617205e-02 7.764648418150940645e-02 7.536670674034449957e-02 6.721302447380991807e-02 4.175147936173795316e-03 3.223871333128937311e-02 2.470692980112653217e-02 2.159237551224525709e-02 8.804369807848433371e-03 4.628292673226269693e-02
6.918551156335400742e-02 7.588569242997381115e-02 5.163890971366877358e-02 7.815592324271881594e-03 8.182429843788127655e-02 8.808537991865350233e-03 1.625737522369052890e-02 4.064266515778600791e-02 8.772384837515245781e-02 3.663477952250567687e-02 7.247712685341173300e-02 9.967248424680497099e-02 1.332946790834355077e-02 1.150859706757038220e-02 4.381940761653944222e-02 1.224802926218444658e-02 6.494996894291063527e-02 6.759837823311769245e-02 5.355956625996945164e-02 4.532583688442215313e-03
5.765704183573738123e-02 9.315124593750701010e-02 5.999145098081625632e-02 1.276438334287466380e-03 7.773823226324076685e-02 6.595586267267813940e-02 5.362969846728141837e-02 1.906729991366750213e-02 4.200231700736870716e-02 8.254791162279556671e-02 3.980549437912649785e-02 2.662082339163107658e-02 6.227123895601274772e-02 9.822292119004163991e-02 7.852057473501160290e-02 7.457128691726304381e-02 7.881996957797424153e-02 3.637930413030954213e-03 4.694971579149481711e-02 4.212507987994781877e-02
9.415556612754501231e-02 5.972621950255595918e-02 9.189549259885956833e-02 2.198315424314196964e-02 8.715255158891681286e-02 9.545681045967878420e-02 6.921821131266880922e-03 2.036393586670800712e-02 2.627246939715635263e-02 9.163466374650942881e-02 6.399663050397375041e-02 5.955076851768212332e-02 1.612178729718609718e-02 3.566500413472417988e-03 2.037775645923685375e-02 7.440080859941464175e-02 9.820259301122580275e-02 4.036471151490281239e-02 2.252460831505137540e-02 7.773712091414304581e-02
1.448784938123443000e-02 2.318161368085930318e-02 9.987807072462029367e-02 5.695461560755765706e-02 1.815030330563160987e-02 2.950063067688030172e-02 4.857471110763054295e-02 9.195360247016519384e-02 9.712427804068247961e-02 8.478850958399175575e-03 6.511211781379777630e-02 6.410092151908435010e-02 1.047967185657369162e-02 3.640925462095018217e-02 2.022818353091304904e-03 3.390213988191037586e-02 3.147910996212725104e-02 4.492250315193846433e-02 6.440484337602220277e-02 5.174011425543655757e-02
4.634662504706328623e-02 8.148638589490790618e-02 5.542018761028882218e-02 6.687446673547525755e-02 7.270229088186719313e-02 1.439333885123295076e-02 9.779432375393878885e-02 3.103174380251035036e-02 6.441211246493838867e-03 1.839757904588285031e-02 9.202589179566121602e-02 8.879236137744389579e-02 3.610073762291737126e-02 6.176090844428583880e-03 8.004558834594102668e-02 7.225716598467042673e-02 8.152241353516919906e-03 4.747601680841742611e-02 9.620569051158055218e-02 1.065773729468593237e-02
7.987089472356777298e-02 1.887769481326224963e-02 8.446832259133048304e-02 2.920345046972586817e-02 7.685873711439156208e-02 2.255775406671584049e-02 4.747204586093104611e-02 6.604346640925132239e-02 2.497028474278651169e-03 1.380202817938829332e-02 3.634416911982855242e-02 1.189265766927595329e-02 3.426787435006106806e-03 3.842452610985924721e-04 2.309293500004010527e-02 2.041843011082931231e-02 6.797326264603940904e-02 3.711663293572924766e-02 4.905901443075420115e-02 6.685734799872321277e-02
3.904567375459502832e-02 7.289765501719756846e-02 6.854405449283954010e-02 4.159713677328141790e-02 9.707307344055265963e-02 4.601789305516874873e-02 3.616528746610003786e-04 2.594882193960698288e-02 1.236389704607798821e-03 6.420992609108312765e-02 2.942093593419270545e-03 8.686868973278661157e-03 2.609091065001836393e-02 1.947180279885041276e-02 8.969422660890867538e-02 6.732029194915949144e-02 7.474209609907811469e-02 1.421300895409258885e-02 4.942053695296611156e-03 5.436074932298248785e-02
2.138103365251881050e-02 5.375959981687399719e-02 9.197506987964060299e-02 2.702333624970704173e-02 2.580674933161546461e-02 1.555688424231064376e-02 8.571569371467481491e-02 1.631317736323223411e-02 8.066214907308322593e-03 2.475840591929112655e-02 1.814790823547290932e-02 6.808644473374336759e-02 5.468833469006317144e-02 1.068497775166166175e-02 6.607326355359448289e-02 4.966189834672690706e-02 8.015275287368001100e-02 2.740082186938078840e-02 7.958289657062439515e-02 4.247784323063207718e-02
8.390198800255556019e-03 7.140240695092141265e-02 1.747256720952905518e-02 4.773155349523047764e-02 5.352242504605778106e-02 9.542472236858447199e-02 1.800025899389001705e-02 5.698347357731795709e-02 7.192462422078248208e-02 9.638525659843684423e-02 3.122789876778111692e-02 4.257646193849310562e-02 6.630456664927766863e-02 1.059623818490201819e-02 9.610425803194100336e-02 2.902959343082600618e-03 3.599208713301358525e-02 7.049577978815743662e-02 9.132579021354172988e-02 8.149309187376589658e-02
9.880378140567047662e-02 9.374865669795733047e-02 1.031661925340195997e-02 2.676815185379452164e-02 7.537991923112208337e-02 8.772428419222667514e-03 7.519664385200966472e-02 4.594151333726967379e-02 5.170828621211276399e-02 3.811076300883631252e-02 1.796448351609894120e-02 8.495761993051159644e-02 3.919062156378436135e-02 8.237250474309135151e-02 9.153347486381700759e-02 3.454200810451447945e-02 3.658750549874393437e-02 6.342430610510320366e-02 4.274148064825510768e-02 4.923142874225931026e-02
8.260607255236702973e-02 1.079800479275724347e-02 6.336480991289035469e-02 1.955605069236343672e-03 1.009011713307139679e-02 5.611549877442171402e-02 1.129130339121422501e-02 3.707253009383426612e-02 4.221206550014165032e-02 5.766536471617756190e-03 1.508253096768281780e-02 1.631354868030543501e-03 6.467412584411998122e-02 5.863411671436537242e-02 6.271973608764436561e-03 7.648915443885140504e-03 3.453346507548517297e-02 6.667021028415608119e-02 8.215368869024294862e-02 5.288956947964085220e-02
6.940782753365136448e-02 5.312178195841506245e-02 4.040045471214592787e-02 5.068333142065759717e-02 5.334153936061086787e-02 5.484629046087541315e-02 4.911538123521762972e-02 8.243797158486694532e-02 7.286192715232871209e-02 8.354597632026829201e-02 4.734166674399473834e-02 5.375042534091663271e-02 9.627211442809453790e-02 3.277715114922853668e-02 6.274240055894256263e-02 8.206572846288878731e-02 8.527388543716639402e-02 1.993155177150468527e-02 4.267832148387373792e-02 1.379038371467890094e-02
9.141513782183620374e-02 7.163086708284506499e-02 6.765233514566225403e-02 8.288420634403393869e-03 6.819966199663811401e-02 4.593681719968587679e-02 1.343074092896965471e-02 1.072137096735472674e-02 6.746305506119874840e-02 2.036511403674909002e-02 5.382838755570551470e-03 2.372697814770704725e-02 2.333655973125292713e-04 1.108995035812685576e-02 1.375760132565531126e-02 4.858520676890583367e-02 8.639060858428505851e-02 6.209731242372373838e-02 4.394848457466002389e-02 8.134646745626648856e-02
