2.659676183768789892e-01 1.378885249761591103e-01 4.068561427706769013e-02 1.742521124164423119e-01 3.379615949301584266e-02 1.084890811269349914e-01 8.944648369018907974e-02 3.447071439352495520e-02 9.417541579187657663e-02 1.067542511823355439e-01 1.407503250575035114e-01 1.576021347360074820e-01 1.341643068837194419e-01 8.548654031347817372e-02 1.352029776557644725e-01 3.855574094320340928e-02 1.204448940590199524e-01 8.486566517095678330e-02 1.229701622218165313e-01 1.268484440817071457e-01
2.600722849784790208e-02 4.700781725527417021e-02 2.714992535607513996e-02 7.359730831365063342e-02 1.383365112207501219e-03 1.516078223942168846e-02 4.359631381899305852e-02 9.191817645312315432e-02 9.764422021298535537e-02 7.432160268148708254e-03 2.373314350373601986e-02 5.320739567846588525e-02 9.112490395925494646e-02 9.031746509621833841e-02 1.909971096857011538e-02 5.901838044070490535e-02 6.271150828305943441e-03 6.736069191107001142e-02 2.961148313172742852e-02 3.702210348384684518e-02
8.941127382182466332e-02 5.884561962993932818e-03 1.046606001017137411e-01 6.353445508552627019e-02 1.653431645730803201e-02 1.027201885148661120e-01 6.263025487699316884e-02 7.970812068107191450e-02 5.083202916747373706e-02 2.814930171169266471e-02 3.963621468409129350e-02 9.017597871682510313e-02 1.933371408281826451e-02 1.454619212295359294e-02 7.957638825317438214e-02 6.809952066791326308e-02 9.568087476959032112e-02 5.767914081814694283e-02 8.838538255830578894e-02 4.628816752395310818e-02
1.862329553988405564e-02 7.428489869031822124e-02 6.024632929228342093e-02 8.963428125299462146e-02 8.211052057371039103e-02 3.935148433196804241e-02 9.010751984889149580e-02 1.027148838844741119e-01 7.169103626578389454e-02 1.622935632065013872e-02 9.832677983706472613e-02 5.251534763981542675e-02 6.709136467393618519e-02 9.235057379267062883e-02 9.423527359752544019e-02 9.481783258361971278e-02 8.680622904760846789e-03 1.081011833977539582e-02 4.917142478715950255e-02 7.922932031271544273e-02
1.685289521181718847e-02 5.010179755047613342e-02 1.029275565838405349e-01 2.012198631786074957e-02 1.422785616558602112e-02 7.432361066472272307e-03 9.798341444709579573e-02 4.998942118031488718e-02 1.477556000093494751e-03 1.010129461741133550e-01 1.717667118885498473e-02 6.842318629707604127e-02 5.538958469263664114e-02 1.341436787445729126e-02 8.137819239446149322e-02 8.050095590156672309e-02 9.575144411980116010e-02 6.011386642604420183e-02 9.685258371423144386e-02 2.732057721707272305e-02
1.005936818714889269e-01 8.025657372866672190e-02 9.966110210296459659e-02 2.572720400249128500e-02 5.516082393436055192e-02 7.850796325533712650e-02 9.517181250936636305e-02 1.164092534731499783e-02 2.204311683538215036e-02 4.097354421170184419e-02 2.788796069630798333e-02 1.527133017445852364e-02 5.236460105305720120e-02 7.657452490573586623e-02 7.720320117965220885e-02 2.488987761671598419e-03 2.480626511016198465e-02 5.216310290279402989e-02 1.762732793675689334e-03 9.101694248845694502e-02
2.023787987408882591e-02 9.782123574525219967e-02 5.978480914463366741e-02 9.418523821742290358e-02 9.391505255245165273e-02 7.398866770060573417e-02 2.476260007144474515e-02 2.130232917316092489e-02 2.729020610741140704e-02 6.832239621728580792e-02 4.978397284003018008e-02 5.192038385504325892e-02 6.696641326414642936e-02 5.130209888951247493e-02 6.596214532923556917e-02 4.982016533453787616e-02 3.810711576853104132e-02 1.684037072537995089e-02 2.622737834960317191e-02 7.365241089650392814e-02
6.748477313904267805e-02 6.169341247204931239e-02 8.503868420031692951e-03 3.158966183994266208e-02 4.498982948755921724e-02 1.881545514838308883e-02 2.349192794471103814e-04 4.167206006075931807e-02 8.663860957867919321e-02 6.673125453490272307e-02 6.850232124785853027e-02 6.212939949862925776e-02 1.842836681089648695e-03 3.088682895085397700e-02 6.670298174951404258e-02 1.056725412116560348e-01 1.023218877200148397e-01 7.320257439992096382e-02 2.040152631639912187e-02 5.755140941316325837e-02
3.378123032558590089e-02 6.242809449038069086e-02 4.882782564827852639e-02 4.088731561857175678e-02 3.600858382734659080e-02 1.762251386314098167e-02 3.630752592630396430e-02 1.789137463733146000e-02 1.391207331519878597e-02 1.277873519965360902e-02 6.100515647234669436e-02 1.848547849818319225e-02 3.922638536495717636e-03 5.494385763526830196e-02 1.009923040033109953e-01 3.538040620678840897e-02 5.251306253321097461e-02 6.993685395495613522e-02 4.350406670236135059e-02 1.023841034488906510e-01
1.423891422026891083e-02 5.972529735172506238e-02 1.027625797583439290e-02 8.763854764576629874e-02 4.284844517585179730e-02 2.678666616123465474e-02 2.954078208820221790e-02 2.215621350977402173e-03 4.996975394051023089e-02 4.691627836445647765e-02 4.768873650493112015e-02 4.158711168755881843e-02 4.171695362791881523e-02 3.058728462822469032e-02 2.087990472127336516e-02 2.393447015789331930e-02 6.478351379287755618e-02 3.581410572538010900e-02 1.798221707959351753e-02 5.565328312996481452e-02
3.139623612707671124e-02 1.733014795732769342e-02 1.076881063464255397e-02 5.139282876513391607e-02 9.782450796378237487e-03 9.534962418536346851e-02 9.149752563362857638e-02 8.094068296574469246e-02 7.259384236779933830e-02 5.739495413129260676e-02 2.790214751488187886e-02 1.625306829893526789e-02 1.404446664130032905e-02 6.346966912436628749e-02 4.452221034811110201e-02 9.158785338057727488e-02 4.567466409184218340e-02 5.711467517731433699e-03 4.647809689671175692e-02 5.560029979843853637e-02
3.989103195261382157e-02 9.572161644419566184e-02 2.948808835957589247e-02 1.043916423142144806e-01 3.370234204884141327e-02 4.093095064288210239e-02 3.255178473553339835e-02 1.690049160055717703e-02 4.361614299060562888e-02 7.999075711712601289e-02 9.343207007463290303e-02 6.105054188998033232e-02 9.135815730330389128e-02 1.029900565474765745e-01 5.390626225434243246e-02 4.330655175457913397e-02 1.581032963081881876e-02 6.524707797989049221e-03 3.096191858308061998e-02 8.749048588942819060e-02
2.000906918568528398e-02 7.518107313608504705e-02 9.413380994462625107e-02 4.797746055954096173e-02 5.199215819213100914e-02 9.632888684878297691e-02 8.627548188860760525e-02 9.556804544109769040e-02 4.844116808057385981e-02 1.365859145184545676e-03 7.337495011928543698e-02 4.976713554490277275e-02 8.272436352027577600e-02 3.267918738517457816e-02 1.285338900796493405e-02 2.203991372504265911e-02 1.507665086958921534e-02 1.101220774463172909e-02 3.213653315929144993e-02 1.532791907685025420e-02
7.602508102457466999e-02 9.463502635884267489e-02 7.697286748121567532e-03 9.484351368712716501e-02 3.508137164657601503e-02 8.753081636356546680e-02 8.233672421305857081e-02 1.692886041249200074e-04 5.413222281601150904e-02 1.151298553201017538e-02 2.561193369927040192e-02 5.930440570225411351e-02 2.000676131828619392e-02 4.046032313542333170e-02 1.005305202493012168e-01 8.038079499055497679e-02 5.459489234495800564e-02 3.783659011103434472e-02 4.589398186256458262e-02 6.685302141149597477e-02
2.911245292896384035e-02 6.417440238217533843e-02 6.362342264527690028e-02 7.134283504742869840e-03 8.071100329768700343e-02 6.247558299281399420e-03 8.997930851692979848e-02 8.422089852850019043e-02 8.614429628190742316e-02 5.957941035775877331e-02 2.149569377298332293e-02 5.624448435237228150e-02 2.816194746452262490e-02 7.759146905918080928e-02 4.734283927408594606e-02 1.202147071349898497e-02 6.111438672013399381e-02 4.547319405817385612e-02 8.966713351384376918e-02 7.947242031982906796e-02
5.831036668877138257e-02 9.380979817209214588e-02 1.033358792014078820e-01 5.938154429068209783e-02 5.927475124882235907e-02 8.399146103885092498e-04 8.906003652073959942e-02 6.240575061796971301e-02 1.006888964043888973e-01 6.859513428646778210e-02 6.175656698373888781e-02 6.628109064098286658e-03 3.240230071210573742e-02 9.439824612757063971e-02 3.440294759399861041e-02 7.560833387421123097e-02 9.368498312650372362e-02 3.749970821672488769e-02 1.025993666643147534e-01 5.189785352898083903e-02
8.750789204659722986e-02 9.936746765182309649e-02 4.059299637297851537e-02 3.707695932213609519e-02 6.934323646650014661e-02 4.154951910391100484e-02 1.139326572473294517e-02 1.246993613928511040e-02 5.705113312631434480e-02 1.547846469308633219e-02 7.871296263038730923e-02 2.815881338960308025e-02 5.825878056744215189e-02 5.599232157210052435e-02 1.293759578553668570e-02 4.889424344954539092e-02 4.301147567497986407e-02 5.571784334999396737e-02 1.197876963106438847e-02 4.932445246880359097e-02
6.409254242912830468e-02 5.200397786692728674e-02 5.414762199067402887e-02 4.436050989755443985e-02 6.038306503564153799e-02 2.198908166603764577e-02 2.465486740222545131e-02 2.537431598412179939e-02 6.251898698169436330e-02 7.630939207026750382e-02 2.299999123884821639e-02 7.702955072762185385e-02 3.452581872727240875e-02 5.051451960083808146e-02 9.120733140790571181e-02 8.308314051624403340e-02 2.421021171171098760e-02 9.649828767450506495e-02 4.880832647287425274e-02 8.505366155454852084e-02
7.063717518149094377e-02 1.579226487364856005e-02 8.245149883050881257e-02 9.011365072917305874e-02 3.390407348350268912e-02 2.737862982331428288e-02 7.190563308424911815e-02 6.018503165669294996e-02 2.010304387476435917e-02 6.054734950077359651e-03 4.862974237065804256e-02 8.826141467061295043e-02 5.613493158798027460e-02 4.006698322639001830e-02 4.591883193564607474e-02 7.079373333286408110e-02 7.069661073997675349e-02 7.923487368976800393e-02 7.927018829522179677e-02 9.408909239514255674e-02
1.733290280162878968e-03 1.023096738843817660e-01 5.025223999784989015e-02 6.426226137325830035e-02 2.607361984053325338e-02 6.055159478814798463e-02 5.429256154152586888e-02 4.955261989194424677e-02 8.483278331802755756e-02 7.115501677100465050e-02 9.599555703325456102e-02 8.028990944031054455e-02 1.231678711265702872e-02 1.624741779747883254e-04 1.031108228718364134e-01 3.782143051622075501e-03 4.677933000914496348e-02 1.039178382295982556e-01 1.665066499367593572e-02 4.110773705377777226e-02
