3.131897012327801155e-01 1.566521063410951375e-01 2.584336803704938637e-02 1.573613606376911556e-01 1.338204150326481323e-01 1.324693476205334175e-01 1.235687085156985526e-01 3.004755594711334965e-02 1.208490212146316467e-01 1.388269549988174201e-01 1.404805821740052196e-01 5.671788189439178063e-02 1.477709722652355007e-01 8.238565350469592707e-02 9.333100800657215257e-02 1.149776696112799063e-01 1.076058775708275406e-01 1.194050621483313569e-02 1.469496540416871319e-02 1.493991124356315314e-01
2.841692205834391027e-02 9.877212081220582141e-02 9.924610767384355048e-02 1.802907035738385982e-02 5.603531058776209384e-02 5.854318765227860960e-02 9.829853662826516791e-02 2.733032879084321826e-02 8.672486519811085925e-02 6.854928802324154746e-02 9.564363626926142281e-02 3.732998649259333668e-02 8.779677380323687441e-02 5.566719963280734179e-02 5.143258430572203443e-02 8.685823779468115555e-03 2.572905704934590546e-02 9.060458413658305232e-02 7.682391599919380365e-02 5.842090264832879021e-02
7.246103141124370095e-02 4.012502203325440941e-03 6.300543391465163699e-03 4.858521194521765729e-02 2.553490842738015409e-02 2.388816801076589988e-02 7.873355699232116589e-02 1.729770881534204927e-02 4.122067910155835513e-02 9.510522303894911045e-02 7.114126385169276812e-02 7.925099562184679571e-04 2.788514952527466895e-02 9.391345274145701527e-02 1.887297254940008273e-02 7.151775298230311946e-03 5.865006651847028130e-02 9.172909568324932872e-02 9.786072152567104609e-03 5.531933807488701588e-02
6.413221075973898899e-02 3.484632020881744952e-02 3.666454471817116867e-02 7.806335576961725975e-02 8.450317680559756017e-02 6.368471078980143807e-02 3.534950246056520889e-02 2.276628154897280057e-02 4.806133673781529114e-02 4.540293930126439170e-02 3.264331526225839036e-03 4.791740515626374819e-02 3.761436522460265275e-02 9.337624206494400669e-02 6.317717649020718196e-02 9.851286651605996314e-02 9.206250734048726514e-02 9.158427549111552990e-02 6.020298813979634706e-02 4.903144568551920726e-03
3.710918696519294180e-03 6.189370523880401154e-02 1.497873356523089609e-02 2.985586005109938310e-02 2.941365322528433253e-03 2.900714595207689803e-02 3.475684959351510450e-02 5.576727803962899582e-04 4.607682735240453686e-02 2.253714236207926547e-02 1.211676885032431095e-03 1.614840580153775913e-03 7.446342273139204548e-02 8.268026785681034663e-02 3.008286306370071619e-02 1.963506102627217420e-02 7.367396178551517683e-02 7.364979594476395164e-02 9.144612804538018724e-02 2.028307344180411281e-02
3.389809370112091547e-02 8.543881304466421911e-02 8.214512671736082239e-02 5.881046408702000211e-02 8.424529133569656769e-02 9.417154949395535601e-02 8.550692993057422420e-02 5.693783587062652141e-02 7.788717316924116674e-02 8.010685840352638198e-03 6.159168193831943139e-02 5.943163656178506588e-02 7.083612380161152973e-03 6.245256461898971573e-02 3.491816955587347809e-02 8.212489666658281950e-02 1.606461025424048630e-02 5.572413463194895306e-02 5.427708514821712182e-02 8.092652837608252381e-02
7.509547048176326567e-02 8.824091666469649486e-02 5.446727549306944888e-02 3.766527516322061564e-02 5.093699199695407576e-02 1.325097633113958735e-03 7.821557506109354241e-02 2.730211648258731513e-02 5.157600626650632458e-02 8.074901911354214964e-03 4.928684741151350551e-02 8.260837907172084715e-02 8.410164295296219256e-03 7.390849841861514558e-02 2.474499959442100216e-02 2.069928054924101771e-02 5.031904781392676496e-02 9.084730411004549033e-03 8.676780602508857299e-02 5.031789400064465290e-02
9.553389557874841787e-02 3.043835415022301538e-02 3.895690084243383366e-02 4.113347712370923892e-02 6.010972199464345578e-02 6.654969541288892343e-02 8.182056489602322624e-02 8.236394108371641876e-02 4.349245377203794782e-02 9.964987348527500066e-03 9.379316963464351398e-02 9.809455130501056053e-02 9.656053747236403861e-02 7.013675215868137025e-02 5.862369587315581498e-02 4.903793545852629804e-02 1.378300204764763143e-02 4.022349400401131064e-02 5.489993570015675589e-02 6.770695056630571945e-03
1.144827824722758486e-02 1.527927639041949497e-02 9.511840475441524223e-02 5.951316256075792066e-02 1.208057996467403264e-02 4.328380821774914511e-02 5.934137985057663829e-03 2.149338586526973460e-02 9.779787070447379382e-02 8.589082675725792648e-02 3.059982517025152879e-02 7.898158052576415011e-02 5.444552753703979509e-02 5.027069365590752792e-02 2.483112259646175213e-02 1.345238070767803586e-02 1.607844923304957430e-02 5.871796268141848962e-02 8.625324556143243449e-02 5.879044312606374056e-02
7.219475437038661014e-02 6.694854304214235829e-02 6.204105554618621898e-02 2.640689486437223371e-02 7.877414128435358820e-02 4.284190298844004451e-03 2.935157183049602603e-02 1.422603205714142484e-02 8.298924320581965719e-02 2.706320213619183360e-02 1.975219424720522574e-02 6.365331627418836791e-02 8.463974078125321987e-02 9.881375564137939715e-02 2.422060888089681147e-02 4.655076851930422394e-02 6.098917897007467837e-02 8.656594059803657260e-02 3.401484542625671237e-02 5.770810139085144619e-02
8.803700347451604014e-02 1.618287967751184248e-02 8.773622885223908430e-02 1.621151581495433591e-02 7.548026294924177482e-02 5.245052848835918486e-04 9.871156771451014555e-02 8.273618667285444206e-02 7.495608036492230203e-03 8.521513886557724460e-02 5.203068783411902987e-02 7.483652459351833319e-02 8.807683041508199140e-02 9.718021896379781463e-03 8.289916800929911234e-02 9.012610912798484086e-02 9.618181986800161676e-02 2.051105782850531911e-02 1.834068697830759653e-02 1.785628615705900021e-02
5.914724547318007952e-02 1.408234856188140920e-02 7.127624694510648583e-03 7.730452194466222449e-02 9.235055998051368287e-02 8.652031834510638675e-02 4.845726799954785946e-02 7.896223865158015498e-02 8.940467465635729138e-02 3.070361020612089042e-03 9.599482609608189776e-02 9.403220194750720740e-02 1.361287975642179286e-02 4.983531633746610123e-02 6.872988779539188076e-02 9.980859715220935513e-02 6.291767088058138058e-02 1.488368288992936248e-03 5.517448740884838693e-02 1.712636523822674839e-02
3.569447025741679085e-03 2.372688707349209988e-02 6.988347959963772671e-02 7.181737543783928146e-02 1.355071615773861978e-04 1.066138980444297909e-03 2.920602427958791936e-02 2.747732823213213868e-02 1.076773096011810621e-02 2.082298326349400069e-02 7.256455725760342645e-02 4.780085730844653436e-02 1.163434530187493904e-02 5.118365563088290125e-03 3.576130550441214591e-03 3.855046156440958965e-02 7.548463524021920001e-02 2.772863113445089844e-02 1.770850920496772757e-02 1.665696777119284391e-02
9.143866916545123624e-02 6.942442974814139189e-02 2.097829698837559015e-02 4.037750625073499794e-04 9.813539276667880562e-02 7.564350070789262193e-02 8.703166232271308811e-02 2.709534688446207928e-02 8.187999918531529975e-02 8.953673837867747939e-03 9.558829733819985269e-03 3.506035834588736716e-02 2.964565779484954616e-02 9.386934520828221773e-02 6.702231909875011606e-02 8.802622330121451233e-02 9.722027593542109658e-02 7.456476588135419132e-04 1.816610817214242557e-02 7.981073105076802454e-02
1.010795353769861071e-02 8.741323212861420999e-02 6.309841863970488962e-03 2.957478120043695313e-02 9.853257040972696404e-03 1.046987348642578614e-02 2.203540138507698292e-03 7.304376997922024106e-02 4.011233054265173070e-02 4.790254070207086712e-02 4.078859734846781993e-02 1.641261457931257953e-02 2.406531396409359452e-02 2.108732654229263093e-02 8.751436647790683532e-02 8.582938387792275747e-02 5.139995199358309702e-02 9.518443989967279029e-02 9.729565497379821792e-02 2.650100493861795581e-02
2.396778220209626678e-02 3.957196361639058607e-02 6.308864542443491652e-02 5.491443331726487964e-02 9.974800766258118401e-04 8.616513058818363324e-02 1.600845574639496796e-02 1.651951561169850979e-02 3.750492114849653114e-02 2.452608116017492013e-02 9.106181806235034981e-02 4.712490613472824358e-02 3.213099737199746203e-02 2.991963755330566757e-02 8.933439641110824114e-02 6.118552675489170867e-02 5.514849718827253416e-03 3.699309200056532382e-02 4.589829127219569038e-02 6.361446469527843456e-03
9.899182485102384077e-02 7.716627382412448444e-02 4.246508152322692187e-02 2.473581507515967490e-02 1.907105706350831209e-03 3.629584162852077939e-02 8.020398059513259015e-02 8.724070066232747153e-03 8.426831559758517221e-02 2.568878157194287668e-03 5.511702539146343116e-02 9.995741272133976119e-02 2.590037321608729126e-03 2.679126954640796004e-02 7.134083935908754059e-02 3.269849810443977572e-02 5.647136640091988957e-02 8.192291773677873312e-02 5.885011366283176421e-02 5.052423004673547990e-02
3.191497100951523787e-03 5.565274465189280761e-02 8.440626198236259037e-02 8.204675964549153211e-02 2.090499086205671597e-02 2.691715854868535068e-02 3.797359803062262673e-02 4.090729481084153657e-02 8.209995221409785437e-02 6.383452113902048086e-02 5.554137899732539130e-02 7.936341339396585370e-02 5.678219076539725921e-03 6.402118280030341668e-02 3.180017464044559983e-02 6.774867315702524928e-02 8.975171083798902383e-02 9.247220693290147953e-02 5.532296696881652820e-02 8.878459680565092826e-02
5.192012124304434817e-02 2.176574522313531532e-02 2.280027803275911508e-02 7.248382762415463143e-02 7.413121891651253646e-03 2.597855923972408609e-02 9.577567463572754514e-02 3.160350950046976470e-02 1.698425799473073441e-02 1.837361312625578405e-02 9.104103686644793303e-02 9.943360897829599254e-02 1.722123612205457219e-02 9.271121835277008894e-02 3.575730011134781172e-02 9.261907950942145640e-02 1.971112727106550007e-03 6.404388663610770249e-02 9.247799057830685676e-02 4.870983729849363147e-02
8.994870881216765479e-02 1.063346130552107575e-02 3.282998064508590996e-02 8.666956186843220722e-02 3.998251270838495963e-02 9.048450074923036768e-02 9.390222872699385825e-02 1.046946028245504534e-02 5.166989499066626523e-02 7.608524012123974107e-04 2.382632934088409205e-02 4.408704839776823869e-02 3.331398744568356968e-02 4.165303819306601096e-02 1.069840557750680911e-02 2.729047423607792316e-02 9.533292118386810232e-02 1.583331218695268813e-02 8.734580195464643204e-02 3.468938061662544398e-02
