1.993957616591047755e-01 5.815614206672638925e-02 1.385107897467650062e-01 3.235228219550824458e-02 7.154380880791362529e-02 1.150787760121451120e-01 1.008310514362874277e-01 4.053522691074083750e-02 3.775197200895646921e-02 7.406187002281718057e-02 4.540171078744094368e-02 6.094356386127727093e-02 7.872888184618383189e-02 6.773753086103384558e-02 2.851106404290298935e-02 4.921764137234584807e-02 9.982373839167396623e-02 1.040729285516667074e-01 1.613959642513658199e-01 7.667992030108997104e-02
7.007919562283873582e-02 6.693811269235237782e-02 6.992734040460402145e-02 7.865973465985498731e-04 1.005488178916961323e-02 7.825943696793985493e-02 1.796041743270203675e-02 8.404921563928580142e-03 4.001557860048240989e-02 8.935577850312766135e-02 8.034460181296087730e-03 2.136788429073512019e-02 7.080546225471572030e-02 5.285316936636397234e-02 8.528071636042344750e-02 5.726011095913428189e-02 1.934687591186061775e-02 5.318279070197567959e-02 3.775173114411740916e-02 6.993349567775407338e-02
2.678378216784423060e-02 5.988771370484713419e-02 5.195961207508213026e-02 5.210143856192309825e-02 6.656373841360976873e-02 2.041040320240324057e-02 9.018371652578927380e-03 1.287853470051234656e-02 9.089888337098307736e-02 2.309133974916471876e-02 6.986328354750086234e-02 8.434753715543635844e-02 3.821727527480145437e-02 7.089275065730608893e-02 7.164581675747246081e-02 6.198579526199506085e-02 5.715893794499127614e-03 5.341727830438176838e-02 4.190555539327216888e-02 5.858797886593929832e-02
3.629627923922520288e-02 9.849087543825417457e-02 2.063081897937959694e-02 8.793891733940130406e-02 1.268616033680615256e-02 8.539915118230927138e-02 6.466876789400520520e-02 3.330515723492422087e-02 5.731150743505231127e-02 1.346089364853895326e-02 1.621090850119821921e-03 1.506441081384524193e-03 8.645093892251920487e-02 8.808530881662378353e-02 2.149313832976997019e-02 1.423206168847874868e-02 7.336321461344713635e-02 5.612333812834178343e-02 6.791443134541282067e-02 3.193993845958725819e-02
8.834061211703579664e-02 7.190935076148570471e-02 7.125236408597891702e-02 3.268815106300886758e-02 2.865982553555142254e-02 4.822425132748320992e-03 9.466670131096642515e-02 8.789828335197676090e-02 8.273020153700318124e-02 6.452668159118779730e-03 7.777534538244529339e-02 7.822058073484977614e-02 2.844994791766263312e-02 9.684697287409743671e-02 3.490246353076122132e-02 9.511768483090081439e-02 6.938113234596403334e-02 1.215777442255944196e-02 6.608140967354458883e-03 4.299044322677425534e-02
4.286652229815138965e-02 7.958742173297372532e-03 9.693469439412967514e-02 9.064272659419610190e-02 7.539222734241679547e-02 4.460019360764009427e-02 4.346886169789335175e-02 7.927071753204603666e-02 2.059186277222153916e-02 5.410087435460036315e-02 2.463359062515005013e-02 6.373775182848184784e-02 2.961889595541201958e-02 6.425377016727530644e-02 8.745655045197903155e-02 4.100687226205984581e-02 4.434726438372852547e-02 8.472507652880767459e-02 6.211024782310648439e-03 2.254874294901032441e-03
3.088632007955352185e-02 1.299646758594894674e-02 4.767902723843217561e-02 4.147087581746246310e-02 3.816209757403914854e-02 1.143485504314337847e-02 6.672523747666454785e-02 3.875718784203078388e-02 9.284311077038723270e-02 9.265963380502033331e-02 3.677600985060247574e-02 1.371758145164013801e-02 7.438146250830721118e-02 7.382382964514608292e-02 8.060286936553776038e-02 2.383414826307425280e-02 4.597257271218936625e-02 1.186970225015366968e-02 5.801646107035628858e-02 7.612459909476277514e-03
9.754967505105383019e-02 7.643563789782515348e-03 5.375142298763611187e-02 1.256316304029234804e-02 1.874360103882664191e-02 7.322800363108145083e-02 8.137457768920212942e-02 1.243071621305864675e-02 4.767360017114807141e-02 7.240074262552291529e-02 4.401847724693180169e-02 4.490130282704292430e-02 4.693810385098520777e-02 7.715022183149806978e-02 9.777183290286579898e-02 5.764413340931385035e-03 2.673238902719543737e-03 2.853980118950350323e-03 2.614271467555442582e-02 1.884808099373695006e-02
8.792329792259630239e-02 1.165923974738869440e-02 4.253420948874961360e-02 1.510839393759274597e-02 7.508704305072264051e-02 4.704089500669550450e-02 7.617086088892521811e-02 1.253728510560285850e-02 9.404371453110432766e-02 7.952020565712489275e-02 7.419590274681150954e-02 2.651991190825902026e-02 9.905121693108942874e-03 6.769316875959859037e-02 9.090041503170792625e-02 6.017954632605892334e-02 5.729177756564485247e-02 8.301510866169868608e-02 9.907353470820538799e-02 7.005611505509211356e-02
2.458446381918423518e-02 6.581380595940070077e-02 6.432789800683839931e-02 9.914725803000433435e-02 7.813528608279128596e-02 4.278311430076850441e-02 4.388870913927611986e-03 8.542185038762661886e-02 1.456925357423140104e-02 9.183889793339759799e-02 9.952735118012367987e-02 2.198493243644774817e-02 9.144673666216056318e-02 8.072678832157861861e-02 8.805447437391056287e-02 5.764775024410773163e-02 2.450049195675947644e-02 8.183760652544745662e-02 4.651819483420317758e-02 1.146159568902949165e-03
5.817297103118315715e-02 7.322990134084887692e-02 2.219680589622162817e-02 2.605313662694775084e-03 5.091189254676951187e-02 2.108265240078265393e-02 4.862731870246896071e-02 4.331214736149581468e-02 8.438600018028294403e-02 3.618878951195153570e-02 9.928351899341972264e-02 7.782827209764558996e-02 1.737170922523283492e-02 1.657239215053194631e-02 1.903357286440876539e-02 8.495043944642023323e-03 7.264494969483040188e-02 7.401305987797321406e-02 3.888298809440711434e-02 1.316388108015078585e-02
4.444344800660830069e-02 4.023617896608865790e-02 4.712148607385453769e-02 7.864690539322910512e-02 3.227922119887732810e-02 9.178687550161543363e-02 6.485367712595624390e-02 1.687748010998241233e-02 5.346013477788497115e-02 9.918345783742300512e-03 4.499576649537040802e-05 2.732672212300687672e-02 3.467895063449619869e-02 7.672358185955062415e-02 2.986032124228418447e-02 1.496770913701686058e-02 7.258144709392887195e-02 6.358319175254778521e-02 9.515507186027638564e-02 6.281243632928849852e-02
7.683675166807406309e-02 2.627137346144101798e-02 5.747926109359557251e-02 6.891995400351848267e-02 5.206163621040243300e-02 3.840408739814926004e-02 6.244940227974357660e-02 1.837857934308584351e-02 6.046377366065132375e-02 4.231205645427137813e-02 2.787454100676650670e-02 5.492315481018004292e-02 2.219327478525899913e-02 9.007263149946437286e-02 9.587972849717419851e-03 2.186710007069822201e-02 3.167403802276276548e-02 6.575706090231170364e-03 2.570449878100608196e-02 6.453917134232210751e-02
4.788909927747631370e-03 5.477884498415900444e-02 6.966432549880514913e-02 7.776638129309776382e-02 6.630248718879441783e-02 6.338931735480003715e-02 3.651546169876370568e-02 9.173082221940624670e-02 4.804388396480932522e-02 4.131699267687218013e-02 4.722751438576567283e-03 7.226564887137947035e-02 6.048732349255532548e-02 3.802243931404666877e-02 7.003451158849827336e-03 6.125039523973629246e-02 3.357842675288726791e-02 5.562409567619759632e-02 6.467444477063200720e-03 3.641890610092525515e-02
8.618457273856627854e-03 2.605032707712334750e-02 1.810419813130266162e-02 7.187031391377700362e-02 3.749810261446351670e-03 4.329096530050632885e-02 3.383859893286949444e-02 7.430832076253647556e-02 5.951430989187857235e-02 3.471193396841636830e-02 2.690730283105717893e-02 3.799689714583220218e-02 5.633711778597743497e-02 6.935248756272176240e-02 6.262642802290578625e-02 9.935270523917724694e-02 7.262881193582269856e-02 4.924589593667658832e-02 2.983864922465814459e-02 3.663304424406712417e-02
5.229514293858109064e-02 8.809854171755732155e-02 8.405968165097928158e-02 9.266963939187623095e-03 8.029124827167706535e-02 4.519719563397735229e-02 9.674609992937693859e-02 5.836104908988747758e-02 8.180772939498778817e-02 4.507718235275934293e-02 2.360568656606319010e-02 5.210448779688073989e-02 1.798243712775288161e-02 9.995698451767996706e-02 8.601622908232105236e-02 3.193996705040519357e-02 2.480888597971449283e-02 4.362508660030454261e-02 3.464287756696617093e-02 7.207848092926150488e-03
1.700126375845888507e-02 4.739937176444341399e-02 2.189328328268941304e-02 3.209545998340409406e-02 5.403941057649924024e-02 5.387569978559241662e-02 5.042805620236472802e-02 3.753531147227054388e-02 4.759042753301088308e-02 9.932680170805502362e-02 2.097986928722735123e-02 2.908160033044718956e-02 4.695393447297166456e-02 3.911782913855444375e-03 1.147239922881477907e-02 2.395712891772017183e-02 2.677359816258545466e-02 5.109023173318172351e-02 5.815001910169011190e-02 7.109112997763501751e-02
6.873909239719502851e-02 4.232774221726777475e-02 6.431127917734678900e-02 7.408981210887816138e-02 7.959050739018908027e-02 9.165866432775543471e-02 3.503021580441193633e-02 9.905459151558043684e-02 7.658365409080834796e-02 6.752402877431297468e-02 6.559563418539364477e-02 2.281522477413580260e-02 9.139297072343566253e-03 1.061827650233773158e-02 1.613856788537534545e-02 5.697489754516282118e-02 9.742723255788367231e-02 5.026775871759649184e-02 2.740119719245272256e-02 1.710751803071465169e-02
4.356032563037465222e-02 2.953296158333329480e-02 5.421117233800039348e-02 6.668404456818351200e-02 4.655833035232701672e-02 9.287885985515174914e-02 6.651710063889529345e-02 1.282470323111942895e-02 1.282236800131894040e-02 7.114652940188101460e-02 9.813430671154474427e-02 7.857292487142397697e-03 4.264602228559486591e-02 3.391149898767462784e-02 4.275278929934661631e-02 5.014597616829119531e-02 1.208524984386384442e-02 2.706648030673256683e-02 1.739910180142255694e-02 1.052915262101236128e-02
4.544062527332987100e-02 6.225306725351771597e-02 9.033425082574127185e-02 3.420775973434862088e-02 9.072935930339599483e-03 1.727949215803178604e-02 8.339529146271351667e-02 6.935660244159250198e-02 1.610141993215238529e-02 4.584063325056120242e-02 3.139677883743829945e-02 4.818707794357107721e-02 4.985201979589792137e-02 5.143210300508202493e-02 7.547235843234616215e-02 9.796687814858441590e-02 5.109048611822554486e-02 1.855872705143458631e-02 9.725757612592671186e-02 6.631478021843893733e-02
