2.200341622684194032e-01 4.949754124690333712e-02 3.659879640450712512e-02 5.839878048815735911e-02 6.280889556117737194e-02 7.450080031601535868e-02 1.266513878043922792e-01 1.298475371479486384e-01 4.988423337465456436e-02 5.315474736391595512e-02 1.073833372583245793e-01 8.087282040224361146e-02 4.842837405256787686e-02 7.018704342170652144e-02 1.120057971930171759e-01 3.731732331555259741e-02 9.842530460263571035e-02 3.368705828296089666e-02 7.404219852379585742e-02 8.930766770142309352e-02
6.234430043925901638e-02 2.749126158683222812e-02 4.548736944230281909e-02 4.399325562433333003e-02 3.632144200210207091e-02 7.314771049728578667e-02 6.913060879537571979e-02 1.951722485127926898e-03 8.767054838892138213e-02 9.904153773216625711e-02 1.898512301703546637e-02 5.954298164317753383e-02 9.901860631990527795e-02 9.866670944935096877e-04 5.883333426036390507e-02 7.732366947931501588e-02 5.181335331977211800e-02 4.862821299408594256e-02 8.962798743441796612e-02 7.486150911638779493e-02
4.372943200281318582e-02 5.897181502047080942e-02 8.027287207683425629e-02 4.580322169377294694e-02 6.659251981433056931e-03 5.943472099407010045e-02 5.327402828266868812e-02 2.680034472322604527e-02 6.821524599132999800e-02 4.857574659265229133e-03 5.339235967942115857e-02 1.583766237044782407e-02 3.044773535977829577e-03 9.212200605212016169e-02 6.118988620384491726e-03 9.688479419970122408e-02 5.463968210500491640e-02 3.417534084449549286e-02 8.025596588359532046e-02 3.571621153375122149e-02
3.136734392614994038e-02 5.753521680716782577e-02 9.489284584377404019e-02 9.543814647370353621e-02 3.964850459598016214e-02 7.653230716207265472e-02 4.678380930942643845e-02 3.734409657497774621e-02 7.848042490072105679e-03 6.072138272799813136e-02 6.627717987103576812e-03 6.436489901262630597e-02 7.145618888467897625e-03 5.798661182621503429e-02 7.954381857446964077e-02 6.035528581560050537e-02 7.377169624767497547e-02 2.302671929658196837e-02 5.361433780303848096e-03 5.458408208867241568e-02
6.896605230535258460e-05 8.320125282834482661e-02 5.514404324529340734e-02 9.485628360838159467e-02 2.433314720479425042e-02 2.616673191614392671e-02 7.430597616700698738e-02 5.551971239844538664e-02 1.675899622286134566e-02 2.034705134908976198e-02 5.929917233923553965e-02 3.661980818233712132e-03 9.816069917929809430e-02 9.914907605991060691e-02 9.066413066115210084e-02 6.236485408022490046e-02 2.829286874708200270e-02 5.824841505487363819e-02 6.634318954852368166e-02 8.344594063319253630e-02
9.787969211598773756e-02 6.967472666514816504e-02 5.429319862109351080e-02 5.099515294963143097e-02 4.457945113038207924e-02 4.307758049324348498e-02 8.470364233791705805e-03 6.929741402988973120e-02 7.582678883899990341e-02 6.121204733342479332e-02 6.674978242292033126e-02 3.930549474442103508e-02 2.705858926180776391e-02 7.385067503512587894e-02 1.663967133267405668e-02 9.463850098944608102e-02 4.563981901395339907e-02 5.022353764710040663e-02 3.839703526181938165e-02 8.079362440471719864e-02
8.415507297045024537e-02 9.985827541158652509e-02 4.474862083974014137e-02 5.820404403204931104e-02 4.916689072716817939e-03 3.475273530849838644e-02 8.595982632835520720e-02 6.940845271697580754e-02 4.137184319975240228e-03 6.774237546206543503e-02 2.076562455067865187e-02 6.987460786227933651e-02 3.593924302236826268e-02 3.870408065779367551e-02 1.186868595765318106e-02 5.648029224570055157e-02 5.758807525307196168e-02 6.617732925663503962e-02 6.221265640099635230e-02 7.382446368215378474e-02
2.234619516091174152e-02 8.885669934763122668e-02 3.906469806749048035e-02 6.712877201889216883e-02 3.331889427845859813e-02 3.611817012165954160e-02 5.854419353404630849e-02 2.993508611295208136e-02 2.024789352596597855e-02 6.580775578794031966e-02 8.707259295377101430e-03 3.902826618489339122e-02 9.407412673588599894e-02 1.608651344768049704e-02 4.329485635995364984e-02 6.922644925952976813e-02 1.299194732385310427e-02 9.460603322021522710e-02 3.256779335284493149e-02 6.225550208482810710e-03
9.883191630484899903e-02 2.613029363074185346e-02 3.595815999399436941e-02 3.284716157715557305e-02 1.041043094658318340e-02 5.745735644185295116e-02 6.001886058538746099e-02 5.896041269276073443e-02 4.325339336477856955e-02 3.480171984926080236e-02 8.625700599963441462e-02 3.703470327578971960e-02 1.904821084377321741e-02 7.662341496223347426e-02 4.964417011512033823e-02 6.251178338489203623e-02 3.372049420793743479e-02 5.951504772496082896e-02 4.204515952330416945e-02 4.265812581869568576e-02
5.869463916437727552e-02 7.471686742944209925e-02 3.489732389980008259e-02 5.049656605645202329e-02 8.694909746515533389e-02 2.816298614585101279e-02 4.760973360848633901e-02 1.568189673151873173e-02 9.894454025554601240e-02 4.749319946543884008e-02 1.934339659295949629e-02 4.359480959726697025e-02 7.028155478316853999e-02 1.662513996832659657e-02 2.859952791658615379e-02 2.839268751508812472e-02 9.198038311748478468e-02 7.974942369493165720e-03 5.427372671389360526e-02 6.574454671468414613e-02
1.760223730273772352e-02 2.800174018299387418e-02 5.531454504557114377e-02 4.786272191123139980e-02 3.053851966745994156e-02 1.218709044377115462e-02 5.611335454334421061e-03 8.570664421049287163e-02 4.446117219375340934e-02 6.980846283126085350e-02 8.496684089727397915e-02 7.483073363292358504e-02 6.240620336027842552e-02 8.690727866758277131e-02 1.375981879171007775e-02 9.314544695942371388e-02 3.363157197214092925e-02 2.974128473650760121e-02 6.546986002781716996e-02 5.867241516014709557e-02
4.739470933871720026e-02 8.115514046813888938e-02 1.589440444142053988e-02 5.712994707199486877e-02 8.362242768353914113e-02 2.681605416921750695e-03 9.044185530204762458e-02 3.660569746833425286e-02 5.092881703074370048e-03 9.699258557175846618e-02 5.650728145407696301e-02 7.779499047037492787e-02 6.738500195731861320e-02 2.184515246034026900e-02 5.344434570659054029e-02 9.385377557146989957e-02 8.272697947849907973e-02 3.476098412287629419e-02 2.063043203426517813e-02 7.004699377960844908e-02
2.696258329011562774e-02 6.043444264029353141e-02 7.576084247713128772e-02 2.175443530478962315e-02 8.509079312424594130e-03 6.392239418476684809e-02 2.870609632632773606e-02 6.943448708589380902e-02 1.081456546793849866e-02 3.011521512279793575e-02 9.948244810505736668e-02 5.280028785681685488e-02 8.163891394936856338e-02 5.720703052758471796e-02 4.647941225837189105e-02 9.904067134540095463e-02 3.456699099842746453e-02 2.913512363955515078e-02 1.158364359028270056e-02 1.132822916189525457e-02
8.811431762245422461e-02 1.760011867271826791e-02 9.312107682685666354e-02 2.044433258796569952e-02 5.869255590133918427e-02 1.276769591199979938e-02 5.645737022835670832e-02 4.571509659916130064e-02 7.192941860002531607e-02 1.718943876975496249e-02 9.889879333028310515e-02 3.226485527242094892e-02 5.514881992246561948e-02 3.225023478536877264e-02 1.404990085166912817e-02 1.593104872556363669e-02 9.150415590450497461e-02 7.493380610757456595e-02 6.365841364037193306e-02 8.923880655976600129e-02
6.573451313553070607e-02 8.533838093760249752e-03 9.414536478567542277e-02 9.888652886213428195e-02 1.924967257189229633e-02 4.526505713545628251e-02 1.614413003510471040e-02 9.998425396315585578e-02 6.110743619422299988e-02 7.553530468899473382e-02 4.730997442312543516e-02 1.174202020116676959e-02 2.367482922305445131e-02 9.779268612777050618e-02 4.277341399948902251e-02 2.691891185919176310e-02 2.449175094061509933e-02 2.680476547419038610e-02 3.407584167832829886e-02 8.556457616542095801e-02
7.432446268617927398e-02 8.897560126706383077e-02 7.987517132991883706e-02 4.353307597515825716e-02 8.333277587139288622e-02 5.553581130917664699e-02 2.107617720913666087e-02 4.012499991736848126e-02 8.910647872720828255e-02 1.483973403018329362e-02 6.250163539897191610e-03 8.947191291527677171e-02 6.507585636835698517e-02 6.337220812153340765e-02 6.685148663959525339e-02 2.770532036411584020e-02 8.048897643770581284e-03 1.794660293792318603e-02 9.154158522765890038e-02 7.599364811039371892e-02
7.827116935672857878e-02 8.410381000210470637e-02 6.420908574285848214e-02 6.669168122786996167e-02 8.900235967449343644e-02 9.526515828110890260e-02 4.034953718951243135e-02 8.357850697105341509e-02 1.096210212625623598e-02 6.162847484750833167e-03 9.233454263000051565e-02 6.583163235093929255e-02 7.737087781725558722e-02 3.240469839530053797e-02 7.669057874225002069e-02 6.303825291335951597e-02 4.006961427517013313e-02 6.319138742700444733e-02 8.387089998219188214e-03 6.189025777856138784e-03
3.322740885245852038e-02 2.577822956183384306e-02 5.363643895923097399e-02 7.509819913581079753e-02 5.194279178685410475e-02 7.343228472685514596e-02 2.684724028075591296e-02 2.058878688210596941e-02 3.832310723838621563e-02 2.775136078934810346e-02 7.044102221346197623e-02 6.396612358129849865e-03 9.074106060152840880e-02 2.809208595939494124e-02 4.115366585288590673e-02 1.229559524724721520e-02 7.445424668925543221e-02 2.292203372987410351e-02 2.677526160231747093e-03 5.689243599461939888e-02
1.066307341992631802e-02 2.518537944591082989e-02 6.943417968913101479e-02 1.087125934999587720e-02 3.231791763627073211e-02 6.337327724433007570e-02 1.498087654812875306e-02 9.225090505791044837e-02 3.038446174941478173e-03 6.081930930456824758e-02 4.233599283936718971e-02 8.266258360431816277e-02 1.685065027968941573e-02 2.781453618084085699e-02 5.686931385752704016e-02 7.094607569220978899e-04 4.616867944079600106e-02 9.444678713252542546e-02 2.770777592690479990e-02 6.331284458295145801e-02
7.945244152844682661e-02 5.196360166042515716e-02 8.157942739337475935e-02 5.598707520593378117e-02 2.243055606925052972e-02 6.104011282773578323e-02 9.887943021849870950e-02 7.716650135319806647e-02 7.898805036383130251e-02 3.305281408658072850e-02 2.087007161739045172e-02 2.370380925359059227e-02 2.267377664045172603e-02 4.162752674185028756e-02 4.680200958823254459e-02 9.951766786915661189e-02 9.957605261879920455e-02 7.349318873299656718e-02 4.199406492631568150e-02 3.743680132013842837e-02
