2.209378909731701535e-01 8.560186387969981325e-02 8.563759863307937592e-02 7.712447206089891039e-02 8.234832229376344570e-02 7.716195951615610615e-02 1.689222848983719383e-02 1.377339281461694154e-01 1.397395410451737485e-01 1.291329789819639640e-01 1.091832751946098523e-01 1.140365095553447783e-01 8.060117852550255368e-02 1.528288474297494481e-01 7.073754097288444120e-02 9.531327123302441029e-02 7.514370281949238339e-02 1.599912930459023719e-01 8.971018086789094015e-02 3.123933396305365179e-02
9.468688177687464846e-02 1.567170984182677737e-02 7.841079908322101666e-02 5.359073735122565690e-04 4.782718188232448764e-02 1.198459367293506356e-02 4.123749885920263702e-02 2.291411837024877329e-02 9.166788513336283917e-02 6.992324295435912995e-02 6.117320218604280213e-02 6.638696472308761032e-02 3.655530214425472407e-02 7.896846038257038236e-02 8.549164430831597550e-02 6.539674336611465966e-02 3.103503353395258360e-02 6.489027276997728216e-03 8.884509076104699088e-02 8.519089291431498900e-02
4.082411299348927269e-02 7.681721656603458792e-02 4.829409854367383917e-03 2.052613482244337872e-02 7.957747421889901918e-02 8.499916078859987012e-02 2.584711366097704188e-02 7.782914597544986213e-02 1.181504499885517416e-02 6.163962953436102898e-02 6.100905375097163269e-02 5.551503304106383818e-02 6.088420150963889249e-02 2.092116783201133576e-02 7.249725446582885868e-02 2.173286323886828436e-02 9.949831914440182556e-02 7.868980131241720688e-02 7.837425740928663509e-02 8.110318140670293163e-02
3.119504079913890809e-02 3.934815542342950251e-02 9.073332881947837603e-03 5.660321242014853399e-02 7.228446965733049956e-02 5.251988355866191172e-02 8.988720520272845682e-02 5.746324936827332946e-02 6.976586551629093864e-03 1.145501083921851614e-03 4.902522801557385179e-02 2.326164596879082280e-02 8.334443410218583814e-02 9.517852949527462122e-03 5.641546972463622883e-02 7.231014249801313853e-02 7.890080288894656124e-02 4.354301255673906357e-02 6.308403565052986273e-02 2.864241968242852224e-02
4.031867984371339392e-02 5.042815064461361740e-02 9.145144409808511621e-02 8.558310464624602210e-02 8.267949255011813881e-02 4.541825974867882976e-02 6.381819930148839581e-02 9.157390768228584887e-02 4.935411642450920205e-02 2.207792564104217592e-02 8.102795140390577078e-02 6.602664965117949203e-02 7.784096914201596440e-02 7.549503465423512694e-02 1.187668603083585905e-02 4.029789961517432628e-02 9.582734399233180933e-02 2.600891178386857336e-02 8.774835231242461564e-02 4.079215852101474721e-02
9.645652132973819848e-02 2.319909189915012743e-02 2.852771427355227634e-03 4.625297820138408143e-03 5.250713739978841998e-02 2.295703828153701498e-02 7.816027265606227681e-02 5.110224554813646430e-02 1.454287404189276260e-02 2.950527513030841778e-02 8.297767973045078183e-02 8.024188057956915809e-02 6.816381755472160353e-02 4.813647977679888501e-02 4.453758686983532583e-02 1.360248130917762754e-02 4.633137960856754944e-02 5.991834186459319561e-02 7.639742136221794322e-02 5.917853418073737437e-02
3.436051909820769801e-03 2.462194678004599180e-02 4.381220953795313122e-02 8.476106353991115505e-02 9.613386246935110013e-02 3.217568967751650855e-02 9.997886678845768760e-02 4.727222090038298019e-02 1.756577586216960876e-02 4.350884782301436826e-02 3.888543028883998526e-02 3.075027490206118375e-02 1.263540078827083551e-02 9.284644069059816429e-02 2.640592881335962483e-02 1.838141422274119918e-03 3.931054091604590899e-03 1.334450105758966387e-02 1.702165926755774480e-02 7.154013287703982205e-02
4.333601803931126650e-02 8.527698241871582707e-02 9.891830499537385135e-02 1.636471976613251833e-02 9.403712057015167769e-02 7.680705595416577325e-02 6.599840659546364618e-02 6.870745172433505299e-02 4.042152836037159885e-02 5.135713382981831748e-02 9.556303700057793005e-02 1.832959858806937456e-04 5.310122421651287949e-02 6.734673427539368540e-02 4.868983204559779177e-02 4.314192640833895004e-02 8.641554591103843552e-02 1.114258534550108953e-02 5.198389664187524906e-02 6.608158901716597311e-02
1.420527269490776817e-02 1.193781329182539569e-02 7.214733175777790497e-02 6.577076893908977151e-02 3.713697920802793567e-02 9.987654041300546293e-02 7.202538815168525732e-02 9.510802688505369529e-02 9.910010680141734252e-02 8.069391794919916761e-02 8.535456609029648534e-02 9.630613761819255270e-02 9.597338824877947594e-02 8.029595461546967794e-02 8.852674317937908599e-02 9.825870284400005372e-02 2.048398551147866467e-02 2.542076058198532509e-02 4.689272799372054545e-02 2.612167618477815451e-02
7.753147258755610505e-02 2.557104465008591676e-02 8.162019248812582561e-02 2.312789124581138365e-03 3.160820586980577634e-02 8.333771043710203053e-02 7.904066977727552956e-03 1.859748355388216728e-02 5.912727148812915723e-02 8.189754872632581950e-02 6.741667569432253926e-02 1.044543133757029965e-02 1.334361230860799975e-02 8.092441902524202813e-02 9.078729502510863442e-03 2.663140377748780818e-02 9.178421990788623863e-02 1.877852114489918581e-02 1.813293743195952892e-02 1.162393763902540636e-02
2.356388355587720959e-02 1.427071502164044617e-02 8.713777507316500248e-02 3.875308795348465785e-02 6.629499033614159875e-02 5.148101818965822307e-02 7.524197474630650584e-02 9.438446023105426241e-02 5.753997638322401464e-02 5.672548300335388677e-02 2.108922125820337362e-02 2.828283075503045321e-02 9.973862738050097432e-02 7.899594122785097428e-02 1.596939842900081327e-02 2.029119188774027027e-02 9.649292316134950101e-03 4.439618680229110576e-02 8.469891937662975268e-02 5.043424211912626159e-02
2.254898005675187722e-03 1.395811477669242108e-02 1.704752323759407481e-02 3.651761746338958586e-02 9.870907666357170429e-02 9.566016068603790112e-02 6.024731932622826025e-02 7.257776588948056107e-02 3.738837253735650956e-02 3.680476874201526333e-02 8.851444839840219569e-02 7.786118553516105378e-02 5.143066465103312418e-02 7.061400861263102124e-02 2.175632788796164757e-02 1.017506350264584317e-02 2.622479412549758720e-02 7.789047858093028909e-02 3.792019965950266247e-02 4.266243843605165703e-02
4.394192881851700060e-03 1.406062879721264869e-02 9.127911319044648697e-02 1.340084047737215636e-02 1.257357300872274930e-02 9.552001317974867511e-02 8.096925665317548926e-02 3.636447702274497179e-02 1.291300652793836564e-03 3.776951515413319582e-02 4.554920695716346141e-02 9.312148407465711819e-02 5.680333761136636961e-02 2.270769194516426837e-02 9.811844301548511976e-03 7.076488814581571862e-02 6.044672868901657288e-03 7.668086147806152386e-02 9.712766568153191615e-02 4.645547844514058555e-02
6.137295934477704495e-02 4.889249354843316214e-02 8.834871931824744840e-02 8.527139233238918703e-02 7.932219190062000935e-02 5.448522536680375922e-02 1.312854579847563298e-02 5.818862679822305733e-02 9.758763124070554684e-02 6.521683281033871515e-02 1.793595350390584514e-02 2.489530719005912662e-02 1.943428159381601836e-02 2.038811434619213284e-02 4.532967656589589889e-02 4.202546552687480563e-02 1.106584630069721437e-02 7.870219736054100135e-02 9.270599921808208785e-03 6.912474769806674357e-02
6.245501164432331470e-02 6.407528334540328607e-02 4.326913973880619491e-02 7.031602416562379720e-02 4.690467959492719552e-02 1.122719059290589036e-03 2.442793888928537424e-02 1.632783533527288819e-02 2.371104378661792640e-03 3.721386921659085995e-02 7.415923641771564323e-02 6.204982136619835442e-02 2.753286305325794089e-02 4.164153653907776143e-02 7.149826832137250177e-02 8.089012735102873997e-02 9.732786942668425478e-02 7.055707991760755415e-02 4.673847141078856654e-02 5.958812239162808444e-02
7.537317232891854735e-02 5.501417254056711892e-02 1.043118013790824729e-02 3.769075942231469439e-02 4.415467280220092272e-02 5.623699590051766534e-02 1.845691616417578437e-02 1.988858007055837110e-02 6.011352979501841803e-02 4.671229363762809117e-02 6.820178544203603366e-02 5.736831163787062260e-02 2.487791165963293416e-02 2.221172785089803314e-02 2.650662132502103197e-02 5.453602818039704481e-02 1.965651482222616903e-02 6.259420858103345586e-02 6.551492709141226722e-02 9.560288733455293841e-02
3.169400331145862115e-02 1.004982946537195249e-02 7.580083176383349552e-02 5.585161725509137087e-02 6.546944120426792524e-02 3.974578958756942726e-02 3.771452169657299458e-02 2.850126170446632204e-03 6.415557932617610426e-02 2.989814313324645756e-02 4.490727741306804743e-02 9.695806756138458660e-02 5.696690344652636379e-02 3.922849177853260372e-02 6.874389928498085556e-02 8.021999586809186455e-02 8.898957423043465931e-02 1.964188602544885212e-02 1.096793059532229567e-02 3.298621126091725447e-02
8.438869642607848762e-03 2.464113398302262420e-02 7.203718387551093227e-02 9.729951916797245637e-02 2.364410054962684526e-03 7.722038511112666592e-02 2.700723505106371672e-02 2.430365006300541295e-02 4.072604299994028731e-02 3.232671798232877175e-02 3.987665603323280877e-02 4.566583225798494239e-02 9.719231367205630190e-02 8.547221061936832731e-02 8.171165277006831734e-03 1.206767266721055047e-02 2.864643005884503005e-02 9.970749028320258223e-02 9.876562516734578578e-02 9.321015065160553892e-02
4.272140028702849091e-02 8.077862051664380649e-02 3.596060883804230723e-02 1.163259634455356996e-02 4.823656506241898179e-02 4.927397333727095985e-02 1.026714118090718032e-02 1.416929836592673020e-02 8.777051359407141151e-02 2.209421654961206752e-02 9.025324957252321700e-02 5.439521802130033168e-02 6.003291062335669448e-02 1.698167740110867463e-02 3.897109678437141178e-02 1.199653064131025494e-02 9.549576539076964909e-02 3.917699739108622403e-02 4.031726717449270192e-02 6.299382475509759938e-02
4.327296221545460370e-02 3.593402816658149146e-02 3.543624887568036508e-02 7.023068183337814741e-02 8.015516831097124761e-02 1.712483789882732893e-02 9.339152761996087626e-02 3.985149440612138078e-02 3.944059308213480192e-02 2.262734634771975881e-02 6.780637492181687542e-02 6.712160952095444499e-02 3.691532943907145647e-02 6.516472322587528454e-02 3.910086969192361032e-03 5.922179323318955968e-02 5.939958516844642822e-02 2.388052647915879512e-02 9.249525505058436847e-02 6.605857498304983089e-02
