2.265182597700214906e-01 1.384018787332439993e-01 1.609192294273779633e-01 1.116689775495755266e-01 6.791075091962687181e-03 5.689163890612394109e-02 1.453245555255142929e-01 8.469411503843096711e-02 9.110710565228688496e-02 1.154147472926221746e-01 4.532899846888538420e-02 9.613382941381484748e-02 1.393537886635828338e-01 1.233102728351432864e-01 8.366408904925930201e-02 1.401778098686032314e-01 8.697474305528744842e-02 6.296065613755491563e-02 7.307052361638396998e-02 1.080129474693209135e-01
4.894993591226511759e-02 2.591522727221256400e-02 1.643314192771663795e-02 6.900895810238379113e-02 6.930783482508483945e-03 6.384879198560899916e-03 8.937890870300521651e-02 2.297976314224667305e-02 1.928557756347473381e-02 1.551569804935060137e-02 1.002663468887087794e-01 1.873696857869456417e-02 9.803179023062294495e-02 4.271083618366342677e-02 9.210828762445233409e-02 9.546468945169432618e-02 2.197792920879967915e-02 8.844826450889063663e-02 9.388185368485653381e-02 3.460959597061048776e-02
7.313917506935310731e-02 2.779330403181494435e-02 5.038488842631251574e-02 3.793857181990072797e-02 6.611985475381340627e-02 9.033797323100868637e-02 5.453967027471417171e-03 4.560909542582424619e-02 7.805795711809299098e-02 9.061694635094674766e-02 8.467611652692379198e-02 1.056298985937182376e-02 8.837910849486593778e-02 7.733117241944999221e-02 3.619892807026859477e-02 8.841787749645700634e-02 5.870634554654325515e-02 1.946541147547530340e-02 6.185381672503382361e-02 3.001526465221220422e-02
5.869856098549776358e-02 7.164363683430331753e-02 3.668374047972041774e-04 5.177403816329153446e-02 9.305163312159480532e-03 4.677903526259678813e-02 7.174359935425941859e-02 1.195683911764609635e-02 1.968233927673337241e-03 3.255240490479422572e-02 4.686788073582016934e-02 1.308106987946408735e-02 5.622936214058134319e-02 4.961620128651439421e-02 6.537360656049465146e-02 4.767248337394276725e-02 1.855438990279651909e-02 4.540641243990539699e-02 9.312581829671617850e-02 8.348139133229694198e-02
6.692965482733292948e-02 4.957148340266716996e-02 5.490347732261066649e-02 9.224045725890726161e-03 2.748822083126858593e-02 9.292316391575668189e-02 4.494672476522816595e-02 9.325300345671704016e-02 9.609140138913428719e-02 2.266737701040542202e-02 6.573790957566517934e-02 1.992172212321924318e-02 8.465819894387931199e-02 5.964134143313251646e-02 9.888683979852930239e-02 5.426027217404296582e-02 4.585423520107544809e-02 3.303047574324447649e-02 8.805602263509813843e-02 5.357738080026770711e-02
3.891447936611251018e-02 5.273302244406916778e-02 8.700814640065389349e-02 9.347207742164760635e-02 9.442177468001672347e-02 8.448747626978483916e-02 3.340051394143216806e-02 4.414499948081725827e-02 1.001201736420358479e-01 1.468533668611867252e-02 4.788419192277588998e-02 6.010642129201791695e-02 8.012547527989727358e-02 9.540547172477262250e-02 3.484645859058827649e-02 3.685973857879287774e-02 1.676220010708883573e-02 1.020946026274047354e-02 8.535995274120580789e-02 3.680078796310089911e-02
2.340427078172197667e-02 6.554270738248833827e-02 2.698753372186334445e-02 3.923327104510442725e-02 2.844247936613609681e-02 4.963719697603304754e-02 5.656063790943393482e-02 2.562121432818659228e-02 7.719557398330685605e-02 3.953405488098699072e-02 8.786629408770921246e-02 8.355175646315102234e-02 1.904317934339396987e-02 2.833057596201953368e-02 9.183258504365998665e-02 7.779518838705755390e-02 3.215496222470321658e-02 4.843546272982841849e-02 2.965932171060084617e-04 1.697224506681082462e-02
8.178240342038246846e-02 9.096034162367623577e-02 2.903047692758542117e-02 3.544781876555488237e-02 8.438622127147796248e-02 1.067655275299037032e-02 2.783748674841786354e-04 7.517758496729939899e-02 9.009156541439000687e-02 8.179921733855857746e-03 7.457213869186728183e-02 5.618814573343774987e-02 2.513043823744949556e-02 3.378031477123027287e-02 4.841840167255738805e-03 6.171875894618870928e-02 7.986567974857894381e-02 7.589446955537239303e-02 9.850180636552068048e-04 8.099830247757545953e-02
6.507643946408682434e-02 5.476711464156247544e-02 2.731347090014963654e-03 2.770440216809921460e-02 1.908189558100569297e-02 1.722103528185465679e-02 3.693622822002903816e-02 2.659050000370549033e-02 5.197497173803455710e-04 4.129007294925591404e-02 1.533353545123135970e-03 5.483714063355011464e-02 5.399001505631371295e-02 8.700894867738667715e-02 7.268199062198776872e-02 4.126953528198975922e-03 6.585627987868469813e-02 6.323081378035770583e-02 1.729763194552073197e-02 4.501760888375187786e-02
7.620496038015457663e-02 4.688223591720055983e-02 9.364364141434593225e-02 2.255142779274869544e-02 4.506952527711284573e-02 2.647333317463486380e-02 8.099554511937739898e-02 4.203032962360392366e-02 2.299796653484313669e-02 3.619075381373322575e-02 6.576114369523708425e-02 2.518669143805224442e-02 9.411527507691494487e-02 3.327671431598754059e-02 7.175882786331166940e-02 9.691889052332690324e-02 1.541584855352173822e-02 9.863317258821482914e-02 8.691714853999019108e-02 2.291402692991377152e-02
9.040396069089107201e-02 2.527089955842658220e-02 2.001419316871054510e-02 4.591565278473967032e-02 7.455517880859122148e-02 3.950582757362448155e-02 5.480864045951150398e-02 8.758502468939580177e-02 8.712562558959038861e-02 3.933581499379123353e-02 2.845485204170967314e-02 2.637779198150059026e-02 1.000905564902321992e-01 6.171272625448837729e-02 4.130780624108015830e-02 6.815224800746180756e-02 6.796316902987948466e-03 9.417891089659113923e-02 8.152459345134978330e-02 5.836852370475363594e-02
1.689954081216160295e-02 7.240010199115400058e-02 3.981360840902350984e-02 3.521050938185040641e-02 3.835570881681078358e-03 3.855929576034696632e-02 1.845865204864702291e-02 1.606751067406450226e-02 2.360992762811332454e-02 5.363429488034592713e-02 6.212953026722414090e-02 2.010598504848233256e-02 5.876944519856899980e-03 3.396203741037844004e-02 3.797207977672751710e-03 2.381921999767158682e-02 9.540349726828079024e-02 9.752528004766292113e-02 2.186921313957186988e-02 1.691488771396641331e-03
9.021238955589779007e-02 3.637491123475154048e-02 6.720096081624205020e-02 2.166226162110841680e-02 6.116981868281689411e-02 6.221526208876146380e-02 8.406454344598292272e-02 7.321840623605889442e-02 9.275517218162782074e-02 3.036883191748621785e-02 2.360260936894123182e-02 1.120416010470580773e-02 2.929245809796795705e-02 7.137044545231145676e-02 3.066681351868856542e-02 1.091923271814464191e-02 2.941792773753292706e-02 5.391253137350592028e-02 5.001413548021821365e-02 9.394537077425732172e-03
5.094949837818809474e-02 4.016046767552647855e-03 1.105612300960515625e-02 9.474165231816776556e-02 7.347918097935367265e-02 2.706701387711427098e-02 1.389655172702028256e-02 3.013839900252569034e-03 6.657669810685828971e-03 1.345982276497757063e-02 4.047890496284142769e-02 1.804019969356139910e-02 4.720809594459312447e-02 6.791935442243447751e-02 4.025226350574153539e-02 5.490369097347064242e-02 3.731089572766368989e-02 7.055612050331082352e-02 4.623882286166407576e-03 2.142392034551538968e-02
3.810857318426912749e-02 5.067313326914296354e-03 9.695943186646033274e-02 9.256990878876064643e-02 5.212677309614063142e-02 4.234900572062497842e-02 6.734124230601484795e-02 9.680625540253619266e-02 5.043153670316283949e-02 3.064477429807192788e-02 2.627874543273503536e-03 6.135066167285802008e-02 6.572739511247455146e-02 2.716982776107449565e-02 1.390504893481280153e-02 5.662175995862223088e-02 3.191356278344537056e-02 7.001026565219735376e-02 8.623828829829612019e-02 3.846634180033444133e-03
5.143952353406337080e-02 1.426146954783149082e-02 3.122233213918219918e-04 2.519630273345117855e-02 6.007304666831780882e-02 7.555114333246519542e-02 5.601301195948273082e-02 6.350508476010632841e-02 2.257326846341606210e-03 3.458738826254455223e-02 7.502742517865752803e-02 2.091268028142490368e-02 4.351410877479466172e-02 4.597687471257284886e-02 2.341814305899956455e-02 7.181922161723337805e-02 8.674741054902393445e-02 7.714004024215137534e-02 8.984383904091422512e-02 1.875481889827435369e-02
3.167219323043442281e-02 6.183731268789770426e-03 5.403605994903434850e-02 1.883785024229864269e-02 2.916805032960758520e-02 6.429457130906514328e-02 8.572727773195615297e-02 4.478005709305053761e-02 4.047323750370603740e-02 9.221977503532291509e-02 3.511362459725193147e-02 5.680657217951769894e-02 8.722705004517519040e-03 2.036057783788365952e-02 8.918847834898520344e-02 8.703400914349514184e-02 8.430785969722048856e-02 4.803301241496096136e-02 2.989308625422229179e-02 5.680831570233275257e-02
3.206258952438161697e-02 8.257724514364662982e-02 9.350899781619689821e-02 4.148021930593208395e-02 4.633346161982281053e-02 8.041946900245817986e-02 5.696999242056183244e-02 7.574324605009372102e-02 2.760075893082289400e-02 6.246105789446284445e-03 6.798560614486624798e-02 6.491289390276634708e-02 3.612565219228363461e-02 9.545291167026037638e-02 7.955773782123323756e-02 7.927563127786349528e-02 6.882888786332863607e-02 8.771762504577301778e-02 8.437663942543124906e-02 1.438758717970317798e-02
9.010805282245865338e-04 9.843205900355403437e-02 2.682838681024746208e-02 8.819075653713309704e-02 4.789190368580352464e-02 7.038520517761946704e-02 8.659789183918334410e-02 3.971683731646060561e-02 6.220705580091568515e-02 2.062160032223799705e-02 7.990117888608455621e-02 4.700684601497419346e-02 4.460287785227164126e-02 3.565906687276219206e-02 1.318774659127395533e-02 1.259435324632481902e-02 6.201011991402356066e-02 9.634398963382341530e-02 4.528397748187619476e-02 1.928906990263012239e-02
5.099466904131720602e-02 3.278050375502163105e-02 5.499127525116468546e-02 9.299244770012309036e-02 9.447300952689412223e-02 5.543212699516704596e-03 5.923409381492941023e-02 8.342390693934752244e-02 8.093490426750902036e-03 7.541489615707765160e-02 2.051126249741638471e-02 4.405744628732245066e-02 8.858890955719864180e-02 5.437004419237699560e-02 3.068544006791695464e-02 4.543213771192046446e-02 4.797461045072925340e-02 6.275894004090760980e-02 2.783167051206281856e-02 6.988118593323551508e-02
