2.678220785658548819e-01 1.391297063429450809e-01 9.718972120974052331e-02 8.356420732838780452e-02 7.821386061811846924e-02 6.170424956534251854e-02 9.869439652534109375e-02 1.024665204642227490e-01 9.966292102821913690e-02 4.063905691213276494e-02 1.275778569557002862e-01 1.214874560167441414e-01 7.129166566922867654e-02 1.583383071535085784e-01 1.414146458779370064e-01 9.791910034981524125e-02 5.799146429154924953e-02 4.679873038215048853e-02 4.109058928306245223e-02 7.641895684916290288e-02
3.691355554328475119e-02 3.777824087227577964e-03 7.509969580058441230e-02 2.245238548143501864e-02 4.842000013806789516e-02 3.923100973373470912e-02 9.608313977327425856e-03 8.523300179879598343e-03 6.435577122371469172e-02 7.165071038451159557e-02 9.834398439041637519e-02 1.000816115868380929e-01 1.028649039681672067e-01 9.960529130316499169e-02 2.647465080634563150e-02 3.966653988171715828e-02 2.165547789557699474e-03 1.533123664590664570e-02 9.404134022758649236e-02 6.322293931871329764e-02
1.031068224391708532e-01 4.557710720320094777e-03 3.734843902210994993e-02 9.109649091949906241e-02 8.600358714312949723e-03 9.408426875506212261e-02 9.243505927887100959e-02 2.298989017817488004e-02 9.060402703519243595e-02 3.693470010850648938e-02 1.024721686849688895e-01 1.745224932102682966e-02 2.809786329280146433e-02 4.234794194625898789e-02 4.969557373906346304e-02 8.553095808157078206e-02 1.494159270308834629e-02 8.435884599958309860e-03 3.839773807209823780e-02 7.385240335600370964e-02
3.893102508279108059e-02 5.396889153056789318e-02 3.604915353012817097e-02 8.376676924807267832e-02 6.606612365009702226e-02 4.193232874134091709e-02 2.401737409835641435e-02 5.870656152742215889e-02 5.526090884652859470e-02 1.014181994924042221e-02 3.504929892881107623e-02 2.028575802889864138e-02 7.604337512991016235e-02 7.702072479619734291e-02 5.611981796605378797e-02 3.970714695967784286e-02 5.237655230836279346e-02 9.538373688095178049e-02 2.776715637865439026e-02 1.924297676726451772e-02
2.657529357085686508e-02 3.186366291273468043e-02 8.554805306307339263e-02 1.571021960300509170e-03 2.577929257688255787e-02 9.485516640098458352e-02 1.967312878653489430e-02 8.848980227722491598e-02 6.159801670699862480e-02 7.000862679171351854e-02 3.888574107163352694e-02 4.109018259664168338e-02 1.654491078735214477e-02 4.183770448954183402e-02 6.607761615226084850e-02 3.927810607484286815e-02 1.025361708060866239e-01 8.051653380980845764e-02 5.525748105847645003e-02 9.881666228405465435e-02
2.262302575846147218e-02 3.229684590008678334e-04 7.582616354932683600e-02 2.561256767404395274e-03 4.024007837763738521e-02 5.837191993314766458e-02 1.955661483761067694e-03 3.264699264185968314e-02 3.322921973161595266e-02 3.634383342535502104e-02 9.492684058781200584e-02 2.719123942624316129e-02 3.604311777832469588e-02 2.584345372827294429e-02 4.797350744773485470e-02 8.781074979948236270e-02 3.829554655767852117e-02 9.117946237733601245e-02 3.389845729316948858e-02 9.842155961990774193e-02
9.797069134577360283e-02 2.300005472812440346e-02 1.006346731341408174e-01 2.791248024996813293e-02 1.176408097643379114e-02 9.326661938441085931e-02 5.522605662174372501e-03 3.599791928402640284e-02 7.584227908829296871e-02 5.505276143083551177e-02 8.506859941663484637e-02 3.619412022753302344e-02 4.896266248094789664e-02 1.613196693357636310e-02 7.416481615223791124e-02 8.890054516291688580e-02 5.223197367258214374e-02 3.528104714980258294e-02 9.626765291830573223e-02 7.981641603119056516e-02
5.683766089623457085e-02 4.117337925800838849e-02 1.032764239639860360e-01 8.900462206554879407e-02 4.308287710374862634e-02 9.467972292254839273e-02 1.025162293216939080e-01 4.502326456822686868e-02 6.166748295359594095e-03 3.234530192791772868e-02 5.671403222197374250e-02 9.412196127057465000e-02 3.752045506942815190e-02 7.552516028208020038e-02 9.835603541746523737e-02 9.429350696108688978e-02 3.283387313780305322e-02 4.893566356820438362e-02 8.298443630509595714e-02 5.456993966058166362e-02
8.289041294449195352e-02 2.165071045920123269e-02 3.522567504930870785e-02 9.080449032011626842e-02 4.956536714809024052e-02 2.157454571150380779e-02 5.505227536643188951e-02 8.121391393321765462e-02 5.170510235613391681e-02 1.040690232422987055e-01 8.760436733519939151e-03 9.765169046482076454e-02 2.593282179783879329e-02 7.002805812510477790e-02 2.647738936531807835e-02 1.617289383424320645e-02 6.882529513533443277e-02 1.747299518491468237e-02 7.437187009488403777e-02 1.018197347717171436e-01
8.141227286095391313e-02 5.119736235409719227e-02 6.732092327307008517e-02 2.736577643937914903e-02 5.851985998979898455e-03 6.969331555136375200e-02 7.797900831399258437e-02 1.136720044602584564e-02 6.205517445864806164e-02 5.862385238458819176e-02 4.699755610868243394e-02 8.673082026193837391e-02 5.657012010127456664e-02 3.405021343844339549e-02 2.056792512645704701e-02 6.943787291560650499e-02 5.240176071196279289e-02 8.875205422855270143e-02 6.211110007680983175e-02 5.581399569186087928e-02
7.984621013169025672e-02 3.844988405948211035e-02 3.881913450115836300e-02 2.603564580755053908e-03 9.214353840848843458e-02 3.761591071332011371e-02 4.069118479725562267e-03 2.249363921149872408e-02 2.088503298039628975e-02 9.649330103949001203e-02 7.924818140723131205e-03 7.320756515512442941e-02 5.264788554326574332e-02 7.904374396187512086e-02 8.511308964189361059e-02 2.560732823889323370e-02 9.214619814417973620e-02 1.916483672023180235e-03 5.160168516562039370e-02 7.593651535202246283e-02
3.534639601292697414e-02 1.523806950242558196e-02 9.599987860602124390e-02 9.621028471158024620e-02 5.400941086106480354e-02 8.892954064254326996e-02 5.494916813260227600e-02 1.141430959009813971e-02 4.934933817589506194e-02 3.698893541658269946e-02 8.613369157564720879e-02 7.085595506503844510e-02 8.348852975572039481e-02 5.043422889943932619e-02 2.811166918706978213e-02 6.301098111394569379e-02 5.204761974855279943e-02 8.307180336650692165e-02 1.083266487441617021e-02 8.912612400781787236e-02
4.466668634203999760e-02 5.211040006876885983e-02 1.026770142309520739e-01 8.242533816927583024e-02 6.504638358500507145e-02 7.630365976877889755e-02 9.711655046193526375e-02 9.544065881645791283e-02 9.409175165238672922e-02 6.660068489828670224e-02 6.389315706493947644e-02 6.937918459460717946e-02 8.428231597910185169e-02 8.099518356785358197e-02 5.101324671604946098e-03 7.330134113325971479e-02 1.019203540806714464e-01 9.192822847914083884e-02 3.289565592076146988e-02 7.502807916214089545e-02
3.012814329442515746e-02 3.469072570074959588e-02 4.966166030471247383e-02 2.663587659744906175e-02 5.839112210136081921e-02 7.955463118263760014e-02 1.397154148461072533e-02 7.994816757713137101e-02 8.138834983929420230e-02 7.985696408379726980e-04 8.328685847864732150e-02 1.445585294930998820e-02 2.889488992714179041e-02 9.289744363727500676e-02 9.394536254627194535e-03 8.052139484970535777e-02 5.634806451611390488e-02 5.632218423676366159e-02 4.256895864018728909e-02 7.949072272455752486e-02
1.043126431995959891e-01 9.770120399094783803e-02 8.630992047163543734e-02 6.515685352732968061e-02 9.027083236799968158e-02 5.320824364427739067e-02 9.216765494587407515e-02 6.179335733771365580e-02 2.255731968827177913e-02 5.972979550822797579e-02 6.138678928890883846e-02 7.075415015024041909e-02 6.338844295207597679e-02 8.710157829271968077e-02 8.602296200654971359e-02 8.111339507097871382e-02 6.773823485195140659e-02 4.208056672892849376e-02 3.983691938389147778e-03 6.519332761683413469e-02
5.997016663921449220e-02 7.260183917710451296e-02 7.640871333637139218e-02 8.581053658121741423e-02 7.396542727458325917e-02 2.673258243183307750e-02 6.585972974590723061e-02 1.651903202292533124e-02 9.649675105652666396e-02 3.422135470940296936e-02 5.389144643276280733e-02 9.993581571138614172e-02 3.258036230570712094e-02 8.996493992265326700e-02 5.973114556458632499e-03 1.856048818059041414e-02 8.503741508656285919e-02 6.533478414791792088e-02 4.316718229885996294e-02 8.291026033100683257e-02
1.249018256761003781e-02 7.821635980727023596e-02 1.713119693579310751e-02 1.043068453532125239e-01 5.783198779211277951e-02 1.220696598984698233e-02 4.710128077357009224e-02 6.219065866568404544e-02 8.516111277047612449e-02 3.701600880015405021e-02 1.987342158283688168e-02 1.632680281383891430e-02 1.557287337200732175e-02 9.545907015327265155e-02 5.168002704562978805e-02 4.845524041788947661e-02 3.372243959389953361e-02 9.742823262243587024e-02 4.741921716994199065e-02 1.890604384661309905e-03
8.710328728378763374e-02 8.037316814936436293e-02 3.346087036399844616e-02 3.369855672487192394e-02 7.519448507552287109e-02 2.093209812833766309e-02 8.266446741067280668e-02 4.099489887191179460e-02 3.330076468315249644e-02 4.601421547157955039e-02 1.346399046809667981e-02 3.666911200235185853e-02 7.663683731572624655e-03 1.038901174084548712e-01 2.232883463702043519e-03 6.013508277512148725e-02 4.310446630819662200e-02 9.686828523551446746e-02 1.569934310466672076e-02 9.911289874472417605e-02
8.226071107486525313e-02 8.560530836240584640e-02 7.170342675604826632e-02 2.539523987634257490e-02 8.838006673088048826e-02 4.245757949677698984e-02 1.020737330076226523e-01 7.467971737514325636e-02 5.466571784224209113e-02 3.700654290185098616e-02 9.251229142179995257e-02 7.048410573237288979e-02 5.454788759613121707e-02 9.759403970831610764e-02 9.978968086111045244e-02 5.502321869569255786e-02 7.784558290686720283e-02 2.407582090281740889e-02 3.174532823848377761e-02 5.042630431863174764e-03
1.103768987010987114e-02 6.575218809394813187e-03 3.597089648742955031e-02 1.030068409209045355e-01 3.885505539130446051e-02 8.952368802681148763e-02 6.296142407594734758e-02 6.261290552616290139e-02 4.818264100933383060e-02 4.761663029495051547e-02 4.253339706915015145e-02 7.644686343156807673e-02 4.380539396662580520e-02 8.536080810645360617e-02 4.503344704958690131e-02 5.425090970028084714e-02 3.812698783103948830e-02 8.444121787880719265e-02 6.454179379473397316e-02 7.249353890344875651e-02
