3.548890874378055615e-01 8.749343737071582638e-02 1.141888402195676694e-01 1.231884998052881486e-01 3.643746223823321473e-02 9.270355775324845560e-02 2.595884077100149220e-02 7.396850040612254484e-02 7.958687879761129624e-02 7.567661702214140140e-02 4.547901540164101669e-02 2.267829013633278212e-02 1.001702078762349707e-01 1.275578220554340891e-01 1.667621653746211852e-01 8.629601645023239620e-02 3.380407260123392821e-02 1.206543262581357967e-01 1.393740171060884048e-01 7.689085416938742923e-02
4.249477871333739998e-02 9.046932200921180278e-02 7.740666495452952489e-02 6.400777559663081706e-02 9.685260397622191819e-02 9.549332986774325405e-02 4.747928010068678401e-02 4.579640335897643827e-02 4.432306407859104569e-02 4.482589675803299450e-02 1.501826368673025991e-02 1.557267999595714041e-02 3.183369655777201074e-02 4.411475638703721280e-02 5.230381691245042375e-02 8.303857690008521752e-02 2.514029882127062632e-02 3.358720838688407373e-02 4.312583380595927385e-02 4.120365920835566964e-02
8.615300846084883793e-03 5.760705424667445168e-04 3.924831222657751417e-02 2.393939161295233209e-02 5.779147383466148175e-02 4.833307713642071013e-02 4.717457667537852672e-02 6.107627353818158300e-02 6.725876717047298003e-02 5.908494027732690695e-02 4.927623624863088081e-02 1.581799051514884077e-02 5.554401864243832532e-02 7.592358386032428685e-02 9.892048796807079158e-02 6.044944313070647196e-02 2.123748165559001880e-02 8.413813200935160719e-02 8.129418679445352125e-02 4.496642869174293650e-02
8.777036948496587387e-02 8.870809118030666129e-02 2.403933537443090490e-02 2.190498425203394467e-02 1.835780901302430657e-03 4.093548822007599119e-02 5.653254783810233303e-02 1.520352183708815336e-02 2.373595646629177505e-02 1.808652827518952844e-02 5.369952020682369764e-02 6.881069414666106387e-02 4.570039555243454732e-02 9.673853769886443799e-02 5.523226605868425398e-02 4.555064141116557663e-02 3.654408847972694802e-02 1.795327164455227248e-02 6.730294259990111938e-02 4.609293595253867448e-02
9.774177294103932045e-02 1.122014491412446496e-02 1.767132505041097909e-02 8.221776836982898004e-03 3.394321388400930312e-02 7.985887906640523615e-02 9.378361314198642440e-02 2.937596611227952931e-02 1.116886387553998189e-02 9.792608768949274956e-02 7.908155851258752422e-02 6.910546680224351201e-02 7.625597474386608399e-02 5.875184323707427492e-02 2.458064647715676662e-02 5.251054751119476477e-02 8.884230657421679500e-02 2.176247399329849300e-02 4.967111318419608484e-02 6.306072752583115337e-02
5.950817925922790436e-02 7.782180421512586987e-02 7.739180819333732475e-02 1.371379939674868299e-02 8.505618861275211773e-02 6.925566139092745321e-02 5.947026497339558126e-02 9.526094300568332951e-02 2.905173155879696781e-02 2.960151867952390964e-02 6.225520666124696734e-02 2.390129251782332695e-02 2.804429365485539179e-03 4.059458918934158445e-02 1.008495636490622932e-02 5.365576160914490439e-02 7.959572438683495954e-02 5.986314861051338782e-02 9.477169413293175249e-02 5.490734342891628872e-02
2.742431867856462077e-02 3.402116150329183297e-02 4.469905320577530206e-02 1.622863523890466508e-02 8.577813914739190748e-02 1.875882795417341958e-02 9.360828133667803419e-02 2.570967662020359409e-02 6.767021679132517731e-02 1.439745066053654821e-03 5.567022353364930315e-02 9.451758816746524960e-02 8.362550921494418810e-02 5.117774679913687091e-02 9.390683098116214822e-02 4.120129892337453387e-02 2.994388859736779596e-02 1.328775288685844075e-02 7.588640845610582220e-02 6.746943299640431602e-02
9.873108642367081633e-02 1.582134737271898711e-02 8.822701067748808801e-02 6.732987642805982054e-02 3.077382324977107324e-03 4.319808169802961256e-02 1.784223263398957565e-02 9.699887840607669329e-03 9.464796511851733540e-02 8.221017644126141222e-02 5.337013034173580112e-02 5.989601296001118014e-02 2.640780557842065113e-02 6.253832290508566649e-02 4.277726237249534352e-02 6.274148974973832449e-02 5.704726999028553701e-03 3.491775605380354267e-03 9.169958887692174210e-02 5.354799616645980476e-02
1.930353008957245292e-02 5.906172292407605579e-02 9.401481732891504156e-03 4.489095905397780945e-02 6.068926992075774490e-03 5.208956117394911156e-02 7.490853866905206049e-02 8.824499347477114675e-02 5.875330124015459149e-02 6.624455352202450464e-02 6.050464147526034980e-02 3.301381972967767225e-02 8.942999222181219343e-02 5.807196694306131918e-02 2.238834468907322656e-02 3.178125600532127198e-02 2.606110628553058930e-02 3.253443714545808246e-02 4.023855123456987481e-03 2.877783981059334195e-02
3.185777745471733008e-02 8.529472344728664113e-02 4.009067967425133938e-02 4.405765778165041807e-02 7.783115003925718256e-02 5.993230116165915167e-02 5.474329756526618912e-04 6.432843785213758492e-02 2.070233330453319365e-02 3.236925149411774838e-02 6.240717818290369978e-02 8.338892424728464037e-02 1.046327564889108080e-02 4.842121407304437325e-02 3.695371886904424974e-02 9.948268596266374511e-03 3.802208521511728917e-02 8.860183817538773432e-02 6.235278667059983987e-02 9.464890684962878886e-02
1.814950259455383463e-03 5.891684445031753099e-03 8.422717339098662048e-03 1.548270178156174845e-04 3.095145125557709209e-02 9.662230379194558733e-04 1.036261882858077223e-02 1.763572794938872423e-02 2.660042617755479372e-02 2.436148400345882273e-02 2.254449194137617823e-02 6.583910423655056632e-02 5.296164478099307099e-02 9.791932339983738798e-02 1.444135051629194012e-02 8.618072871527711343e-02 7.461680482896733413e-02 5.481748017262794148e-02 2.313558054072927320e-02 5.557012765407401411e-02
2.766020658820685096e-02 3.583026524049470057e-02 5.591412024141371312e-02 9.551103433072608007e-02 7.868876289539079860e-02 7.037907614174827853e-02 6.747248999787801294e-02 1.440581675578129876e-02 5.075975710616046493e-02 9.400796519835774578e-03 3.620416457025663753e-02 5.039013169968131972e-04 2.623358439591065919e-02 5.587373983684848500e-02 7.303609082860283708e-02 5.631361838640722844e-02 8.514884770920899681e-02 4.012562459326050185e-02 9.347403169251522481e-02 9.298748389180243323e-02
7.136768928139287926e-02 8.331993252653249749e-02 5.651063649470111638e-02 5.403989051563118894e-03 2.877064335285606234e-02 1.761788573439834402e-02 7.363544856811055084e-02 2.407750036273880248e-02 3.884435614715018442e-02 3.870996339113870477e-02 7.392350038273760859e-02 6.207398635719440366e-02 2.658592787485219988e-02 7.144536008622102974e-02 6.917787022354780768e-02 1.194265059776268394e-02 1.933833235131900141e-02 6.162627065946647831e-02 4.084386757415951058e-02 9.424178194931648322e-02
5.509569924261063095e-02 6.719752799050236758e-02 1.670425570023729295e-02 8.970070743620484066e-02 6.021566122701772251e-04 9.026440110090243329e-02 9.631610106277544575e-03 3.049898062527494139e-02 1.711187265488683940e-02 9.022595036031466620e-02 4.631786584381798744e-02 2.476274882805023017e-02 9.535838377557206980e-02 2.138434231121568926e-02 3.885053352986127945e-02 7.826910510814358291e-02 2.665222403264853185e-02 5.439020453789001307e-03 1.528499546671199284e-02 2.293731770339365802e-02
7.096842887890815466e-02 7.310335986187287138e-02 3.547459535589181714e-03 6.650289205582833596e-02 9.605343556466494626e-02 5.390988064561547111e-02 5.897673040120388066e-02 7.430501865459834820e-02 4.221001685618285676e-02 3.733532145323792406e-03 2.440786692433082397e-02 8.583621022699378100e-02 1.995951947013782299e-02 3.624276198982286090e-02 9.592084279991464069e-02 5.237651103395739999e-02 4.075967547049313966e-02 8.582848212345140296e-03 7.579381185402073173e-02 2.778880513163959481e-02
5.209147687037918306e-02 7.410562358132781469e-02 9.695330133876167711e-02 2.317717420088313482e-02 9.394567863377732697e-02 9.660447151825915513e-02 8.282406582292692332e-02 6.771829954963570937e-03 9.045298603810042470e-02 2.522995852995585375e-02 9.834809723380188995e-03 1.785904635682332778e-02 5.545527642406020835e-02 4.793752194511070874e-02 9.032875521252826945e-02 8.354216554277998918e-02 9.218854803350409743e-02 7.246863533157738013e-02 5.004202372279858979e-02 5.405459091055202919e-02
7.694931847246166967e-02 8.168088893937267003e-02 8.712321955686336272e-02 9.746829012159549666e-02 4.457291205684116298e-02 8.960877359610952900e-03 2.054984977717165887e-02 1.441854507468751795e-02 3.799626767241726273e-03 1.722176064294468276e-02 5.445186733289611447e-02 3.791245778594232174e-02 3.795459542802209069e-02 4.462492020736857912e-02 2.738054257313659104e-02 2.136337489372138951e-02 4.398211610022184637e-03 6.157507555957153489e-02 6.729622025016020193e-02 9.894022945643671241e-02
9.130375641279928067e-02 7.983538560804022410e-02 4.112824710450332932e-02 3.789548718189836296e-02 2.582260320998371050e-02 1.770664423088573816e-02 9.849029308843872121e-02 1.026389163666755616e-02 3.774409032756462223e-02 9.644925994602014663e-02 8.210640838002718211e-02 5.228712895292053978e-03 5.700481451274957978e-02 6.474868107752811131e-02 3.953325132914894957e-02 2.513126218611757764e-02 8.781179634386669652e-02 9.102666405735768129e-02 2.555183806728922313e-04 7.782119893315329884e-02
1.733625218640663310e-02 4.363981152870755054e-02 1.756135073346542022e-02 7.787570214696870607e-02 9.780198758322605768e-02 3.987469195936804711e-02 7.590180725475031975e-02 1.589532746843369537e-03 7.151451818039430974e-02 9.585005613255931367e-02 3.153483501696430213e-02 9.977987339231925157e-02 4.824089098338584652e-02 9.071272479661152133e-02 2.139531900210980483e-02 5.277488579707072941e-02 6.889819674981188802e-02 8.714968228126254712e-02 9.599815905991238019e-03 8.640832556504393636e-02
9.023493122418051182e-02 5.944481878558569021e-02 5.936548878941480534e-02 8.986367512448309447e-02 4.915933469138700218e-02 9.806119601667945274e-02 5.953702403981542268e-02 9.315854308630998337e-02 1.008722274358880844e-02 4.898340953784999924e-02 1.925804373254262972e-02 9.028066466812439961e-02 3.399698112292233454e-02 9.230296593564348007e-02 6.020640453571041162e-02 1.704396360615812941e-02 3.088040516638743821e-02 4.942716255317308044e-02 5.145559586390209550e-02 2.834423369236278856e-02
