2.723706491452872469e-01 8.219823428270645049e-02 9.512150410871303419e-02 1.072408079807518066e-01 6.987351222534998740e-02 1.179873363054622926e-01 1.108895643750223842e-01 9.575019211093960259e-02 7.654985768191487072e-02 1.124736424983117378e-01 7.711941024113735943e-02 7.176546049730894716e-02 1.164694753674352934e-01 4.812903021658569702e-02 6.041584653845551156e-02 1.072702610954937852e-01 1.215221772525322541e-01 7.190046400691776918e-02 1.689856905258377978e-02 9.508111134256252983e-02
4.794817705187120332e-02 3.543736386729068322e-02 3.268038140912701145e-02 9.401707888792698586e-02 7.444299983448411651e-02 8.338022339342152089e-02 1.550932212074124239e-02 4.027497339964314187e-03 3.051646603179879527e-02 7.433434302380266534e-02 2.215019245004519466e-02 2.319902776172851067e-02 6.245956219765153028e-02 9.332157904154819716e-02 7.604701887171306206e-03 6.646359753284723781e-02 9.360703430473822639e-02 8.407876039734267504e-02 4.656727801993754134e-02 6.487651388234953742e-02
2.578735049207070678e-03 7.312201127338631423e-02 4.569467175104825751e-02 8.642211367492227958e-02 6.711333022314580621e-02 2.627019560127057465e-02 3.000626829947988794e-02 1.502467487896176450e-02 8.904024205290485272e-02 1.089310964215966029e-02 7.721172514265577103e-02 7.685819219399014912e-02 6.151155579548134300e-02 7.037726157470092746e-03 9.070824823443243701e-02 8.849362261864734958e-02 3.184374574225914273e-02 3.628000090960703528e-02 1.930568803114682958e-02 8.672773886362381002e-02
3.228395864145652133e-02 6.490365555433259825e-02 3.342909817782679927e-03 1.169127190671983597e-02 1.948349487805809549e-02 1.334635754851263428e-02 2.755972831225834974e-02 4.013549633179656212e-02 8.198282923909913644e-02 4.315221203660685179e-02 1.509923810907657510e-02 8.634558479073474110e-03 6.274828844094647307e-02 8.418011478461534525e-02 1.676187522582993708e-02 1.218847699569912749e-02 2.626195050890743968e-02 5.024950256484839693e-03 1.271313262892048712e-02 2.523988168433749513e-02
7.823015150787510086e-02 1.198809147582145102e-02 5.006118578624186265e-03 6.418088675008142008e-02 5.307072367118294276e-02 1.476015425067903758e-02 6.608785190333253678e-02 8.139834248013737283e-02 8.894190871539106591e-02 8.148895263276435125e-03 2.146938136825386062e-02 8.183906809150709449e-02 6.062545284184507610e-02 3.231353594555234215e-02 3.368072360021846789e-02 8.354774402712213111e-02 3.050820680872463886e-02 5.833205528669013762e-02 9.506661883521441703e-02 8.842800271609653484e-02
7.165329877694832927e-02 8.532424980377598112e-02 8.366052201140579403e-02 8.945388073305503285e-02 2.163034320345883638e-02 4.073194565122944394e-02 2.750172785110854834e-02 7.351742347759138846e-03 1.716569035185859862e-02 9.722326421775191740e-02 6.208666720612798784e-02 9.362357467699390645e-02 8.741934431226133784e-02 2.601381001980023269e-02 2.064850038857509937e-02 7.412638058950760762e-04 5.872983692683136914e-02 3.165983280946160078e-02 5.743854384653771655e-02 6.391884231058993227e-02
5.186167014550818050e-02 8.781244046420069727e-02 6.938652449380131038e-02 8.269375524872191185e-02 4.152727109286192229e-03 7.768665165460796052e-02 8.740697620547116520e-02 4.369145859497622353e-02 2.810180029497744321e-03 2.530236776190262354e-02 8.763370775880410801e-02 2.899883069553042120e-02 2.303698735888520810e-02 5.446465365413930698e-02 6.917933891312455508e-03 8.671501472022496992e-02 1.352113903126931499e-02 5.831591576917362352e-02 8.068291065655606997e-02 9.392202008005912095e-02
9.763018116778927891e-02 3.168925562135856827e-02 7.443018473770822430e-02 6.066218728794092740e-03 9.708838894599686187e-02 6.592750139004089141e-03 9.501581721149694737e-02 3.323559440700575573e-02 8.254584242248252934e-02 3.463200385267012349e-02 6.272056205173520693e-02 6.274722541191789238e-02 6.870998358903769587e-02 1.662375508491003087e-02 8.008889311288321100e-02 8.745573267310172150e-02 9.048475859895351026e-02 4.532202964767101383e-02 5.014302433261583897e-02 6.992718024288681333e-02
9.368262405186159048e-02 2.041524187102343804e-02 2.973697590498551938e-02 6.741212655931439271e-03 8.550366278224268146e-02 1.306608851668511657e-03 8.196005428893565758e-02 8.508967148314720841e-02 2.876861704493157909e-02 3.771511296958100085e-02 8.926464538086383016e-02 2.989155326297883442e-02 5.838028464100619014e-02 7.904013123848518951e-02 1.717968246948920960e-02 2.819040313524527955e-02 8.543971728953782263e-02 4.152895286353885940e-02 9.024025359456441797e-02 3.523965596683314994e-02
7.419611475983922851e-03 3.550355760618884114e-03 8.429259949144329855e-02 6.857843479104708262e-02 9.975440853817740816e-02 8.386291485698599280e-02 4.588619845731650715e-02 5.514915919326334598e-02 5.099758314696753447e-02 9.225030282391105674e-02 2.301202256279620897e-02 4.093109901665531458e-02 5.847454720361203173e-02 3.807367286347023566e-02 2.122651774304461572e-02 3.621100988763822220e-02 5.144657913202368982e-02 4.389437501932104413e-02 6.576990612170985351e-03 5.062654917733980242e-02
8.744996898766634053e-02 1.861325736429175759e-02 8.748336670748291244e-02 8.077032174442229373e-02 9.225563119383346777e-02 3.053214493476407235e-02 8.131380286698953325e-03 1.545007158747278148e-02 7.916516417804699002e-02 5.607376153245535733e-02 5.058889235696523157e-02 9.812941838237659864e-02 8.851895077301083492e-02 2.377561048344824235e-02 1.330743899680989634e-02 2.657760564736194597e-02 9.454487861457583353e-02 2.125292439366186642e-02 8.196088732457125492e-02 5.575277339215489909e-03
6.542841626526085981e-03 9.297677689145658619e-02 2.497563110624136107e-02 2.464692090791887127e-03 2.545870972620693090e-02 4.854504173235493769e-02 8.966533361878126912e-03 5.688988155847669870e-02 8.856361210748198154e-02 4.835726344374086105e-02 3.728293472640095002e-02 6.160498438246504727e-02 2.873309750539008306e-02 8.951806720594955580e-02 4.722277394070954065e-02 6.982245212831190984e-02 9.369391926721674924e-02 5.165640195271303109e-02 1.120739381330749899e-02 8.879988282388185869e-03
1.031958598002047324e-03 1.620457709883424066e-02 9.957139149502974851e-02 5.782442935845458903e-02 7.123138388411823230e-02 9.814072288469291583e-02 6.453654520040046083e-02 6.597302986522210477e-02 4.976768427740925482e-02 7.440708028879478020e-02 3.480252524331718667e-02 6.766331872109385137e-02 9.491247824968923608e-02 6.492695530477085586e-02 4.713875789277433524e-03 2.431604476974625131e-03 6.423705094834966656e-02 9.430166353244411048e-02 7.785732631274489002e-02 2.096820388301045071e-02
6.133210700718647740e-02 5.820249750258469496e-02 3.722758137857676980e-02 2.321765067446366487e-02 4.458066567034049688e-02 5.919178690738707838e-02 7.245769844005712536e-04 2.764495026338803507e-02 3.160936503126243052e-02 1.218377501932456190e-02 1.257232637951003623e-02 3.261367808476866442e-02 7.731608306930520813e-02 5.693544236551956184e-02 3.190338610816735587e-02 4.980063914352202137e-02 5.518189813841817282e-02 9.684722405608751916e-02 5.104609875354083892e-02 5.244442954810310531e-02
2.984729812175590524e-02 6.973345592063782961e-02 7.673666359372668944e-02 1.660914897079809535e-02 4.617025129233753855e-02 6.241882613175943340e-02 1.526034983689811275e-02 6.807308465333848646e-02 1.653648545077264151e-02 3.889408751918622953e-02 9.008712428453137522e-02 4.828900669007513136e-02 7.964690561001747104e-02 2.452997799342169355e-02 3.481304530621311816e-02 4.228978148754658321e-03 4.456062963176865739e-03 4.914635163622228797e-02 7.921045763091151548e-02 7.867555448735094603e-02
5.536239007685106461e-02 6.108470998212504194e-02 2.913054381738612586e-02 7.446133903288319755e-02 7.132256941377927706e-02 7.938827631560335663e-02 9.729042852932752450e-02 7.077490821590148862e-03 7.343659845423759769e-02 6.229736873177432743e-02 8.351370932456886331e-02 6.637259085638312628e-02 2.172348337316731999e-03 3.852644397889675582e-02 5.407866609053510465e-02 2.411535572811392136e-02 6.440216880202485894e-02 5.838246540152178254e-02 6.024033483568239783e-02 2.516038153994593074e-04
1.016220275678764162e-02 5.976805075344876483e-02 7.104400707004022986e-02 6.578780499844771867e-02 6.848464528418381214e-02 5.255668355549356074e-02 4.193138074891812617e-02 2.422973995600453956e-02 4.792841627097954582e-02 7.709834640028059849e-02 6.314180670859532996e-02 9.921546442352869449e-03 7.514867008188209907e-02 6.236102191545150192e-02 4.488390175203033072e-02 3.954998133434643043e-02 2.698677117335623876e-02 3.709969694044830402e-02 8.947844365007587286e-02 4.788519146022773842e-02
6.221636431102674225e-02 9.241333911802074308e-02 5.361429058646872102e-03 5.493901780788812764e-03 4.674150818413769226e-02 4.825790658492058738e-02 1.224605253639723425e-02 1.061796276639625017e-02 5.112641910647883897e-02 3.689507625897153753e-02 3.789693575871921905e-02 5.958712142186248922e-02 2.642284849179521444e-02 6.354119473875646795e-02 3.773509558449519852e-02 4.615243633946439217e-02 9.041665528814540886e-02 5.166207771121712755e-02 6.542135547213616398e-02 4.820783025286651258e-02
9.662563028594460535e-02 2.039747695707602379e-02 9.885727570518786089e-02 1.024863572782456350e-02 3.918582436790288281e-02 4.876128482251711888e-02 2.587008159787347605e-02 8.516201177639091957e-02 6.683022808149507998e-02 7.276344203260518007e-02 5.806572977664912344e-02 5.993750219231273185e-02 8.767642007547324368e-02 6.743041860574393309e-02 2.616921235638847328e-03 5.330819140672327615e-03 8.366107320827209648e-02 7.480518348855125579e-03 2.536341156826550647e-02 4.736417166677983626e-02
6.995768166272482713e-02 2.792407223070269076e-02 2.848334293817315205e-02 7.168146723251483943e-02 1.642792920582015689e-02 9.872411855750021226e-02 4.773008586640631323e-02 4.849671920754575899e-02 4.893451754439229195e-02 5.939539989840592060e-03 5.573538804938953789e-02 3.983837713149351693e-03 3.751920051683780427e-02 9.291991331041295210e-02 4.525461520187445789e-03 8.808996619497742875e-02 4.370908054118097241e-02 9.954714829373344231e-02 4.839567603924267714e-02 9.794197929614273379e-02
