2.916342877968305380e-01 1.727529370984428464e-02 7.848774385147964938e-03 9.646484675203131909e-02 5.504135310857451169e-02 8.683525024236167511e-02 1.276274469756618068e-01 8.593367316370070785e-02 5.700040243647192667e-02 6.566355387706919455e-02 2.653456371535616379e-02 6.722824823500908598e-02 6.610126639458710485e-02 5.231455078517661950e-02 1.274131072938201326e-01 1.053399436624011254e-01 8.870889714701042650e-02 1.597873155147339352e-01 7.652949403698286468e-02 2.645219340033996142e-02
7.769980953369945431e-02 5.112478804627232365e-02 7.071790503280407647e-02 6.503893632817263348e-02 4.036884439962119819e-02 1.472430534315215603e-02 3.170277111723265179e-02 7.293850370550068740e-02 4.677648474465662121e-02 9.603769553143870485e-02 4.888353074814534571e-02 2.849054138068608799e-02 3.454042901307937535e-02 5.503626254259311179e-02 5.102832313114726015e-02 9.084163477853379395e-03 1.876950645324424599e-02 2.590808188629491193e-02 4.658171656894416479e-02 6.782118891230175250e-02
1.305351916828379009e-03 3.954604296087382842e-02 1.757174931372809321e-02 3.868551200609398472e-02 3.325173208773925942e-02 9.723821661837384056e-03 1.546742719808738044e-02 5.624334362049237396e-02 2.443566489280779575e-02 9.413889692643859219e-02 4.424916869263417762e-02 7.458767580207982528e-02 1.882755158153141123e-02 7.594105415365571231e-03 9.388827282886461068e-02 9.427140275122047886e-02 8.966599638564592967e-02 7.949128428973967209e-02 1.929073272496416649e-02 6.066417952750299825e-02
5.292736278292584085e-02 7.695462091487323408e-02 3.293350109790153107e-02 1.152893813449536002e-02 9.996224141190446222e-03 1.896748721326798823e-02 1.832534327876527216e-02 9.366291171957806527e-02 6.006749181049212544e-02 7.565997777009962622e-02 7.106733086884067796e-02 7.074184795997016939e-02 3.724988209822740343e-02 9.090589514183312903e-02 5.978072971555353082e-02 3.664290605123559502e-02 9.299546556620548465e-02 1.291789969590868663e-02 3.065815162830588803e-02 9.632212860078126493e-02
2.912249016994772344e-02 7.324085755036302547e-02 9.829960291072296907e-02 2.117588630119186105e-02 5.022237509473363032e-02 9.193733607460981283e-02 1.874326259747016721e-02 5.165590175672327838e-02 5.577609824098078706e-02 3.068576572046479919e-02 9.238147520163135507e-02 7.459938225945857149e-02 8.251449781908376524e-02 3.339418867573423766e-02 9.540537046088663764e-02 9.275387500854942457e-02 6.955068856918854292e-02 8.117480459832011885e-02 3.814358606253553940e-02 9.442891618478083116e-02
9.418316643807152222e-02 7.021181535865493595e-02 7.375811238083736232e-02 4.185636258220635370e-02 8.064592218025819215e-02 8.105284327876438599e-02 5.820121515329249734e-02 7.279235324914846983e-02 5.669681789108529935e-02 5.712143648274604912e-02 9.853495003837203781e-02 3.483903005746673970e-02 7.964304674779755511e-02 3.108075888073563720e-02 7.259007956702225040e-02 9.059816747227172895e-02 3.841980829841067785e-02 1.207518562612933805e-02 6.604583958286028289e-02 6.595373181709023036e-02
1.223484434346292643e-02 4.844781106507498741e-02 4.340099149486584262e-02 2.067316349558297184e-02 8.512434856534868352e-03 9.000165876385990762e-03 5.317065939418892662e-02 6.711131579116448587e-02 9.309997024973262758e-02 2.742562794320375918e-02 2.749416709097508849e-02 6.110846856964394225e-02 8.013854819976304333e-02 7.932208863376508101e-02 3.079577843303896861e-02 7.815562482993540505e-02 1.132819529488782217e-03 9.241539548831124995e-02 7.122740006621454401e-02 9.886584277886206751e-02
7.011264353245813541e-02 8.315870491605249770e-02 9.672289139471412778e-02 2.255949085617928868e-02 6.058336450777793841e-02 1.407265701172909569e-02 2.720693420766084891e-02 1.082936630160624691e-02 1.100322035975308602e-02 6.106054674696973633e-02 6.078479246968663402e-02 7.714605660115270158e-02 3.124205782922481398e-02 8.833792990464661710e-02 2.187999373335627537e-02 7.722333693580288316e-02 2.866636208898830709e-02 6.811567553709446665e-02 1.400467820726467721e-02 2.725255253657273002e-02
2.897208276734639792e-02 8.640156105438014100e-02 2.443777346864120167e-02 8.900714056274400265e-02 7.052708709145871779e-03 3.159927477738799090e-02 8.191095532488354425e-02 7.360872468253774892e-02 8.439322799845798417e-02 1.289122531607534003e-03 2.113215359702778212e-02 9.617414095502830815e-03 9.167080733451510310e-02 9.017989754417719828e-02 3.766818922896809918e-02 1.519538656423429293e-02 1.519093328064182770e-02 8.692591686341594182e-02 9.962844701621443450e-03 7.134727572585405908e-02
5.899554520785932343e-02 6.857702455933206709e-02 2.384567095303516057e-02 9.534813746125918310e-02 9.850230377376517632e-02 2.886430379148489239e-02 6.068048175505229985e-02 7.466194029082547090e-02 8.326628172815714324e-02 8.448507659402226463e-03 5.346474602036249690e-02 2.595384321604307307e-02 1.270627760295203225e-02 3.838220012864373282e-02 8.786257322775813117e-02 5.718800340440323426e-02 6.441758648229445501e-03 7.870754588383986616e-02 4.410453265638306780e-02 5.932330475517292451e-02
5.702445852666465642e-02 2.796949370771506516e-02 7.856421886149717038e-02 6.642562248723513085e-02 6.589167458702270552e-02 8.381394504442044036e-02 1.762092929730174617e-02 8.846007516693850381e-02 3.842908346436662431e-02 9.322049368740220610e-02 6.402362455761660687e-02 2.655887750152577040e-02 4.263631979453705312e-02 3.761118079566894146e-02 7.032464968469701039e-02 4.455712669465250464e-02 4.064005636904199220e-02 3.681439891720698215e-02 9.648085776387961554e-02 4.455437909065110974e-02
4.761689604527022390e-02 8.387502827757431847e-03 2.440883316184085106e-02 5.991834605865185154e-02 8.424418842685960085e-02 8.884518530959645277e-02 3.486035354062781005e-02 9.441833701540630619e-02 2.965573360124734714e-02 1.187221451150055705e-03 5.475064374466485223e-02 7.477525402839131641e-02 2.392334943377785392e-02 6.064294792457591149e-02 9.209830169035741754e-02 9.833699311800603998e-03 1.605659090294398947e-02 2.130670064404594107e-04 4.609561837607147050e-02 3.394601635176839466e-02
8.754980718950854113e-02 8.364122411708314886e-02 8.961242949782659284e-02 5.012328965751914472e-02 4.047565376111859209e-02 9.337496738674881669e-02 6.860210895023992339e-02 9.715223125674971039e-02 8.114733367757190341e-02 2.343119711908772315e-02 4.015043277145668305e-02 8.178273557109805997e-03 3.418720830694391838e-02 8.368575605411537888e-02 4.293224504219633753e-02 4.341006585226575565e-02 7.861617016028882299e-02 4.597262396646554367e-02 4.729339326541955046e-02 5.880135188019441211e-02
3.059160061128507642e-03 1.268195086219559009e-03 3.064901607705651509e-02 5.118070365768765534e-02 6.432613695594753545e-02 7.934786757245050615e-02 1.774651073732964532e-02 9.120017604571729886e-02 5.532495963965955443e-02 9.704403630962434024e-02 9.021625903488472709e-02 2.764746299264101564e-02 5.933021497853922105e-02 1.216776264691278413e-02 7.382667415801162647e-02 6.676018860755283946e-02 5.798625241514030609e-02 4.698859108238866850e-02 2.979420801115583231e-02 6.433556413531614504e-02
3.097835648717492049e-02 8.187074912870621890e-02 7.168827015241562017e-02 4.279124315104577969e-02 9.420925164278715069e-02 9.345313220462914128e-02 7.252537689178013836e-02 7.333328081610217264e-02 4.442341169497360243e-02 7.690168583716870676e-02 5.751470522472652835e-02 8.663210774971637218e-02 6.213333088358337364e-02 9.766554338884259404e-03 2.073340368050379315e-02 6.001375084076106259e-02 8.493763515590226076e-02 8.203452394377583334e-02 1.985779755892477447e-02 4.157332360656254555e-02
9.589027065278966228e-03 8.266112749911503493e-03 9.932091868330593376e-02 1.447373922426626984e-02 5.009473729782836643e-02 8.844942883061421290e-02 1.666018394029464972e-02 5.178166694321080510e-02 4.263800303902964134e-02 9.183199653322154932e-02 3.199254585082922375e-02 4.627886185807700281e-02 6.124411023483708472e-02 7.002950004017896579e-02 5.405805462177280113e-02 6.363289455973912545e-02 5.314189539249441346e-02 6.147399701291327706e-02 1.246347235660915168e-02 8.630498142995554622e-02
5.750041379469526120e-02 2.988215383468775452e-02 9.296871361072173157e-02 5.524809821627880979e-02 2.692867868602126860e-02 4.726830274847013125e-02 9.051457783628120979e-02 5.588775378454814702e-02 3.220631674065832614e-04 9.755710763278307995e-02 9.248370585508092212e-03 9.179196826987162661e-02 2.931535947217878135e-02 7.161266262169040109e-02 7.362918057521762594e-02 1.503472539543635605e-02 6.468136066678883966e-02 2.177703869392488834e-02 2.217404156384753661e-02 3.662540652933804486e-02
3.871222054483106773e-02 5.061277150248592177e-02 9.906570614465980140e-02 6.380293247802357182e-02 7.373895657816938176e-02 9.836467171054255609e-02 3.914626071044213958e-03 4.194353498922908513e-02 3.743900715312054365e-04 4.769776717251720394e-02 3.090143524406187281e-02 3.908124541839150257e-02 4.332035495930926239e-02 5.520108424224397237e-02 9.528697477270753335e-02 4.947650333385782834e-02 1.142383201842677234e-02 7.929447568079001085e-02 9.970978321477071138e-02 8.330642114446706881e-02
8.994693702601186391e-02 6.475434214366714014e-02 5.626985165454426868e-02 3.928116917259606711e-02 3.167514850867658022e-02 9.548539464474842253e-02 4.065891584058683311e-02 9.011931642450271562e-02 6.167850467221977495e-02 3.438910555578978106e-03 1.966453636437067928e-02 1.549220011504516374e-02 7.920327572371500813e-02 3.619832909544094118e-02 9.284281972984842479e-02 3.554117270246711507e-02 9.367534376110275840e-02 7.184434546598592042e-02 2.899750069629885088e-02 4.781586678016586101e-02
8.995927985578211494e-02 2.935402776420680329e-02 1.044684707823171493e-02 8.076824138241839313e-02 2.353374339805989340e-02 7.426748219765526293e-02 1.132137753404860447e-02 2.534907594420381452e-02 5.855115362568880100e-02 1.387718779366657954e-02 8.961021119145623492e-02 1.326660062046202196e-02 2.330850690630292734e-03 6.059084589546991778e-02 7.566505350561192333e-03 8.352271893812070191e-02 8.236775326912715300e-02 7.936296314498952897e-02 4.740290851089789398e-02 4.767022207145330676e-02
