2.872572467921927775e-01 1.100675620627696166e-01 4.050515317350565636e-02 7.079147599470372865e-02 5.955350261219279073e-02 3.990766354024916779e-02 8.196778595533107947e-02 1.328193467824214380e-01 5.645823818968374874e-02 5.034490418050503735e-02 8.677501771448366263e-02 6.786227839839836795e-02 1.205874820190856039e-01 4.198693079900922553e-02 1.054047832225632197e-01 5.386824610870181995e-02 1.012824451154775152e-01 3.288885275259134655e-02 9.239322221991247419e-02 1.244901344300093637e-01
4.900107773658283344e-02 2.334625440258703000e-02 7.985315780862294044e-02 4.802354772924206927e-02 3.049428252865164085e-02 3.573953678394634764e-02 8.458145503409811305e-02 5.250070062607870014e-02 9.697038710259842098e-03 3.128598600477583425e-02 2.326098329172101783e-02 9.710920109566031910e-02 1.477795425564187859e-02 1.012669214362124127e-02 5.604975761513262406e-02 5.309948777501341532e-02 6.271897822516363241e-02 3.676397697284750424e-03 2.480498455161016594e-02 5.829207233371905272e-02
2.477779421994717041e-02 7.944540864973555216e-02 8.798913534537844416e-02 3.527125164347010705e-02 3.873308537954566616e-02 5.014420638896332355e-02 6.110067837168844940e-02 1.513805292960610643e-02 8.516147963424122724e-02 9.346879148821535255e-02 5.143010534246366533e-02 5.757853343180643901e-02 8.362942420513966302e-02 6.601487485229652619e-02 6.218457214734467858e-02 4.525027725435273873e-02 1.123489526504287822e-02 8.731472200655578109e-02 8.913309860708491794e-02 5.903374758994356375e-02
4.738073072085246390e-02 7.184432958061479080e-02 4.018117980189250815e-03 5.751868016521986121e-02 8.577044127014980812e-02 2.669997379658124725e-02 9.646625458535891540e-02 9.580191483421193754e-02 5.149900302590788848e-02 8.342708460587511254e-02 8.547401512036020832e-02 6.016861298881873849e-02 9.267756807327202917e-02 7.502681316032065728e-02 8.294592554885027447e-02 3.033133444006679350e-02 2.338347101611925119e-02 4.135139125470496668e-02 6.056077011205129867e-02 4.356746803711258886e-02
9.133358082262094113e-02 8.350873455015367375e-02 6.077673026990681321e-02 8.050979484382758677e-02 3.260072162180572067e-03 9.103617848697931336e-02 9.483074004543456947e-03 2.442484048203486316e-03 9.437474865872857999e-02 5.876208261874247413e-02 4.218139369185448795e-02 4.526663815599343832e-02 8.071595833282113608e-02 8.392906510293246525e-02 9.447009979076104180e-02 3.154764428772362239e-02 7.375863324750342453e-02 9.719654446147185656e-02 2.911682429991896415e-02 1.725573657090377980e-02
7.291347723652728818e-02 3.125229699799303776e-03 5.127272820989423746e-02 9.466667853770062424e-02 8.143083514743430784e-02 8.718022225235573519e-02 5.471773831675278560e-02 5.012563416490065094e-02 3.811216311679876956e-02 6.980439333603494396e-03 7.302941513200093826e-02 3.635269689469006194e-02 8.159033384890936047e-02 2.953930909659261556e-02 2.305533421899505150e-02 4.719126131823873221e-02 8.893195568356572489e-02 9.071460152361324192e-02 8.034926348791562867e-02 4.003084277385833556e-02
4.995241414595286145e-03 5.362783070805804408e-02 1.525620732205100819e-02 1.068160304201202365e-02 8.236039238107177585e-02 2.921621504629147437e-02 1.775928035532813379e-02 9.024919053142495262e-02 9.574310196045328347e-02 3.168681287880342062e-02 8.067240875300908665e-02 1.862512661998802152e-02 6.682417944511831985e-03 5.315028206275936029e-02 7.547525917719789812e-02 7.013914644554911093e-02 9.495682828647884766e-02 2.499988652567546391e-02 5.325747466730587631e-02 4.398665241857876995e-02
3.659244621038822837e-02 9.123247798554111332e-02 3.330616879508887379e-02 5.422497021467816147e-02 3.971921512465986098e-02 5.407629513583157854e-02 6.348629406393195562e-02 5.352541742771016464e-02 3.176373265168554866e-02 7.883341699891521781e-02 1.526576388537119813e-02 1.415230931464785992e-02 2.304954904248317574e-02 3.669070041822786524e-03 3.314928682980871483e-02 8.316228567209549283e-02 1.270344838255029786e-02 2.635877831514666161e-03 1.300749832071825852e-02 5.813068668129708905e-02
5.659919786733137725e-02 7.547587205919181752e-02 1.039883799477857654e-02 4.656995532142021305e-02 6.064446908831501448e-02 4.188475032220030647e-02 5.424089323099728910e-02 3.243934661723262697e-02 5.466516922162900985e-03 8.386474643179066268e-02 6.964667435455204614e-02 1.474752456546606430e-02 1.292527060838477614e-03 4.043076620555029893e-02 9.397141359355999299e-03 5.061237977696730894e-02 4.223654258671895312e-02 4.898565689989188565e-02 9.125069185677536776e-02 5.939339555200998100e-02
9.796590476262684311e-02 1.353498228653782220e-02 2.045900262735346475e-02 8.502832693409749509e-02 1.497982110087693434e-02 3.755871367578827308e-02 9.886222591616138089e-02 1.604189247036456184e-02 7.758983652441242551e-02 2.914204972322652701e-02 9.405335048777124785e-02 2.807901909131352985e-02 8.851121574640186769e-04 2.762690875180936687e-02 9.912433093710551479e-02 6.348541744985872204e-02 8.181001948725808229e-03 8.512493564692535930e-02 9.794980769017806732e-02 2.758003926916564874e-02
2.739542711437880154e-02 6.335585140254383629e-02 7.007576961563011242e-02 1.437086569615410141e-02 9.373686437024321416e-02 8.945826283601840401e-02 9.277537933678434157e-02 1.695715697281522522e-02 4.067660324159275836e-02 5.938897570596636533e-02 6.515251082355842660e-02 9.697610779002435732e-02 7.623978279916303336e-02 1.712869314973083576e-02 5.858757901618586589e-02 1.842939804578444182e-02 5.399525543685362861e-02 7.784832792807244717e-02 4.495526540162220197e-03 3.177029262900749051e-02
8.371057281135349526e-02 5.507596123819066825e-02 9.329436705157062582e-02 7.463628158782915911e-02 9.281113479038076430e-02 6.395794418095383793e-02 9.942672469176491723e-02 6.568096229878130077e-02 8.084583516082237409e-02 3.182486215556790121e-02 7.234975507314263254e-02 1.630758449181790581e-02 3.006060025872216157e-02 8.670742805404527132e-02 8.078967736038439318e-02 3.688492228735640310e-02 1.277297007155646716e-02 1.723504598517214964e-02 4.652212328154945592e-02 6.816791365065583141e-02
2.220464200943704849e-02 1.404726325836228723e-02 2.968577921798059086e-02 5.219593952527867842e-02 9.825521009596493993e-03 5.886299653869338233e-02 9.578726606729293103e-02 3.195221470497403710e-02 2.697286750209304854e-04 8.426411453694450382e-02 7.424705401760051116e-02 6.415674786579526889e-02 9.315853459629770683e-02 4.729575601792188749e-02 9.086361948645316211e-04 5.097079721220371118e-02 8.778352247374016093e-02 6.877789463216607557e-02 2.615578307520138868e-02 7.750034046915771357e-02
8.734595811429300694e-02 5.623230296066609318e-02 6.931720306615768434e-02 7.308695933053635518e-02 3.288769085107259155e-02 7.171186905262048883e-02 2.953565276899053002e-02 9.830603399584558755e-02 9.610591695323802974e-02 3.166087589073989655e-02 8.854576702573246916e-02 9.107227037061479957e-02 2.341335172525160768e-02 1.407179092598008843e-02 5.613319971056266594e-02 3.698028048052748318e-03 6.539874490455012401e-02 6.808838320007412626e-02 1.687375334059515453e-02 6.480868728323105343e-02
7.573468922590910479e-02 7.356951634299825626e-02 4.090562332628217002e-02 6.178912919378403562e-02 2.680934679853839292e-02 5.291075946577980527e-02 5.129265224666784001e-02 7.371453815677830868e-03 3.778946992460557180e-02 5.164029980886112453e-02 4.677477582759453911e-02 3.310551292566437515e-02 1.031781086250375262e-02 8.804043406404982175e-02 4.398286607637707374e-02 6.303816133198429650e-02 8.131035153718452202e-02 4.905335410133138119e-02 1.705745723869369831e-02 2.370083590695842846e-02
7.784458619985952510e-02 4.254573417229423615e-02 6.515481021407239226e-02 1.099137489798118761e-03 4.982069832154550904e-02 4.550092173940411926e-03 6.411024710455104358e-02 8.977943933701405810e-02 7.001438751323853238e-02 3.033899412202145651e-02 8.539403169355608281e-02 6.043935202551021374e-03 8.496240080056894229e-04 5.502108196101491988e-02 1.797458299244958499e-03 4.879803901957235901e-02 2.760801737707725689e-02 7.994781483454814486e-02 7.301313657444891136e-02 4.439145802586200174e-02
1.895417274414131978e-02 8.214243922690699085e-02 7.893142665656516579e-03 4.373969440037699802e-02 6.982149684544956825e-02 1.093442657361480899e-02 1.916152427434125727e-02 7.689531904303849308e-02 9.383994270252869752e-02 9.770063754153017477e-02 3.362339833621952323e-02 5.610350689998971213e-02 8.263427523560729071e-02 6.478171168831457771e-02 6.116057135007066381e-02 3.542739783917774749e-02 5.089240229484215568e-03 3.857245896528743029e-02 3.322921030323585517e-02 7.148011735668392819e-02
9.430396449762168398e-02 2.350290953570874017e-02 2.809902152770282768e-02 3.277285389093875095e-02 1.080172272696995443e-02 3.201794727118104783e-02 1.459651195920053145e-03 4.836031522544968070e-02 5.397744882728965771e-02 3.903632763811144823e-02 8.134612084157334666e-02 4.303933372536832697e-02 1.742145504530812072e-02 6.932815800695305009e-02 8.581989188478345715e-03 8.211243652769276147e-02 7.697009564985775321e-02 9.430888078159861687e-02 5.664153232046590519e-02 7.780560474089881495e-02
2.515297805627898786e-02 3.676649527034153708e-02 2.681291638924473628e-02 6.683256893779948582e-02 7.731860628306426453e-02 7.542545350286300465e-02 9.539297569043328484e-02 3.734188976588481007e-02 9.333220427171949607e-02 1.246390209171133320e-03 3.512396772827543201e-02 1.261507319432586538e-03 2.141802968912740607e-02 5.144869292658417470e-02 6.028705094960584709e-02 5.549679645105026760e-02 8.689323823774881828e-02 8.457631134912907411e-02 9.114707370258795516e-02 2.359427042593683840e-02
9.633963302875454826e-02 2.811267468137124137e-02 8.078945821697269825e-03 5.801841863486580098e-02 4.276071334865302886e-02 3.373810206862394578e-02 6.898874405862745474e-02 7.416597778702438935e-03 8.393186693728513226e-02 8.670233625922782461e-02 3.317074458660921460e-02 5.220277992778711573e-02 2.440210031582679129e-03 5.842405016564296283e-02 9.158425295391167675e-02 6.158636833691653184e-02 5.234126450740664988e-02 3.612028504803622975e-02 7.404892199897110394e-02 2.257979237141382114e-02
