1.922053479406909127e-01 7.557880754731874373e-02 1.148567047653853840e-01 1.087053518548032199e-01 1.063512820720627916e-01 1.234012746068558625e-01 1.775546227803933078e-02 1.407894927449506450e-01 1.535516826600136567e-02 3.666632796416449680e-02 1.225994516553662456e-01 7.568424313382179913e-02 1.492568281437816058e-01 1.194460722492950988e-01 1.585527421645058221e-01 1.449579704988002982e-01 6.829150446350429338e-02 1.105362628708108919e-01 8.393351409951763098e-02 1.487852881216657208e-01
9.280471150782716727e-02 9.812322746306052779e-02 5.753600705118364772e-02 9.420010030066947038e-02 1.900001412282931179e-02 8.431219809423340372e-02 4.671588269853330783e-02 8.052261700173547754e-02 8.686542279244679685e-03 3.762569405112493881e-02 8.665748307903299585e-02 8.631053149484835610e-03 4.006194334832841042e-02 9.903612044961573879e-02 8.808299410682002284e-02 6.731313308876182844e-02 4.997779495433627567e-02 3.649646954801926552e-02 6.638467965805935900e-02 1.768756386236200115e-02
7.746251796831196690e-02 8.952857471029243563e-02 8.300871997755987497e-02 2.973408300821100969e-03 1.480744503693816154e-02 6.044392537782286579e-02 1.802072385468531796e-02 1.831045652228963094e-02 2.756061691730392685e-02 4.773755965209336427e-02 7.064231957142902418e-02 9.033185810948402006e-02 6.701106737253437629e-04 2.037050713029997517e-02 1.450073483201808067e-03 1.526757281462820613e-03 7.808146783616140563e-02 9.444309606896397757e-02 2.925176819488509855e-02 7.487922660361971683e-02
1.819709314690754962e-02 5.060808768051557049e-02 9.330305696852521369e-02 2.162983068048381086e-02 9.706929896629201693e-02 1.898401310125547026e-02 5.780302763501705965e-02 5.972263859188448043e-02 9.157466571739225625e-02 9.769201646494753144e-02 5.531298913980690207e-02 5.817857551896548490e-02 7.564595306808682973e-02 4.969331578384213188e-02 7.260041786244868234e-02 8.692598594507384979e-02 8.496966703595244461e-03 2.860892986567264984e-02 5.610099696972015593e-04 4.384629283943985989e-02
3.311994382452806279e-02 9.685722818269366929e-02 5.016170612905859749e-02 9.561803695691871441e-02 5.987050344747684577e-02 5.348906730248760566e-02 1.300513284981665886e-02 7.477402162838009750e-03 1.878669389861661529e-02 9.057037099599180019e-02 8.133508927713622993e-02 7.989430276388946595e-02 6.849337632495386408e-02 1.046520848317588140e-02 1.042079834260015853e-02 2.745734363134301470e-02 4.620516274307855803e-02 6.228785720802965109e-02 8.490205122195537343e-03 6.266554522957372420e-02
3.028545546265123609e-02 5.954384640967731734e-02 9.774370657893216574e-02 9.203199405018831769e-02 1.724454054207214069e-03 9.723615370812800293e-03 7.507902682568130814e-02 8.288109033648591306e-02 7.790375287066914067e-02 3.452072914358778055e-02 7.131813288628673086e-02 1.750110691555766332e-02 8.177483813685959557e-02 3.619372953818422028e-02 8.951297187968400293e-02 1.361065214404084782e-02 6.060963274570960874e-02 3.099449731553090281e-02 8.053535148191044712e-02 2.837353108472856489e-02
2.500469055062489940e-02 8.382519030648485914e-02 1.484376367353568279e-03 3.220445674902072761e-03 1.573800730287416849e-02 5.688795068293172469e-02 5.316790602894810175e-02 8.145399977053806306e-02 7.451206290603566706e-02 1.978753157800364898e-02 9.024689591385094689e-02 8.182166668089563971e-03 7.673410902139854439e-03 7.321546315190660681e-02 1.283689700950123649e-02 5.399068962999600818e-02 8.780655707626783268e-02 8.351952075986386614e-02 8.098582507686735710e-02 8.723144535184571002e-02
3.082938843458027378e-02 5.896443393729527971e-02 8.270855210874875074e-02 5.749891912288184609e-02 8.877287483382720334e-02 5.406456883577629574e-02 6.079794342903101223e-02 7.861951917524856448e-02 6.985533409871776123e-02 4.032336353771771853e-02 6.542549705773754998e-02 2.757969019359010274e-02 6.224037191156046867e-02 2.858592768445336260e-02 5.825768794896335478e-02 9.914458667291888017e-02 9.712894892262033397e-02 2.710665039752764571e-02 4.144500908442280696e-02 2.508478397555165273e-02
7.839289244000539891e-02 7.080878582484151362e-02 6.404488042471162546e-02 6.919651465364738685e-02 1.162260392992030614e-02 3.179984892643603761e-02 9.699593647308707434e-02 7.906234584667018450e-02 1.424998998259524585e-02 9.375713833085981552e-02 1.877777616891295256e-02 9.110646819048591472e-02 2.135349052789337065e-02 1.566050865870693976e-03 5.775489743609323740e-02 8.981109761115298185e-02 5.821404396825501787e-02 9.018821058541272306e-02 2.961802662018646684e-02 4.905019835878892537e-02
9.544939668153114287e-02 2.338429714459292624e-02 9.872847713851057305e-02 4.101191381778318545e-02 4.575656475576975885e-02 9.279860569640113743e-02 5.031180600579916729e-02 8.105993941948134995e-02 1.194209111890426334e-02 2.531875024120176093e-02 1.389118953737638121e-02 4.638533571855563142e-02 9.380519456653103882e-02 4.106545124290994497e-02 8.036609065296504428e-02 5.446188801433685805e-02 5.392041102966144139e-02 7.417444845610018933e-02 2.847300376534971436e-02 1.969017923999307959e-02
6.974609320854950612e-02 3.410880214684493261e-02 7.600755620557186898e-02 2.715962037971436649e-02 5.051976295912348480e-02 2.470245297352100661e-02 4.664321369681304758e-02 7.271993683423451371e-02 9.513557888023221887e-02 7.783320237999191704e-02 4.093057273322046191e-02 6.825951576530168985e-02 8.093709432972583107e-02 7.230301213406786776e-02 5.294344972899498597e-02 1.792005005644969895e-02 1.406721003215539827e-02 9.292534283358712399e-02 1.045403243346358993e-02 8.003899538782582868e-02
3.081853153340419205e-02 9.777529468911128757e-03 4.805894879598015396e-02 3.717637764551658813e-02 4.310679442138374423e-02 5.427675221313155163e-02 3.606145539574392295e-02 8.675380120681472351e-02 8.474458906708831618e-02 9.148752871602895687e-02 6.995852817153556946e-02 9.122645157040937258e-02 8.021941249147016006e-02 9.876067620734307884e-02 3.006734188318860562e-03 1.224100726498005345e-02 5.232010449156513504e-02 5.905570235717962080e-02 2.861339376985103794e-02 2.909339898608749586e-02
1.197734112684743085e-02 3.745725657515396739e-02 7.731056045592336889e-02 4.792034987911139576e-02 7.690646269344467156e-02 8.384947819923461998e-02 8.371589731612100183e-02 1.413950699964605781e-03 9.828019294363403435e-02 3.344922392093362812e-02 8.088314465208112924e-02 7.511296147004559165e-02 6.307233095618633434e-02 7.586130477534558728e-03 8.198760904433236019e-02 8.103727475430579086e-02 8.616948378815698917e-02 5.833011544902182849e-02 6.727469596062865542e-02 2.746023211935093647e-02
9.357675835943575493e-02 5.798413552578440822e-02 7.777215951146033111e-03 3.353270985685748162e-02 4.552004201746036316e-02 2.614187385612827541e-02 8.543121815593367196e-02 3.716368132714059636e-02 9.706493516715920117e-03 9.800783513432788016e-03 6.981711059706657840e-02 5.612403468373349663e-02 8.327149075088677299e-02 9.058714899073050386e-02 9.259074489737637026e-02 5.505117061641155024e-02 4.659261801383857149e-02 9.768998044967679151e-02 6.404927903028845293e-02 9.798506825879681192e-02
7.753101459217896785e-02 7.461565792317217949e-02 3.847234173192960738e-02 5.557940056954788210e-02 3.557623000025413040e-02 3.992776876795531282e-02 9.799736434078783198e-02 3.102813904652154328e-02 6.552783228960602779e-02 9.480069135376009704e-02 6.254716910432524257e-02 6.170651139422517195e-02 6.066605043473857761e-02 5.635406876327225811e-02 6.178492497211418577e-03 7.308056571309194671e-02 2.831705925259453589e-03 1.746859291983960880e-02 7.042373595102535688e-02 6.880475133107621932e-02
6.740278364129630162e-02 2.762298545055652532e-02 3.832630592845030076e-02 7.280033013752230248e-03 6.735835197431128130e-02 2.228031605663918432e-02 2.792256608704021467e-02 6.570159579433779151e-02 5.448077309548296498e-02 7.166786172659427023e-02 8.069681108023750438e-02 2.718584650249755708e-02 9.733115342642373324e-02 3.087003179370554490e-02 6.466691580377001425e-02 2.968556398441538763e-02 7.769726877272890853e-02 7.452095555575322453e-03 9.180788463259315080e-02 5.429463904427050264e-02
2.489639565828616341e-02 8.696695629273884509e-02 3.418344584678519038e-02 4.399922682565612919e-02 8.958940132592949079e-02 6.089312687535419072e-02 6.849184644291633761e-02 5.380643130524193074e-02 3.901252903446265213e-02 3.922218207522142758e-02 3.815874575444902495e-02 2.634861466344268210e-02 6.748696704960391313e-02 6.296764998433840299e-02 4.889004170368756175e-02 3.110523195913894590e-02 3.037245295979931412e-02 6.126038615317321023e-02 2.059251557922969821e-04 2.929908146305255923e-02
4.596958017094246451e-02 3.308428604032217363e-02 5.844926760264695931e-02 3.486844527112611253e-02 7.063624851854145847e-02 4.289218664682423188e-02 1.157975594174820563e-03 1.881729467084469754e-02 4.941075884349210856e-02 8.280412445677110683e-03 5.957252563481713059e-02 9.348265757594442782e-02 1.575364395562073435e-03 5.528134807637605230e-02 4.660463261659134049e-02 5.972284933917405836e-02 2.888760851296007237e-02 8.101953686051976966e-02 6.005829118132841732e-02 9.324265964385688998e-02
9.020395079847116915e-02 4.169710688030867085e-02 5.168424197723651276e-02 4.190265644913666876e-02 9.814341627833499115e-02 1.915376378233806312e-02 9.950514028402407396e-02 2.150622290392645297e-03 4.369560020210566664e-02 3.626613958781362002e-02 6.664681723326887353e-02 6.791668958910404563e-02 6.817483770398664877e-02 5.233157698396639218e-02 6.230667521345833321e-02 5.189426365441042466e-02 6.218529701246544757e-03 3.640836864445772675e-02 4.919647591298625944e-02 3.542728692171315252e-02
6.071416627797604493e-02 1.633702360800442024e-02 2.670833235703468089e-02 3.388437491179492611e-02 7.835238756431819884e-02 2.675136969243504734e-02 2.861721696231925988e-02 2.228032083106366162e-02 7.714682934476402298e-02 1.037035387551459367e-02 9.819680558504073620e-02 7.111834458244628565e-02 2.313392588700071903e-02 1.660264788323454616e-02 5.246206010657862573e-02 3.802501209701403609e-03 6.485932476532403623e-02 3.888755827551737543e-02 5.277500567313316016e-02 5.454876167112709950e-03
