2.810133000357464272e-01 1.415686783203671528e-01 3.472436601794537392e-02 9.980420348976205835e-02 1.443970591384634294e-01 9.613124901224502639e-02 1.093897381747648556e-01 1.647201359551786481e-02 2.674723607648696322e-02 7.440096311704880172e-02 1.296201006210227769e-01 7.721800296145031606e-02 9.031889703791307067e-02 5.219189213465139088e-02 1.224380926645607243e-01 1.081631162978493599e-01 1.122199996072514860e-01 1.036717606817971898e-01 1.387940118127840017e-01 1.043496970736286222e-01
7.660743590368862543e-02 2.719687674815268741e-02 4.586142844354388487e-02 5.785993587426492557e-02 7.395286118819077888e-03 5.080028318247442609e-02 5.687650537286323416e-02 7.872126951162028430e-02 6.126953810022588848e-02 6.341792848584319742e-02 2.868683191981664937e-02 1.410901577225168874e-02 3.467308734271754705e-02 2.583711115480829060e-02 5.854961083510673570e-02 2.765538172450114976e-02 6.251133499358473011e-02 1.181019596047105935e-02 7.420294442427950721e-02 6.455932164401496920e-02
2.356981772142311554e-02 2.270683150702067568e-02 1.717209574604294797e-02 6.229145079912899036e-02 6.225701522325695347e-02 3.922150559351349902e-02 5.382052530604141544e-02 9.618878351069773402e-02 2.848127397018496154e-02 3.097124514478855062e-02 8.449987146741623489e-02 4.682531711199997698e-02 1.215771352284678031e-02 3.075551095561944795e-02 6.254171425113891347e-02 1.039858124420839358e-02 7.338266287252563636e-02 8.573986976378850100e-02 9.568338571331869158e-02 5.385625338287806235e-02
5.013168189842798217e-02 4.026302945795082883e-02 9.689192642907198949e-02 4.106672156329376627e-02 4.205832378738583524e-03 2.845702147340966118e-02 6.274502277148429064e-02 8.072985673930156703e-02 3.365883422766866723e-02 4.171312701980806059e-02 3.103340092846086640e-02 7.090173431052641806e-02 1.801647879739716115e-02 1.109716115533285891e-02 6.363014724637432173e-02 4.630822990886337975e-02 3.592606886282458806e-02 4.371501366210425732e-02 1.099579659989652347e-02 8.372059028352252241e-02
9.077835490938546137e-03 1.229439202823262578e-02 1.871061096166508689e-02 3.599627180849971492e-02 5.548545625333644454e-02 9.546196713086733954e-02 1.731391090502258992e-02 5.550123485857638705e-02 7.734305744236524838e-02 5.314630168061989374e-02 9.792654868064420981e-02 1.452341171424642585e-02 2.500581326659110509e-02 4.703757376623229208e-02 7.280597237409525829e-03 5.237338051696444063e-02 5.500628712834591122e-02 9.641148980315683570e-02 9.845745120823401475e-02 9.351088297478751810e-02
7.462085388772796146e-02 9.337550848245781965e-02 5.231809536311105360e-03 5.223852383455473980e-02 7.817272636283523202e-02 9.416221470136820759e-02 5.641452999778796829e-02 9.022163721161818861e-02 8.313604323674095298e-02 8.359502841865455725e-02 9.938870475386694936e-02 8.561624214933150068e-02 5.608393625042821379e-02 8.749888101102397397e-02 3.555619161712512272e-02 5.262387851844360642e-02 5.767886722654232134e-02 3.989080295387004670e-03 6.189602130559025694e-02 5.233505228023253159e-02
5.052479727484252003e-02 9.936839062726368632e-02 3.601676664880958806e-02 2.576586196526690214e-02 3.080712512120477309e-02 7.664652630157664515e-02 8.711851667174909386e-02 2.577917729164271032e-02 3.128351038368332171e-02 2.748624386551836926e-02 6.396887183916531716e-02 8.086644109814275505e-02 5.068123308835194296e-02 1.814898749794036092e-02 2.194773854381000533e-02 1.831845971795039926e-02 9.591380443005463607e-02 9.977485049224278646e-02 6.101244065001693029e-02 2.893600330406197532e-02
5.947246979690806734e-02 3.230023351908974105e-02 9.123057368285557300e-02 8.264206175140523247e-02 4.570825116215553735e-02 1.460905820275056922e-02 9.459349287402157858e-02 1.290891790120993893e-02 7.329996759053489241e-02 8.949101769911466109e-02 7.957709288960053418e-02 5.865922639211162970e-02 7.512915177794216026e-02 4.306007977049040175e-02 1.811417244823290348e-02 6.434621831956655047e-02 7.961647759510634415e-02 9.479091515355617115e-02 3.029486587893790578e-02 5.560436788062175784e-02
3.316574557115870014e-03 4.995722157654147733e-02 6.650693145813559026e-02 6.632390584109908171e-02 7.725077708342457938e-02 5.514585248432034986e-02 9.761024562273665217e-02 5.878963973900513951e-02 5.765675616169248230e-02 7.188808132252911404e-03 5.936469328907101849e-03 7.776642252287029045e-02 5.756972714678635500e-02 8.231672705296613768e-02 3.991077237288553903e-02 9.514468006906948161e-02 5.500841166257152554e-02 6.429301753515358209e-02 4.953351368434572022e-02 5.505893465463585629e-03
4.344153036084241054e-02 6.295703951029107959e-02 6.654325291474631754e-02 8.201548774158369526e-02 6.166864358147930436e-02 7.064587247288205141e-02 2.346534260566908447e-02 7.452236681225792025e-02 5.600373999729854613e-02 8.662297839925837961e-02 4.642088333604098976e-02 7.851789435942860274e-02 2.817929189509702642e-02 3.266910775004155942e-02 9.533423323507900227e-02 2.199369163847404718e-02 8.035427727870764203e-02 3.826207021261870955e-02 7.411482817583337455e-03 5.834218840243799407e-03
7.896642127536168676e-02 7.105364705784404655e-02 4.035420725757296601e-02 9.168960052440035258e-02 5.399283857678669613e-02 8.748775597812402660e-02 1.298905631302827010e-03 9.889205852147207876e-02 7.601266005883326737e-02 3.415408750688207068e-02 5.970062594329098027e-02 7.214081702153767039e-02 8.912426861359745711e-02 3.068523549977938622e-02 4.456014312710942366e-02 4.428028090929297250e-02 5.744642614792209306e-02 7.741306532715429289e-02 6.013127232185826870e-02 9.435615467152061453e-02
3.185880415279868094e-02 8.137706646692777213e-03 8.705488652885751133e-02 3.415095240845992391e-02 2.456087911887239357e-03 3.401224813539499570e-02 6.304192278839181041e-02 5.079525884327245472e-02 5.782370800028056174e-02 5.171484224639384675e-02 3.858392905085871599e-02 3.882659654888098830e-04 2.581090969113152347e-02 6.548124950828787538e-02 7.904226691445770392e-02 2.619198578472037514e-04 4.885610453859101643e-03 7.385667687452120156e-02 1.389108803516169235e-02 9.655146147525167644e-02
3.517960058416715746e-02 1.089630726831061248e-02 6.060861614356372051e-03 7.893792072801116000e-02 5.821013293314256792e-02 9.013787493501372594e-02 2.547469853952726362e-02 2.042231191536552151e-02 1.175725786855812485e-02 8.718629402251792948e-02 3.794954469457970103e-02 8.713638841044600569e-02 6.661901426718580543e-02 4.144310289270036751e-03 7.986641241274817019e-03 7.310854004816356999e-02 8.732821938502773051e-02 2.363046678643776488e-02 9.413007886097768395e-02 9.677732653519566242e-02
1.820614464297771670e-02 6.109578208969911745e-02 1.863494506169120074e-02 1.070242652480805218e-02 1.679859122175038008e-02 4.341146168387968740e-02 8.883069635754182319e-03 5.429101190240055719e-02 8.467701319365002199e-02 5.669553831116218995e-02 6.705911516460126565e-02 5.805936716315051455e-02 3.560320797643264090e-02 5.580284212570312680e-02 1.064309504616458603e-02 7.490987380501766546e-02 4.634167057886807994e-02 7.184049563918012971e-02 3.794209206815409019e-02 1.254556959140240568e-02
8.563537049037985016e-02 9.258393206364279315e-02 7.447382436253789650e-02 3.440529318375208645e-02 4.204760624386325030e-02 7.050796500430589996e-03 8.151040218163385642e-02 2.845017041247450973e-02 5.034788315304231099e-02 3.234596011119402620e-02 4.237423652223381437e-02 1.101874389229851037e-02 7.587151319089953383e-02 7.819702568673873866e-02 9.817081681799166848e-02 2.526282019870607250e-03 1.203871857120069125e-02 7.875704715335414552e-02 2.843503266410738611e-02 8.503232405527248738e-02
1.754810310804103685e-02 9.026385925066547633e-02 6.899703409904402174e-02 2.291600080082618895e-02 3.825158737601058734e-02 3.983435917556954475e-03 2.539909955560160429e-03 8.879846673351424191e-02 2.341736686470563544e-02 3.803629731262254954e-02 1.639673680181336080e-02 4.806037912405010382e-02 1.364305172514112055e-02 9.290059022848051393e-03 5.767980023421732938e-02 6.497441977106929722e-02 3.872620092288357047e-02 6.563414846372993272e-02 8.668461610400945636e-03 8.582444452389584311e-02
1.230616290503986493e-02 8.582955901781774699e-02 2.290269101664077489e-02 3.367577506038352958e-02 5.916194020443700519e-02 3.243201350252730014e-02 4.910539194803714702e-02 6.747000684154717820e-02 4.188552265394679397e-02 6.253848880680955291e-02 1.290411663242959674e-02 1.274461571619696192e-02 8.342186552507002695e-02 9.041617816323111595e-03 7.536691798039632517e-02 5.725738726025273589e-02 1.230879813957089924e-02 9.588305622698023445e-03 1.300445344430315592e-02 7.382651513109428354e-02
8.660658430611606340e-02 7.432576854411364342e-02 3.477771417658801628e-02 1.091952522940736747e-02 5.272971593386231032e-02 9.065963766185769143e-03 8.443472593099564383e-02 4.854751060091552772e-02 7.059739594324075662e-02 5.977339287222337844e-02 1.007813530854799813e-02 6.746656979462352377e-02 9.756860102796315048e-02 3.662827250245750260e-02 9.346660043446204658e-02 5.538514943208022040e-02 3.616193322668932730e-02 8.195296661484578749e-02 1.090550344560133923e-02 6.724238783700305089e-02
2.595738899002331124e-03 7.887688688989075159e-02 7.220240758919892199e-02 8.042870901433957220e-02 7.738431523732526574e-02 5.336718619962566024e-02 4.885601547300327113e-02 3.950183884221414744e-04 5.210948989298635342e-02 2.363252932844202292e-02 7.075396620190839425e-02 1.292389904956754536e-02 1.545893382560406017e-02 7.635497646520351955e-02 6.031948146779671227e-02 9.490537199488725817e-02 2.364475609391169034e-02 1.062635160857189343e-02 1.203164662513195315e-02 3.015607775720110725e-02
4.657535744741889833e-02 2.849655264567058088e-02 7.269119618763435209e-02 2.033230340793300631e-02 4.676699399221984077e-02 6.175829986784436149e-02 4.469859337542181343e-02 3.668266497575869284e-02 7.062038493197661526e-02 5.946935603011646587e-02 6.147601571569112633e-02 8.838215119640779882e-03 5.790051725889781148e-02 6.376071506345941386e-02 9.544536223140331899e-03 7.508031297393514408e-03 8.865791370225906132e-02 4.011513617920584723e-02 2.834655698587620551e-02 5.848295672058784200e-02
