2.805551452620052011e-01 1.256926225158973565e-01 1.961456225677902024e-02 2.640278635538187771e-02 1.076835641937634314e-01 9.972229779014811502e-02 1.167239054757227140e-01 7.391124163100599997e-02 1.386552795020742357e-01 9.000323948055230505e-02 1.113353296151728400e-01 1.692456957570048076e-02 1.480033384600636381e-01 6.086849925128554051e-02 3.489990444538823566e-02 2.970232511093212277e-02 3.968044622808673816e-02 7.323190858429654004e-02 1.170997498392672559e-01 6.940638445425242886e-02
7.860108535118903381e-03 7.109263367252531551e-02 4.301997137468637628e-02 4.009168348853470176e-02 5.850334886376984807e-05 3.850273714467481595e-02 5.391914539258851891e-02 3.686563893988031859e-02 1.522865123474770376e-04 1.154432867649039102e-02 4.410163873306343491e-02 3.296431040806890173e-02 3.907819127522215580e-02 7.562745823005484480e-02 3.481917839223010180e-02 2.208968514980301848e-02 5.073951718516411108e-02 8.919826466102398488e-03 2.284323111434384546e-02 9.455222406387701894e-02
9.833957239118923388e-02 3.540882973014255336e-02 9.691790883175188664e-02 6.053238819878830473e-02 1.898002981002828993e-02 3.801019291344087843e-03 3.703701060310349291e-02 7.361008595349942396e-02 7.690657849139918845e-02 2.173409495780718320e-02 4.537661430228865506e-02 4.294395627616612310e-02 7.215197387454973244e-02 8.445617827433674063e-02 2.912445814447058023e-02 2.126474639266943273e-02 6.865278390250179053e-02 9.286291482578919176e-02 8.543026520702573512e-02 9.022491622599937422e-03
1.887915247287854856e-02 1.534086149297698813e-02 9.888873983553492231e-02 5.500677926384161393e-02 6.489144349518438659e-02 6.259479604451419210e-02 3.820109977092867037e-03 6.323871928921387386e-02 7.405964266002286467e-02 8.917165620690015171e-02 1.378493656133471593e-02 2.717268763181226662e-02 8.210229646091606048e-02 1.711125129228060690e-02 7.157178865923592703e-02 2.238765238290729709e-02 2.804279086251900907e-02 8.643279733977288215e-02 7.130731344399320049e-02 5.257852059500244674e-02
4.206461946441028554e-02 4.677296322099049747e-02 6.253353046618934097e-02 4.807814962642358719e-02 1.205173952591511756e-02 3.109760548256865903e-02 3.099695859657364272e-02 9.628332658371242803e-02 3.587564449715862497e-02 8.209565925920657425e-02 4.409666194549101415e-02 7.335709980708239597e-02 7.791422602409467379e-02 4.941229873720322241e-02 3.286847622093185678e-02 5.019845089915647707e-02 1.022480378240798841e-02 7.745542349989142927e-02 4.321089505943173648e-02 8.041268821889682727e-02
4.038712663394013191e-02 5.419767831364780131e-02 2.240290807709487478e-02 6.543448738434169687e-02 7.192251835660501934e-03 3.421614325077244889e-02 4.125340990255146889e-02 5.536942927948801385e-02 2.985522514724692558e-03 7.823715325629970740e-02 6.694887545590853806e-02 4.325644977000541597e-02 9.304129510592422381e-02 7.165574502687960257e-02 8.773608311068036014e-02 8.905221531567875104e-02 2.074861693149878880e-02 9.039508442829256862e-02 9.266909428556160955e-02 6.411360497298976280e-02
5.848746720590936032e-02 2.254764025385415371e-02 4.747040731969627558e-02 1.013053194244604299e-02 3.949596153639473028e-02 2.400216535713831784e-02 6.729233436770576393e-02 8.937900741982704456e-02 4.675467362551925105e-02 3.352110997473496667e-02 6.217649095181011082e-03 6.718512878555127354e-02 1.123335844713800949e-02 9.206036890814997542e-02 6.479496455767653172e-03 1.196836794330634682e-02 4.683814903095886994e-02 5.897650265832097422e-02 8.576023631128614974e-03 2.818315728874543243e-03
9.998781675308821004e-02 5.802006646536722601e-02 7.668061276752637101e-02 3.598310055336323421e-02 7.006754625793683300e-02 7.904549529831673971e-02 7.580274970362256559e-02 1.416385529537599400e-02 6.021689511055466210e-02 9.977606709213682548e-03 7.961658748086973547e-02 1.946107575356058675e-02 6.581840191845926558e-02 6.984402865271195637e-02 6.650798234709716372e-02 2.065571438764315579e-02 4.438117372593164411e-02 3.215809969581908540e-02 6.472725333523027258e-02 4.275285810187265390e-02
8.713035089490114848e-02 1.754347929007979076e-02 5.976535403029484272e-02 6.440008233549275596e-02 9.757566146349638814e-02 5.831251263131070894e-02 4.056636545135813843e-02 7.729780795145237138e-02 2.307443641243787230e-02 3.262117714587534772e-02 1.746491191482765423e-02 8.096352233075400362e-02 8.822831836172618722e-03 6.116116960034034822e-02 8.181907928447695877e-02 7.333847519187822184e-02 3.135264441696097165e-02 3.853740929216068617e-02 4.163366199402949303e-02 1.705577795625973225e-02
1.360048669258878684e-02 4.081059083956400241e-02 1.053543895995758851e-02 1.816412142410242167e-02 7.565804999277166154e-02 6.872784648215847503e-02 5.705693680961155048e-03 3.126787839601737062e-02 6.107251558129606073e-02 9.589475592714186147e-02 2.560439896304236504e-02 2.878220003811848837e-02 3.112737334701780670e-02 8.920014261356608298e-02 1.852622535139863968e-02 8.870788055021786023e-02 9.191246795382758059e-03 7.177791264043081876e-02 4.220226221622065677e-02 3.648139911373488031e-02
9.667484309345920901e-02 6.513193153088950305e-02 6.654114542087070927e-02 8.237899258675585035e-02 5.794719491714370868e-02 6.942995073488519853e-02 4.253212159042321638e-02 3.775637908506797313e-02 1.468753855466351649e-02 6.062187445460429785e-02 6.803270368050783057e-02 5.224847442794133129e-02 2.936703391600437030e-02 1.883215049625384246e-02 8.662976993082714683e-02 6.237342376557809820e-02 7.391070590142735652e-02 2.532458396959341718e-02 3.177961329957373904e-02 2.302303823178912870e-02
2.629212594597171368e-02 6.892214893543500975e-02 7.733027994813113787e-03 2.386251641729584400e-02 4.627500009378842510e-02 9.150693029712569926e-02 8.011688765777438825e-02 1.765532362388252605e-02 9.474888184881460895e-02 4.318046485339568918e-02 5.894292390240152280e-02 6.399851054271846196e-02 6.382677389462754203e-02 3.558711702078897615e-02 1.558229689956428660e-02 1.808185729084174284e-02 5.658836478585277385e-02 5.812640492526464225e-02 4.202875154455259360e-02 7.621772505001007947e-02
7.710756020432195379e-02 2.570790054592854423e-02 7.524537509247748723e-02 2.461778595548467369e-02 4.335899193786166977e-02 4.005948580806836801e-02 7.148145008741094153e-02 1.980983912445444250e-03 8.835991461987567630e-02 2.942845019018208719e-02 9.806865281881388396e-02 9.713562876708253802e-02 5.489242485407758165e-02 1.909630296019507872e-02 3.412625586194691779e-02 6.181047124195183928e-02 8.572715300201491639e-02 8.646586510509648993e-02 2.997367545193531380e-02 1.609021978005914510e-02
4.978680622247845522e-02 5.190047130265155323e-02 1.052441042821140697e-02 2.042503752862850908e-02 4.376573735465592169e-02 4.269329605579470777e-02 4.641426594464077848e-02 3.587029161963752044e-02 1.752434873814467942e-02 3.642058579018938452e-02 8.255091232992467498e-02 7.819457535463261721e-02 3.800560453515461345e-02 3.863939007659716873e-02 5.019856572794179073e-02 9.045648622267626893e-02 2.823870486910662423e-03 7.599493711046070854e-02 7.934337229853401230e-02 8.180123585211857007e-02
1.992232542198664469e-02 7.229238323641422326e-02 4.744881858214712589e-02 1.059816397002146839e-02 2.660101498226604896e-02 7.250406416899270179e-02 8.716442440439094164e-02 2.558588955285984179e-02 9.393986794171703403e-02 8.929402875946922113e-02 5.813870687580520447e-02 3.695497370900362871e-02 7.659691556698600134e-02 7.311083840919535559e-02 6.450517600461334877e-02 7.913067785101790541e-02 2.688961855085459166e-03 7.253702389265237471e-02 4.788789854658568462e-02 2.512971190009414407e-02
2.280530819420483260e-02 5.234964129794205528e-02 2.009176894758532214e-02 1.216474605477070418e-02 7.340698131822632339e-03 8.277756416886145052e-02 6.203268799120782717e-02 8.074486883649492630e-02 7.625982758918610493e-02 3.356259375057280003e-02 3.281544197445708522e-02 7.823135078221093996e-02 8.582045836325354060e-02 2.949031971551867651e-02 9.399549410901947288e-02 9.280098272707625051e-02 7.949886736960506961e-02 2.877970047747675786e-02 5.632837694842010579e-02 2.775306542096317441e-02
6.126177924557239113e-02 7.163221942034429801e-02 8.674343677890790361e-02 4.196637707346906332e-02 9.293745421493215808e-02 3.687763323964968892e-02 7.764670033040055493e-03 1.941595343807117624e-02 9.555867636034508228e-02 6.212531478391471185e-02 4.527455365976408574e-02 8.878844763988223698e-02 9.730083955276377927e-02 6.620512477147537378e-02 7.209286750920473885e-03 8.571276990262977069e-02 9.792472218003395179e-02 9.597643605821329360e-02 2.763067714829603623e-03 9.677687407270496589e-02
4.850187178445913155e-02 7.314909109154653366e-02 5.407516387717815898e-02 4.904648345282863753e-02 7.808011002809391032e-02 4.255420163183522286e-02 9.824041880051682940e-03 2.984946814520628502e-03 5.865621426515426479e-02 9.074047763922866994e-02 4.035794334304913106e-02 2.248420073380931472e-02 7.304265795582280674e-02 2.175984350180719742e-02 3.361879143275488258e-02 6.481532912264699464e-02 6.136499599317779552e-03 2.353991937793661546e-02 5.143356221062647671e-02 1.989222330445047579e-02
8.010520909533483391e-02 6.751628604493846442e-02 7.568098838051398602e-02 2.013478521773098828e-02 6.571465077559131285e-02 6.493145240436037913e-02 4.932504260124837003e-02 7.169228286437652475e-02 7.226953376582209709e-02 9.027690763291709719e-02 3.948378166228747044e-02 4.375258050823238772e-03 4.159370562025033191e-03 9.217467363525467345e-04 7.614790874715030022e-02 1.158073482422582526e-02 2.308407790420511502e-02 5.725826980938480970e-02 7.484620850333008335e-02 5.899939693990052803e-03
7.405168991245029975e-02 1.777153302225760109e-02 9.216747617035561668e-02 2.332109299953100123e-02 4.198981735538839799e-02 1.156265423637872249e-02 3.000346896969369181e-02 9.491211770191679276e-02 8.114315189848338161e-02 3.214736024163979827e-02 9.180485433145323115e-02 8.320619965508972704e-02 4.428892769300322302e-02 3.113900561351954505e-02 4.007666622173933213e-02 6.143897350474636886e-03 3.997297287222363604e-02 4.445323913095421825e-02 6.151671583273047444e-02 8.708887348671334738e-02
