2.043360980790036308e-01 1.574038583068855524e-01 2.150413567586490632e-02 1.695852643170254193e-01 1.145025503733678313e-01 5.101548331688894600e-02 9.887622877970413116e-02 6.392068873439445131e-02 8.471145374726817001e-02 1.062729848412807959e-01 7.816304628834346013e-02 1.304182758461459590e-01 1.044039401239986731e-01 1.418909228564650404e-01 8.607457382093933185e-02 7.362926383326255653e-02 1.350116686647558906e-01 8.485539773201614122e-02 1.635940273737678252e-01 8.055131713698698848e-02
1.844353672075971229e-03 2.454658823075628327e-02 5.459424549203380217e-02 9.964948112607950603e-02 1.352071876129886698e-02 8.532783948768123128e-02 2.387258212897151038e-02 4.256538519522601836e-03 6.509730468934418757e-02 5.905979044557616714e-02 8.074155541727372210e-02 7.467864027911140512e-02 1.919206078221759315e-02 4.479789404630431238e-02 7.618810532800583679e-02 7.456886283173899677e-02 3.371032393668595140e-02 6.225015093253039380e-03 8.683565843614796109e-02 7.134793030535924868e-03
4.346156323954202677e-02 3.879947481025491224e-02 2.021883876383916492e-02 2.044698489538048294e-02 8.020436341924458423e-02 1.124130206642796198e-02 5.339224264172566514e-02 7.896804951017011992e-03 2.100192353053065373e-03 9.039455936988516566e-04 5.275013094295120247e-02 1.244810504396291068e-02 8.362065396528782502e-02 2.613762288316822183e-02 9.189952742965508403e-02 3.173670701069288697e-02 3.778708161117316951e-03 7.122904140224949054e-02 8.929048633771424770e-02 9.441295136868708970e-02
4.790890968360316665e-02 5.997520570569619264e-02 9.869607871008762023e-02 2.802849890189514082e-02 7.207494212889511975e-02 9.216271549696944398e-02 4.448664164418412309e-02 6.787993409095401109e-02 8.192391314602000263e-02 5.921568061965706842e-02 8.712991024528754513e-02 2.728539847874177429e-02 8.315685759644451946e-02 4.377553695596828054e-02 1.053660419254177742e-02 7.817315272161019790e-02 2.942769424477280696e-02 3.381221684175392955e-02 6.094159584644923133e-02 4.097266831772261586e-02
7.566772155452500259e-02 2.898014108608418932e-02 4.845928570430884513e-02 9.037485817719351222e-02 5.560054815617015284e-02 2.809699535666107181e-02 2.481485548290404339e-02 6.683436484029262048e-02 1.528608268862068423e-02 7.040676862874273301e-02 8.908475311006200381e-02 2.066269139381658043e-02 2.210290137615720379e-02 5.928394555088010304e-02 5.844894837951691846e-02 3.629301767358750208e-02 3.690491180593692688e-02 9.860290848095544514e-02 6.301712891660245230e-02 9.530721556810878292e-02
4.508397169763089102e-02 5.769160167387962779e-02 8.042703265794955148e-02 9.989694315000041680e-02 2.637635819146588820e-03 1.307470100822891862e-02 6.033546957743932126e-02 3.749121469644195459e-02 6.646895372527455992e-02 7.904843155041630515e-03 7.224328485745518114e-02 8.841732752791697791e-02 9.368918370959102015e-02 8.201815097586794001e-02 1.297355634541976811e-02 8.712834966487986721e-02 8.122791539316225051e-02 5.457373763066522554e-02 7.049928942132555575e-03 5.298508607734736531e-02
3.979779509539115717e-02 4.903689313383059745e-02 2.834458459759958693e-02 4.038513255814965563e-02 1.883124268413227751e-03 5.598139713602126588e-02 9.539486182687753613e-02 1.262222721286333608e-02 2.263998985236983716e-02 3.066735576861967603e-03 2.097725724200780878e-02 2.987443544085354244e-02 7.836002481578197010e-02 3.337900830824080262e-02 1.409822365618204100e-02 8.419927734291959842e-02 8.325816049628170790e-02 7.478057144618609209e-02 1.329185149486197294e-02 1.317134257172272206e-02
4.940116401571386512e-02 2.029703409691119460e-03 7.756183132007320180e-02 6.922997025569217755e-02 8.245320238535483459e-02 4.741543227334288520e-03 1.770785004625782463e-02 7.214977537082493952e-02 6.588952076362288024e-02 9.757122288772200613e-02 5.302669793226504752e-02 4.762025710667414091e-02 1.977849444729218569e-03 7.911916845825206490e-03 5.127286421111587611e-02 3.913310723203161645e-02 8.044429886056912726e-02 3.281136632873823261e-02 4.054259021084050119e-02 1.652653799209287053e-02
5.888966167406409213e-02 5.125885839668978261e-02 1.753276602881700605e-02 2.559052355844024934e-02 7.381835810299820083e-03 3.494703374712899990e-02 3.789738878172470987e-02 2.139843099693708103e-02 2.501638727859738578e-02 3.980535760431847155e-03 2.637096318405496298e-02 6.209682081630490957e-02 8.384799824936048362e-02 6.193753993227516658e-02 2.780442758994184065e-03 3.203787243054707912e-02 1.597561651699459448e-02 1.342782128216774007e-02 7.581419702416830608e-02 2.074151644968599481e-02
2.938639034924196702e-02 2.679026420889394494e-02 1.865302428886308692e-02 7.116798523277173549e-02 2.227921416620350092e-02 2.266365312302618534e-02 8.747411417754773211e-02 2.456486662308921161e-03 8.798731016590566334e-03 9.928940830016382002e-02 4.760739330468333197e-02 8.038647319191842555e-02 6.012442058929312605e-02 1.074181038085349031e-02 7.070392674021434842e-02 1.005711111618306022e-02 4.776240751123642103e-02 7.816095330409179517e-03 9.495772319881859436e-02 8.377192308171182988e-02
5.898211880374985144e-02 8.865083102450860286e-02 5.069247769554233174e-02 4.993222085700629864e-02 2.386964154606090530e-02 4.550233032304418224e-02 9.605777211381930081e-02 1.225180639586616153e-02 4.372071688124891387e-02 6.314101686673967428e-02 3.157157706423727866e-02 1.079022850141593375e-02 4.715969270534046270e-02 4.562269995882484164e-02 9.125615381081073063e-02 9.732720030138053771e-03 5.728533246752677555e-02 2.027333591372471044e-02 4.773100010450048031e-02 9.289330179574459279e-02
7.689991900584636220e-02 4.209783515919317959e-02 5.811986936671109660e-02 9.859248562646796832e-02 4.146286909357982386e-02 9.392790069780332374e-02 2.934182549048791697e-03 3.158997770491916990e-02 7.406797662621564249e-02 3.355961651409378448e-03 5.006131819345294165e-02 2.086743113387864654e-02 6.041751939101423080e-02 1.319715865925057477e-02 6.069530935402826094e-02 6.344809001151234529e-02 9.023902446521744891e-02 1.741290026978580333e-02 7.381232484888242129e-02 5.257399653633912373e-02
3.381523224428291396e-02 3.285551742780553480e-02 6.200299233518104247e-02 6.735077743730069622e-02 7.143563770932129242e-02 4.851134154179908425e-02 8.252149372712805353e-02 9.376328476624105901e-02 7.985258070659584373e-03 1.467674844692079712e-03 1.121901553039180745e-02 2.560118855572443217e-02 7.069645896942190755e-02 8.704640348050092513e-02 3.418751057584418218e-02 2.580590413436522138e-02 7.871876398264254782e-02 5.196936587072109766e-03 7.514111643690606079e-02 8.008642756678919020e-03
6.887199767173837750e-02 1.431618690287537327e-02 8.143952391664766467e-04 2.262979019932529617e-02 3.846462642173384405e-02 7.410033287699446802e-02 1.982557082428764231e-02 7.457578097845381226e-02 9.410908325150801890e-02 3.674672655330384757e-02 4.546029524778229247e-02 6.253709020737517610e-02 6.084503557246198624e-02 7.650124544550145067e-02 1.730023243111192960e-02 4.615930984676863691e-02 4.925216129943110754e-02 8.836143177553006101e-02 8.891793801352798621e-03 8.250999549457335713e-02
7.919008051104187151e-02 9.543229904904224070e-02 4.703470383280386469e-02 6.160945223884017885e-02 4.492617664998584115e-02 8.249893578940871441e-02 6.915344279018469098e-02 9.097534732967288429e-02 6.410528518862607106e-02 1.510425871476709508e-02 2.701402604196980958e-02 1.623484149571474688e-02 1.798441200057271372e-02 5.390088147824113884e-02 4.631274865342086683e-02 2.386026172039009893e-02 8.780874058652787806e-02 2.873176015329423003e-02 6.790180044113026947e-02 4.236088773044840994e-02
2.969346760822753201e-02 1.871797666334940101e-04 5.795519706617783401e-02 8.273382388800931686e-02 6.251636048059530659e-02 2.420244700952289829e-02 3.845072469765913742e-02 3.694075076832794430e-02 7.500265636038822015e-02 4.989758374747654823e-02 4.091382956013032285e-02 5.342443741693379128e-02 1.898679283457105349e-02 4.048722280874375579e-02 5.700491105523968621e-02 9.817928020708337200e-02 1.282497003098337363e-02 4.086692178691281319e-02 7.712671144283866909e-02 3.254324180425490626e-02
9.443012465300751335e-02 7.996473526269515242e-02 7.094604833625348106e-02 5.999356083512542848e-02 6.024462489656643577e-02 7.044282530710845036e-02 8.946536701082069554e-02 2.134568858072741909e-02 7.760295447481747877e-02 7.174924860971616802e-02 3.564376963458631281e-02 5.627473346253946546e-02 5.959235056837387801e-02 1.660272714352310081e-02 6.429921787166280323e-02 5.844569761911649203e-02 1.464918834848499829e-02 5.080900771019819517e-02 3.579238456942025748e-02 4.256354344468225165e-02
9.096158590649239609e-03 5.162943570547216116e-02 8.673994583814792925e-04 8.047555651292451206e-02 2.681953999181887691e-02 2.527370136170313877e-02 4.725806457590327192e-02 5.502225686661427195e-02 4.209933150577619548e-02 1.059043081198014595e-02 9.862566904862313244e-02 5.363518834307781646e-02 4.311724537645322645e-03 1.833187225978173338e-02 2.408767385600983982e-02 9.061475708073396529e-02 6.779933356853432014e-02 9.829096797425285192e-02 9.637744354298939317e-03 9.104375882753935542e-03
6.231529374343539041e-02 5.723882384136000367e-02 8.385772039541887490e-02 6.199231394005377122e-02 3.835830618035571821e-02 2.411285867174433120e-02 7.623069294079072578e-02 3.144590817341663680e-02 7.710005121447123522e-02 4.127788678512587378e-02 6.240113361831393229e-02 1.402077841514770551e-02 8.411609720752219466e-02 5.254359539350442199e-02 3.231280705274349602e-02 4.776571208486823927e-02 8.281151384193255471e-02 1.900345918651356186e-02 1.886500859751212567e-02 5.527164724212977470e-02
5.657846336479634142e-02 7.782989864597358864e-02 1.169588560320638029e-02 7.325939721604202669e-03 4.075246053902176202e-02 8.282275096279362314e-02 7.417767011444068026e-02 8.076384704117636759e-02 7.515584058417325297e-02 8.620614630534270684e-02 3.094704473003395771e-03 2.078877270952335377e-02 7.566126892020336170e-02 9.688411142700706358e-02 8.202598797759341406e-03 5.484486709950525674e-02 3.715390408018089119e-02 6.422290363300828253e-02 5.727217842806625603e-02 1.553965146256943743e-02
