1.763187298612635678e-01 1.087409547898951501e-01 8.391662347686962287e-02 8.378996814465301812e-02 3.563136319098372112e-02 6.290795205790940259e-02 1.684924406395194030e-01 9.481417710967929291e-02 1.189443820828953169e-01 1.021029220498838874e-01 5.035200626467723622e-02 1.030145569612826301e-01 1.131147369287835158e-01 7.700842530346921344e-02 3.100823028091439712e-02 1.238067257318800490e-01 1.014192536844800152e-01 7.829101756346443231e-02 1.085084083560822477e-01 4.200469681544972966e-02
3.598533793560013821e-02 1.368021349457308050e-02 5.529313922141490534e-02 3.908735022223833178e-02 4.792213245212617601e-03 2.556720662573164476e-03 6.676462590270894337e-02 3.185543944119514220e-02 6.018793830280747686e-02 1.393043329948451432e-03 5.287046231387271429e-03 5.568517683191606671e-02 4.700678014253450304e-02 2.197112916428936233e-02 1.007471140772549061e-02 6.433468539691920840e-02 6.009678824503611461e-02 5.193312012061519767e-02 3.861850207313460848e-02 6.658871611766748605e-03
8.964154173085180088e-02 9.641929903989240880e-02 2.188273639063185311e-02 3.053251973505935121e-02 7.646252469094871884e-02 7.537933633875218420e-02 2.445710912440017884e-02 1.190594668345621582e-02 1.306596894015229528e-02 7.039277731668397431e-02 4.942419031625422746e-03 3.700099194258443802e-02 2.282131822607951291e-02 6.275987062398395711e-02 7.360128245931453483e-02 5.645647761331794995e-02 6.265118844879773163e-02 2.450060695130847066e-02 6.737379156881555253e-02 5.314346621922447916e-02
4.222867989093750940e-02 2.079779085240198930e-02 7.893901384081290773e-02 4.125918736549689936e-02 5.498872715842632181e-02 8.302576588380616851e-02 1.789947261854463309e-03 4.077829488802027502e-02 4.081541773315449512e-02 8.213061926354506270e-02 9.270482960850866261e-02 3.320248618033856680e-02 4.973108185064068626e-03 5.777486294557276220e-02 9.300125365826125701e-02 8.801919937777324607e-03 8.989798670716930840e-02 5.791165743013238637e-03 8.247223040041760933e-02 3.217857297457589472e-02
1.696857306830204179e-02 8.342054981660282365e-02 9.767771767637321856e-02 7.708291954434742799e-02 2.325687999375512099e-02 8.131996985033572434e-02 2.115219757284806518e-02 6.217504641618726291e-02 3.945709148403398446e-03 1.519927483746486138e-03 7.872927585103348114e-02 7.184657202821474742e-02 4.849670389625837519e-02 1.387009956396159129e-02 2.642768570710521056e-02 2.999294311413930325e-02 6.676551849575899922e-02 9.661352879271488392e-02 4.665576616471209942e-02 8.711981088909277748e-02
7.297121288712259124e-02 4.309883255521081147e-02 4.641013970712540987e-02 9.559241528812828514e-02 3.459331656207492028e-02 8.471929282649159898e-02 8.824826426700262128e-02 5.352588011476423768e-02 6.975539040505378263e-02 8.471957512070209251e-02 9.247815928424901744e-02 5.536222827052059148e-02 8.262020253557016136e-02 7.541027378399837999e-02 8.607321831631287168e-02 7.415449910210017426e-02 5.927350000196443536e-02 7.066761454776218643e-02 8.322820115397548679e-02 9.858791103047237492e-02
6.595401178209558957e-02 2.923165839965921262e-02 7.722772813616966825e-02 4.979774666140743267e-02 4.351160274823456797e-02 9.750818108247466531e-02 3.683844599906251072e-02 5.367641700900084578e-02 8.327311167661029245e-02 3.940358061294490372e-02 9.710904420727417552e-02 6.039572459465082643e-02 6.105218502592523605e-02 4.541118556440758985e-02 6.472478311163082365e-02 2.258013256983463363e-02 4.874742540181330880e-02 9.646993718843549503e-02 1.198233980803776848e-02 1.608795853888906821e-02
5.331077924043752664e-02 8.748513668921781283e-02 4.449739795004414161e-02 1.958622432062047392e-02 8.516849825194049151e-02 3.081928300756622482e-02 1.958726445935469324e-02 3.207796314875734772e-02 9.923166295164859152e-02 8.553929913754626524e-02 2.174037977876852601e-03 6.227229660804736722e-02 8.159142105158172231e-02 2.191019812838162009e-02 3.755431736721031449e-02 3.595553885021779417e-02 7.001734805667324257e-02 9.416120511533658533e-02 8.364775352220157889e-02 4.329472806227388504e-02
5.096909661288540581e-03 1.671062640742325758e-02 5.398941949643872029e-02 6.907203818496875092e-02 9.206105439104289578e-02 7.448267481928501355e-02 8.824851504665309418e-03 3.510521776256945309e-02 4.608198812714845577e-02 3.282464544142910112e-02 1.749083548566910014e-03 1.501185941115822445e-02 3.938850406491833239e-02 1.314828192875661279e-03 9.860628687527188407e-02 5.179660678371405397e-02 6.479121183967860576e-02 7.679574332939420600e-02 1.052962424467972571e-02 2.607184356941375653e-02
5.984565302058182656e-02 8.672922244507853817e-02 7.480290438300248035e-02 8.367073289229703947e-02 5.420858118030761480e-02 3.518626008824043971e-02 4.872664548076609953e-02 5.296109579558128111e-02 9.698656109470259190e-02 3.540648509870286675e-02 3.206860233566823787e-02 6.663992060210603696e-02 6.366032706483282233e-02 4.313021145370355075e-04 5.934831621733187984e-02 7.128155465879283670e-02 9.415811819870273380e-02 3.945660526171356625e-02 7.449065857628481280e-02 7.015142305754129733e-03
9.624372618550380842e-02 3.922838184959728802e-02 2.399836810468422219e-02 5.520972574898001112e-02 4.371438791653473044e-02 5.436652697677481216e-02 5.343950378630268894e-02 7.113151559748139008e-02 6.236879108070229188e-02 3.411039802359846357e-02 4.707719345657824378e-03 4.963319237739564210e-02 8.389970265583535092e-02 7.597053317349784785e-02 2.221296785616157232e-02 3.739552881328380568e-02 9.301817080312731190e-02 8.420847084787877468e-02 2.631682721179756657e-02 6.909502255969710016e-02
6.072745349174291096e-02 3.848424283856633106e-03 2.846455986595080104e-02 1.718306846530758339e-02 9.991365631223253496e-02 4.583740033866567920e-02 6.448755489873041202e-02 1.204648632720595192e-02 5.650137671125324279e-02 7.034251502409182011e-02 9.171220926821849195e-02 9.244417437477507604e-02 3.867358604180746312e-02 4.634363623092579987e-02 7.866315732631376512e-02 6.407558407428089187e-02 9.327729937383255968e-03 3.694451513184141694e-02 9.313992428597130113e-02 2.851592789326673808e-04
3.592268704926820932e-02 3.297622083874660742e-02 2.268591090157566839e-02 1.288581730335414122e-05 9.173893658275839025e-02 8.606638952365097683e-02 4.926069807224423003e-02 4.755704629086447005e-02 2.191388709667091428e-02 9.981453700599407508e-02 1.863616749941910018e-03 1.971796062608303229e-02 4.495210007678057673e-02 2.066707248556174520e-02 2.602158164269928811e-02 6.271513075246835933e-02 4.514592932597042557e-02 9.897730227837485406e-02 1.589865293306120739e-02 8.227422129001359108e-02
7.771252065718055324e-02 6.213882873592682654e-02 2.822793698891169767e-02 4.673129077765744710e-02 8.645964578829815061e-02 6.586357663295186460e-02 1.008073846200254788e-02 4.300504027381588795e-02 1.892624990605436264e-02 6.002045342869900130e-03 3.196167356269037640e-02 6.929427814647357020e-02 9.273856135517917487e-02 8.371028849530731675e-02 7.350400189783352911e-02 9.967902961136131113e-02 8.194680238734414202e-02 7.353277380416714526e-02 2.588573823045924385e-02 9.042087944597183846e-02
7.717940716446639038e-02 2.927007742205845094e-03 2.412390750158757355e-02 4.612378146614259933e-02 9.747505328854698392e-02 4.696873008441831282e-02 6.203932953982482096e-02 5.964222830953017085e-02 4.425416887076061637e-03 2.126031698475172680e-03 6.710330150115199899e-02 3.517235887990179111e-02 1.271892023745183758e-02 7.116562724289136888e-02 6.541656001982937285e-02 2.255440362907356125e-02 6.558080275963916461e-02 8.127056195936302463e-02 5.091528514516503734e-02 8.901972704043975559e-02
4.704844095304439380e-03 7.786757744427252881e-02 8.062347297080510455e-02 2.676049381461378593e-02 3.415563021113594833e-02 1.395992322793676577e-02 2.337827346027640182e-02 6.121733814747951780e-02 9.031050559431243185e-02 8.063647447370682342e-02 7.158669173807107045e-02 2.124691189235268507e-02 7.866645536521427173e-02 2.575397467336564342e-02 4.976406599320261359e-02 3.429282197770804758e-02 9.609704115211854802e-02 4.164823794478370034e-02 4.500878267192838511e-02 5.388483210383310240e-02
1.918905324865466389e-02 1.900496825928155295e-03 9.865668434118275709e-02 1.147320349308872389e-02 8.626984282485056221e-02 9.206782716797196064e-02 8.144757195579342690e-02 5.892007979966799175e-02 1.795525362259098312e-02 9.986042708460148021e-02 8.964960081433728800e-02 1.952391499871123509e-02 9.697326885183954470e-02 1.064807080070844306e-02 6.080893290413492275e-03 5.544639771969581826e-02 1.209951280796327591e-02 6.447210440663764253e-03 4.502403287198095821e-02 1.162220843352834666e-03
1.740228674724233690e-02 2.132524846397335777e-02 4.091301844538417637e-02 1.985976319532223311e-02 4.590868348583326125e-02 3.565828033999151464e-02 1.971511704298600787e-03 5.082496906357203848e-04 9.908707790878934496e-02 5.083597854831121282e-02 1.952292039040132154e-02 9.015223210388254027e-02 5.935495607107917071e-02 8.857647031847326602e-02 5.115038158938625679e-02 4.942164984317246740e-02 1.265006420319323560e-02 6.907503092743183526e-03 6.896386987469491081e-02 9.861212619697867776e-02
8.808120900218673055e-02 2.064804148978221024e-02 8.085345938044712077e-02 6.112627750289478801e-03 4.934748272710111350e-02 5.103147959014731061e-03 2.955238354978304699e-02 9.059390506787054487e-02 8.357314452052175269e-02 2.329732983790380393e-02 5.188793928374232922e-02 1.729160976794597016e-02 2.966764433237200141e-02 2.173720767459513814e-02 8.739246537549794080e-02 1.449120222988699129e-02 7.795324819321070367e-03 7.410504011941468350e-02 2.864296248916005372e-02 6.304104957880030113e-03
3.706763043614982184e-02 9.622122665281501730e-02 3.188304868451851543e-02 7.173536393845643400e-02 2.744894391468720787e-02 2.019500756021829282e-02 7.568778148235737191e-02 2.471942737583809977e-03 4.836372547710307557e-02 8.247491816796331809e-02 2.523111369159369930e-03 8.780055316226396955e-02 1.212470080215788436e-03 8.656590109606977779e-02 7.693011587533093998e-02 1.863147201205776066e-02 7.255059991529483332e-02 1.193362310056200878e-03 9.793864786899131314e-02 1.472973871593842403e-02
