2.501145256100767433e-01 4.870287828541186581e-02 4.918297685812461628e-02 6.130729361275127215e-02 1.418379068449364955e-01 1.135650041340559024e-01 1.677755534542177684e-01 1.171861284889844368e-01 8.815306352186103034e-02 1.299996189971327765e-01 5.024394432484838302e-02 3.000968267841954210e-02 7.953097542825737776e-02 1.068899371174107799e-01 1.372481005752174410e-01 1.464100852261857599e-01 8.329512405495877181e-02 9.921629679754453979e-02 8.470677586538875870e-02 8.425695789630871513e-02
7.130697578437540651e-02 9.154541001075952589e-02 6.443824664038655566e-03 8.810110552956271213e-02 7.119595458067944083e-02 7.447093756043723922e-02 4.973309597393920506e-02 1.920426065888337919e-02 3.769027765919167466e-02 1.470046434779779393e-02 9.218581834721167878e-02 2.436008122276511756e-02 1.990937056828449153e-02 4.887078250553396341e-02 7.123802307319980487e-02 6.394794233324486120e-03 9.086914226423975505e-02 3.226576572142521998e-02 2.111823647987404184e-02 1.239911931659537503e-02
2.519659976046262524e-03 9.527887444691973684e-02 4.292836638367707874e-02 2.151858883703642450e-02 2.275308100555394411e-02 6.723425161786962534e-02 4.996667469532115741e-02 3.414943566165163074e-03 5.935903075196324874e-02 3.003046540944753935e-03 2.043359952160693840e-02 2.746116530317677107e-02 3.357656854976730915e-02 3.674222496242294383e-02 2.317129081549088726e-02 7.304263357979245974e-02 8.829929849827301835e-02 1.643804825013733817e-02 6.609050924801203319e-02 4.432548010368853367e-04
5.418565640459443999e-02 1.289027696912007498e-02 5.917673220349048413e-02 5.328246276185821806e-02 2.293882231355803998e-03 5.805758387480976224e-02 8.826374424458605095e-03 6.607040411871965835e-02 7.528222326673313092e-02 7.152271374952955119e-02 4.891326823344950558e-02 2.537202273006475967e-02 6.317455106048042168e-02 7.811071983380452055e-02 3.068325923713939585e-02 1.673053965201740795e-02 9.150369948465075787e-03 2.828223307385784382e-02 6.606565757555020457e-02 4.539415881634978334e-02
3.713046852400803382e-03 6.905673745577871336e-02 8.206974627023734536e-02 3.815672631889216460e-02 7.010258423360968272e-02 4.012035266846197823e-02 1.576341736657915858e-03 1.980860546476155559e-02 6.691129676710427798e-03 2.217795206518675954e-02 6.681812962512272136e-02 1.422914996791509006e-02 6.024522092242721311e-02 1.709630552425850381e-02 2.243154886340363932e-02 2.796548948350855573e-02 7.095624808576438125e-02 1.877239428218503703e-02 6.539441524831363095e-02 9.196529599046097958e-02
6.758291503280020041e-02 1.225752582379823277e-02 6.369009370557478233e-02 1.634892540669677027e-02 9.116775823527492606e-02 2.879280277818894312e-02 2.030592803758816262e-02 7.659595138970536066e-02 7.562666305088271146e-02 7.552720846279002698e-02 6.721786269200398511e-02 4.607126398964875302e-02 4.948537723043257286e-02 8.949872222929677879e-02 7.398792545441255919e-02 9.374131088509704557e-02 7.409590985267265617e-02 2.279654393858281461e-02 2.644825290178819469e-02 8.569687824601128490e-02
9.302423786833058372e-02 6.164912071506629954e-02 1.880035387546810308e-02 2.322484607622968961e-02 2.985662025642702583e-02 9.135383333604367440e-02 7.789353489202768821e-02 3.932458711405733415e-02 1.491736518026656223e-02 7.367091564913087753e-02 8.868142837427311909e-02 8.156730791080003817e-02 2.130461946075346003e-02 8.074847547599479924e-02 2.540917098824621231e-02 3.212700126773537779e-02 5.456474636355251873e-02 5.580220599013099858e-02 1.723042862147483589e-02 4.853679802090049566e-02
2.525655456144278166e-02 6.333389061224924121e-02 2.474500503840331225e-02 4.129446750072373468e-02 3.948866670742823271e-02 7.086606227162928727e-03 6.177610253198453916e-02 4.582225713646320697e-02 9.476761753754611717e-02 9.868627120893957994e-02 8.317875465878310504e-02 8.759030388502363207e-02 5.769843284009389811e-02 8.767017618586586680e-02 9.513307481899971330e-02 3.996998717813445012e-02 2.248647790299899279e-02 4.418811045569926224e-03 9.209475973192504661e-02 3.094144096447837625e-03
5.193906504350042502e-02 8.684258024311575577e-03 3.581501708445846560e-02 4.963913922304994536e-02 5.924359480722563021e-03 2.401481387339091805e-02 9.768054371945070202e-02 8.563342265071631487e-02 9.151535263622773142e-02 4.022253327764296893e-02 4.680426071708997798e-02 1.192874493024399622e-02 3.642753751813489899e-02 8.218619074706869088e-02 4.451874613830854310e-02 7.035202458786878055e-02 3.089057866828647317e-02 5.172108591437424296e-02 1.315385338453011269e-02 2.074568302593451583e-02
7.096275173161759042e-02 4.898680822171822685e-02 4.796410221063108006e-03 3.175406380554997993e-02 6.890302172732797048e-02 4.802361451561321104e-05 7.225685983479158275e-03 5.341474784287967431e-02 1.805086532677295866e-02 8.414780215765867155e-02 8.479599923349101509e-02 1.538237008725589286e-02 9.421891610662130878e-02 1.969606766528009516e-03 5.501305853356424497e-02 8.851248510943336700e-02 4.220225300887784498e-02 9.851852144791617416e-02 9.674398732890727992e-02 2.476996775566974243e-02
5.999159090571144770e-02 8.899153421144762044e-02 7.975658408451175019e-02 5.795311567312290413e-02 2.352219860383211389e-02 9.288096185296700058e-02 3.037411066256131761e-02 3.982118817997662430e-02 5.714360405042331892e-02 5.218822815991282227e-02 5.632566336219282932e-02 1.021191263511449579e-02 4.216789930890496585e-02 9.255620710574433141e-02 2.304290784901567163e-02 4.622728523127622724e-02 2.781046468253908430e-02 8.067940544200315200e-02 4.222074358859561477e-02 8.481401682139899645e-03
8.993406837065914816e-02 3.168615195002666852e-04 9.074422747855791227e-02 8.069010356585366861e-02 9.687131810667974630e-02 2.610547441371234914e-02 4.092037573588298838e-02 6.194978611243610184e-02 2.034175980477762741e-02 5.790995594000741126e-02 9.283689367001624060e-02 5.184783506819622828e-02 6.065556032867685382e-02 3.688836351044749717e-02 2.846527093245792076e-02 8.104898942576133081e-02 7.043856731867419174e-02 8.620673729702932331e-03 2.331714862230954699e-02 7.256903225743881192e-02
1.817630076589643595e-02 4.676698415230252058e-03 8.253133885928123914e-02 2.084484838319318467e-02 1.243272396197803165e-02 9.222565207363295214e-02 5.101701382007661767e-03 7.024830987217021983e-02 1.170817504379635492e-02 1.910277040298331841e-02 6.907150504341358355e-02 9.838373578068351777e-02 4.287434369118725552e-02 2.783414592988488201e-02 3.271100703739724530e-02 4.104946209181015333e-03 2.686865963421930514e-02 4.467750097299706680e-02 9.261596514773051680e-02 2.873369186634292666e-02
8.714401667144203167e-02 5.837520388428357049e-02 4.995866505606599145e-02 5.741503154729318825e-02 8.943450200784046344e-02 7.876411023605400796e-02 3.925177400766077102e-02 4.343810032846029748e-03 9.888306246516892495e-02 7.777897417412132919e-02 2.974526313839542802e-02 9.295401718688159343e-02 7.734655979540644433e-02 5.305169269408536309e-02 1.727900686607855216e-02 9.525440507169212478e-02 4.670008109727374901e-02 8.287609371601201147e-02 4.142644936156689162e-02 8.723978591707028107e-02
4.398305699208476804e-02 5.343467923828525840e-02 5.058075661205037321e-02 6.482776854705950276e-02 5.300896533656707620e-03 2.359248951348463796e-02 8.076363610529838089e-02 2.257786238475683119e-02 7.299826491017914754e-02 8.398919617639791224e-02 6.007350378410263730e-02 4.028716178531699735e-03 3.690425723105150019e-02 8.955165900449683913e-02 5.915713090500854948e-02 3.721282598305697756e-03 1.041254028217281080e-02 6.795670829229537302e-02 8.325142376017113932e-02 4.270595911951222817e-02
2.161263087817370115e-02 3.504182882966711248e-03 4.986311434953275695e-02 7.461276341848985250e-02 1.506995139677943553e-02 2.800488685393848209e-02 1.550591228030118261e-03 2.393213257741725469e-02 9.817215491279888961e-02 1.156494370058542935e-02 7.035295190063857451e-02 4.759855268701441988e-02 3.052553613528674863e-03 9.326584010459067209e-02 7.853545697583509677e-02 7.493973753471628099e-03 3.707175497118388174e-02 1.060067330705795167e-02 3.725469913684653633e-02 1.011593335920633191e-02
2.217241242358720943e-02 8.126185996429081959e-02 9.608096311493523334e-02 8.305140639613058096e-02 2.467005177761110238e-02 4.831586380783736701e-03 2.030256126459589749e-02 1.616485967637421028e-02 7.986498378733575265e-02 4.169381389844441232e-02 4.016408794680451089e-02 9.430335772277776210e-03 8.766972555163915493e-02 4.951461569172265625e-02 8.419742169791644137e-02 4.202468439585255178e-02 3.195386716804672622e-02 8.267489971728528286e-02 3.579022089678033508e-02 9.251772978701316985e-02
1.775681075490842531e-02 6.816709906448537026e-02 1.499991007818470869e-02 1.200418258690008101e-02 6.764712361759560311e-02 2.146946511840608363e-02 4.267281728862440393e-02 8.357845321695800411e-02 1.268705139735967248e-02 4.094131189546203198e-02 3.252488889075407646e-02 2.363922974349033299e-02 3.146534230401300952e-02 2.731736897671415212e-02 4.498133998713826909e-02 6.259487795779991592e-02 1.846329404810708244e-02 8.298701149751092077e-02 5.707687651525854972e-02 4.899381271705949802e-03
8.417485522893301819e-02 3.536647943368709506e-03 5.835431681278555743e-02 7.461281698496122217e-02 9.482161100356904793e-02 7.992075742031087837e-02 6.662609600475485894e-02 8.743015595962905229e-02 3.302591274588970865e-02 8.141870124167666090e-02 9.211542859164240094e-02 9.896984256442593886e-02 5.208075518214275862e-02 6.180118559957385044e-02 3.142513929849571203e-02 5.963637784264499975e-02 9.746879675102873564e-02 8.855331073832470312e-02 2.327238194066260160e-02 1.639871229303666716e-02
3.099673341038024221e-02 5.878450988935073757e-02 6.973095927193438681e-02 9.223782822757198990e-03 5.158989716181418272e-02 9.723051337911296776e-02 7.429641948265777729e-02 6.110920154146704669e-03 5.317326640046045327e-02 1.178855967418820407e-02 1.138720870077384456e-02 7.185075783984355702e-02 9.846967039105486430e-02 9.449978798880842579e-02 1.209778516443774793e-02 6.763369582083501169e-03 6.518034017796364710e-02 6.337189887811861544e-02 2.701897543176310507e-02 4.573853788910488272e-02
