2.605210617981413290e-01 1.358881786021443605e-01 1.316722976393742695e-01 5.607164852887228795e-02 1.155241607664450332e-01 9.951184604372415032e-02 1.000387480042114058e-01 1.600270202793943053e-01 1.001513445226781956e-01 3.171084759123895397e-02 1.067322323780482418e-01 7.722920547850857520e-02 7.122393027218708317e-02 9.152796569077782662e-02 1.050232597496315173e-01 1.244213351835513626e-01 1.268999167898623714e-01 1.050478272634398080e-01 2.925252873740046000e-02 1.384177754407351912e-01
8.400657951614635965e-02 1.786816395843644767e-02 7.654941041613941288e-02 8.200801923041584757e-03 7.399025110151019602e-02 8.987292021735324155e-02 9.999700912054877711e-02 7.507722185927512282e-02 2.362744811020536448e-02 4.180976648284896735e-02 8.479700411304764984e-02 1.618796916418965143e-02 7.212345360473622347e-02 7.821744435809323270e-02 7.775488738883312712e-02 9.366633861955740367e-03 5.410062129914281620e-02 2.862313096467986734e-02 7.809194789538149994e-02 8.591173580736313764e-02
5.938430858096162279e-02 9.134496361420246791e-02 4.208858665100277674e-02 1.740502039854189414e-02 4.293736977035066127e-02 1.000449312021831488e-01 4.119784499952745122e-02 1.043509889878687091e-01 7.129600416733765378e-02 3.156840161477166701e-02 5.407253613031570011e-02 6.033635175724478411e-02 6.318458585796855875e-02 9.820608585252739442e-02 6.204303862852186130e-02 1.033198091973726446e-01 5.443591767914778869e-03 3.203143812921863814e-02 9.791118030033985065e-02 3.262100307067104365e-03
1.010070298390481625e-01 5.072404735840095602e-02 4.483189829941160859e-02 6.098255342993387507e-03 7.732407101771389402e-02 6.193899512481328834e-02 2.476010940144991734e-02 1.343187524905384810e-02 2.940207482533499506e-02 1.949870906497515669e-02 4.295346940948989445e-02 1.400176629628656182e-02 7.645394908107643051e-02 1.048698213277653446e-01 3.614316061813241387e-02 2.774112747265221075e-03 5.337745023973276132e-02 7.908484344454401460e-02 6.915417790834005318e-02 3.982732548502370372e-03
8.745599292638146782e-02 4.846836525071653717e-02 5.207489582407225093e-02 6.797664976815516458e-02 4.501061449120753039e-02 1.049926241107012326e-01 3.564609027867973734e-02 8.638015906145928013e-02 1.468944815608686817e-02 3.379620509309544905e-03 2.025767827507828425e-02 1.041822542295662291e-01 9.361090055011916933e-02 2.337226474960164141e-02 1.030898542304199278e-01 6.738916290985584590e-02 3.304354799166436384e-03 8.066241615134316090e-02 9.650452964570116476e-02 2.828939368231133539e-02
5.522748623988534000e-02 3.741660174163044528e-02 2.355270055408888175e-02 5.065386747271514306e-02 4.243362624881385353e-02 4.701964994328437092e-02 5.578819240114577666e-02 2.038284321560619033e-02 1.031167653798911038e-01 9.873581876052661688e-02 7.283514619509727506e-02 3.990268038750912488e-02 7.269274491022119367e-02 7.321498372889760631e-02 2.971262464469329439e-03 2.146749207645684207e-02 6.674282098633450497e-03 1.478371933279480806e-02 2.271846636527805052e-02 9.428911309658741247e-02
3.539560754681244509e-02 9.037651842283871140e-02 2.139569996843152661e-02 5.069710208471279317e-02 9.664525109463140140e-02 2.182059453864968260e-02 6.533786145782177757e-03 5.809616438967266094e-02 8.470785115269587051e-02 4.632533966485035543e-02 3.752074227776579923e-02 7.474798430426997375e-02 1.586984674541435519e-02 3.696975663852290067e-02 5.407700311169230667e-02 4.172006361468325042e-02 1.007809725468380435e-01 1.608992330729983392e-02 9.810774508880056033e-02 9.245444533526055164e-02
8.215673069693635311e-02 5.317585980381911437e-02 5.056385010534220070e-02 9.259550640719937942e-02 6.555998866476235587e-02 7.581130444433296922e-02 9.854726739315913808e-02 4.499975025822847835e-02 8.734695740600552372e-02 2.479759226807854225e-02 6.292748807112824583e-02 7.169663323021646661e-02 6.192455277579850953e-02 1.733524555417976024e-02 2.232695274505520910e-02 9.242969336453606133e-02 4.984669634526525672e-02 8.203968460398010365e-02 5.793877390603121430e-02 7.449064590312458323e-02
2.101784935914970814e-02 6.797241712115981160e-02 9.150954693952261312e-03 1.043564319988518618e-01 5.306996260130875803e-02 9.008520398601130297e-02 4.787850880491264366e-02 1.543262355209767739e-03 1.005932011839678897e-02 1.606851430069318812e-02 3.099757847872898833e-02 6.361530083360898702e-02 1.037803056472434982e-01 1.025744495625759700e-01 8.130572398944295454e-02 3.315522632921127227e-02 6.728075869731581053e-03 5.768445265688938381e-03 9.116632737824993671e-02 8.520131118019629024e-02
2.157577877956306373e-02 2.243612430675541100e-02 1.241349629736821641e-02 8.712317681720889440e-02 5.339552925698354963e-02 9.277362015916372495e-02 9.708761115461768398e-02 1.013370281136874267e-02 3.605934466992358894e-02 7.040592409114494743e-02 8.371721822114666645e-03 4.117108664758300368e-02 5.068917917966034824e-03 9.260029955181257877e-02 1.674535477100611361e-02 2.888836397639620371e-02 6.285615678141469320e-02 7.004756552757768207e-02 8.743463361532579844e-03 8.391059857949301204e-02
7.175488578158971398e-02 2.724665986554112088e-02 1.045535938356979139e-01 7.130413942760768786e-02 1.040228803040734729e-01 9.559531906736483398e-02 2.522087370128134332e-02 4.344794849752389720e-02 3.293232519671085434e-02 5.209626562265237681e-02 9.552791621468476047e-02 2.288933119616613082e-02 4.313638131660122582e-02 2.331479935587595087e-02 8.143846448642921843e-02 2.527080954873215171e-02 9.516076430146575005e-02 5.442334886826060564e-02 1.669300241126005528e-03 1.040103576306942654e-02
8.718537889150562714e-02 2.833173677731453885e-02 4.519481283952227202e-02 4.145557406890262864e-02 1.438204670997301343e-02 4.903671534742681110e-02 7.415110087490496549e-02 4.108903491527778756e-02 1.012940351622382967e-01 4.197119755279116182e-02 6.747049440222759042e-02 2.531507089483604062e-02 7.215598854500646087e-02 6.804644799098273980e-03 1.017628583601185577e-01 9.418736612280978471e-02 4.539573502594693860e-02 7.423560069198543998e-02 5.985830155295738392e-02 4.902797154311842875e-02
7.431646423440008142e-02 1.178483247277617614e-02 2.726420574107477068e-02 4.930754913329745553e-02 2.140742149441770756e-02 2.778584836508614375e-02 6.731661245776474067e-02 4.523967748273054895e-02 8.920465339046691755e-02 1.001441684275201222e-02 9.218572033129639187e-02 8.349093011633317019e-02 1.005699614892173049e-01 8.492742050615670335e-02 4.322985549954810186e-02 6.154528818425966663e-02 6.669945181732764294e-02 9.613744064843700310e-02 7.179930552461090930e-03 4.427178718978192623e-02
5.995279781566061061e-02 8.988512829413874972e-02 1.033022352074793038e-02 1.282107638425493586e-02 1.572769262485376046e-02 4.924003406831903296e-02 8.122805045303530327e-03 8.909387601934095832e-03 2.196887727089342091e-03 5.425909158816177164e-02 9.667444287552424964e-02 7.539103144289878780e-03 8.136596786041244700e-02 3.652575411497161612e-02 7.137630303400898865e-04 1.960374316334978148e-02 9.703482542068693484e-02 5.838823812795990165e-02 6.544583210403305540e-02 1.968611099649649615e-02
2.885839741012349163e-02 3.553760858524648153e-02 1.045158896665420445e-01 5.591479591308030211e-02 7.210238283446109009e-02 8.167205268892709091e-02 7.843741603711353039e-02 5.724963387197275211e-02 1.836921668908610833e-02 5.987326917450866426e-03 6.541790168912596515e-02 9.319701431758939392e-02 8.626862419241100588e-02 3.143712177352496473e-02 5.417656370424349388e-02 7.175084733800916881e-02 7.132373072440673090e-02 4.129793300936453887e-02 1.279887417782191525e-05 3.888037291488272151e-02
9.766079490236098670e-02 6.771027709656653182e-02 6.959498022399517037e-02 1.263850566031195569e-02 2.697178963168030477e-02 3.048317380317805761e-02 1.015365373497617851e-01 8.135953788495269012e-02 1.044836521112798428e-01 9.613948138434336155e-02 3.329678630930341110e-02 1.010416827549790314e-01 8.547899923171436987e-02 6.813273920921097959e-02 2.380620917808841039e-02 5.725504148528522824e-02 4.197607528511218544e-02 2.000548265051833169e-02 6.467857290584586027e-02 1.021579524616722870e-02
7.929378151544830278e-02 4.191015658015592726e-02 6.321784445589301304e-02 6.986897528535505886e-02 1.706475476335349685e-03 9.348184179302097829e-02 3.965614298995645548e-02 8.010170266099979342e-02 4.691041567787038180e-02 7.400479415608139655e-02 4.456389828384027529e-02 3.575337326968963669e-02 3.510855703268811467e-02 5.921774098024196924e-04 2.138793512257993606e-02 1.002308133992231565e-01 3.804448887523657896e-02 5.970784034812667840e-02 8.031684576271945486e-02 8.756545148595173966e-02
4.442841814157584557e-02 1.232094745600660450e-02 1.594339522672129708e-02 4.780311057735494445e-02 2.987512392703225300e-03 4.290327774730296612e-02 5.116851364784037737e-02 7.280792524840022650e-02 5.722336901879748750e-02 2.119188874577267526e-02 2.578921770130676583e-02 1.037213293525665776e-02 9.122588812752630005e-02 1.023969067188900128e-01 1.011819133627630402e-01 4.302391826370795952e-02 8.031144227845952999e-02 8.486357868033113372e-02 5.536545724331231461e-02 3.629432351897565051e-02
7.365101780887366167e-02 9.439006240198929976e-02 4.658878669859461280e-02 8.782323542438055797e-02 9.911863807138930615e-02 1.789436101625233727e-02 5.479289553648982597e-02 8.453479057968098231e-02 8.760047195848003065e-02 2.888863127859055482e-02 4.947714878397765914e-02 8.829184007058321626e-02 6.101674968565760221e-02 2.908773528507451259e-02 4.480683107278867622e-02 2.441586905232985202e-02 6.154428227367535198e-02 2.557173367158646279e-02 4.067286045269973005e-02 5.723511253351663830e-02
3.538930739088641444e-03 6.105293897796765235e-02 2.867346304746912558e-02 7.493327673266295119e-02 7.316178116376385876e-02 6.764477921854132603e-02 7.024339391264063093e-02 2.833195382213185088e-04 6.656693955112514887e-04 4.169693572746601545e-02 1.046098394481583399e-01 2.211761598010484036e-03 8.860364952970285063e-03 6.503822801887182425e-02 3.823254734649311759e-03 5.914723902327143762e-02 2.044359252016682629e-02 6.914378972956536362e-02 6.126325306779206031e-02 7.265190758493789147e-02
