2.610566462389135034e-01 7.383604554367689810e-02 1.567512350674468979e-01 1.238640971710204541e-01 7.967828588913636323e-02 1.263841471057856047e-01 9.281199939743893512e-02 1.047504264580240707e-01 9.405800464961319718e-02 1.211470704942484850e-01 1.561099529419844034e-01 6.207494909831148822e-02 6.587477922032221322e-02 4.436486590583887946e-02 1.136924567059547919e-01 7.381264793432860960e-02 9.080529560557165647e-02 1.547740631588233606e-01 9.038344780124253630e-02 1.511656428452803069e-01
6.732530712438049292e-02 4.599352410923113199e-02 2.401613269605177431e-02 7.228681292928891555e-02 2.339683849736133928e-02 1.524483576265398682e-02 1.218055067789480805e-02 9.138005728626280577e-02 9.374597876420343034e-02 1.288133735022187892e-02 3.880866792331886389e-02 1.651380219360216658e-02 5.561403639032935775e-02 5.958576918162103442e-02 3.527548968431372389e-02 7.382509455622546235e-02 7.591978350391970221e-02 3.751133751049174053e-03 1.202711362687501964e-02 6.065769248157255877e-02
4.882830301783087912e-02 1.810208442200101839e-02 4.988968092122948728e-02 6.324073336774932441e-02 3.078939853890152664e-02 5.788886193856941642e-02 3.090171972742690454e-02 6.233017554026561158e-02 3.356198750260504238e-02 4.356249674578088066e-02 8.193530939641603672e-02 2.760007620160936925e-02 2.694352850401564650e-02 7.401230279323410544e-02 8.891390421364164798e-02 4.275395907318474409e-02 4.469993091917945707e-03 9.205234506835180408e-02 5.157468665345818493e-02 6.013518186388583375e-02
8.848746381462534172e-02 9.689093427625233845e-02 8.900899434873719984e-02 2.336220498120965619e-02 7.292012489108083695e-02 4.281376268496267512e-02 1.765132163510518826e-02 4.359845673360285279e-02 2.957879011766573456e-03 3.567390916523749400e-02 6.516576300037513550e-03 1.487786079753374881e-02 4.793296761774763770e-02 8.789299298206987299e-02 2.306278267037019727e-02 5.086195930124764314e-02 6.077730936134811274e-02 9.842654321737276391e-02 5.279250647575019217e-02 7.168915279776279237e-02
8.616360196031412622e-02 3.337905270713870109e-02 7.417301689372379769e-03 2.870656064860587289e-02 4.076822969170709743e-02 9.314865862339558045e-02 8.083260791882429519e-02 3.145652887901811967e-02 7.939996732933618517e-02 3.247389020746523081e-02 7.237915234564094857e-02 3.921947104388574801e-02 5.927245208918342084e-03 4.017485064172077701e-03 5.544133234953110834e-02 1.069299943909841726e-02 7.754498483799378283e-02 1.073803883112722833e-03 7.798184632089270873e-02 5.575363721557281826e-02
7.695416296044001181e-02 3.037509517768382031e-02 6.216575814841453218e-02 1.409615728154881703e-02 8.087976956512066273e-02 2.052432214810673457e-03 8.080715225997871232e-02 4.726623715380984594e-03 7.473878282565626918e-02 4.530725536514758345e-02 2.103008074938418626e-02 7.094339303122002005e-02 9.980072114080008883e-02 9.959659613795310285e-02 9.382196576763753015e-02 3.313104095116843617e-02 3.524731418500881563e-02 6.083836906852520265e-02 3.783877744363940698e-02 2.091335869786335039e-02
8.097141454737666333e-02 1.545156684053554733e-02 1.958929603366144079e-02 3.335373293481260631e-02 8.342021611518996016e-02 5.687047747367855038e-02 9.938939349049409622e-02 3.435674435307158048e-02 2.262701783957865587e-02 5.247500517878200821e-02 2.952128270650039576e-02 7.789237178269352302e-02 6.260576119247616977e-02 9.672488702699538754e-02 9.400373826223178131e-02 1.965388640044943985e-02 6.274448658265370515e-02 6.309917153017428892e-02 3.283380308940943987e-02 3.209685514573508425e-02
7.889480124625847246e-02 1.871172899444207768e-02 4.177552965825548359e-02 8.293935586696966900e-02 6.529229579663189953e-02 1.453781902911195460e-02 7.915418310757221798e-02 9.791863438240937245e-02 7.466819743070596260e-02 4.645744942383231435e-02 9.705327895886575740e-02 6.301945517871510027e-02 3.949500978197656442e-02 2.359317457389520454e-03 4.853956448657101991e-02 5.008667251727399322e-02 6.851983277079477276e-04 1.346238325882007786e-02 4.509433692018696704e-02 3.989894738356503101e-02
5.583205066427219393e-02 3.195788689562863161e-02 8.959686984603193460e-02 8.455011032080567146e-02 5.735484021797257470e-02 7.240392194181823060e-02 1.708836266046290936e-02 6.091661443015139454e-02 9.874079761765104657e-02 9.603006293352150946e-02 8.149243478842195521e-02 9.235463330360853262e-02 3.213534605708737862e-02 3.536819439947141291e-02 1.618123630068121419e-02 2.126269882391633795e-02 8.495447101348209407e-02 1.187353394871339986e-02 3.744242925739049818e-04 6.972669711003348647e-02
7.379798886294142157e-03 3.229562383696733818e-02 6.940748787020782629e-02 4.071852141727833052e-02 6.609005788370365952e-02 2.444233612093750507e-02 5.666942898119509131e-02 6.840199106505029381e-02 3.615325696934036659e-02 2.040435781747510641e-02 9.597455367387808939e-03 6.840217726185980618e-02 5.848417784811288725e-03 5.851770378100247527e-02 8.365354724599770309e-02 8.319196674457789153e-02 3.738534650259624920e-02 3.901095623049727346e-02 5.861128023484623445e-02 9.482794342445460822e-02
2.188816950110418491e-02 1.845449080567566208e-02 9.116706611757817436e-02 9.612907537104854044e-03 7.216064700044189095e-02 7.778841968077832014e-02 7.160676910129477879e-02 3.640216380510168798e-02 1.202569686963689266e-02 5.182521323188882256e-02 6.044270339877234020e-03 3.854187659534104304e-02 8.194322394026219702e-02 4.826744065342360168e-02 3.792062731275613191e-02 7.110549445245591127e-02 3.416856463309533160e-02 7.330516463482356082e-02 4.823531264812661729e-02 5.435721705075641230e-02
1.140826059758607430e-02 9.926881144283433711e-02 3.451983537517649275e-02 5.615156761822615028e-02 6.465586865185739274e-02 7.777021170613922230e-02 9.618144885422241774e-02 4.518162632170187598e-02 4.375501151743713818e-02 1.596858118637384250e-02 7.003790178307947589e-02 7.822943595149612489e-03 6.578999776085250883e-02 3.298022740812314030e-02 8.305067903082191672e-02 4.047002521365320599e-02 3.080055075444262588e-02 7.321034813626435545e-02 9.708953657926100433e-02 5.407545379679299519e-02
6.312780934548954670e-02 4.579048521157625361e-03 5.286193785861600936e-02 2.547182525626798949e-02 7.782352085518729444e-03 2.156070659324934788e-02 8.463132693141574292e-02 8.161937474940020310e-02 4.199012902634623873e-02 6.283059270516548611e-02 6.953028368016045402e-02 4.855396351838218300e-02 6.499920501524354688e-02 9.017620878357171521e-02 1.295332922637186870e-02 7.302967924574777468e-03 2.829780394045269473e-02 2.043246999784127660e-02 1.550237712389005568e-02 1.347391898444912951e-02
6.060257254391485104e-02 1.892420770754723799e-02 9.317016252159696088e-02 2.709937318071734685e-02 8.835558496819545526e-02 9.552081587934124762e-02 3.171798961214302576e-02 1.219908527362615486e-02 1.802759966659415319e-02 9.816201621354871121e-02 6.026835965826117525e-02 7.778570276539721606e-02 2.712803050223461243e-02 7.609787318923194599e-02 2.609333766136387109e-02 1.997173591246759194e-02 9.132114098901730759e-02 1.926745092285275796e-02 5.778791645383235531e-02 5.866934350829411393e-02
1.814043350828398182e-02 2.089378069367239452e-02 9.248620161023916875e-02 6.511712701680436033e-02 6.467013783122631254e-02 6.092704711980204135e-02 5.525872344462831598e-02 5.812683519462805842e-02 2.075664849536755854e-02 6.493650478929088865e-02 4.243728692998683175e-03 1.914661391183671013e-02 6.954898889311823817e-02 2.143522713155652376e-02 2.861255036880088268e-02 9.662112821253510120e-02 9.438716788388092083e-02 6.688172610251153470e-03 4.783952512673194518e-02 3.462856508404082989e-02
3.255293736366837980e-03 7.917484951073582022e-02 1.057570763991606648e-02 6.451330397372499748e-02 6.496051182715995020e-02 3.788226864181826192e-02 2.275505487858119416e-02 5.452054387161813648e-02 6.567045936962712105e-02 5.927321307504662684e-02 5.807529610269515641e-02 4.872778663268363675e-02 8.428816645138079156e-02 7.472973175690426906e-02 9.802078307925082834e-02 4.802423826533889356e-02 7.667004028853641184e-02 8.145178476854172955e-02 6.414007939158859750e-02 6.036019051339081530e-03
1.309172544838461787e-02 6.445329282725464903e-02 4.287729653056802231e-02 3.558399826969876889e-02 7.144760584682249838e-02 5.251926925518829448e-02 4.265071118031989184e-02 8.055895238166893568e-02 7.203484956108427428e-02 4.416593547524181457e-02 7.788879211626110154e-03 3.110493913266265762e-03 8.149840609339765486e-04 1.311702089236488518e-03 1.036711229071417620e-02 5.422040995841192340e-02 8.952557377030118113e-02 3.649857595469308252e-03 5.938361974255710468e-02 4.118009107816094500e-02
9.579073588132297479e-02 2.654127585654542272e-03 8.559730598042043781e-02 4.168857786086706263e-02 9.881101062209740604e-02 1.301405256948957694e-02 6.069687977273113128e-02 7.280675819546830740e-02 4.558185356561263168e-02 6.176906378221794919e-02 2.557860594854142328e-02 1.891780836490977377e-02 5.108345699516628202e-02 2.300648505437208335e-03 1.926385230207819030e-02 9.526540334889724293e-02 7.580330722700900914e-02 6.314618209501475510e-02 6.915739441090201778e-02 1.354252968396206860e-02
1.637148750441586205e-03 1.791557004383511828e-02 1.581331852811186309e-02 8.774485041304025401e-02 3.292899774599090945e-02 9.110782071670570081e-02 4.025923826179705900e-02 9.435989018225723890e-02 2.542777728737688481e-02 2.588121449073628455e-02 4.715450636788043673e-03 8.809429563251658379e-02 9.622952460843861577e-02 1.392556490184843065e-02 4.730449644397619058e-02 4.645417933979029135e-02 3.659232960788956490e-02 8.584520652982537137e-02 4.361665256228580700e-02 3.084358084223999541e-02
4.957922693383230023e-02 6.031309006099005304e-02 8.268743450483923008e-02 5.362649082107485976e-02 5.563964258258174284e-02 1.834129804086208695e-02 3.965312884724236930e-03 3.544837166740562318e-02 3.944021360481751032e-02 9.423999152575768257e-02 2.116740966783314803e-02 6.286944528215021588e-02 2.402016235931841992e-02 7.831557685425727736e-03 7.207566130519950376e-02 3.658508090051678513e-02 5.201528785387107834e-02 2.526097365942934353e-02 4.589490657486892250e-02 9.293079818384797353e-02
