2.432970972526675713e-01 3.221354159111367021e-02 1.629475795318354181e-01 1.244824735895855017e-01 1.099735137142277691e-01 1.057258969520229880e-01 8.678414811864909595e-02 7.644886264373831897e-02 1.674914479001800571e-01 8.195662147033259959e-02 7.914059527245587145e-02 1.662010920464272457e-01 1.406523899061645211e-01 8.204581963071454209e-02 1.088597171536490604e-01 6.565197613501416729e-02 9.544280869924549882e-02 9.420106698791110011e-02 1.323661028663588035e-01 6.645858218392984573e-02
7.179123465500124313e-02 2.867698340936737991e-02 9.116357657371794432e-02 5.399127715859385751e-02 4.811799914934872940e-02 1.039559827580537332e-01 5.782739074316806116e-02 1.474455693447221209e-02 3.712130618834635128e-03 2.196488258362217991e-02 6.544900434642016152e-02 6.295460418392706536e-02 8.832090252439171729e-02 6.586053042712536332e-03 2.096709487936702573e-02 4.749783164435934790e-02 9.179567531071257391e-02 8.772728038646987470e-02 2.340261163326215477e-02 1.026158081699892477e-01
7.104170547857806273e-02 1.499509561370879554e-02 7.372801931515263196e-02 5.425860768845625071e-02 5.847686874758169229e-02 8.018542143307794134e-02 2.590312450858989896e-02 8.668211814938783788e-02 1.170339224367704899e-02 5.834415146625764742e-02 5.634723214592542162e-02 6.726789991665430013e-02 4.732971416190438763e-03 3.603848637761347673e-02 4.940697947040312288e-02 4.237260170721986186e-02 3.576763212032738753e-02 9.792322275371551088e-02 2.429181267158710827e-02 5.462581403184996187e-02
5.159996498461300041e-02 6.874180692310014051e-02 8.138204836930057473e-02 6.844324227935011384e-02 4.461845101713019825e-03 1.796774138710295968e-02 6.618701483897711235e-02 5.793826277930608920e-02 2.193872683094648043e-02 7.535056524671376876e-02 3.813240713096160972e-02 9.871019836567311925e-03 9.794180086144925468e-02 1.014999278462944410e-01 9.623460935814823203e-02 4.086513310619616784e-02 6.042704545496570961e-02 8.376653977439846299e-02 3.309138013015561208e-02 8.940681674602665718e-02
6.568010241029137442e-02 3.608558172479875426e-02 7.166371672755944555e-02 3.552500010306620243e-02 9.458716832674717023e-02 8.381667106734612405e-02 4.312204259838603448e-02 9.903236417887878451e-02 9.066730341415513150e-02 3.476714684934083255e-02 7.732826450477200964e-02 8.221078295019307314e-02 6.969440266232652947e-02 1.006299904332791512e-01 7.661424099649865628e-03 8.231724997647713038e-02 7.488972649960588812e-02 5.320498503582821864e-02 5.946234302511832492e-02 5.916427382011706093e-02
4.502743335628420912e-02 3.206890963100571951e-02 9.639987006991199148e-02 2.778880470758091428e-02 1.249114237977478475e-02 2.950570725411594611e-02 3.442243051874600140e-02 6.166798222842972618e-03 7.921029765640695552e-02 7.975276430523360605e-02 8.395484590977482162e-03 9.635603020569831478e-02 8.495965912143459142e-02 6.812377047929661644e-02 9.104420036833147430e-04 5.297226456436188169e-02 5.777098383975649842e-02 3.235198398449465329e-02 7.275761399780762695e-02 6.519618738896849897e-02
5.626731548499815799e-02 1.052350302884790950e-01 8.198178566501218567e-02 2.989123199671341394e-02 5.783714012880104838e-02 9.780428934265113228e-02 8.749394389114568960e-02 3.617500248645228594e-02 8.629462269458371138e-02 6.217792289375716208e-02 1.688243245623249900e-02 2.958441801888284442e-02 3.918272701307980166e-02 8.489490585838053993e-02 5.354082929443535616e-02 9.642376321417862189e-03 9.937159836550135683e-02 9.619291661933639104e-02 9.945321639206428088e-02 1.004163267365128370e-01
6.599352032923645750e-02 4.036347276660427058e-02 2.721304492854781376e-02 4.516666058046842069e-02 4.485334016746166108e-02 9.302740638269096918e-02 9.662303388796994463e-02 3.743694836463522940e-02 6.958306076452892841e-02 2.015601118489574253e-02 9.096012760889565785e-02 9.689969942000796477e-02 7.779608236899185347e-02 1.117903408793878908e-02 1.046216244302602683e-01 2.922108754374158970e-02 3.007355013242520025e-02 9.573264560915314969e-02 5.306554236327394591e-02 2.568744214032314850e-03
9.845977731626896767e-02 6.151809862109554328e-02 6.534730866215016087e-02 3.847553847328426258e-02 2.722371557094435332e-02 3.680172269035864030e-02 6.461077906556302215e-03 9.356437360253075375e-02 7.547592878069220301e-02 5.972642727699425252e-02 2.082553424386801577e-02 2.168826778663944087e-03 3.337268322338148713e-02 8.551390004478275075e-02 9.526801566601651727e-02 8.247016189346641213e-02 7.540096714335666611e-04 5.552633081310861390e-02 6.492946642348086661e-02 8.737827745162032866e-02
2.929410631170870083e-02 6.978059014129914250e-02 3.676530585237547388e-02 7.797932000016773169e-02 1.058188975563615214e-01 5.934233945011371802e-02 5.857393247340466486e-02 5.336690790821629893e-02 2.164055251627347663e-03 3.238388837583599383e-02 4.207557722796121530e-02 7.102234810393692754e-02 5.264580706312725622e-02 1.969082304524221241e-02 3.114526183371824769e-02 4.940023684556385519e-02 3.172464702999565345e-02 9.192014059385809899e-02 9.214620114169213769e-03 2.675111444585965767e-02
5.253368549601122178e-02 6.858057312174199727e-02 2.327477484758819909e-02 5.924117380482495782e-02 1.106638572374029142e-02 3.626617990168016364e-02 7.383810932690712536e-02 9.930997174645075920e-02 5.846985212971649720e-02 7.056296207572858303e-02 1.271267481747714347e-02 6.089849538284251157e-02 7.709066889704785375e-02 2.061411906208795997e-02 9.312434771047123361e-03 5.059393136092973399e-03 9.039858486023001627e-02 4.419467073704858896e-03 5.016915177469326390e-04 7.955375299913731643e-03
5.731004349705470791e-02 5.989300614496948644e-02 8.157115884086440713e-03 4.791639404676342057e-02 2.605898673816682207e-02 9.686419104577323469e-02 2.935304908939331478e-02 6.292943281533963651e-02 1.289046964915205968e-04 8.133718968288362536e-03 9.674912718968554926e-02 6.035659547652463819e-04 7.057801769805753522e-02 4.033857492394853084e-02 9.744491413633545041e-02 1.857775538342514368e-02 5.010806050151149320e-03 9.465916622978264028e-02 7.021697404732367420e-02 7.040188248150318351e-02
1.430202371037743794e-02 3.475492894753805934e-03 5.720234134620506838e-02 2.059671579201886871e-02 2.844823324296335415e-02 7.376971560177741916e-02 4.483150699623258267e-02 5.234315604898096691e-02 3.015126323569772976e-02 5.293759744556007091e-02 8.033443996338719695e-02 4.578303180985765497e-02 5.945684463968028965e-02 2.238161148931324881e-02 1.387204119984850222e-02 5.368046679742826711e-03 9.461240714769518501e-02 1.066799009855553398e-02 6.837355051017864060e-02 3.541908994210209854e-02
1.417535602177016039e-02 2.684534933590856237e-02 3.041940187166967610e-02 2.696169710459252623e-03 7.435411881125381095e-02 4.944038127718897863e-02 1.590033622394764617e-02 7.582934835313345778e-03 8.449657911375513253e-02 5.181102804316981697e-02 6.218281830563771734e-02 5.488412626496104452e-02 8.019870463340320055e-02 2.842231833603417815e-02 1.028329908118704866e-01 2.144931847005969797e-03 8.413238184449771395e-02 6.301616016395790443e-02 6.770943067948564931e-02 3.794172800716182070e-02
1.236738136680466844e-02 4.116313939038713371e-02 4.848728050205736162e-02 9.105665125097731419e-03 1.138518131284961890e-02 9.076020166300963199e-03 7.254784465985505970e-02 5.798234145446243964e-02 5.672336850189479973e-02 6.356218898819958329e-02 8.967915187797209642e-02 7.459567419069158822e-02 4.500183500074759861e-03 1.126931949835087605e-02 9.084554811622078119e-02 2.785052597651552914e-02 9.727596080858588734e-02 1.000909210571530317e-01 5.000678417764912315e-02 5.391892208455135310e-02
4.134556634823915999e-02 2.638599221180416149e-03 4.793367305941242940e-02 3.479152387947203467e-02 6.679591375837438949e-02 9.176147015879559943e-02 4.374664263248791152e-02 4.888010932575306139e-02 6.390814692053002621e-02 5.056754895889976897e-02 5.690257991111386665e-02 6.068256759500605113e-02 6.286825837210928414e-02 1.956214925155400422e-02 8.140457390256129744e-02 1.817306505375808345e-02 4.179399396567459735e-02 4.539221058200372983e-04 2.162132456329962996e-02 9.279834501774038291e-02
1.856037057915201419e-02 4.430800653808411593e-02 2.000610414153765337e-02 4.773512968021709907e-02 5.271606134521777953e-02 7.552116020194597767e-02 2.563939890431668478e-02 3.081802707098315816e-02 4.123138723181928728e-02 7.955471531838423371e-02 1.025930557707191160e-01 9.529064538794068673e-02 8.099352689768074889e-03 3.107646091079429088e-02 7.816618786540498187e-02 8.457898738813635076e-02 2.738291863105500948e-02 5.279194243930721009e-02 6.775036454920845691e-03 1.047594076961420873e-01
4.796098098691861655e-02 6.862771814421290972e-03 6.754214409462611091e-02 2.943270155632259771e-02 9.872022283104885110e-02 5.521338890134830368e-02 4.752973862712109310e-02 5.078241257895247524e-02 5.405890531551849065e-02 2.261691835246677773e-02 7.483287123803633589e-02 1.956278930943138039e-02 4.823294744187186373e-02 7.468642706689844479e-02 1.024213298014671619e-01 6.909960854157858046e-02 1.037661412469213645e-01 1.269947825109408492e-02 4.976254697367366725e-02 9.792499514044721021e-02
1.358590574665218507e-02 7.035423154524560185e-02 4.302699093004514613e-02 8.472056440836064906e-02 6.407369479791816258e-02 9.745893822724838174e-02 6.298734319676553735e-03 1.047092697783157389e-01 5.984129916584481068e-02 5.809624104135593936e-02 9.203043711033667695e-02 7.443076670396357730e-02 5.693281744170302500e-02 8.715516179874568947e-02 4.581506273494127118e-02 1.325933491233466897e-02 6.731788267757539933e-03 3.269802960661149626e-03 5.064496974992243467e-02 4.316186755098639499e-02
2.192010574540070866e-02 9.144848161133614650e-02 5.188071922465123213e-03 9.956918483971625988e-02 9.441509347681345532e-02 6.339343401219004956e-03 7.474649432036069296e-02 8.842766604736948532e-02 7.698557165963240689e-02 3.489742889215099314e-02 6.600590113682297533e-02 3.089485975783236651e-02 4.210651530360668554e-02 5.164954963735537800e-03 6.959505322507779368e-02 3.133542148770485092e-02 1.140699892867897206e-02 1.375145147457494665e-02 2.568769083069938342e-02 3.794917579274637714e-02
