2.597159532010379634e-01 6.635484891232865112e-02 8.444627185136890923e-02 1.148222028577519788e-01 6.386843639590797372e-02 1.160696339792042092e-01 5.540829811148073603e-02 6.923231199648938183e-02 6.617160345174280534e-02 1.430505683678219009e-01 1.398165292263626736e-01 1.087585518660883765e-01 1.126041962956658843e-01 5.703353097454966908e-02 1.841248155623486649e-01 6.346624800732515725e-02 1.034701313471169115e-01 8.313789256692727392e-02 1.346990364844532495e-01 1.008774306879811899e-01
7.542662755712147005e-02 9.491934324219068742e-02 7.605512189050567251e-02 6.363724640635774754e-02 3.303486804888972062e-02 9.605755965975058819e-02 9.258105625875763522e-02 5.141720667561986563e-02 2.746804505694669125e-03 5.907384279765852397e-02 6.529144076993614876e-02 6.139908881380874012e-02 1.900377048590677631e-02 1.290611327451240097e-02 5.038784176941579762e-02 1.310459875837826325e-02 1.029521398269064580e-01 5.425671555587918693e-02 3.267589546232235048e-02 1.053529894677911055e-01
1.603860448463454661e-03 1.878056368326355349e-02 7.877217243779334466e-02 2.742390393704794219e-02 3.370285775776199477e-02 6.523252821666913545e-03 1.008340400303818080e-01 3.614229747016096256e-02 1.041285781614578604e-01 2.442838422971339504e-02 1.402753833198729441e-02 9.926781009682297818e-02 1.047413475860904525e-01 5.898896724165119537e-02 4.386595053128501676e-02 9.922310571847700600e-02 1.578178163377490749e-03 3.016403440949920120e-02 1.028866204390956329e-01 7.441857856528515114e-02
9.409055845721157885e-02 7.179997839997978581e-02 9.792565469205974371e-02 8.602698136366949966e-02 7.097675480399888437e-02 5.147178986851861510e-02 3.208785005127846174e-02 5.835650096670108589e-02 7.471611434195610246e-02 4.934729007882642654e-02 3.317236962924371285e-02 5.454283064178436224e-02 1.101273274922087188e-02 8.069592947666233418e-02 2.049991418823245403e-05 4.481665340838623252e-02 3.124559343090033137e-02 6.488767986078398942e-02 1.047444571200481234e-01 1.931518931808659219e-03
5.902200977041482943e-02 7.195697755168638243e-02 3.475288717770980140e-02 6.241188772015847375e-02 1.057384584705655939e-01 1.909452727762334448e-02 9.825431750585079949e-02 3.947668296972976255e-03 2.200330712224549470e-02 2.595751938295011007e-03 1.762370922371598106e-02 6.250159256390117046e-02 1.992350412961199288e-02 8.939708089532016899e-02 4.046002012744105703e-02 7.295329271498073032e-02 3.417822881300949106e-02 2.155712782556179312e-03 5.711510998504643923e-03 5.639102851202901223e-02
8.825035266844864779e-02 1.434561325804832935e-02 1.403537242875013344e-02 1.740985548780803888e-02 9.306446735135810722e-02 1.014901742955327951e-01 4.807972866094787495e-02 9.918556017806486047e-02 3.203897451281956243e-02 2.456429724332834588e-02 9.642279183136827359e-02 3.775366038657231721e-02 8.055455938131901583e-02 1.025761535346674524e-01 4.024872121116624540e-02 8.381937973548017617e-02 8.873377902748101620e-02 1.004479518644804947e-01 2.003219249397364832e-03 6.661459949641118650e-02
1.064047988577079551e-01 4.208146861707399294e-03 2.629084095996498879e-02 5.005525267197531714e-02 8.302043427908273321e-02 3.718284652332710244e-02 4.913739153818609540e-02 1.807987415509038770e-02 8.718709075608331582e-02 5.372040214618092197e-02 6.580331412581999495e-02 9.355982099522233697e-02 1.073017929714831231e-01 7.580015031502036760e-02 2.867374146947522864e-02 1.032926249412078890e-01 7.877557794118733581e-02 1.021831414390614451e-01 9.215885638428013282e-02 7.050533072280260050e-02
3.420202787656632243e-02 4.843028401009770445e-02 1.476388288215313427e-02 6.958328274095584853e-02 5.282949037001626047e-02 6.625122953169813693e-03 8.132391732901964043e-02 1.002749288967555580e-01 9.185252861291899606e-02 1.080437421152584954e-01 6.834037250285575349e-02 6.156175141947933110e-02 6.481848236217148396e-02 8.396199446193160221e-02 3.694324419720820818e-02 3.654111774297475607e-02 1.621073557498596551e-02 1.717364594539326147e-02 1.502693351498349782e-02 3.630832853445150471e-02
8.413820475167438362e-02 8.949294641056308730e-02 4.983809335836469900e-02 1.043177028199706730e-01 2.251364247891338502e-02 8.590221488677062672e-03 3.284754092578053009e-02 1.014822359618165470e-01 6.157602489969111331e-02 2.189685688862070059e-02 9.545118074707244216e-02 6.890744584099954551e-02 1.034718324040846127e-01 3.982671285702002462e-02 1.069835599572083878e-01 8.899308661277169352e-02 5.070655901633651375e-02 6.846060913535143011e-02 7.356602561374667171e-02 5.228633512218023444e-02
7.181778620584684802e-02 4.584543483204715775e-02 4.586179904079486225e-02 1.072085026742497782e-01 5.857546874557543332e-02 8.402178865987428025e-02 9.807846929954786019e-02 3.156783845394495885e-02 9.533458658866875157e-02 5.071272771317191647e-02 4.745045491728701326e-02 1.958863146427298682e-02 5.476446968057396142e-02 1.715813064442138144e-02 6.163871654289079967e-03 1.307726498541763975e-02 5.485211329370746208e-02 2.557988100929336345e-02 3.081542426620386202e-03 1.034505426396545649e-02
8.655326642730278019e-02 3.272152088529780428e-02 6.683816895293613614e-02 3.591233419211327209e-03 6.559257650455435629e-02 6.392446385315901994e-03 5.559485334255028638e-02 5.467609401221206616e-02 8.630374049557959504e-02 8.721479374044555088e-02 4.969680255015114512e-02 4.055332047915462430e-03 3.514506945685526990e-02 8.371548605580557412e-02 2.567997594080943455e-02 4.927608332017865966e-02 2.680498040392844186e-02 5.095758490259169604e-02 7.008664385489939141e-02 3.351216793559047558e-02
2.670715806546457988e-02 4.209907983234707080e-02 6.919660615643057067e-02 3.941718041330717626e-02 4.653408650958982401e-02 4.185700448364967907e-02 9.048190653329819810e-02 8.621698679661424225e-02 8.661543421960957341e-04 9.088623620028281336e-02 4.024641453022738923e-03 7.155460013562334187e-02 1.003231841448252032e-01 8.380709200627893540e-02 3.089315460417939307e-02 2.537418106431315462e-02 2.362224112842662219e-02 1.064899623303482562e-01 1.700665191589804601e-02 9.161477726965309987e-02
5.573622709395140845e-02 8.261792912548904244e-02 8.500635673430907702e-04 5.106917483989387857e-02 2.436352893845088879e-02 1.355532393170775195e-02 2.554924612429413169e-02 1.178271687393648778e-02 4.994789175992637303e-02 4.603216373586632021e-02 1.034574464227028950e-01 4.004734124715546295e-02 5.415001766580143649e-02 1.015724456901956341e-01 2.069913958227088003e-03 7.140842123181834200e-02 1.064451280385293602e-01 6.343156597744274705e-02 5.661136438206884613e-02 8.033962412536738151e-02
8.197222099170370369e-02 4.801671215623289600e-03 9.305688904350502277e-02 3.994899932259710074e-02 2.233863503320359170e-02 9.586095096885975664e-02 4.505484474587585775e-02 4.856967553717540798e-02 3.410860814235843613e-02 1.067824962325232552e-01 9.963317894468291802e-02 9.304888682963864677e-02 1.011368958905126819e-01 1.024220786247756476e-01 1.019952766717797769e-02 6.516396324899312309e-02 5.961278524225726433e-02 3.646469677383099017e-02 9.454011982979790285e-02 5.074052843345116387e-02
6.715406940742703334e-02 2.099710739994944605e-02 8.974893427554486713e-02 2.155772550849315711e-02 9.989754580019996610e-02 3.048811603829142472e-02 9.868591065079904134e-02 8.038990313506462482e-02 1.728383199899953537e-02 8.928248411358870318e-02 3.995565674813729429e-02 7.029567353204053959e-02 4.231363367035799461e-02 4.825540478018298246e-02 8.097327118007335844e-02 3.565179636783657319e-02 3.261737655213459153e-02 6.818103917392669480e-03 8.327146127593840208e-02 8.273822487292832595e-02
1.204051921176075776e-03 1.723330874066175342e-02 7.290997236731461273e-02 6.580970324552946893e-02 5.360599811044493290e-02 7.007294020056936690e-02 6.835001649231097105e-03 8.179729244764487317e-02 1.028309129938158595e-01 4.202279327378665580e-02 3.686903764905965358e-02 3.291921014090441744e-02 1.003675358347228264e-01 1.018745816114730723e-01 9.109467453225711386e-02 4.269751088848261489e-02 7.400214497638978040e-02 2.520786766090282911e-03 7.747805829980572434e-02 2.248890884104454146e-02
4.848809653387448461e-04 9.828113368012907081e-02 4.779530159937420142e-02 5.179835845208308892e-02 4.594207867552534824e-02 8.402616599798334862e-02 1.071445117264850228e-01 3.557072938913917459e-02 2.429299055375414712e-02 6.547361170414782439e-02 3.173387025853160320e-02 8.404044503867982852e-02 2.023188740357575316e-02 6.067315612059577534e-02 3.133209477024113433e-03 9.149123074025143632e-02 3.093551446871281585e-02 1.032619801412297811e-01 1.040317771957832427e-01 4.363068460823224526e-02
1.554454530200573108e-02 9.099850017600429400e-03 6.492380291258112446e-02 1.275507061622706273e-02 8.775678082492054111e-02 9.881599168276546108e-02 3.844143549874830951e-02 9.780630180669903581e-05 2.249876843735071005e-02 4.185669748924763373e-02 9.918529271545171999e-02 6.721205596008192514e-03 5.785661869973000165e-02 1.327216432586333233e-02 1.415316231487397103e-02 7.557765204312678897e-03 7.847591587746784170e-02 2.745759263555025073e-02 7.402063825822868814e-02 7.471679083400635524e-02
1.062967948594801537e-01 3.602794576861666903e-02 7.266880124211110015e-02 5.499598519219630471e-02 7.967642241759831379e-02 2.892793797322276705e-02 2.386507252497148575e-03 6.570018473798740211e-02 8.799526543397430400e-02 7.717031499727165789e-02 5.492613590950717189e-02 9.202439313953766908e-02 5.074305926100002723e-02 4.575620690895509241e-02 5.476224386825409574e-02 5.169037388075029688e-02 1.065898133023701483e-01 1.045728742337751205e-01 1.907063847479369828e-02 9.199013537211893354e-02
1.013543611168838190e-02 1.002959094272222462e-01 8.117592813109254790e-02 2.417871156846421177e-02 7.472813840553849639e-03 3.845449565886494697e-02 5.021611766263611026e-02 2.124749425589861004e-02 3.754919939024071399e-03 8.534515551636830122e-02 5.444993245577759572e-02 8.993321444316064450e-02 3.071674960862560283e-02 3.285103369558197567e-02 9.357970871780688094e-02 7.210255566850347353e-02 4.840997286624467572e-02 9.430851418008806553e-02 9.160830981965192854e-02 9.447866266738295937e-02
