2.261224753785158748e-01 1.033365902930985167e-02 3.930168236958591493e-02 6.188881594598463765e-02 8.533968488995322121e-02 1.446209338805017341e-01 9.893700046784716096e-02 8.689384763501573072e-02 8.409441531423073046e-02 3.750910085163815938e-02 2.736740398907690566e-02 1.624308130355519297e-01 7.793574164676678184e-02 8.822138042633913269e-02 5.265823185177885557e-02 7.990357115166241142e-03 1.337092272139563387e-01 1.016687427926057097e-01 8.246945084453176367e-02 1.148083457816651970e-01
1.076441993338795103e-02 2.936105890738274771e-02 6.269796368472220494e-02 6.434708947821149438e-02 5.635390201285760126e-02 2.913325478468974800e-02 5.980840090561295730e-03 3.778890360041561869e-02 1.853323236533856166e-02 6.209287662778104760e-02 6.882919181384607350e-03 3.583257977651253812e-02 3.683727765497035733e-02 1.499607747547563978e-02 7.475710864714521509e-02 4.125762658447817977e-02 8.647153910277596833e-02 8.880092516009666093e-02 3.342413444040542858e-02 6.129475239773924528e-02
9.184845135131788907e-02 5.216209085037208648e-02 6.756573820449851553e-02 9.052019171200406666e-02 6.806023950014057633e-02 7.152429063450890800e-02 1.015343647719437782e-02 8.167661685852703468e-02 6.191244024814101382e-02 3.161329260861312634e-02 5.841087286324227190e-02 1.167162893341554437e-02 5.940162590754604482e-02 9.491133104470945991e-02 5.006528054116921034e-02 9.452413200586422259e-02 5.075922382113482595e-02 7.215568043613609928e-02 7.803319094956934210e-02 2.107470897562470358e-02
1.184121871062343914e-02 8.457752207540659983e-02 6.567589404650581685e-03 1.732290863043529916e-02 7.848535277016864542e-02 1.065406075975747560e-02 8.958514539722833847e-02 1.589946753388840270e-02 2.948207565197832544e-02 4.853410823616595426e-02 9.821854708730615516e-03 7.135472747087144574e-02 4.356388077941441422e-02 2.410175709514109088e-02 2.719444684071792642e-02 6.878568310381104334e-02 2.936009480082493739e-02 7.245525442932601590e-02 1.500163610825962918e-02 7.916317569168364321e-02
6.931221736674486600e-02 1.888053528138594270e-02 1.017584411231551994e-01 9.141739080644006865e-02 1.000189423358499030e-01 9.922755329272431313e-02 2.365553980758733355e-02 7.697648729147978097e-02 5.468775307236537625e-02 1.930178862447681429e-02 9.164618153648648735e-02 2.645342591569074461e-02 7.637306376633168359e-02 4.844708265392608931e-02 9.910993626031113987e-03 3.845183191569936931e-02 1.022363414058115143e-02 1.837047117508518179e-02 4.241335656291805173e-02 9.099399306597985571e-02
7.490391486257064191e-02 9.051907040784099023e-02 6.145395855011388103e-02 4.049649025523557183e-02 2.190650395287471047e-02 3.107072279595850250e-02 7.732099311330045688e-02 7.456858618220443824e-02 4.676998021177875345e-03 9.893626982823124083e-02 6.117935132892198457e-04 9.713901380713746425e-02 9.849803004019653391e-03 4.104532235270602625e-02 2.010283333272637821e-02 4.671777776711655283e-02 7.838688553453329599e-02 9.612205822723920989e-02 4.828623902121544770e-02 1.004565241910976153e-01
1.447729244744714976e-02 8.770274684149878541e-02 7.379823858056369645e-02 4.151678518114585575e-02 1.022876162771454989e-01 4.116913733261105129e-02 1.208964223548852739e-02 9.108345948251371851e-03 3.404790916150809282e-02 9.541446072271442258e-02 4.564832476412710588e-02 9.711405714886700569e-02 2.374246057352459582e-02 1.184648500589413275e-02 7.648981003630403452e-02 6.540947195164530104e-02 9.363219538915892870e-02 7.246751560519810531e-04 1.017900856093118950e-01 5.107666264220680347e-02
1.013983987956409566e-01 9.220648717674523320e-02 3.216425135972082738e-02 3.767333440960077273e-02 5.883119305413425475e-04 3.783623257334410572e-03 3.620666735449613177e-02 8.283856659325766758e-02 2.266812653511464729e-02 4.414240543600646965e-02 2.416117640211870934e-02 8.408998957845097155e-02 2.279143370800220184e-02 8.006725040085045653e-02 2.648319914223979527e-02 1.831562040831223592e-02 4.823959494463606751e-02 5.652454947917615741e-02 8.560325807201880910e-02 5.981741213713224342e-02
1.146828646092867485e-03 6.191437243610482116e-02 9.749705353290136212e-02 3.699259104194480702e-02 4.587541907685820791e-02 8.232697155937461486e-02 8.682818867117376993e-02 2.061674548153152528e-03 9.831421953670470282e-02 9.062913746180217833e-02 4.956098677643334602e-03 2.942051993000049243e-02 9.243690471133200748e-02 7.610569065083827578e-02 5.587568451665901603e-02 1.656634781025929579e-02 9.238311576011611070e-02 5.901820995493887306e-02 2.921726939712494461e-02 1.415553664427448427e-02
9.836328487719647740e-02 5.401768001286989807e-02 3.488008917866704944e-02 7.691496336622845320e-02 5.343073647797946801e-02 4.189106461547938837e-02 3.450416051964655222e-03 2.768005806538801489e-02 1.004053394447681768e-01 5.596983851817743764e-03 9.840225837157572097e-02 3.965135702013884017e-02 8.094525936531830890e-02 8.793822412849305881e-02 7.716686291002625153e-02 8.087719519787665845e-02 8.741555422466040781e-02 7.459024075176814983e-02 9.897943821409536935e-02 5.000146693107872242e-02
6.311086878083621565e-02 3.057810158198074821e-02 3.706362956818966964e-02 6.127344883781954410e-02 1.021721088460913196e-01 9.103224430218469221e-02 6.412224828213963779e-02 3.595514808926986855e-02 9.751291246993906703e-03 7.551649848161262613e-02 7.744354180547716182e-02 6.777235662300007402e-02 5.980429528478574397e-02 4.026806261822529071e-02 2.103791192043397932e-03 3.125912007616080124e-02 5.570577812598388745e-02 4.024198868280690761e-02 8.212036928756601128e-02 8.968847258133907929e-02
1.737893760658333966e-02 4.472380347947464002e-02 4.801165558896344776e-02 5.572088671624650380e-02 2.861192649192867421e-02 9.059271225917307768e-02 4.360120779076965408e-02 7.890166411085912379e-02 1.238984135495736208e-03 3.511320245319067643e-03 3.845986909874813536e-02 5.071941547155388308e-02 9.508804952065988414e-02 9.508196855841637152e-02 2.060731484681632697e-02 3.824429414252814019e-02 1.325248568992704913e-02 8.422059453955797401e-03 1.042126062803709619e-02 3.802245494923000473e-04
1.010944618188868716e-01 4.094113648516454346e-02 9.300829894526564667e-02 2.915345355879876005e-02 2.074275434496254504e-03 6.222235773514860069e-02 3.224448613128047536e-02 8.454785546118392947e-02 1.092311741569422512e-02 8.329361411481454869e-02 2.603148837289394335e-02 6.896735642310233838e-02 2.930308713649959484e-02 1.068737020885731671e-02 3.155391703884752579e-03 3.979594026325600220e-02 4.841570574677733080e-02 1.005803531722728322e-01 1.003982559997706192e-01 5.305337835231743043e-02
2.380415667694922577e-02 5.507896727949864596e-02 5.776046091935801291e-02 8.041612075905098245e-02 9.845896900617222280e-02 8.025388262449406618e-02 1.597756688047699200e-02 9.117845453461510818e-03 4.955029925901485721e-02 1.903522349803906180e-02 6.436213586518739482e-02 7.316669793238045338e-02 8.676699044351521284e-02 4.093129192934655963e-02 2.229948949211987136e-02 2.227064150178756710e-02 2.690812656574652004e-02 3.965701081443756548e-02 9.946445460044145426e-02 9.393573673144157976e-02
1.724099220697744919e-02 6.600750542726563364e-02 2.146944924581211094e-03 3.687491454084588366e-02 2.761393983033332347e-02 1.446008918646824078e-02 6.176185166974414859e-02 4.344673113498671857e-02 4.890183230908028145e-02 4.543593726999877597e-02 5.847369073720286997e-02 8.006204130230190402e-04 6.447613740555693806e-02 2.158230574107692507e-02 6.723850826281159432e-02 6.044724429022590474e-03 7.305802996539044469e-02 3.049582758224123405e-02 2.507790409269074552e-02 5.371163724961527421e-03
8.997300088222258407e-02 6.637949568407841561e-02 5.461443831783564622e-03 7.787149770967419400e-03 2.041378328989443269e-02 6.920527079508827228e-02 2.996730843863261787e-02 4.811427974534631530e-02 3.849914871688485396e-02 6.563366460039848915e-02 2.135353125250971304e-02 3.892614655090894521e-02 5.598192611216754044e-02 6.513760386922705370e-02 1.014196830703685548e-02 3.190083384751780937e-02 8.822706811335151444e-02 7.499688643914323438e-02 9.499219755484884786e-02 6.396511124818636540e-02
9.076847983562860711e-02 5.526453571601262771e-02 5.060627346372869456e-02 4.151618972325808732e-02 4.925278188426258918e-02 1.894100469370561465e-02 5.403561889397803797e-02 6.227329281816149087e-02 1.004066199218180827e-01 3.906181960733220299e-02 1.277326370770688613e-02 1.467893167318983470e-02 2.686608503106995786e-03 6.438650317558373970e-02 8.765455507216801667e-02 4.771086837362909817e-03 4.696388588876591191e-02 1.980160755343433887e-02 4.238100940883533091e-02 2.800073222472706028e-02
6.862395209325355960e-02 9.932887501426314325e-02 3.078260502280681307e-02 8.035072543823361391e-02 3.719045893245667006e-02 7.138748300927909296e-02 1.018696569929969931e-01 1.006766815755281014e-01 9.373522147008216121e-02 1.678122774255441868e-03 1.318705845852155903e-02 9.608142673403280432e-02 8.386736470165023771e-02 6.743188121110951783e-02 8.905525687795243575e-03 8.126200584393926396e-02 2.163096458361104049e-02 1.593781466091187538e-02 6.323797607935337239e-02 4.132233942800617871e-02
7.226300997823302541e-02 3.257955203395361543e-02 3.830908041314268469e-03 1.753107883789844709e-02 1.725310292721082134e-02 5.854016656857941037e-02 3.652364378667947997e-02 9.916777808511721692e-02 2.311539706166098468e-02 7.633770055192373727e-02 5.890103883049063738e-02 7.392111872485888913e-02 7.179153049434081058e-02 9.903181850251199791e-02 5.194438797315060335e-02 8.730142256682819901e-02 7.503303196100260392e-03 5.829727811356416600e-02 5.986621588627472762e-02 7.741205676673375280e-02
3.812079617473164428e-02 8.895573259358985352e-02 8.849235783459687144e-02 6.852969001937740667e-02 7.884509948581674976e-02 9.537043660840673065e-02 3.483468836275178948e-02 4.933374730688475096e-02 4.452139984736676326e-02 7.683818914814072309e-02 5.988146613749595164e-03 9.791788543447753346e-02 6.580601348756734414e-02 4.483661710575861242e-02 6.614563078581017948e-03 1.418120134796599721e-02 1.005223299580863261e-01 5.647703674077080016e-02 7.019173249322294139e-02 8.833408178435188385e-02
