2.523283974694056631e-01 1.563353270771852821e-01 1.074313207161081141e-01 2.950429095896168682e-02 1.096515806846637686e-01 8.184975826547842559e-02 8.511607056443651342e-02 6.492728428398891749e-02 1.277245699277675950e-01 2.457607942044263971e-02 1.130222953867576902e-01 7.937309415954849068e-02 9.085944066801747432e-02 1.113349149550707344e-02 6.516540804987565327e-02 7.723452235975855618e-02 9.361680441927465457e-02 1.863079661402575193e-02 5.189177868331961568e-02 4.191175785204689225e-02
3.054318528926508458e-02 3.557455358387822536e-02 7.306205832461627747e-02 9.155796446652667009e-02 5.743376972686565097e-04 8.460896717570165482e-02 4.730677500221450171e-02 6.891261704710768821e-02 6.081844837978265389e-02 6.960800181026076394e-02 9.691892569506888391e-03 1.056281290962174380e-02 6.590229704386053877e-02 9.150915154023683828e-02 6.190618883126112332e-02 5.046291023829899830e-02 7.881605008859911277e-02 3.893810071792731808e-02 4.682723569392942958e-02 1.488098737229927131e-02
2.487527006020839870e-03 3.005290402300446820e-02 9.472656562683418047e-02 6.711179697427609170e-02 6.427097329490991107e-02 4.231511335565646403e-02 6.204314158081924990e-02 6.133450178814506271e-02 9.238308858107596722e-02 2.698372628429666215e-02 4.973863367010081943e-02 1.574393260697471916e-02 9.623465905150546673e-02 1.496725949422520602e-02 8.238346686568902288e-02 5.938758661673877726e-02 8.259366260630997270e-02 9.891311646385111955e-02 8.135059228030401546e-02 9.296819577297796289e-02
3.616682502613050021e-02 1.767810178427558013e-02 1.069676220794328961e-02 2.322337343925250444e-02 5.397992616980463142e-03 2.231445072300442114e-05 4.746697924582407579e-02 2.582593991481018161e-02 1.496073785753983081e-02 7.653356372657645068e-02 9.030778130051642094e-02 7.114190394339188483e-02 1.877835588769175695e-02 2.872123037088201297e-02 6.248951695353943681e-02 6.394277243274405775e-02 4.354781482042807683e-02 8.744630829230222446e-02 5.972498994860543642e-02 3.726711986059343812e-02
6.849122168478030681e-02 2.302216452996295321e-02 1.693216815594006386e-02 6.897704374867023869e-02 8.316202047711070133e-02 5.119334323000096498e-02 5.074826543648486288e-02 8.753645154260313033e-02 5.811570344977746994e-02 7.182307028849943542e-02 1.102577236413705523e-02 9.470498964339578440e-02 4.723835763047582598e-02 1.872676286311730776e-02 3.308179747663377718e-02 7.948383050805912786e-02 6.917291733481234842e-03 2.891652174238489373e-02 4.457104783687182437e-02 9.502386388044826993e-03
9.594071372862217340e-02 8.178979223912061225e-02 8.180179572998079462e-02 4.769290508380848170e-02 9.648199218371759922e-02 5.799423038967942839e-02 5.377343748830572256e-02 6.093587063028861606e-02 6.341230415814703980e-02 3.368188716621636075e-02 1.757800157264581900e-02 6.558560873019940451e-02 7.562967623885458179e-02 2.913778614975217826e-02 2.921202129499755884e-03 4.383968743516797328e-02 1.429846776943645252e-02 8.346637735047664208e-02 6.962680967492601569e-02 1.163808289370261810e-02
2.686987342710142265e-02 9.315746005899520898e-02 1.325973636066872866e-02 3.743492371197559843e-02 1.246397181578157154e-02 4.128774445884920118e-03 8.453526131040585423e-02 6.548014857645809150e-02 3.626946814297058591e-02 2.756171953598628502e-02 5.613800821579493366e-02 8.851746164999729771e-03 7.660611454841201318e-02 3.599938566505832965e-02 1.486518001963081995e-02 3.475720273142211131e-02 7.183617122647770192e-02 2.684386746027178812e-03 9.590877034147121671e-02 8.304839322516589795e-02
5.960217023097821865e-02 3.943900805353599964e-02 7.244253860078721241e-02 4.819163733250995257e-02 3.560341459495239974e-02 7.910645063628481133e-02 1.363125235630106152e-02 6.812913525218178279e-04 2.472304446733960756e-02 8.134943240416631083e-02 2.296001520572921173e-02 1.835980756065941355e-02 3.512814151803981405e-02 9.771242645757044487e-02 9.639521274533492147e-04 1.164799525567559307e-02 3.716059939645809801e-02 3.263871986699867084e-02 7.128459394063205168e-02 2.001541250358856994e-02
3.928619072253759781e-02 2.361651385635561706e-02 7.160441753684902710e-02 3.024066337736985854e-02 3.871729325349929085e-02 3.664341810329740240e-02 3.287853652499667101e-02 1.375481552906858765e-02 4.028505114429216383e-02 1.255920980695013475e-03 8.138872968762697613e-02 1.507678505032545961e-02 3.663487165075029334e-02 3.157050886863446010e-02 3.272334681686415309e-02 8.255055791778231900e-02 8.678155201222814349e-03 9.524342823445923478e-02 4.535082278068326700e-02 9.698824256165947122e-02
1.066200017850768046e-02 3.607880525828778551e-02 3.647689332161937331e-02 9.623474014491187334e-02 6.466516812856973329e-02 3.687473336437922106e-02 6.903345463050462871e-02 1.563436565156596167e-02 2.199493891238696319e-02 9.239546320222870313e-02 7.589684569701966865e-02 5.883722227364951429e-02 6.147694734182369836e-02 2.668581736677522187e-02 7.476838019097596655e-02 7.965512621926401637e-02 7.062356994208986161e-02 7.462061101590800050e-02 4.727289081067675980e-02 5.339663573437091609e-02
7.137372452943345491e-02 1.593664602090976226e-02 2.508954771643678947e-03 5.221319016569414551e-02 9.561138795600299112e-02 2.174842560709988712e-04 2.537708259621615156e-02 4.890770516095826331e-02 1.097247180012702640e-02 7.812658844056541776e-03 2.241418012903637763e-02 8.122050879298292614e-02 5.872930795969172335e-02 6.340417470120339460e-02 8.425756093863638607e-02 9.663469860429202418e-02 3.881202148108414685e-02 4.998970416839529363e-02 9.667795714375415628e-02 2.778972953362537565e-02
5.484100865649941398e-02 7.830376772302022337e-02 1.177373549386164821e-02 8.598445384814891457e-02 2.894788493054427717e-02 8.667329610070318574e-03 5.253035035658326635e-02 5.449463312823128736e-02 9.543869591489395621e-02 7.338519302726670412e-02 5.634911021867494013e-02 1.781498503549242690e-02 5.597773337390220955e-02 4.429809062565460975e-02 8.277952883342255819e-02 6.919828074077559454e-02 1.008778606294866848e-02 1.227570463144744828e-02 1.419209444734833604e-02 3.340577230292187533e-02
8.493691292733251963e-02 2.636481270691914958e-02 4.026544917441830101e-02 8.031004638372778170e-02 7.948378485877662103e-02 9.984379671774373799e-02 2.717310144234278552e-02 6.789121078657359143e-02 2.984913338957126058e-02 1.872236722258205019e-02 4.943953145634116808e-04 5.763352840425770007e-02 9.809815304797869784e-02 5.744199694112457621e-02 3.416332467803628176e-02 8.655529242430992642e-02 1.392881207888213568e-02 1.940384509256751905e-02 1.174254398359330168e-02 1.592403551076393550e-03
7.723565469306237219e-02 2.743489778246307673e-02 7.390152726785293065e-03 5.865427232317699247e-02 6.978436682764455057e-02 1.771491140768213443e-02 7.304256459941836643e-02 2.042431217065567017e-02 1.844318945395084786e-02 1.853770571912072285e-02 1.920400282304143488e-02 6.725675301642285164e-02 8.812350211670713640e-02 3.763994539303675002e-02 6.639405074666264450e-02 1.606525042686506380e-02 7.418980142927333876e-02 2.526890485769959366e-02 5.704398297484292689e-03 4.085843034192861156e-02
7.741382525935187886e-02 7.039213913172739923e-02 4.116334019041945069e-02 6.481289798721281969e-02 6.488167324495787425e-02 6.352146525998379756e-02 4.334161230505757800e-02 1.302681625804578275e-02 3.216861881154130937e-02 6.835803637972777402e-02 5.126673194234514924e-02 8.580290318687018580e-02 1.426312254169755968e-02 8.097363057050555035e-02 9.598747030323016849e-02 1.586056046214661189e-02 1.929624884895656672e-02 3.059345407387591489e-02 2.862106295091393707e-03 8.068502839669108861e-02
1.885345928067793178e-02 6.932114528047632340e-02 9.064168635045290190e-02 9.053285417662386425e-02 6.870109384547618686e-03 2.732619396131896750e-04 8.988020535153196100e-02 9.692346585621859634e-02 6.200525555082569279e-02 8.049250747410628681e-02 9.296071413282119833e-02 6.306095764495399381e-02 3.538666039723997042e-02 2.243390288315936371e-02 4.268676333817135460e-02 3.741095471830078317e-02 7.543128172000893028e-02 2.556030522230576946e-02 2.882170845857023878e-02 3.996561334187634373e-02
6.683528565919316829e-03 6.538344158905137760e-02 6.388990307622620379e-02 7.363185860695729834e-02 4.563694133787436075e-02 1.809905633490633756e-02 2.884799019640012230e-02 6.313741763500949067e-02 9.523651255295113860e-02 8.668111792408719762e-02 8.852588802609862029e-02 5.743941195371232711e-02 8.680132333579525239e-02 3.947668298202655808e-03 8.787999206814549324e-02 6.405101948539196344e-02 5.088015853555352686e-02 8.026770603047865549e-02 1.566211377952942893e-02 3.610375444816794899e-02
2.431054429779793205e-02 6.404081591084632985e-02 6.705300552276672287e-03 6.933016783258519333e-02 7.917004893974251278e-02 9.592520025250877991e-02 8.287034503524638414e-05 4.094737981084622253e-02 3.195621439743532438e-02 4.764336568745175526e-02 7.554241384584862995e-02 6.127021316350590718e-02 9.760267246973405864e-02 1.253442293435037651e-02 3.366913677645064912e-02 6.036276822090284183e-02 8.891852163569469170e-02 6.323367091430111275e-02 4.700028661649742479e-02 6.200486318216787140e-02
6.263916271786196428e-03 9.839086415679576536e-02 9.810885039949673869e-02 6.254761678479413278e-02 6.485174440671519214e-02 3.366307464339366590e-02 2.504194385542887411e-02 1.118923045023275699e-02 1.507053536679622309e-02 5.042451238352112924e-02 4.082140255099830743e-03 4.202636390054931281e-02 9.917170631188548802e-02 9.438773313388276742e-02 3.610581797826028366e-02 9.422006235578754552e-02 3.344526506765047730e-02 3.006453631221135681e-02 5.058503707714907816e-02 6.162757085043579774e-02
6.229215339733891466e-02 2.047480222149665810e-02 2.876546966320354948e-02 3.501069882730246940e-02 2.627988482182846974e-02 3.213892396388062875e-03 2.796874342686700432e-02 2.450669000393360802e-02 8.327465247204283993e-02 5.243146686169991577e-02 8.712282349711475415e-02 2.563097443103701592e-03 6.030133640854379307e-02 3.641189902724050603e-02 4.025494343346493198e-02 5.799180812704852334e-03 6.210647023592206356e-02 7.230542930599247187e-02 8.294250099768640805e-03 9.855695966658484242e-02
