2.339970895672336959e-01 1.509813815401706283e-01 1.247387046888809858e-01 1.282742130216845688e-01 8.467427125794203813e-02 1.632926503562755205e-01 3.074308858317588433e-02 1.194172881874058512e-01 4.338697008670663186e-02 1.293154174779890808e-01 1.426321704216039488e-01 1.670127944638117451e-02 4.779049237893698981e-02 1.225019556109262081e-01 7.711088501153201547e-02 7.540867971796462454e-02 1.177675730189998854e-01 7.598654213851141481e-02 1.169655084006971935e-01 1.543373496934609679e-01
8.508453333685281339e-02 7.250115744933194328e-02 1.755059782730837917e-02 8.712752129173807758e-02 1.005188127204514059e-01 7.535407276764469198e-02 6.994281097879197218e-02 7.033501012402507135e-02 1.187524836507308952e-02 8.353318685511766650e-02 4.167611453513481862e-02 2.476009933622139517e-02 7.463620472914801740e-02 5.744992180199109955e-02 1.436266243889233046e-02 9.263465376656923600e-02 4.021280924873980173e-02 7.694821946907158539e-02 8.529664053404542590e-02 8.342206502977762839e-02
4.868472646939878828e-02 7.571297987420999576e-02 8.578555149582101080e-02 8.693466806505950606e-02 3.415636098129363248e-03 5.414557926063277848e-02 7.346846333363522830e-02 6.730227359485201066e-02 9.879400250416363327e-02 9.915033493041076895e-02 8.561897846104848248e-03 1.645007631414173097e-02 2.620177895472884308e-02 5.265865464741243535e-02 2.762517754467216924e-02 8.674243177918096459e-02 8.989998095349571727e-02 8.139524914612879247e-02 9.228593552045569193e-02 8.356969075985171136e-02
6.267230586408815973e-02 8.344800636106673719e-02 4.449403078569117570e-02 1.012092026152419666e-01 9.167167942430526351e-02 3.709215617038035006e-04 5.448988566371897047e-02 6.200999721844967054e-03 6.297606251443479963e-02 5.062176160298407362e-02 2.943102171580621196e-03 4.819699208141339092e-02 4.227976832938060148e-02 2.887722339774841454e-02 4.536406124657061528e-02 2.483700158034156391e-02 6.206214039965367996e-02 1.723411928713364932e-02 8.837431626553533814e-02 8.010003119723081710e-02
4.474155604884821891e-02 3.204877341994127188e-02 9.204286632184460748e-02 4.042608266125024413e-02 9.928252754538070823e-02 6.351379631740275422e-03 4.526677514702377725e-03 4.267575604579256637e-02 6.610222070193194632e-02 4.860070987694004724e-02 8.737909361405993280e-02 2.468448379405099175e-02 8.357463484818090926e-02 1.527150949245863892e-02 7.570610837754790379e-02 2.796164834371146768e-02 7.913284685910064453e-02 9.717148478863554817e-02 4.773334794188831970e-02 8.649498376291508972e-02
3.516453479064782922e-02 4.837833547514686777e-02 3.907574325787384339e-02 4.145505766674070433e-04 5.691991452823457615e-02 8.371282450087308424e-02 7.498578466203546788e-02 2.811637122076714179e-02 9.118579279856521558e-02 3.799011893696945669e-02 4.845037354665630847e-02 8.992771518674180786e-02 1.137723090463148116e-02 9.465975453400186923e-02 8.715816423929075019e-02 8.145390995296146464e-02 3.579962989814983176e-02 3.892716005517896094e-02 4.813191086038815653e-02 8.889743242674826018e-02
4.860010077918741622e-02 4.092411356373344689e-02 2.839241997236293183e-02 3.487943218097816489e-02 1.419573221942788295e-02 5.857446152076772883e-02 4.473036829022180444e-02 6.825780510698041537e-02 4.904024758543832491e-02 8.684772253404603182e-02 7.199080215361822188e-02 3.883576079339418063e-02 6.769601065365123127e-02 1.233024009849036096e-02 6.846065380339761558e-03 8.949778549454584509e-02 5.695328141742485306e-02 6.868011669322064694e-02 1.464699371716499804e-02 7.783858649448222033e-02
9.883317201226284043e-02 3.909814255779583969e-02 3.113114751194002647e-02 7.735482128720128081e-02 3.817061732078553399e-02 9.059916472847019675e-02 2.105353964313264742e-02 1.013119423902083399e-01 5.250129627607272309e-02 8.981687440096414177e-02 1.696054892327015671e-03 7.127648723397683739e-02 1.013168796964735580e-01 2.001415536506922013e-02 1.013297252833426643e-01 2.074828802591723032e-03 9.406726951491131694e-02 4.847635146292320757e-02 1.565440350833797664e-02 8.082930830864745730e-02
8.013253749017870686e-02 8.115104919985581533e-02 3.458635238916399346e-02 4.616785553827264243e-02 2.309806313062023192e-02 7.507444788400469138e-02 5.299903044579777622e-02 5.346231858279961585e-02 9.311948660564066393e-02 1.624414335391385217e-02 1.238753911823891295e-02 5.367288301568721998e-02 6.612854341995449969e-02 4.628143711489388079e-02 7.515377706798325765e-03 5.562934090430503298e-02 6.739635846726287072e-02 1.514079938815074064e-02 8.985915525054656572e-02 4.654787599297391387e-02
4.014477311863853815e-02 5.572557642929262117e-02 5.870363700736698498e-02 6.792392124303937850e-02 1.645534514248682759e-02 1.328444978516728388e-02 8.337574705367466199e-02 8.739292072493140551e-02 1.014378904873742548e-01 2.963283565318149126e-02 9.963083063513107629e-02 2.136168193988422902e-03 4.392332062052087087e-03 1.659278937384216918e-02 3.973750858184548623e-02 6.285101968333925426e-02 9.286770030560478895e-02 6.700332662807205464e-02 5.685116763338026596e-02 7.625864559074925497e-02
9.009513267337793119e-02 5.505719568284617171e-02 3.784110032760645836e-02 7.837697908568698468e-02 9.819116260593095669e-02 2.840260060448583992e-02 4.360420305594906593e-02 1.750762410206740602e-02 4.227475979784594412e-02 4.666181122220400268e-02 2.844691928813719572e-02 3.518599497656239167e-02 5.120431128493813620e-03 9.745684035107048115e-02 9.108747969591396432e-02 6.265999157254234508e-02 9.387357891885073080e-02 8.111314903494680484e-02 8.288835159669390162e-02 9.988507008819990513e-03
6.022051622118441971e-02 9.673089447857699530e-02 9.317885495610633839e-02 4.717851181155813256e-02 2.898538714288963897e-02 7.297858543764906836e-02 1.452683439258399371e-02 6.370371658108679724e-02 3.939371813406637723e-03 1.261793348489275053e-02 6.688052699371095644e-03 2.062548257633805421e-02 6.171381628396870218e-03 4.720104544242899325e-02 2.759608614357976497e-02 7.047304467244537574e-02 8.436544559039910185e-02 8.274180027055805242e-02 1.390462995210460994e-03 6.991858054020487490e-02
4.864135649025171787e-02 6.877502481997100833e-03 8.913425001778568779e-02 2.427797548760995960e-02 7.528959667187458404e-02 2.031539969603951556e-02 6.141070542321954567e-02 3.042794666467394521e-02 7.005900511129828367e-03 8.869178885673061064e-02 9.123528492397545153e-02 2.239404271597193394e-02 9.671482945500879669e-02 3.143055045811783688e-02 7.007206670644336444e-02 6.413439954855414127e-02 8.194111287034271107e-02 3.210455481404845320e-03 9.495677747223356391e-02 4.888134909868728679e-03
2.657953973290108456e-03 6.734985475442015201e-02 7.092987629152576468e-02 3.433888802739838014e-02 4.824306558687968538e-02 6.940636799741253804e-02 8.023338011103624268e-02 4.032768521252920457e-02 4.422602019950922642e-02 3.063934706738990696e-02 3.123391058873891540e-02 4.273355252521059133e-02 6.363234553488125722e-02 2.660579883973076057e-02 4.806363135836996814e-02 6.714425511547264525e-02 2.347876411781200934e-02 9.167023985649830342e-02 9.863796746870419005e-03 9.443297522579038872e-02
2.050196109416622253e-02 5.698815560051776613e-02 6.252469476191371833e-02 6.995168556462379172e-02 2.227003337929274115e-02 9.278756030319457171e-02 7.865390934194282924e-02 1.183529520297294663e-02 8.786537196251074933e-02 9.079369518683265416e-02 3.393167605829443267e-02 3.349309692835318597e-02 2.196659802710007603e-02 8.912289368223572095e-02 9.427287652578568433e-02 3.679294033189227375e-02 3.794177224030205464e-02 5.757070610112485776e-02 7.481518331778203024e-02 3.045252994521986320e-02
1.725190374357039175e-02 4.572563855010133849e-03 8.973841125559980925e-02 9.495204717622787727e-03 6.005623391050385340e-02 1.011014194892085882e-01 1.515710543320278325e-02 1.192306258084251634e-02 6.075272632438255896e-03 5.204704999739017540e-02 6.371512865967013384e-02 8.992105963467317276e-02 2.637471311304382185e-02 3.266925836119360937e-02 7.147373038345496143e-02 7.596859199371532034e-02 2.270254550791972828e-04 3.522196562942487424e-02 5.988348407881525365e-02 3.278091673899530267e-02
1.127103786156485009e-02 7.271541027620870290e-02 6.477975131034713341e-02 7.558847909025942502e-02 7.183688884658975815e-02 2.106472884388262135e-02 9.952211649586006903e-02 4.448226220885831417e-02 4.546332194579622010e-02 5.355085242058302969e-02 4.092634840235682275e-02 2.566961345297785746e-02 9.003835323867095952e-02 9.234870915072244946e-02 2.394442977101699649e-02 2.892015043378313305e-02 2.757576079327661578e-02 7.228339059508120945e-02 6.000746434313191692e-03 1.331106231510629026e-02
2.204942896343240269e-02 9.509699548328651164e-02 1.000001870719353786e-01 4.317685861905613126e-02 7.236926656579438510e-02 5.721168706650758828e-02 6.299399387111277726e-02 4.502922880298219216e-02 4.017430335488775955e-02 1.685708566288042845e-02 7.186527766362722780e-02 3.105611954610845368e-02 3.455797951193323447e-02 8.607066005016975052e-02 4.062700819882387321e-02 6.811956153714002205e-02 4.166100374024549885e-02 1.002591177794930899e-01 3.180759724420496870e-02 4.118607138200409273e-02
7.887173617221060473e-02 7.391685400152341046e-02 4.891143710078266205e-02 6.680961077714969026e-03 2.312995760832304779e-02 5.836359347968803762e-02 9.209616539554832393e-02 4.080547336383084922e-02 4.569650361903707103e-02 9.644756527827688664e-02 8.640631834437315084e-02 9.502601128214577253e-02 1.433428842265889458e-02 4.463031964554145525e-02 3.255614517095919286e-02 7.603301505058612797e-02 8.046872058195485289e-02 6.600572963863769738e-02 3.485215093878971104e-02 8.213527583194450699e-02
3.449230843299515292e-02 3.967110898081761122e-02 4.913820164127241652e-02 2.133227016594562223e-02 3.280134299577314866e-02 4.671803467191304460e-02 1.851995692266999657e-02 5.252686129710574386e-02 3.535128489851620259e-02 6.670133459019494948e-02 7.928375326311629112e-02 4.966704472417813460e-02 1.035483415726007328e-02 6.100158163792371302e-02 6.809544033573093624e-02 7.193645878327670218e-02 6.744411802015036483e-02 5.677806134041075634e-03 4.100215281680096024e-02 8.656337018782973847e-02
