2.680682276493308036e-01 7.896862150780568912e-02 1.259091304374537756e-01 5.610509802263500059e-03 7.420242712891909898e-02 1.007894726832231497e-01 7.874221095375652513e-02 6.456120989237247587e-02 9.079027527522195995e-02 1.108514826929384578e-01 4.192708562444628223e-02 1.687752614275067065e-01 1.074907679815881867e-01 1.217303541987099641e-01 1.140737881665605108e-01 4.464751628039173581e-02 6.817934797286799575e-02 1.078940795672592989e-01 9.225259499331998903e-02 1.117629604443461239e-01
4.927097930827144950e-02 9.293760552166017985e-02 5.625991516437722773e-02 4.753177027383215410e-03 7.792919934877723387e-02 7.535987383391036520e-02 7.333707120423639536e-02 4.217597020628828519e-02 2.274930834546946834e-02 8.887926872508401799e-02 3.299076174196335226e-02 3.725531191346661414e-02 8.296712370329611952e-02 9.811463017752286575e-02 4.000241280547715134e-02 6.061239240568634667e-02 6.351856885599327721e-03 6.696717099818547125e-02 3.769092164443692966e-02 4.758675078975138639e-02
7.149407514742150971e-02 4.167931226043594672e-02 9.124688682866965994e-02 7.479408002255194532e-02 2.076277970915169080e-02 5.638169032658563173e-02 9.058788515557375520e-02 9.271445657538647522e-02 9.643695914793540269e-02 8.981242872481565165e-02 4.979620188397591157e-02 8.754959998330558157e-02 3.591833298164213290e-02 4.873098020172858535e-02 2.552656581054549984e-02 4.306888860085234189e-04 1.577220020368227602e-02 6.627313108252751161e-02 3.246872784773888881e-02 2.605707114574391803e-02
8.588100845171875442e-02 4.223568018045540523e-02 8.620216862870218322e-02 3.446264619971328713e-03 7.041004590871394186e-02 9.058145713382709241e-02 6.541180732658458119e-02 3.743017231588067345e-02 9.655665160112281153e-02 8.909047156141854107e-02 2.442381148938407506e-02 9.301468845785887396e-02 8.807584480107988551e-04 9.936692320185155913e-02 7.714216785591604397e-02 3.245032684216264934e-03 3.339949215758528794e-02 3.151288582822713707e-02 8.758222498239388518e-03 8.372420283654539996e-02
9.586389564882681624e-02 1.781650371366167926e-02 7.510992835326189832e-02 3.088097334782329353e-02 5.904173930357227429e-02 5.842486237521669207e-02 9.572344649048664111e-02 1.937668891187971539e-03 4.784604659384474046e-02 5.834905030865267413e-03 9.304455521166943299e-02 9.000789858222336959e-02 5.784430220523614774e-02 4.351968056387986450e-02 5.136196153631316513e-02 1.783801577431601976e-02 3.953893168979016881e-02 5.117283488526448709e-02 9.943480389642823936e-02 9.028826529859453054e-02
5.329592591682115466e-02 2.778186541313618779e-02 9.718855526833380942e-02 1.831493676319223551e-02 4.462394598497142900e-02 3.388372245627048474e-02 9.655819371700781473e-02 8.462218522860898151e-02 9.508501034815865227e-02 4.925206487438468783e-02 4.434913591694123239e-04 8.092078208584620180e-02 3.013180738237726530e-02 7.076294307771918701e-02 7.810955849483392117e-03 9.637095806542153587e-02 1.915985238507805777e-02 9.803127645299464232e-02 3.137276459240909837e-02 6.795263657111987043e-02
8.102043821864661488e-02 8.342898070802050314e-02 9.438001263157974607e-02 3.557630865862000669e-02 9.396161080384718423e-02 7.193671460011708419e-04 7.909715259809195487e-02 4.588277356750595365e-02 3.408142295130689708e-03 6.198035906775724302e-02 2.243070637398410228e-02 3.614869280884851904e-02 7.239464175705388749e-02 4.496790472221363910e-02 5.008403581445744490e-02 9.601671672095613008e-02 7.880993148962246383e-03 7.853983203158003412e-02 5.166416719561749832e-02 6.674313449714408542e-02
7.921082215771059476e-02 5.174643886338573667e-02 2.364049818522173663e-03 2.257608086803860811e-02 1.574286356777250193e-02 1.677292186123902074e-02 6.948455404110283340e-02 5.212772278979515422e-02 3.419473519308909720e-02 9.126146278161539893e-02 8.920717373645549453e-02 5.409900144941687250e-02 9.949554449801556455e-03 9.934281845796365251e-02 2.559484227834793110e-02 3.502447945289826475e-02 8.437321023950117294e-02 9.683659120062323988e-02 4.784164434698241763e-02 9.747265109316255449e-02
7.767701869093765477e-02 4.289105354950099175e-02 3.532020837586900136e-02 8.717005561689045168e-02 7.564389226927506482e-02 1.677437116214749654e-02 1.671249393849520010e-02 4.789015884662051713e-03 7.858559569061351890e-02 2.223037026459164997e-02 9.365941659974319489e-02 4.782590031287525106e-02 2.354151754717281886e-02 1.481202851651220072e-03 2.217813581581773441e-02 8.805936317941177177e-03 2.374941007497132286e-02 5.368367136263538231e-02 3.059399370602407242e-02 1.005980583801293661e-02
8.838189149788085175e-02 6.600151324400123365e-02 8.139349080626796795e-02 9.329330253852846644e-02 9.990831170769536029e-02 3.670338913078122905e-02 5.532658960358666222e-02 3.568797278191920830e-02 9.285903399070138953e-02 4.630642857102770793e-02 7.204094279536125967e-02 4.289567446559449521e-02 2.295941689653080431e-03 8.638993037615681769e-02 5.722051809923819898e-02 7.834626980175542210e-02 4.077595857344627067e-02 8.605546140730548077e-02 4.842826025611394331e-02 1.164808727517320334e-02
8.181307301099061124e-02 3.542091706297776504e-02 7.976745287228330372e-02 5.743854797542542745e-02 4.442315637902643360e-02 9.327732661637067046e-02 2.701373942598220973e-02 2.835003302124278202e-02 5.477373575339859052e-02 2.994150850737039779e-02 7.111994898565500434e-02 6.216064963539762872e-02 3.964801182572458282e-02 6.573324278964105816e-02 8.289930878456580610e-02 2.805594976194140250e-02 9.447722614377830272e-03 3.852833298648380977e-02 3.552704100277074423e-02 1.532400888616216629e-02
5.679652989456044493e-02 8.695164832543259004e-02 6.188216398222964876e-02 8.709147810253248245e-02 8.457690893509306473e-02 8.584078707737895220e-02 3.456820294412391720e-02 4.424170473275056831e-02 4.074684736089771026e-02 1.044314062945418502e-02 7.100835621636117367e-02 6.157038389214922192e-02 5.342116296882566673e-02 8.966313004793348418e-02 3.130111575379479483e-02 5.564454084110045939e-02 2.376884823601512972e-02 3.471649859214639283e-02 7.107224265730328894e-02 1.971681866987559303e-02
3.541609761315234195e-03 1.404155529878921109e-02 1.931200581702222779e-02 1.439355354126683507e-02 4.341844197282736240e-02 6.791587667631061864e-02 5.117753073965937427e-02 9.183862981342319487e-02 6.428914552422819451e-02 8.018803204516022909e-02 1.025947154004663853e-02 4.905865984853438611e-02 4.713124697091285870e-02 8.901994032630559939e-02 2.191659524017863705e-03 6.005333068745944552e-03 1.450520810063790113e-02 8.255473523907611022e-02 4.246964373634767864e-02 2.041424289941030923e-02
4.496314012165000817e-02 7.253942938575046184e-02 5.469557854454813045e-02 6.867755224602895003e-02 3.213502324646105163e-02 1.941492366463189179e-02 4.032245366420350585e-02 2.892701580756534829e-02 6.672480691181024992e-02 5.663657894965604123e-02 6.194234666579117449e-02 4.302076289724271474e-02 2.899416083372939948e-02 8.609885848428187882e-02 9.879820345675145721e-02 9.744268026722960330e-02 6.041908775820319794e-02 6.850998365344639074e-02 7.257823184979567133e-02 1.768461023843630534e-02
6.492007756858210465e-02 3.850459405389894396e-02 5.945000440891796967e-02 3.651032541088550503e-03 5.796951603767798444e-02 9.983618997755588920e-02 4.927300608096779611e-02 1.378165045734632867e-02 3.932186852221872253e-02 1.655347092448572477e-02 7.032086686474882387e-02 6.146178209514636948e-02 1.941827554693286231e-02 3.999149925244598752e-02 7.382118251399139366e-03 3.486469972900688857e-02 2.488022017243704184e-02 3.129973381079536460e-02 1.331478333786232510e-02 1.616780724791248153e-02
5.512031620679987143e-02 8.762957293451824337e-02 4.013289172189567211e-02 5.230002677874850264e-02 6.647744564031368708e-02 2.205574825094014455e-03 5.323158264144609714e-02 3.346008998557038761e-02 7.276309188548762963e-02 6.589800523437976121e-02 9.587340975446644042e-02 8.169409709058048086e-02 9.359026228116250345e-02 1.724779126968557438e-02 2.700017286790562521e-02 6.921155749262940249e-02 1.447388672691211214e-02 7.073748981688110504e-02 4.724532588965524305e-02 2.124585366961073696e-02
2.501663907559470608e-03 5.427640929227119104e-02 4.999057304164646054e-02 5.826360719709147706e-02 6.322024106236116825e-02 3.331183599500247422e-02 8.597217842597805471e-02 1.550034968712563771e-02 1.290762387796180570e-02 7.201991494051789011e-02 8.880423802195492461e-03 9.498114105715999012e-02 6.976279260212724098e-02 9.292992845403838520e-02 3.079354285609026305e-03 9.273773623676227762e-02 9.064877082235731076e-02 5.962913332648043380e-02 6.164242870334921826e-02 6.383007122743827866e-02
7.817019658829149620e-02 6.465849127229554572e-02 3.458544605528468541e-02 3.876516538167940062e-02 7.924273986003638887e-03 3.845363697093748950e-02 9.288185604218995861e-02 5.185760706841235912e-03 2.496851105304316587e-02 1.099172386880305045e-02 7.120211319936013694e-02 7.713555101541658306e-03 5.967742003758548519e-02 9.343946384306589525e-02 4.545267454295447845e-02 9.991708401693814856e-02 4.870827085655005540e-04 3.331763451656478969e-02 6.377630203373237106e-02 9.746412572237032890e-02
9.918257339199773592e-02 9.133200915988477775e-02 1.192108636790989613e-03 2.802898096596380395e-02 3.382513190548986064e-03 3.967701055986413983e-02 7.004885296358473457e-02 2.394435861397461660e-02 5.663304980096354330e-02 7.217134829191576562e-02 5.528915163772551294e-02 2.408480202878509127e-02 5.300808368922960492e-03 7.130227177133226235e-02 2.300560044517097058e-02 1.591827966520358364e-02 7.219108998020395962e-02 9.246030837770531641e-02 8.738488693015050712e-02 8.935411798261938543e-02
4.009172890265602640e-02 4.817381532150095957e-02 1.606117583568267282e-03 2.632285469633439956e-02 7.368986993001629127e-02 4.301028196764548200e-02 6.958278993969362058e-02 4.532295925346551541e-02 7.694082603344493121e-02 4.460004258547413392e-02 5.255802983799328504e-02 1.303304990894083026e-02 3.186622470170822480e-02 7.506772168412724489e-02 1.492615604021700973e-02 4.985781525669356201e-02 6.234590105671905524e-02 2.079450111468069892e-02 6.673021258974196068e-02 3.001842186511812990e-02
