2.420856286067429308e-01 8.689633520382895882e-02 1.080180942200224814e-01 1.365097542247759033e-01 1.002809331431662176e-01 5.286950879869686815e-02 1.191979644884958028e-01 2.943547691131881416e-02 3.230363490486246048e-02 5.010654057132590128e-02 8.017796910380850517e-02 3.476713038421192642e-02 8.866119347850565102e-02 1.098417209330196098e-01 1.136036405432326590e-01 9.997774385554331067e-02 1.258298810317302341e-01 1.297994678524563295e-01 7.320886452606781281e-02 3.968359514709164648e-02
3.715346158901987328e-02 1.265601520935065276e-02 5.932212353688388548e-03 7.852388598001694420e-02 5.286097967468324221e-02 3.263677089744369819e-02 2.766764237973175569e-02 8.818904137253776032e-02 6.434509516627088047e-03 4.054294622516063651e-02 5.900251668268469141e-02 5.241402418971426863e-02 2.488735748577399452e-03 1.056081521314875815e-01 3.983539559405475244e-02 3.307070027418480829e-02 2.067664311212135883e-02 9.909966495375067963e-02 5.380447361739890653e-04 2.688042218341434031e-02
2.799894436953125759e-02 1.445390981421275714e-02 5.782120866286234034e-02 3.673276755923054332e-02 9.545195531421400703e-02 8.573498811186765212e-02 6.051575102350711943e-02 5.210047456990014175e-02 8.989841300390197243e-02 5.964330632152205214e-02 8.123946413200171940e-03 1.027994242294823918e-01 9.727060603524201321e-02 6.720571950205306289e-02 2.037147238181694076e-02 1.173828025800566915e-02 7.811567765850746525e-02 7.893360920037677253e-02 5.420195346929034680e-02 7.418526757323599952e-02
3.840820482057110546e-02 6.986985806576462982e-03 3.408773072989046415e-02 9.341508121364855421e-02 8.358878011243557615e-02 6.675797229261634658e-02 7.128480360553569872e-02 1.042329372834440299e-01 6.995354912992057805e-02 8.211665448167514147e-02 2.271217406378331360e-02 5.471831933206576515e-02 4.186978681540809433e-02 6.071185546643277642e-02 6.982411186945151199e-03 5.991056715379074193e-02 7.037203508597389585e-04 5.719833411761297837e-02 1.027365412412906687e-01 8.026676187901465864e-02
8.146545689477295571e-02 1.455796706578373371e-03 9.054800055695870487e-02 2.373859219877853810e-02 2.711924971325568173e-02 2.796389495469702238e-02 4.396290646101563837e-02 1.838402271519407397e-02 8.285094899224865195e-02 5.737151365254822971e-02 5.501915747329644973e-02 8.386373658765555739e-02 6.689974635472296927e-02 7.642010124205431132e-02 9.216518282069909029e-02 1.591090932379236531e-02 4.958395329214190100e-02 2.570455149830915692e-02 1.355908319129141282e-02 2.647772706431797060e-02
7.983566030777969336e-02 4.769362200419179770e-02 7.094336618642456405e-02 3.877349604666451011e-02 4.110773274060951221e-02 2.734424956229082257e-02 6.200570699116283307e-02 1.188545828210799300e-02 9.984349127275139735e-02 2.638316375338548361e-02 8.738477616584643115e-02 7.029596042725959337e-02 5.178292636415880723e-02 2.039541502208586099e-02 7.540868492146247937e-02 3.448172965331370438e-02 9.196947589906875886e-02 5.747560517822628695e-02 8.465613803573879270e-02 5.376220707591692488e-02
2.394325083552511710e-02 2.998500493895313659e-02 7.618411163024624289e-02 4.128381968804683416e-02 5.782150855478501023e-02 3.882289336553362141e-02 4.159305942393592276e-03 8.468284832686695518e-02 9.524125887863608975e-02 2.739492979294939207e-02 8.521469796068145697e-02 4.355972738857218779e-02 3.972680303488650838e-02 8.445458160273321135e-02 2.461393837895427608e-02 2.691882863072995059e-03 6.505028274163229818e-02 4.233495585507567049e-02 5.124975012939425589e-02 8.666847472301630884e-02
1.030647349416265873e-01 4.659507822741276034e-02 1.323849120267980460e-03 7.416775502725608815e-02 5.906298502074178863e-02 2.021090148003977256e-03 1.342274934678538978e-02 6.447122008800738879e-02 7.917112361998951409e-02 3.558821171585187671e-03 7.890018555194973360e-02 2.422399524511096094e-02 8.872166224018010472e-02 3.428815925040024776e-02 1.020791862310882064e-01 8.227611236323703614e-02 3.377306014371161957e-02 6.878370560278206092e-02 5.323106815575992523e-02 4.552565009864836809e-02
1.045260180563267471e-01 9.583192007967065995e-02 8.034138214411709611e-02 3.376643488944056602e-03 2.716520432336905905e-02 9.652336463495886712e-03 6.126316913829740057e-02 3.556452739191186263e-02 3.198269374521762326e-02 5.619748498695661260e-02 9.215810336138770958e-03 6.107107184033749858e-02 9.464592541460217778e-02 5.210280271295839732e-02 8.391605381524039342e-02 4.374087635905363203e-02 8.563892359574053204e-02 3.693716596739136243e-02 8.045487056594746722e-02 8.177573311527852606e-02
6.749663345884079901e-02 1.008162942773562221e-01 9.667922800733232125e-02 2.427764580802381847e-02 5.803103596940045739e-02 3.891175698142880501e-02 1.038067939017246200e-01 5.198751487741500033e-02 5.496124321311431776e-02 6.854093552746756690e-02 8.802119070103615883e-02 2.503786822094610995e-02 6.730742691904016695e-02 8.799173678119530384e-02 6.359418559835735424e-03 2.240640504300014848e-03 1.305876841932659786e-02 3.608925712588829243e-02 9.948102791615187623e-02 1.415820369411432576e-03
7.113903220768781621e-02 1.775539702146320883e-02 7.730500168250642457e-02 5.325406404300222184e-03 8.950473652680263070e-02 8.234523681631003567e-02 7.936180177552815129e-02 8.255746118972529315e-03 2.430818188929675591e-02 5.127556242114373469e-02 4.007773951736536000e-02 5.458407861927740828e-02 6.199278060874776480e-03 4.253250894848921437e-02 5.438251609244910273e-02 2.258408477451261803e-02 4.764653234561903872e-02 7.276945316320308776e-02 1.055218570060841438e-01 5.298933078625692183e-02
7.589446687433433480e-02 2.697097370472135644e-02 9.440337067300395846e-02 8.409717848032667240e-03 9.224006136334694794e-02 5.478163972276871990e-02 6.142385679920175923e-02 2.179815341878307833e-02 2.055274837832950577e-02 1.578347773817075431e-02 5.435772247268864411e-03 3.601254719414976463e-02 3.118247158300235453e-02 5.080077549125699282e-02 1.075902033341052597e-02 1.775402677449360381e-02 1.920342608878135206e-04 8.453642270094744240e-03 5.516474308393563841e-02 3.665730657066320480e-02
8.735312324789043514e-02 5.561318197378542320e-03 4.272664682187365948e-02 2.574650372301090506e-02 5.792279497966038027e-02 1.035629871107228775e-02 5.730782505301054014e-02 3.554759232653045831e-02 8.714576072297967879e-03 8.828365913468748383e-02 2.518402194831277641e-02 3.235093810079329307e-02 2.152363793666447339e-02 7.190213340788065288e-02 8.645134042679282482e-03 8.245640543261395505e-02 9.168898227071077545e-02 1.769704307837690477e-02 8.335822025567164728e-02 1.799114495829777158e-02
8.333052317717434820e-02 3.684698831241945555e-02 3.361917340488895095e-02 8.334185751138402376e-02 9.250213629851669617e-02 5.333760325487236359e-02 6.612228965125895030e-02 5.831727378947015872e-02 1.316040868079211730e-02 9.126278668962842233e-02 2.197539399820519143e-02 4.629939996910315686e-02 8.313613378407762322e-02 9.232834884457186142e-02 5.938887709499909850e-02 9.907164841018359369e-02 5.280852065314825539e-02 8.399485045823608387e-02 3.069849079535560900e-04 2.284842133608138912e-02
1.056564536546390765e-01 9.673638520765949489e-03 5.824226200520060681e-02 4.299165443113188260e-03 5.561800910691826888e-02 8.332123417915689167e-02 4.888033663140382845e-02 6.110489312815641644e-02 2.927849526124268534e-02 2.222730559553035001e-02 4.669936286787889496e-02 7.355476179479597532e-02 2.641473487544305360e-02 6.483669692874897972e-02 1.328409715108351541e-02 6.787451964088878076e-02 8.338938196820683268e-02 5.839217874859224666e-02 1.691955353844438320e-02 6.188171783521821678e-02
6.246501404311025074e-02 5.116873697209243371e-02 4.206685121469035810e-02 4.344617652856920531e-02 8.085170548490980269e-02 3.585632838475225070e-02 7.343541009055577773e-02 8.182069040865032339e-02 5.424300230548659979e-02 9.226396645787382500e-02 4.291295991941291438e-02 9.209100739083123099e-02 9.793929090678568650e-02 5.111687811730603048e-02 4.869863902256036520e-02 3.018542591232288921e-02 4.029213858941992771e-02 2.843322188435586789e-02 1.065584700289469271e-02 1.010552879817668975e-01
9.358059213530586784e-02 4.878166387383511132e-02 6.452289484787485270e-03 7.763262658701378972e-04 1.027730567772780351e-01 1.344766472830207817e-02 5.803596962134006942e-02 7.988962763083833074e-02 6.670002494138534133e-02 8.603965065394737766e-02 9.311866129510874834e-02 1.011651331004402854e-01 8.184369250860906719e-02 5.361070710149051094e-02 2.939606176863535439e-02 8.908485853052611203e-02 7.413728258138885252e-02 2.541525370077300783e-02 7.409070387330504714e-03 3.954503740667242306e-02
5.273511672207701478e-02 6.977061805068992921e-03 7.861950361401358334e-02 3.708659222701733010e-02 8.691427361425625719e-02 9.659680245230076179e-02 4.320109402960557038e-02 3.633698993472701116e-02 3.066287562150632473e-02 6.977948391859382059e-03 1.035944597524343230e-01 5.335921820262300164e-02 9.505534550470326818e-03 1.804039814151390045e-02 8.827592876294559909e-02 8.934919790330328460e-02 6.753269205569403799e-02 3.524378557423981512e-02 1.049165315667139470e-01 7.040070519541884175e-02
8.735458107410898343e-02 4.095582950135257666e-02 7.828636851609106773e-02 4.377358998222691255e-02 3.119130186527466903e-02 1.631762980473674268e-02 9.550614883419948631e-02 8.636070718077309971e-02 2.027159170051287540e-02 2.015936412820428306e-02 7.403533335837754470e-02 1.004709350652672750e-01 4.326965979968688814e-02 7.187815043044179508e-02 8.522492319237639363e-03 7.467946770128859602e-02 8.668060909704541905e-02 6.641600964045017708e-02 4.588297997306928222e-02 5.725360176091520009e-02
4.617998500924339056e-02 2.648769018659796054e-02 7.111661749732119293e-03 8.564518880392892053e-02 6.814326383793421760e-02 8.902513650258314995e-03 4.148564181773591389e-03 1.949938789615787813e-04 1.667542690078355552e-02 4.260945388103515308e-02 5.336202462099834398e-02 4.510881223015868191e-02 3.903679241437314068e-02 2.399651598547166732e-03 5.096983992121639773e-02 1.268553012684403743e-02 3.582858154989067984e-02 5.394577129277650096e-02 6.410260332790038151e-02 4.059869967810296465e-02
