3.074369468355914736e-01 1.956421368089266213e-02 9.338787922176808309e-02 1.124611192213084421e-01 1.023851691674062814e-01 5.044323715144920228e-02 9.306587908308716628e-02 1.599838548567575347e-01 1.000636010319356367e-01 1.147236553761553368e-01 4.580456577270840268e-02 8.658629837847611754e-02 9.332850991676670815e-02 6.142960996462609041e-02 1.028209256391824505e-01 1.374536415228837516e-01 9.126923172295429987e-02 1.088878382025215003e-01 1.192580064537818174e-01 9.441441121745339227e-02
8.030837151018994924e-02 5.806286464245584422e-02 7.630164124902270861e-02 5.060896063649034798e-02 4.035298139200849121e-02 6.015151869677474311e-02 3.562461441663389988e-02 3.365018809210664191e-03 3.950187905956425993e-02 6.163915315504534670e-02 8.845604953683967875e-02 9.546794035013589363e-02 2.717770182599701587e-02 2.996058618813565722e-02 5.548215269268992611e-02 5.893051304213562519e-02 1.072637488414881352e-02 2.916895437115759118e-02 3.324671110534802021e-02 3.206461017480102121e-02
5.294163233525101334e-03 3.162019533118479164e-02 3.070623369534576305e-02 8.409081075250839088e-02 3.457425652535698474e-02 1.035932954956257993e-02 2.493716511714605399e-02 9.514671300159875666e-02 1.868882080502451762e-02 9.115837796431473794e-02 7.230614971988347239e-02 5.301855169329675738e-02 9.219991502270911965e-02 7.723409269181516490e-02 4.078806775311212725e-03 7.283782887855623500e-02 7.782446355139756300e-02 6.118816410147514401e-02 6.601341882948578987e-02 4.517918725073506725e-02
5.712885489242359310e-02 7.309487631448563505e-02 7.843524794653249088e-02 8.683162520428543141e-02 2.833565575644300324e-02 9.307940582933837970e-02 3.030299115777016286e-02 2.049626205632319384e-02 4.266415905734425446e-02 9.093590746513997847e-02 5.393011391881399191e-02 4.776771156724465839e-02 8.130533726185154575e-02 7.347819361393997939e-02 1.015440868869299795e-01 8.433641891750698338e-02 1.014895132586594723e-01 5.363468548691289334e-02 5.277608031699713986e-02 5.897348655131960139e-03
8.702839154632116547e-02 7.256392983154337506e-02 2.477495769454245156e-02 9.394882367130940465e-03 6.097331412039908721e-02 8.503363475142371175e-02 5.956520759419352273e-02 6.009490790026647544e-02 8.220438379158057085e-02 8.938950999659074246e-04 6.887860411834687870e-03 8.521629397044314103e-02 2.501821703499904591e-03 8.795154055052069320e-02 5.495964823235732766e-02 1.976802299576075478e-02 4.354372478360472171e-02 8.464210754234972878e-03 8.374815932961168774e-02 6.224661380091654761e-02
1.953897404069409455e-02 3.364857732938656559e-02 1.889141571786569912e-02 3.986000721897101085e-02 8.399944110227529348e-02 5.660365150576050081e-02 3.400099555391875028e-02 7.742131908988014732e-02 1.004445647479833420e-01 5.306456488864578352e-03 3.925952181529413637e-02 1.020883644114243677e-01 8.513092926153349727e-02 4.884466447524289656e-02 1.001699724053757984e-01 8.908238451185747364e-03 6.694555638780529117e-02 3.437818800398614177e-02 3.526719059048705890e-02 3.793545514240823785e-02
3.555527928698568735e-02 6.813125627005657201e-03 4.337303139924686413e-02 1.925729943107724537e-02 4.298206968546248313e-02 5.429953786757685946e-02 9.855006994717729896e-02 8.557379785824452759e-03 8.315254109826685294e-03 6.129302017575023048e-02 1.257088763824784627e-02 2.468806157829917317e-02 2.715372445990071448e-03 2.321433486492817735e-02 3.634526753047850542e-03 3.881533075576060199e-02 6.679389767236518227e-03 5.683922224099927784e-02 3.802507123532344879e-02 4.040334690085763125e-02
6.386403544823662792e-02 1.012928940569005620e-01 1.370747135484326647e-02 1.452381092765529444e-02 5.430890190910909326e-03 6.097062903009457802e-02 7.673858970466032603e-02 6.343230631830071298e-02 6.747634010654904313e-02 5.289318297877008100e-03 3.725973141970573277e-02 7.609595318301505540e-02 9.700623500851777992e-02 8.411854868953334841e-02 2.604613171679391603e-02 1.699668465522201008e-02 9.753908369595729044e-02 8.128149401601535151e-02 4.719899428418297682e-02 7.366986936232482186e-02
4.097383358947072340e-02 7.888375320397571222e-02 1.646476792849949425e-02 8.160362915187496791e-02 3.693954273457333848e-02 8.203414943667859671e-02 6.760036634945863765e-02 8.391030280040062683e-02 5.601005867167462883e-03 7.504750596003927077e-02 8.878109249073355691e-02 9.391867073703191737e-02 3.963665126793591148e-02 8.297113064647614056e-02 9.146875662885393943e-02 1.006281446431561144e-01 3.538649470125140167e-02 1.944326162041477152e-02 3.903812561797227743e-02 2.239847908933606871e-02
4.324718726727275891e-02 6.840607566462865441e-02 1.502731278959197440e-02 6.889213125863725973e-02 7.555041307530881156e-02 6.368697590923382001e-02 1.309618568128839873e-02 2.727948559480659289e-03 1.111124820280100407e-02 2.494589248069324292e-02 2.575835969342407661e-02 7.454701600889884934e-03 4.909284261732339144e-02 4.681292177347118333e-02 6.735193942945823242e-02 7.403997868047190734e-02 5.261666150678796783e-02 7.019495784910870229e-02 7.009281806579102658e-02 9.028810182226927605e-02
8.818849319717807916e-03 2.925792890132002111e-02 8.263270640101491593e-02 8.006309746570638985e-02 3.016236417132130143e-02 5.563238609996298822e-02 7.030983738002688499e-02 7.109532937817578113e-02 2.350313917166140659e-02 4.910708186393958341e-02 1.473588503689962637e-02 3.166126822777978050e-02 4.408747727982445519e-02 8.526813590606129034e-02 5.759353118243679820e-02 1.350182600527823421e-02 8.643440768391597029e-02 5.948063764867301401e-03 5.956142493452919184e-02 9.152511040822407240e-02
1.306308971754405884e-02 4.627917473669752174e-02 5.883068978633571033e-02 5.148831479169383579e-02 3.265545277159605936e-02 6.977011359366827592e-02 7.821048328358209956e-02 4.277403307766982840e-03 3.146129516063875253e-02 4.943324159658201572e-02 6.484483676910544891e-02 3.412345116008069692e-03 4.354412527338312466e-02 9.169192219007887834e-03 7.733016504226498944e-02 6.787250380530919502e-02 2.628988033915739125e-02 8.100254282127659911e-02 7.697522648063881423e-02 8.097643890017257318e-02
4.434392078824321570e-02 8.856331954147647623e-02 4.570011992094237530e-02 8.081369256469631002e-02 4.430008294018049353e-02 4.269339377373704801e-03 7.341305494737757065e-03 8.210182597330477339e-02 9.786352858437832869e-02 4.214846245020842375e-02 6.297205752353349228e-02 4.953954390739322838e-02 9.249313522711621882e-02 2.228193623214871216e-02 8.464490191932488861e-02 1.225458494798492733e-02 2.190578328950508642e-03 1.293113279506314826e-03 9.860065203341875084e-02 2.970511021682425284e-03
3.691323403355686872e-02 6.270373966167047675e-02 6.462208386909838731e-02 6.187617018786858297e-02 8.943131164404069522e-02 9.897381720118164986e-03 7.193984907664095763e-02 9.535569862979033362e-02 4.127048468543861870e-02 4.858344527952224157e-02 3.748182564249853688e-02 4.239003145575496317e-02 2.374991700235465700e-02 1.770460265336668698e-02 8.013812966716488129e-02 7.755710817028232257e-03 4.699203980663956004e-02 8.473225702013997829e-02 2.205761659151795478e-02 9.479754773282486613e-02
5.860269198883764907e-02 3.386006042952659917e-02 3.105931685166391648e-02 5.134928858402010993e-02 4.537272102178745159e-02 2.808576102780763889e-02 6.122873045920438489e-02 9.704825069306166618e-02 8.639339516279770023e-03 3.558034629195335613e-02 6.034618782153009647e-02 7.719492180683372451e-02 5.529360359434337679e-02 2.035708587996090668e-02 8.132972486795922440e-02 4.888051754650053760e-02 2.486909629544756251e-02 6.623581317027836535e-02 4.538298020633194096e-02 9.070557335228632972e-03
2.593252019666495573e-02 6.752489462122285291e-02 7.067474685537353252e-02 1.786781056640875109e-02 3.576095617527150217e-02 1.239298607979321190e-02 5.390172489483684853e-02 2.540727361997536030e-02 9.328527736101897838e-02 4.849916575609876726e-03 2.542673589097444592e-02 6.435477576401231470e-02 9.223959911600750072e-03 9.170402830597929045e-02 5.260376933438293962e-02 1.848952789713034436e-02 2.186500721818982612e-02 5.085808798017178028e-02 3.759435632441924385e-02 5.458631768797042594e-02
3.217526898138824837e-02 2.067774175998242023e-02 4.125810918304655128e-02 4.396157072974898883e-02 6.368058306356778886e-02 9.076923169553553772e-02 5.269511424152423934e-02 3.630446041680578106e-03 8.019542833009953020e-02 7.826288563390244868e-02 8.422596917279551176e-02 1.247728650449040147e-02 2.919094742347885102e-02 9.719989743222604006e-02 4.294638072790571415e-02 3.465965436046484355e-02 4.187577605513163187e-02 5.728854121591472198e-02 8.372778482302629943e-02 9.711013140821391984e-03
9.040277067607277450e-02 1.406958950512163763e-02 1.883578518188436593e-02 3.439712426880538187e-02 5.608181508720361252e-02 5.586651200816444146e-02 2.436745416837983458e-02 7.595303255364251049e-02 9.057998467311371982e-02 7.020664397263236267e-02 9.849727557293370961e-02 5.730650952110066115e-02 2.209150593464893550e-02 9.822024637817333703e-02 1.589774821765317300e-02 2.874066618221470665e-02 4.498561046037400507e-02 8.352579450922634208e-02 4.046693123537012382e-02 9.409801452976088165e-02
9.208334481535811536e-03 1.002041969490297252e-01 1.295970928866045820e-02 6.258643075407059608e-02 2.611674395585899047e-02 4.572817036234383403e-02 7.371117962979759075e-02 9.028174518632710310e-02 7.700818519275520746e-02 4.227257295865152753e-02 5.015050069969560764e-02 4.462643294135588967e-02 7.029744890756474407e-02 3.390365588810118069e-02 8.343868039101581813e-02 2.237738931141675103e-02 1.901601239164851798e-02 8.255445010718026611e-02 4.651448437689997134e-02 5.448140222307180924e-02
3.223589970573011165e-02 5.813859755652551337e-02 8.365308173059908536e-02 5.541269276428159585e-02 3.523011059752831353e-02 9.163122831959708003e-02 3.840777878085427366e-02 2.696245659425459615e-02 4.192386409857162127e-02 9.067645419523737149e-02 8.519217373269870330e-02 5.896916677416022545e-02 8.622662329994747188e-02 1.718564265739880650e-02 2.685367455310776544e-02 1.017264873418880222e-01 5.864450663131139108e-02 2.637640670838509172e-02 6.902461622748981562e-02 8.752643022855856325e-02
