2.756244412593094606e-01 1.460730661828749666e-01 1.427974623310557245e-01 3.872066374620356660e-02 7.538345344666458336e-02 7.761713240341588937e-02 7.437876303135496081e-02 7.123003734787827779e-02 1.038606301580768110e-01 1.397153608702660643e-01 1.609861150292286047e-01 1.295772329905852116e-01 4.997811131124561823e-02 1.477836186379255234e-01 8.448909392961266585e-02 6.738409009724780074e-02 1.221898551629320151e-01 3.416358709996451803e-02 1.251624469974854936e-01 7.475456062895741161e-02
7.453055317150071579e-02 4.609056503542698080e-02 1.436735120946508286e-02 3.773745055956718303e-02 1.022970600667521546e-01 3.349016767485755997e-02 6.800400542014790883e-02 8.178592499328278531e-02 7.371553039949138575e-02 8.617770810054813102e-02 2.553498299707159663e-03 7.315739293194793713e-02 5.050620162015568952e-03 1.101688905767550172e-02 2.688755985544973373e-02 1.011909199206808829e-01 1.808328204169589934e-02 4.501277378151110481e-02 4.662740197286575905e-02 1.042100763868968605e-01
3.430327574949951219e-02 7.464180794693671059e-03 5.900521486877566280e-02 8.283633335359695538e-02 9.002732873223988352e-02 8.204993960970950739e-02 4.931179757772630179e-02 5.987230014174641131e-03 2.047600668068545043e-02 8.614498793217865991e-02 1.490684341655998217e-02 1.009320753468018472e-01 2.156125194006171426e-03 5.341652956787162898e-02 3.458808567211212048e-02 7.116930127930080896e-02 8.000451398568389494e-02 7.552454005247262459e-02 7.190218806945718188e-02 7.018469195435010632e-02
1.010320725761681693e-01 1.018856009460033518e-01 7.878144613127753548e-02 1.002861384145588008e-01 1.191701934609079409e-02 4.252909158230477882e-02 1.653493260730148906e-02 5.716536585960321770e-02 1.007008702563102903e-01 9.410159425332564886e-02 9.543817199036397358e-02 9.683947576805196356e-02 7.032109625389712515e-02 6.249651171391040066e-02 5.486988352796550589e-02 3.554122590430675716e-02 5.360465128011949326e-02 7.368731780283650952e-03 9.159550189843360113e-02 2.308235659988541744e-02
4.812921151184359342e-02 5.168237148946516757e-02 1.000905534601836608e-02 7.623685739456982635e-02 4.257057384502469649e-02 7.846527715182380347e-02 8.869363908934904672e-02 1.302642646719438108e-02 3.819382118732637249e-02 3.644870923382730749e-02 3.021089456788357899e-02 9.172234594174860645e-02 1.926875640491063817e-03 2.289245461845759722e-02 4.158714949127562815e-02 4.720585857769030863e-02 6.713492634709891660e-02 8.289659783145877925e-02 1.368372576615236452e-02 2.270595246094596342e-02
6.843116728614977162e-02 2.033338624780698517e-03 1.207560668747251556e-02 1.040462462004124351e-02 1.631565872264571782e-02 5.111350716292722973e-02 4.449482836681176168e-02 8.845821765648222146e-02 4.219480916245457042e-02 3.219581638282016656e-02 1.589787189055450259e-02 1.893214995148785260e-02 1.360186411221445991e-02 5.584272951541054131e-02 9.613433305472647572e-02 8.828339648309171950e-02 3.964862446685804565e-02 2.736039478506361797e-02 5.012833225951631583e-02 2.467255183331514348e-02
6.150859022273585941e-02 9.886516553638757809e-02 3.556448558241698255e-02 6.124853398382117814e-02 9.968471816026927904e-03 3.920309186597206036e-02 1.062478366506546812e-01 4.699619013364642744e-02 4.166337512982889665e-03 4.565536892954865505e-02 8.013852934756942117e-03 9.142708100706525842e-02 6.612687203670357394e-02 2.292034858132381211e-02 4.912443138603474202e-02 7.998666929143144477e-02 9.531596780479917319e-02 5.918128341780803242e-02 7.773330054272602208e-02 6.977646376623246154e-03
5.116570052388613732e-02 6.369339201686925744e-02 3.260600367750227102e-02 2.358913878693100295e-03 7.470089399269508323e-02 9.727171683980190275e-02 7.900797165101369757e-02 3.553940799172612686e-02 6.705423684884360969e-02 9.051819208342466554e-04 7.077412261323634546e-02 5.969430960644545037e-02 4.077546008710108971e-02 7.774836598801689903e-03 9.843150688993877739e-02 2.053057186868897585e-02 5.221167141040223419e-02 2.257041132218909861e-03 3.768180237974031593e-02 4.974738092755535968e-02
1.412836414174058544e-02 7.304026939180532745e-03 8.356416622484579004e-02 5.507581183404275382e-02 3.539339375967947426e-02 4.823098862010467142e-02 2.973688814088569499e-02 9.494382097793642450e-02 2.231463979538692022e-02 5.950099555203558488e-02 4.787143541897691951e-02 9.655987771278663756e-02 6.873806699452167379e-02 4.145548919287837114e-02 1.059680750100237129e-01 5.962046944501239731e-02 8.861794347487840506e-02 9.452733547827386895e-02 7.920050537442155369e-02 8.711025694153168297e-02
9.738721806658708069e-02 3.819353690768041015e-02 7.519605027562673016e-02 5.805606539213265666e-02 9.082141129184349848e-02 9.336284922011285625e-02 5.648287532110050219e-02 7.047127120521588794e-02 6.764246780007095172e-02 7.453797106394081939e-02 9.338088561435461954e-03 6.596563651623642797e-03 3.586471922559463649e-02 7.110971273261239289e-02 5.233588214555214002e-02 4.260473598024624303e-02 7.155020348860528789e-02 3.439883284239633743e-02 8.821977254080243247e-02 6.237635788684102456e-02
1.262040752230838940e-02 9.668015790606360182e-02 1.409916232938617604e-03 6.937977978541795543e-02 2.712237822783453850e-02 6.662208682880149668e-02 2.853641687822689940e-02 8.940835892866753898e-02 9.008789337300585065e-02 7.387103068314662679e-02 2.299448384538243725e-02 1.038901733986112574e-01 1.012707416146829686e-01 7.615671987348184013e-02 2.830229505800459580e-02 4.491035937739027567e-02 3.164135401166799644e-02 1.327098476024510601e-02 9.070155351420713941e-02 8.769636011795116370e-02
1.349238366435636174e-02 1.709648606586329500e-02 1.873934097197058404e-02 6.461039659390249885e-03 1.002638424281955820e-01 2.243628448461125122e-02 9.300473245834975367e-02 6.648280493777697364e-02 2.749925146251339797e-02 4.766204784959066076e-02 6.351646387274605121e-02 8.567623321340964160e-02 3.030313947817590142e-02 1.203547282213247339e-02 1.263755058499801444e-02 6.194157047197693805e-02 1.035410527136311071e-01 7.389237755931963615e-03 2.373821568725493006e-02 9.219009445176945539e-02
3.700491014070468598e-02 6.980544271990563043e-02 5.486282814629035720e-02 1.449280730676722785e-02 2.227896609034261260e-02 7.595295152668460337e-02 1.813991500875862181e-02 7.180960814311612705e-02 1.702891846178137408e-02 3.639911544288557815e-02 8.967939503710299631e-02 4.569393264976584490e-02 4.225374936119517116e-02 4.674353409302272472e-02 7.561800589554062979e-02 3.713136193681353114e-02 4.548429527844987524e-02 2.565726664312316385e-02 5.553254221997071943e-02 8.854617145055124205e-02
3.118563037413724093e-02 4.514808008479106322e-02 7.015429994749748654e-02 2.120253440850726478e-02 4.339163986230414743e-02 4.640537039573772865e-02 9.979039412046897262e-02 7.322328757442665703e-02 5.635046088999141889e-02 2.344183504373957561e-02 5.430727961037037227e-02 1.014643578461746493e-01 2.817945531710401921e-02 8.401752931445946593e-02 5.631737304779970733e-03 7.697502157982236137e-02 2.248051156285255439e-02 8.085294243190238594e-02 9.438668541992342731e-02 3.255868378079354586e-02
7.858597909582874796e-02 1.059703101331320313e-01 5.351897141522484608e-02 2.933571729948647802e-02 5.109190464140087040e-02 4.108454043626759531e-04 2.820433143741472165e-02 7.243929805884304074e-02 7.856983267508887980e-03 6.675274013529945705e-02 4.775176227559090741e-02 4.816699942736035051e-02 1.046536188706513881e-01 4.806018136598699808e-02 2.498105805952553771e-02 6.890719475305143171e-02 2.744813249635902341e-02 1.175872505808090059e-02 6.588893719862543019e-02 1.908284194060386185e-02
2.827440908314655249e-02 2.207005051732992273e-02 5.169899153921171664e-02 7.763548148064151888e-02 8.206524222865895640e-03 2.710049993804570373e-02 5.831668022990833117e-02 8.158172700513752207e-02 4.886569618298539780e-02 8.835301208411458496e-02 7.670764870597915341e-02 8.503869630929231094e-02 7.415136606389134688e-02 5.490701118812347375e-02 8.880305112194009087e-02 9.093707886391459716e-02 1.023843199276143479e-01 1.245930423901070840e-03 4.288965429751736419e-02 3.827322728368566518e-02
7.024918108256975047e-02 1.932388632432435749e-02 8.820795628146056722e-02 8.006149540080696736e-02 2.103859659266898996e-02 2.108556934931397550e-02 8.517890353342547072e-02 3.641529047254783019e-02 3.769500643278870383e-02 8.063614860626810987e-02 4.564969391130485610e-02 1.054658422916767008e-01 7.051097815782395029e-02 4.435008986282953578e-03 1.864271097472807240e-02 4.040521008722579299e-02 6.724817446757799799e-02 9.021636068502336681e-02 6.175399135474531759e-02 2.254860007171249903e-02
9.624645065685900891e-02 9.248282134653927622e-02 3.310886599487691991e-03 1.405575067652349228e-02 6.388412077287319857e-02 6.549455974361080568e-02 1.112582795127077355e-02 6.418873115946295560e-02 4.283786183805626466e-03 2.961345012077683594e-02 7.697376644051810712e-02 7.049661800554089808e-02 3.562701077693960355e-02 1.003940117266817894e-01 8.657304115119416818e-03 4.262390889857526483e-02 7.484674203052618657e-02 8.618772737159341446e-02 5.002932511138166727e-02 9.988209451947294149e-02
1.485994801752096514e-02 7.687765539083643573e-02 4.449736452130972561e-03 5.606529993298524361e-02 2.596930720351623562e-02 7.845532746074522501e-02 9.302552674185912696e-02 8.051525992423279321e-02 9.118961245239107227e-02 7.290687124319990275e-02 3.747881595495722307e-02 2.030781621861136796e-02 9.830788389271588601e-02 8.925808475432162959e-04 6.686233920219662730e-02 3.388700739928804384e-02 7.365888837136108647e-02 1.037253375189711030e-02 1.049204146903344598e-01 5.496061955721974479e-02
6.911034574375345130e-02 2.980360504323600196e-02 1.032859850078709507e-01 8.748001229431907888e-02 1.049075061231576345e-01 4.092862930949776878e-02 1.412441241622943919e-02 8.070592460832452797e-02 1.015089225225335873e-01 5.839895775221019825e-02 5.873690174587384294e-02 5.198852390694763681e-02 1.611910997288542105e-02 7.215169708810462157e-02 3.836418979508209731e-02 7.809155660075303707e-02 1.808944224262383146e-02 6.193093865832380307e-02 5.042144794105777456e-02 7.311914180973592969e-02
