2.212171813440068358e-01 1.244222324080200004e-01 1.016320009500444876e-01 6.609048234072781303e-02 1.036731840670084143e-01 7.343457467210046108e-02 1.106404911074678477e-01 1.156455074640755226e-01 1.092329084487857621e-01 1.386677902418362307e-01 5.263047960334007319e-02 6.274362557769373738e-02 1.659629765398250301e-02 1.121997344828893350e-01 1.586551906730079842e-01 1.180506408800817697e-01 1.309310406139453375e-01 7.875858034581909028e-02 5.251978777297217071e-02 1.363573240991392266e-01
3.525823493504062073e-02 6.857946829943717404e-02 6.335858160931040831e-03 3.858713613379902846e-02 9.760401956685411939e-02 6.959645896198508180e-03 2.864747881500521315e-02 3.097437697715663824e-02 7.684440258792069045e-02 5.496859208056348832e-03 9.793484643970566672e-02 9.208051707098695304e-02 5.006038812671510796e-02 7.028039530052627992e-02 1.844328237570661694e-02 2.327377083181657660e-02 6.894984940984920374e-02 1.642968124670704175e-02 2.732219013083369077e-02 4.884327665008948716e-02
6.389868615554484058e-03 2.879032463671260533e-02 4.526944089667170323e-02 5.059424890768893235e-02 3.378174132007517871e-02 8.125373516404596486e-02 4.545201867664239517e-03 3.974803664163062931e-03 7.646201247575100390e-02 2.376422350740589259e-02 6.070833759106541300e-02 3.672817373479813491e-02 1.083962576584755061e-02 1.772254864816269482e-02 4.371607131219079623e-02 6.073153994731189664e-02 1.874012622054933505e-02 1.381661427264402418e-03 3.606450727320648086e-02 6.583689365591532949e-02
1.648195444908028343e-02 4.031762397960118177e-02 7.162619575747451728e-02 1.996218036728691827e-03 6.199374524691084187e-02 4.905922961192327181e-02 5.358230757598127225e-02 8.799983896744396905e-02 9.093282495031941581e-02 3.358980214384926083e-02 5.108083147023345996e-03 7.439017999751260102e-02 6.753774263901944630e-02 7.680450067521538138e-02 9.782023534147397947e-02 9.823183251544848060e-02 7.872860152162697300e-02 2.591987715461474551e-02 6.426050746123751489e-02 5.182560756688303627e-02
6.610876476201207885e-02 8.663297870582224725e-02 6.477005729277567070e-02 3.340568976331256129e-02 9.816467858293254078e-02 5.512307968062965524e-02 4.914737600555318942e-02 5.517443263726615893e-02 5.649306392222996215e-02 4.757410509727447168e-02 2.170862183513862231e-02 9.704419920985024595e-02 8.247888973330031251e-03 6.964916096892684316e-02 8.955586431956430449e-03 9.984874623260930893e-02 8.180192568031181832e-02 7.382845400497407840e-02 4.684773995670056534e-02 5.307729981994179641e-02
2.749179867667881499e-02 8.475734052267155927e-02 8.619379228170392926e-02 2.562999119789578784e-02 4.831732017821430136e-02 9.742900579568417041e-02 9.400235569123899237e-02 4.467488125531707960e-02 3.621361086458734641e-02 8.012394662350083574e-02 6.840576270918750923e-02 1.890444658096744959e-02 3.360010943277436102e-02 2.775737085952656794e-03 3.038905433566124747e-02 6.925623127098616549e-02 9.691143262336177067e-02 1.758255888416916310e-02 4.826499092721817097e-02 6.585026054444302612e-02
4.600903276231036593e-02 6.064683623058406137e-02 6.317057494669224560e-02 6.249939957717245975e-02 6.930627862108341974e-02 9.318078762898696511e-04 9.588438113564369189e-03 5.822046570905534124e-02 8.427393750553549556e-02 3.806915182650383658e-03 1.407818907155977857e-03 4.559847480248446772e-02 9.429503542582595710e-02 8.187478517212155860e-02 3.950192188732817855e-02 2.775027113363884995e-02 8.358308683297949182e-02 7.448697620275905595e-02 8.854051749629347767e-02 1.719477034062986270e-02
3.895855892800075687e-02 6.573222435910321126e-02 2.799899102937577697e-02 8.490904518546943391e-02 6.753032168507139277e-02 9.055415547537075394e-02 1.906593360654651459e-02 9.696484305256963809e-02 2.733942588713550448e-02 8.097997340616952533e-02 8.684512256070792136e-02 1.018349606767773342e-02 8.058804339962125085e-02 4.843238823483558136e-02 2.283573179109651616e-02 6.643359214675702284e-02 4.933340276062982144e-02 1.538565135518086407e-02 1.607600915304111672e-02 7.976609388894481678e-02
6.822719610131657009e-02 2.801301349116863681e-02 7.041126099213794454e-02 8.278682154927441417e-04 5.505262132291644135e-03 5.475462619911397773e-03 3.056241442429449492e-02 9.885587308986276689e-02 5.593828975028047878e-02 2.934981372398914878e-02 9.530879988025998603e-03 2.415202664896937135e-02 5.915882599911194417e-02 8.314545335808402882e-02 4.843141896940589275e-02 7.335339978124454097e-02 5.057018508642754928e-02 6.831530790740933390e-02 5.199797048020331908e-02 1.747753430211779202e-02
4.040535550952137345e-02 8.658870143938875164e-02 2.933134629708025395e-02 1.317996012535475187e-02 5.948294255341066150e-02 8.069948249032496412e-02 3.203200325330806536e-02 5.929545000942323951e-02 2.098979945176496914e-02 7.076318474819716375e-02 6.290383998209392834e-03 8.107042340145370618e-02 5.460321424264461682e-02 2.834747094414508117e-02 2.171741853896485067e-02 4.850431353564212122e-02 6.850988657861571685e-02 3.444613079071117551e-02 3.046405662029223749e-02 5.517273555640490879e-02
1.032113739087494632e-02 1.695397289457412082e-02 2.721083385787552780e-02 5.482852407189176339e-03 4.052441865779454061e-02 2.215181743271619347e-02 7.935585731027634815e-02 1.083240461155846740e-02 7.807586010379902186e-02 4.911121066857132567e-02 3.708931182762327528e-02 5.736549611577503038e-02 4.882442846365420315e-03 5.575612085988188027e-02 3.340136995977822931e-02 6.572070695938035667e-02 1.875550330487545450e-02 4.883658279376721506e-02 7.345655788870142366e-03 7.309394061126232855e-02
5.831756290440803792e-02 2.475407477739415343e-02 4.254071359388536533e-02 8.412598878383847900e-02 5.030174455845951714e-02 4.936765231564499423e-03 7.994601075477884844e-02 4.019429947009742210e-02 7.941774527269776507e-02 9.765809967297547911e-02 4.748676838913440390e-02 9.444285340812152985e-03 8.542585989406495384e-02 6.668897692887959527e-02 4.601992288357914865e-03 1.857856432701817870e-02 1.607650666583957527e-02 4.910009285198083107e-02 6.984101628868247258e-02 9.815494997538475042e-02
7.275638425241680307e-02 9.853852525078296565e-02 6.387122574257263208e-02 5.148596944704106337e-02 7.661144193197377827e-02 9.853241425954382959e-02 1.007193364728300490e-02 4.710893800088026412e-02 1.339400214843826722e-02 2.910281858880702302e-02 4.165663389193711291e-02 8.454541591946235224e-02 6.114509840314222289e-02 7.481491063174373901e-02 8.276755903342392084e-02 9.383191837140962555e-02 3.825718181102440163e-02 6.018402549881541296e-03 4.891777736229381557e-02 2.147295575221697117e-02
9.376421976267207414e-02 9.964163963998577678e-02 1.634109138050949747e-02 3.004853286518379893e-02 7.146257741795207508e-02 6.423667792903979545e-02 9.662867162752409103e-03 4.189376322111688922e-02 1.121769858437056226e-02 6.074870400531418371e-03 8.840966232942953917e-02 2.809824487094750994e-02 3.761632283743727989e-02 7.111659603667790097e-02 3.301566247189147152e-02 6.780523244793590365e-02 9.457782658786188790e-02 7.409755299063887357e-02 5.558453534454686068e-02 6.501728008974332063e-02
6.042705339269506537e-02 1.203766538911164169e-02 5.073049760147878978e-02 6.389462029513859331e-02 1.590125991287313564e-02 3.137330636503885689e-02 1.844657857385194680e-02 4.930614100677990774e-02 4.516881232275918312e-02 2.029897652335040104e-02 2.517911828045026404e-02 3.819236240770126911e-02 9.035258062715896543e-02 8.326279475150066833e-02 6.233623163114387217e-02 7.466410172167510517e-02 1.949539661914722125e-02 1.381608405226236735e-02 6.997913894983619210e-02 6.220204502847063305e-02
2.826134156967630151e-02 2.341347264225064617e-02 1.519197130815485089e-02 7.144465891546979142e-02 4.122693328060830775e-02 3.835490619494174441e-02 7.461007101635201699e-02 4.418921836803155201e-02 5.225443483637232100e-02 1.484317866877312743e-02 8.816380685660495098e-02 2.998037005819565153e-03 3.381757090774206026e-02 9.165304823215209007e-02 3.382489700060153925e-02 6.504012592252379765e-02 4.359018684845517196e-03 4.150379108830057340e-02 8.742695809596950918e-02 9.082009046638774008e-02
9.152328397385190231e-03 5.607482635668549487e-02 2.960582286362919632e-02 4.784124156499644509e-02 3.671201479378843890e-02 7.014891477568596656e-02 2.580252902567773537e-02 9.700460228935681162e-02 7.184980143866570579e-02 6.733673317341626330e-02 6.838444951180092102e-02 8.939892338713098519e-02 8.019641608216505901e-02 7.044903082519338514e-03 5.674081235861926781e-02 4.117333959278468569e-02 5.804308105152248404e-02 9.076563471011583895e-02 7.928615720221145191e-02 8.282503271268371048e-02
3.674954849889625758e-02 7.100827561702632851e-02 3.282767002329291944e-02 8.269465463501624036e-02 3.530104590417415533e-03 8.746636100330362762e-02 2.984055187263523479e-02 7.644669611249750585e-02 4.636593620219564560e-02 1.271122412513591218e-02 6.215723861535674133e-02 2.663758201173442933e-02 9.893407835986757493e-02 9.997517327436829249e-02 5.355925154970522795e-02 9.671512705865308035e-02 1.966926691963919588e-02 5.619622795395271680e-02 5.377950210656982227e-02 1.525405458486004534e-02
2.230405214265375469e-02 8.155389606128138347e-02 8.950228246088781647e-02 1.985882742805303997e-02 4.343529136221523784e-02 6.806712866912323530e-03 9.312730619102829732e-02 3.236548176025090540e-02 8.941365762474840482e-05 4.661158153648786023e-02 1.926247605284137120e-03 2.339374768682258784e-02 9.579890824684804407e-02 9.047605424957577691e-02 8.516657587284910680e-02 5.193860996259750534e-02 5.226775080020044234e-02 2.597007588934934288e-02 5.739509321858221602e-02 2.178670685935209239e-02
2.685393741259151090e-02 3.025561030324305442e-02 2.715936233172643391e-02 1.958378615739210515e-02 8.568855771866698556e-02 3.658838591246343919e-02 8.862893035474816994e-02 5.295117328440010485e-02 4.556112594960072537e-02 2.030893944088537836e-02 8.287561830697121046e-02 9.334701591096285223e-02 7.340542239694038129e-02 6.451055873548272590e-02 6.739344661549516446e-02 8.071433531823625496e-02 3.310061535805564406e-03 8.576077071065210666e-02 8.467605765893781999e-02 5.054908388473405845e-02
