3.316224755300766769e-01 8.435943154933327193e-02 1.545296455536518954e-01 1.184963187125239736e-01 1.926370121694352955e-01 7.459583701245726950e-02 6.691297606034810053e-02 9.209028035873208229e-02 1.625366697943739502e-01 3.987059020615215527e-02 4.261511022933502091e-02 1.523292900765445615e-02 8.535012563538388330e-02 5.231593501048716760e-02 7.429378663090983881e-02 4.149583126243566733e-02 1.061813377684210358e-01 5.424119326458842760e-02 9.339954018756731202e-02 1.290448550459371013e-01
2.313240211150359178e-03 8.569084062540820168e-02 7.510361782522360918e-02 2.916940087657615699e-02 6.478804389667208730e-02 6.759398970572515208e-02 1.638612173605069611e-02 4.784262476808392311e-02 8.008833251901752159e-02 7.422769541721022275e-03 7.642698509697146148e-02 5.991634221860209220e-02 4.694535148978659644e-02 7.050530798054702175e-02 1.092599658760456949e-01 6.103206129256597001e-02 1.691207091280011801e-02 8.985931277268986717e-02 1.088739483470762583e-02 1.680183312761470912e-02
3.472994855017341731e-02 1.089231339687147249e-01 3.959324911540938741e-02 4.544663696401472081e-02 3.643465646808391467e-02 1.035519418664145562e-02 7.674263080156050465e-02 6.774865079546349422e-02 5.917432346234668961e-02 6.224302058348377131e-02 9.469689041427653553e-02 5.247675147283966529e-02 4.345943758250803146e-02 8.554824896574306226e-02 7.800473354361488199e-02 7.715490088387760848e-02 1.079288055983401370e-02 9.322021921508999096e-03 1.044859568427557311e-01 6.200670939693002370e-03
9.002891872920035232e-02 1.685982868935146858e-03 3.121853399615246577e-02 8.060393513548375077e-02 1.016793797565187646e-01 5.174350001265807381e-02 4.594472127059465866e-02 6.378850185498871617e-02 9.805719434482634833e-02 8.794751997678079691e-02 1.031129082446317069e-01 5.548322919077552234e-02 3.519593697788931524e-02 2.228835914143493385e-02 6.814357464571112188e-02 4.393043418618772927e-02 9.809878898683144569e-03 3.974530268923557458e-02 9.803922986585068833e-02 8.938448369406380711e-02
5.871989748402012439e-03 1.065845251882158312e-01 3.660484570499574625e-02 6.120846221484438354e-02 3.855532402244985640e-02 7.922349774735110151e-02 6.581397473327080250e-02 2.690084695680444726e-02 7.561982402040656748e-02 3.659273590363579243e-02 2.061015440765247980e-02 2.735116984884628302e-02 5.496265120984566294e-02 1.914160222891650442e-02 1.015747964641422196e-01 9.783980067453244833e-02 6.795346697116595724e-02 5.289021549323442983e-02 2.450932730825613332e-02 8.220194144319134533e-02
6.723467952658714053e-02 1.053013969317411896e-01 8.022089113580012365e-02 4.894939306355999831e-02 5.591693472150835453e-02 3.439641459033153381e-02 9.910410784160975095e-02 7.711264470477931232e-02 2.644692184413300826e-02 7.454476961255505907e-02 4.373617639224760406e-02 7.583331100226239907e-02 1.940468532286691514e-02 5.718526752004920305e-02 8.373654972372854277e-02 3.640380197848410576e-02 5.023611761699673696e-03 3.730810817190814699e-02 2.608079116907879511e-02 5.307426213296751599e-02
1.068372846139632737e-01 6.002602700712247885e-03 1.329387139032083606e-03 1.761325776310163418e-02 1.490274934408972879e-02 5.082650533361875861e-02 4.132193327300831553e-02 1.052343932593232251e-01 1.460495818012605765e-02 1.031791680649695037e-01 7.315137152651060570e-02 7.535457099174934937e-04 5.490231800222268588e-02 5.690750022378644052e-02 5.657986672775726020e-03 9.179018757091661485e-02 5.652030046260003715e-02 1.829964829537780030e-02 6.422671520717664062e-02 1.038681057336049429e-01
4.428182468794109733e-02 5.609264426795639025e-02 3.013739103721341239e-02 7.368644340459528340e-03 8.314095418901432111e-02 9.216828411918281949e-02 2.075565036333571270e-03 5.356901970419964548e-02 1.429311797729338482e-03 5.862780289847888127e-02 7.468533849059437457e-02 8.605778990941859163e-02 3.165029203418617820e-02 8.840819271812908747e-03 5.750665419794110528e-02 2.194766832111036403e-02 6.130490807848506390e-02 2.139785285291140662e-02 4.296895802163824135e-02 8.348662783214502725e-02
3.118529104582218412e-03 2.063121090114676190e-02 3.875045975525136244e-02 7.258635753077838197e-03 8.909755141163083758e-02 3.836160570191160264e-03 6.190986212399893218e-02 5.885379090807454916e-02 6.123815015047102961e-02 7.236222157331466398e-02 8.702432345930549706e-02 8.550779083013561321e-02 2.344502352292120867e-02 6.248657637013536187e-02 9.904481811832081817e-02 1.074639868623539357e-01 2.851255740216611986e-03 3.647383656964382076e-02 8.874061429305086634e-04 4.271140288145156699e-02
2.237621529063889292e-04 2.734085515369420391e-02 1.002660512842105250e-01 8.423818053574398668e-02 1.292019655424008276e-02 2.762062686779085535e-02 9.401638406945059256e-02 3.207811555955827204e-02 7.882464380956667738e-02 8.746480057386422924e-02 8.522478566748594234e-03 8.467968736213218883e-02 7.344581356039932285e-02 9.395842065881351846e-02 8.623314750148218522e-02 7.494133572437669533e-02 3.845547378059068627e-02 1.089157009810238358e-01 1.030034481280110853e-01 6.407674345709450658e-02
6.710480485313843370e-03 1.199843461594977782e-02 5.806853832546252092e-02 1.394939228673016361e-02 1.004546837302009860e-01 4.845724153094205927e-02 1.699647042905902405e-02 1.045073948381633130e-02 6.947857438261823004e-02 1.013716895944510310e-01 7.475794665996947710e-03 6.046199205594715576e-02 9.921444788921640612e-02 9.329995805229150674e-02 8.672725171925772802e-02 2.393925581824446480e-02 1.088423381075960539e-01 9.166485547713849880e-02 2.381328301195257194e-02 9.012116590215765721e-02
2.319515905557984620e-02 2.180542912432543307e-02 4.234429880419101483e-02 7.333777907560290465e-02 1.005411635870587100e-01 8.526646733968373804e-02 7.656814000423826927e-02 3.882941541130955493e-02 1.686902170982534921e-02 8.747516989524002640e-02 3.393318841440181449e-02 2.022960477176415431e-02 7.351066370454210908e-02 1.016020200032419635e-01 4.677157078317761840e-02 5.116443320741632245e-02 5.774647519929524547e-02 6.990845026677348917e-02 1.124527314439438368e-02 6.248049421077080806e-02
8.970524947246130698e-02 8.420744171140362444e-02 1.574415243940763959e-02 1.073274203842203844e-01 1.347874242074452097e-02 4.738984949526172524e-02 4.293920767560482216e-02 8.391228732286057368e-02 2.788296066379565563e-02 3.067475440938770628e-02 1.048902344630181782e-01 5.562051204748057198e-02 9.588514656064690833e-02 6.167029633385353454e-02 1.403050313863248022e-02 3.514373696493396093e-02 1.059383955230841085e-01 1.073745566435401894e-01 8.291459245149282106e-03 4.218079995692592538e-02
1.059528195804478046e-01 3.221826224634539299e-02 5.635126265313392807e-02 1.574126689661003997e-02 3.118618151723371798e-02 4.642728539869688670e-02 4.773020374816303729e-02 6.080846580128496104e-02 2.351793989863112250e-02 1.035477840094899994e-02 8.338265733301508664e-02 1.116529841132936005e-02 1.434367335624810690e-02 4.958914591833772645e-02 7.029487313825480421e-02 5.709155375182167064e-02 7.927097981252606562e-02 9.864616679974665125e-02 4.750551310291274872e-03 9.573934147845365727e-02
8.324399422906691992e-02 2.762436481587295101e-02 8.425187576852295745e-02 8.685446072868144296e-02 4.151594070327042224e-02 5.118857071529230029e-02 4.143900186844208522e-02 7.882377978283067188e-02 2.752880493834509307e-02 8.627306516461059893e-02 9.677335660810026940e-02 8.732467592606017737e-02 5.531313016261817789e-02 7.625447155609423044e-02 3.635647658758373729e-02 4.316574420722781719e-02 9.217219064946824414e-02 1.875818588014687219e-02 1.007319890455174033e-01 9.223203764874468580e-02
8.770593081838180469e-03 1.042714798481820665e-01 1.092455929721383168e-01 9.896816093716497009e-02 3.110609977407370261e-02 6.418741445645806398e-02 4.119803507256761255e-02 3.724526854879396665e-02 7.405307261013441278e-02 9.737357524352766372e-03 9.753535598671236873e-02 8.854279389650832055e-02 6.903178769683792661e-03 3.833361675586230422e-02 7.151054422619983197e-02 3.729340794296092526e-02 5.653105437646094300e-02 5.407254334578312331e-03 4.897723894694283597e-02 3.743376381644273471e-02
2.058874907006407601e-02 5.804290625378832891e-02 6.693360745414782265e-02 7.330620820762574763e-02 9.369974004980130555e-02 8.440273603894631049e-02 1.928489849387621247e-02 1.699863907141062336e-02 6.300867894449209416e-02 1.052181108950039079e-01 4.309540571929602187e-02 3.729417820630632346e-02 7.845847552938416385e-04 5.632275624763366517e-02 4.724074104350404167e-03 4.754942808779455410e-02 7.434501472769909636e-02 3.467370727661490265e-02 1.038498013391354474e-01 8.164736328107764785e-02
6.095855668014388273e-02 8.884330010669012900e-02 2.484243764215410613e-02 1.084404073848060784e-01 3.302839138060714025e-02 8.092708634607230500e-02 6.504560792981453621e-02 8.001040782420326680e-02 1.001918143844204995e-01 6.204807801630300712e-02 6.103416886014768894e-02 9.407661182376314546e-02 1.972657080214191075e-02 4.800068982525729222e-02 7.085153324631739136e-02 8.166543663046543083e-03 5.016026791963059533e-02 5.010312601316473102e-02 7.553132837261934684e-02 3.130198311821141138e-02
7.626892605732306374e-02 1.988976130787213289e-02 8.853205224677868079e-02 6.645512329325533978e-03 2.303306127676991652e-02 1.010685368990013877e-01 8.754543040785082997e-02 7.747588651353382039e-02 1.013879239882432282e-01 4.026898738818034118e-02 3.619029951236195364e-02 1.653556280975809409e-02 3.636783526937292788e-02 2.426268704096295678e-02 1.444747293940712787e-02 3.662143018426955443e-02 8.972576456009885570e-02 9.534545050931134136e-02 5.642460991210769550e-02 1.039824876968677425e-01
4.195804357578293564e-02 5.713931500226170079e-02 2.243135869859075662e-02 8.481972176747452907e-02 9.826563395350915164e-02 6.698032894784604341e-02 8.551050778076196845e-02 6.985757587460339479e-02 1.064550014849536680e-01 4.044626021977720809e-02 1.072198058974949651e-02 8.490983269268380373e-02 2.958911901013693002e-02 8.333633192683195801e-03 5.623848684803715164e-02 3.040178360884514958e-02 3.018904399302951500e-02 4.109756255894361776e-02 4.578502533369651489e-02 5.023625682973553719e-02
