2.039174828250748805e-01 1.387339855924143439e-01 6.133113941177385786e-02 3.031570110946727944e-02 1.460558528577124426e-01 8.628353322739840126e-02 3.573227435266052021e-02 8.016546494243481646e-02 7.332934217651000675e-02 7.189820525346038438e-02 1.303203989618109959e-01 8.181793519719122998e-02 1.434184873259339854e-01 1.240030369664080478e-01 1.299424801681716979e-01 1.250016118224262507e-01 1.270759442935752159e-01 1.098610393271693131e-01 7.323533485547184529e-02 1.167243246408167789e-01
5.391717470267960721e-02 4.253140223495813221e-02 8.896730237746293402e-02 9.130564928849876916e-02 9.201244748933440354e-02 8.965804014376047015e-02 7.059399870523049014e-02 4.340195210895125139e-02 5.917215845956050324e-02 9.038675061995936344e-02 1.550263551025651311e-02 7.709855585590072447e-02 2.787390890035719437e-02 9.321278895012825860e-02 1.439949291821444183e-02 2.634205752355120098e-02 6.086356602353222567e-02 6.735075203963440671e-02 5.293313872454161184e-02 1.427702403450113039e-02
5.168113983125038891e-02 4.269504575013355341e-02 8.684612115545395361e-02 2.774482197829876429e-02 1.918322036790110104e-03 8.999769278271391171e-02 9.017376325691564554e-02 9.465571591188595701e-02 6.904313900894656908e-02 7.746436340501353102e-02 9.112794853204414514e-02 8.352508132259330031e-02 6.198903990326599944e-02 1.543766066120333402e-02 9.951567333114612335e-02 7.078274073569826297e-02 3.241400363971030929e-02 6.576521481715436046e-02 2.053702652913554083e-02 4.847895493392206240e-02
9.522703731249267112e-02 7.026612769797783986e-02 8.537126819230968222e-02 4.355562989157239079e-02 9.561666067409625713e-02 1.576963685179189056e-02 1.318965719317355531e-03 2.677110036182154401e-02 1.213182576398855878e-02 5.887376832451518549e-02 5.869110783443979434e-02 5.171524569635384261e-02 9.414050151039746184e-02 3.817779783080569450e-02 6.355207947339638896e-02 1.908134902745020275e-02 4.059115253365050413e-02 5.817460790246913732e-02 3.260452727220985308e-02 9.631085927074950481e-02
3.725873426395755195e-02 6.738774663803483167e-02 3.478655401976123163e-02 2.297732456658132735e-02 9.388729821288264998e-02 3.601152454468461300e-02 1.693084002310621047e-02 7.745492617376026345e-02 6.304863268079680116e-02 3.307347993749255866e-02 7.007053669205536017e-02 7.172849932110424154e-02 6.702710037166993706e-02 3.836774113108085832e-02 9.430819358857009393e-02 5.378018054531530368e-02 5.838341252748729948e-02 1.246473758409901746e-02 7.766055939364993610e-02 7.812928553259146369e-02
4.012332040528946570e-02 9.630106259717029216e-02 9.160312432393348525e-02 7.357423326167136790e-02 4.657657714949273164e-02 4.222186819466942215e-02 6.982404216168396072e-02 8.654813561903478003e-02 2.906437316057207745e-02 6.398409834701328236e-02 3.654169638565503420e-02 6.703711644508543455e-02 1.069214032943060014e-02 6.151573787158055862e-02 2.877412856232817312e-02 4.639924710653462597e-02 3.446131711009491755e-02 1.762635726327184058e-02 8.622284471534569878e-04 4.159034068783931670e-02
9.482138398432132798e-02 3.155448194255194849e-02 2.529014467328800919e-02 3.666731278960488200e-02 8.190137209142688002e-02 6.686889780624709345e-02 7.475424865527556528e-02 1.585935602453690876e-02 5.429491882895327859e-02 9.930079391849572223e-02 2.156511680400259590e-02 4.144269745086653911e-02 2.146010889000713601e-02 2.028309889279908060e-02 1.805037776522449081e-02 8.077204860644381090e-02 9.357273157127511676e-02 1.871344866649162983e-02 7.467104191761794740e-02 3.610964819155956101e-02
1.846186114934211982e-03 7.837587540228958816e-02 1.212559701378325243e-02 8.588068799398615449e-02 4.201921072246649763e-02 1.531606287947007193e-03 8.871712644477844356e-02 9.686011831597961252e-02 3.355118019804296386e-02 7.778416784113725835e-02 1.708282716783757899e-02 9.492900308242389895e-02 9.087373058748471344e-02 3.835388924620378864e-02 3.802362749364975036e-02 6.478174478838837069e-02 8.122357054286488687e-02 9.876837036281373161e-02 4.640177309003126749e-02 6.052988155522679575e-02
9.810544623951050758e-02 8.052223730093026333e-02 2.950206866341767084e-02 3.461230242429965548e-02 2.780835354686681665e-02 1.112799053462243393e-02 8.687265038666670131e-03 7.826678736189487950e-02 6.322183422512561712e-02 8.776739252670673341e-02 2.631233911808326248e-02 5.720835166958967988e-02 3.823399769113144248e-02 3.764346615029012973e-03 5.695959143429343841e-02 9.958792007020834947e-02 7.185933725826425256e-02 1.901692755212818289e-02 9.221434689425106468e-02 8.379354525909626927e-02
2.973843529778370798e-02 5.358320941376498031e-02 1.289124215091938010e-02 8.760304625052832417e-02 6.509922564740376616e-02 2.554926475607641884e-02 5.502194378527858545e-03 8.697294550134720970e-02 5.447248627920010799e-02 8.195696262102976359e-02 1.633292360474187729e-02 5.087070986209683149e-02 1.041116640605709368e-02 7.623910265076216941e-02 6.666123462460593618e-02 2.113759882846139027e-02 5.937131745241054637e-02 6.972507059519905681e-02 6.881079387813746062e-02 8.149274380677956620e-02
9.308356794771646681e-02 2.595870086574725375e-03 8.478517661394446847e-02 2.580811023069353935e-02 4.002866574925655757e-02 5.732179770986699924e-02 5.668443980200543048e-02 1.180728354159563814e-02 5.368741032561018950e-02 1.130195358101153749e-02 9.977750498684252733e-02 9.456301836340320899e-02 2.761509927582307677e-02 7.165531839831307259e-02 9.837512406521154926e-03 2.926623542168851552e-02 2.525383057422436739e-02 3.635639505341079630e-02 9.056201358461041240e-02 6.509523686815120447e-02
5.193998788692515828e-02 7.700533519990082967e-03 6.284370620753469694e-02 4.548291354298137495e-02 5.323202057521635860e-02 1.312573725710617506e-02 3.326505377196119911e-02 9.936318720375243718e-02 6.222714779268537222e-02 6.814972583151143737e-02 7.905663385227061635e-02 2.701777511090778378e-02 9.774489825098148232e-02 1.088914192493700694e-02 9.565993700733904648e-02 2.432062706104485411e-02 8.258831763300600315e-02 1.739648128670890845e-02 6.889598407095399307e-03 4.697669888584517228e-02
1.878602759749245163e-02 2.544941200938985112e-02 7.353410058547844852e-02 8.700660664530357469e-02 1.605206117935764620e-02 7.766376561055816918e-02 7.979666079968239512e-02 5.900271274269293376e-02 5.824805692152950493e-02 3.852096279711825482e-03 5.219346281586172837e-02 6.506782847005652959e-02 4.303911792265069196e-03 3.420076764381581313e-02 4.233449289443152325e-02 8.137410291611236329e-03 5.683534505514704904e-02 1.842078534599100913e-03 3.225544956332692531e-02 5.140506155070228428e-02
3.926197480688185110e-02 9.290388958550209464e-02 2.185078394474122832e-02 6.038343381045233743e-02 7.771555863740998993e-02 6.668653427824229596e-02 3.724850468565960027e-02 2.131163169170984320e-02 8.174606151389195163e-02 8.895228573013469822e-03 3.571807812148143635e-02 1.317540453894428139e-04 3.059023668122037506e-02 8.532934319621017505e-02 5.717239212597757803e-03 8.255700994198457432e-02 4.471965201868099982e-03 7.262784461548044135e-03 3.124367645822774542e-02 5.615331540375752273e-02
6.813983657275417272e-02 9.474182848493675757e-02 1.913819597130039839e-03 4.203763553941204656e-02 6.300264549994426255e-02 7.305415213002607044e-02 3.207703414868530445e-02 8.376508789386453990e-02 4.767913227064218828e-02 4.261265137478353893e-02 7.351696124580554825e-02 9.274088977853039983e-02 2.407614742447913500e-02 9.146834619227392493e-02 4.272334467452557766e-02 5.153442231937956086e-02 4.404844141570096565e-03 1.490568225378237181e-02 9.936753163483755258e-02 1.183606959856463650e-02
4.428669021982565429e-02 3.090298119142576017e-03 5.549909016099757730e-02 4.840193906195468243e-02 8.279013867847290209e-02 1.697766532490240302e-02 2.351937684721825544e-02 6.175433282313735894e-03 1.247945450433042384e-02 8.058966940685480251e-02 2.121555409414463064e-02 7.245154581447500741e-02 1.784277739027046936e-02 3.535470172764202529e-02 6.826384362276959050e-02 9.151723795291097363e-02 5.586417922669833364e-02 7.811741319497939040e-02 2.768520676196921729e-02 2.057687100201975941e-02
1.505827171616149797e-02 4.565525956904964433e-02 2.660276899381954982e-02 7.544011003235587265e-02 2.274924032377516683e-02 2.591551813255089931e-02 3.073099290715165799e-02 5.795915102584842105e-02 9.919495798063923675e-02 2.068026782103146374e-02 9.857986543188554385e-02 2.865632469564686341e-02 9.751635424485446957e-02 7.493357418426806194e-02 7.955085530554012463e-02 2.952788170952763691e-02 4.345969955390414224e-02 1.570992146341674417e-02 6.238401876064330470e-02 4.399284746262538404e-02
6.227099321529219744e-02 5.532670054943351901e-02 3.225725531675515539e-02 8.345542542309790368e-02 7.135799450142281397e-02 5.478647105618370677e-02 6.789999245706994369e-02 5.387023332342421450e-02 7.640098812066291323e-02 8.392898565465245486e-02 9.353576338241459398e-02 9.988538637887434124e-02 2.736043798075493694e-02 5.327750800584096780e-02 3.178463605372161549e-02 8.899849589832758978e-02 5.421686102151993675e-02 6.463936307496817579e-02 1.962320342603569856e-02 6.433419799674604256e-02
6.688796475391301302e-03 4.189107877411346777e-03 3.191674359927795107e-02 6.559498488835260877e-02 3.722524880818641607e-02 3.645963951467039860e-02 1.674204743635635678e-02 5.064190272637156265e-02 5.677020084406430439e-02 3.601814307526218090e-02 3.599680386272340743e-02 4.788697435891027532e-02 3.940785220392936661e-02 2.097918059098191623e-02 4.902483347493058474e-02 7.208720450399384860e-02 5.366010558244213580e-02 3.562752593940186202e-02 8.690910541649930765e-02 3.224493994130112062e-02
5.237636405472341494e-02 9.231653552188574807e-02 8.664286396278931754e-03 5.238595172824381946e-02 2.423897756145807630e-02 3.434560517201077495e-02 8.349696901165459817e-02 6.750300458379297763e-02 3.552886467104188553e-03 7.637519955893758150e-02 7.294018258108840580e-02 2.415112264938365158e-02 2.427398713304097788e-02 6.176584896638456779e-02 9.342579979582145422e-02 8.521942786104363954e-02 5.092369861282131094e-02 7.197186935530799912e-02 4.583739849617873147e-02 2.305970956694273349e-02
