3.319956770661586787e-01 1.330098625459185668e-01 1.761941591395321527e-01 8.512649030581702358e-02 1.323856373658106600e-01 1.049682239218269059e-01 6.879063659420113497e-02 4.150533741182672876e-02 4.330130426001031763e-02 6.577204537011965835e-02 5.302703070000870655e-02 1.517703051177340390e-01 8.613578448002492949e-02 7.433914243200313854e-02 4.404711352590842677e-02 2.434542729999084748e-02 7.571205003197049865e-02 1.986468940518871032e-02 2.627825475077080059e-02 1.324869961397593665e-01
9.317131900743831630e-02 1.867708766145821306e-02 2.332147984780726102e-02 4.798692238283652073e-02 6.850452390594997942e-02 7.320465998299106880e-02 3.487193932546206465e-03 6.897189285588904706e-02 6.706894290281834037e-02 7.021790705180986497e-03 9.210654813530082252e-02 6.887623907961149677e-03 3.396529921433322219e-02 5.552813440696152680e-02 1.739887715359566059e-02 5.681037964867129836e-02 3.756404315715428099e-02 7.183364680793204171e-02 3.275944231818317615e-04 5.036197220581220546e-02
5.158438987045946278e-02 7.635389862228186830e-02 6.129059402691564712e-02 7.865943764712923433e-03 2.975052498995944990e-03 3.348998669813162826e-02 2.250993569347360668e-02 4.806596987622648032e-02 5.380333097760608280e-02 4.414706421590275723e-03 2.106631050036559399e-02 2.790086327638077388e-02 9.504892843462874052e-02 2.603859509308747988e-02 5.518514747224602390e-02 2.380707351723138077e-02 6.655269776499088408e-02 2.502946126886066575e-02 2.169613234424068449e-02 6.771398233186652627e-02
3.330842547418536720e-02 8.452565383117610631e-02 1.952872493812435328e-02 3.744991892545460749e-02 4.034418586526447581e-02 4.582394729065378952e-02 8.325656507277784391e-02 8.321955666850467878e-03 3.860647097231761915e-02 5.464830141933782470e-02 8.845715238643478417e-02 1.882523110541214559e-02 7.456837979044628369e-03 8.244714456100310507e-02 7.533546586972650339e-02 3.471069505039958876e-03 6.454250362591100465e-02 6.634366102839340390e-03 1.696601057645755889e-02 4.621522664306271233e-02
3.032142227177097096e-02 9.177101342622656643e-02 7.421595202689157400e-02 6.304029821208607942e-02 8.384762552218563703e-02 3.094111043555890575e-02 1.545177603627440055e-02 3.706172815775989754e-02 5.738590110498101998e-02 9.120399374859730623e-02 1.311623629118790005e-02 4.677701414451828493e-02 2.609299312336186422e-02 2.598503350702481562e-02 3.884248326745329966e-02 7.122028834006437215e-02 3.361558330589353803e-03 6.950426368683242095e-02 6.430019994416347369e-03 2.085812186042951266e-02
7.095033100704971341e-02 2.579452889551685571e-02 1.993326041900517209e-02 3.269424913529100918e-02 1.327614696298243940e-02 8.592801715639020871e-03 5.862164003150124869e-02 4.412181014331226225e-02 1.500751517986568390e-02 4.598892643877694475e-02 4.448193330334324069e-02 4.026915191132195843e-02 4.169400425713108010e-02 4.217225201589391848e-02 5.260031579549583752e-02 6.314904465598991656e-02 7.469869858917697891e-02 2.996310756263766140e-02 8.547431234086005913e-02 3.490853768067795487e-02
5.175548990330502974e-02 1.374285083412322278e-02 8.375971408978954980e-02 8.532692573179466444e-02 9.752667209777566432e-03 8.874868560061567602e-02 2.306385122706220564e-02 6.657120001534647113e-02 7.310133803245529027e-02 3.102588173120585102e-02 2.862773702766061718e-02 9.365649746960952315e-02 6.996791234141767901e-02 9.864533943173588171e-02 8.859576742408527272e-02 8.204280842783652494e-02 3.403421996577756653e-02 5.770037092863899292e-02 5.544335526456226071e-02 2.671584045187840387e-02
4.265124206444831367e-02 1.822211536518579880e-02 9.205431853899410932e-02 6.465346948176017849e-02 8.048715661963649903e-02 8.343961691004894710e-02 2.316098618972342246e-02 7.781423557784504508e-02 6.926011416938988863e-02 2.463152781067194999e-02 1.584958747608505858e-02 6.513111296945542361e-02 3.015419333872226826e-02 3.874183761537278864e-02 8.826764224093577860e-02 8.049400851632626530e-02 2.082186287258450813e-02 2.153150600396591674e-02 8.741431378901284854e-02 2.952124618512029855e-02
6.211927775421151321e-02 4.073372170541540715e-02 1.955922736894789848e-02 2.517748745667850591e-02 9.547984688202450221e-02 6.668822274127868266e-02 9.419451551417906687e-02 9.511293624255678925e-02 8.265366613217187131e-02 3.148755196639444615e-02 1.738748275616626079e-02 7.380337124092764545e-02 1.222883594430180902e-02 1.174042548104412692e-02 9.882463216585049559e-02 2.669775017372096049e-02 4.981811509237302898e-02 3.657622863508408484e-02 2.226478119063991790e-02 6.368088009056392662e-02
9.210578195540727875e-02 5.647193732597510091e-02 4.398809712154420209e-02 6.796106835198002794e-02 7.409765181853819604e-02 5.578723336675997513e-02 5.296338928610522939e-03 9.180105838764985454e-03 2.581967989690026055e-02 7.883929825472503483e-02 3.114484246200645290e-02 5.554372020265381515e-02 9.677995273469224002e-02 5.297710147626077254e-02 7.205934494114389632e-02 7.650545184518711683e-02 3.478885644493948798e-02 7.603390021486966521e-02 3.438755348524368677e-02 8.965019529749045091e-02
5.041496858759728777e-02 7.198289357046903925e-02 6.952563553300615540e-02 6.462760294621663903e-02 9.223160854868771297e-02 1.988395225767640787e-02 8.743509224682821657e-02 5.027284258132878186e-02 4.993481383921305472e-02 8.270494334520490931e-02 4.764851038471952516e-02 9.608739032003510427e-02 5.503343023616036334e-02 4.056130908592708167e-02 3.258401392107831279e-02 9.173968347511879395e-02 1.104707041046277920e-02 6.203291532198053349e-02 6.520484137923932000e-02 6.255321714517769922e-03
1.720663415674162852e-02 9.955630525719699753e-02 5.787118737093382981e-02 9.971148602778079351e-02 5.059810921033373182e-02 7.630280283213181081e-02 1.547315693348446687e-02 8.481775182442349847e-02 1.693847440394558035e-02 9.852923737922777980e-02 8.584634670582823313e-02 7.682294956050399193e-02 8.456950804846630199e-02 3.771966124972297302e-02 9.132533313205326575e-02 4.131112301613620863e-02 1.418738941457172754e-02 2.720529370751555501e-02 8.046196170268064829e-02 4.313882325969684017e-02
7.875433992397284921e-02 2.271783537727405447e-02 1.629277091135389322e-02 3.827272433919098882e-02 6.319341117462216884e-02 2.607904029484044151e-02 4.104273160348040350e-02 1.886240304911306412e-02 9.167932543752779773e-02 6.975804136105712150e-02 3.472798050274861215e-02 8.372643469483569134e-02 8.693697570894621737e-03 8.331037501834365200e-02 7.277698295442527887e-02 7.476448413763372991e-02 7.402010790623637926e-02 1.893134761549432332e-02 2.926950603807217111e-02 7.306510146274598771e-02
8.083010942751106542e-02 5.017222195314877814e-02 2.607853797658517270e-02 3.511716461085367252e-02 1.284932648551288109e-02 9.683992153453716001e-02 4.287770191821951848e-02 9.211144038508689569e-02 8.126708428736956202e-02 4.642712291372982913e-02 2.598837766632229596e-02 1.484716370103522642e-02 9.814212793359500253e-02 3.069360404150676264e-02 2.144516300689176813e-02 3.504143563118599508e-02 4.583396326363255169e-02 8.865845647001967256e-02 2.024390709004901881e-02 9.188770705647864023e-02
8.680713844963068582e-02 7.461267343414663966e-02 4.037685365376109115e-02 6.888180102981963926e-02 8.747222805632189069e-02 2.238919121749172181e-02 3.296278071887522726e-02 6.260141509334518628e-02 8.691591471647089340e-02 7.934825217574723033e-02 2.319303555442993325e-02 6.252487539843069875e-02 3.875492270047641713e-02 3.896233244046093391e-02 7.093075372144959367e-02 1.339053479111056502e-02 3.420642931129357772e-02 1.304109285107931705e-02 6.632092194874096569e-02 8.207228836435643410e-03
5.375344519713649849e-02 8.327336450828402847e-02 9.211710556209602718e-02 8.101426930560608197e-02 4.859684178954322420e-02 2.469138141367167860e-02 2.212721782011096983e-02 1.801297419428180696e-02 3.675173918878972545e-02 1.785729877790305162e-02 8.646513332892226400e-02 7.417352353688982936e-02 5.275509896703461932e-02 8.959580056296179151e-02 2.615316509377803300e-02 9.558871343443789415e-02 8.344832673089765118e-02 2.800985099997137587e-02 8.532593545030742188e-02 2.895576196635440969e-02
6.275821291079894393e-02 6.521363348252093295e-02 4.988950064126312228e-02 9.904382302996990461e-02 8.287733274637595904e-02 8.327974236282315035e-02 8.707775553973250149e-02 8.713966853057876147e-03 7.400466068321528978e-02 7.293680772194291451e-02 5.910127069182718323e-02 1.513415028802116494e-02 4.759916237891827218e-02 3.795841571588877417e-02 7.809957807787649975e-02 5.544575647528265233e-02 2.989978099837894629e-02 5.238813831352572697e-02 4.980415183763187148e-03 8.175521240333553930e-02
6.303696968476353579e-02 9.634172307931454515e-02 1.666390139342308757e-02 5.904141161125581183e-02 3.383650687314864597e-02 9.265534278532516765e-02 6.867108685978254301e-02 1.338428103773542377e-02 9.740919802541614381e-02 6.742952659422818407e-02 4.526779972868361090e-02 4.822425518386572185e-02 8.989974273031442475e-02 1.930876676096709987e-02 3.536024420025569992e-02 7.486921679087331361e-02 1.115641618026426245e-02 4.897030453575292042e-02 7.946643042303014326e-02 1.226331297581232521e-02
5.750866109195671566e-02 9.783801960238108775e-02 2.070585544366212657e-02 3.719966073982677174e-02 1.585216764446869750e-02 6.649064962470829787e-02 1.500029884759640497e-02 2.616862989756638808e-02 6.951581581536420140e-02 6.892770987934684901e-02 8.511863087044745091e-02 8.952159962025114937e-02 6.372614945854457313e-02 9.704918177985549788e-02 2.578745761231015024e-02 3.843379643068145501e-02 4.987022410636268721e-02 4.399305717267107396e-02 6.874838440033391451e-02 9.436462648009977250e-02
4.684689756739223582e-02 7.753327157376899148e-02 4.294600769930798784e-02 4.796658956891614034e-02 9.421309524609422850e-03 3.751191174611465812e-02 9.130211482111605034e-03 5.952466847161243246e-02 3.996469275306840235e-02 7.257571445043158043e-02 7.764929920174085121e-02 9.762583024611376503e-02 8.524056974336763348e-02 6.795993768816142866e-02 1.762413226262148427e-02 7.422154475056477740e-02 6.670844148433245635e-02 8.917353028882481214e-02 2.523496270776129022e-02 3.971578786890540835e-02
