2.649004954409590606e-01 4.659114522970864841e-02 1.238053019883303824e-01 1.201145157537344688e-01 9.667746411367837689e-02 8.689501739960651949e-02 1.213345009530607532e-01 1.042915480079574797e-01 8.095349302699964000e-02 9.597591513455076828e-02 4.269471374309408152e-02 2.826831210261725180e-02 8.157906927940081210e-02 8.076985367538745686e-02 6.696691008318626792e-02 3.370076745729711637e-02 4.064663860969740250e-02 7.867118621953224367e-02 9.723429237259789693e-02 8.450701097778866300e-02
9.966184612670285492e-02 5.962083647315707946e-03 2.330495980439012405e-02 7.876940767683066058e-02 8.896219322341056279e-02 9.246024126945501243e-02 9.406763882329252646e-02 5.605479668905864049e-02 6.592466423002556197e-02 9.672096634212091516e-04 8.499924377962009628e-03 1.635103049461774857e-02 7.388364614441922384e-02 9.423067221365243051e-02 2.101994280143825236e-02 9.483544470924433131e-03 6.342090337546417433e-02 3.383452323513848337e-02 4.510150673266935528e-02 3.286972396199946272e-02
8.387127800828902968e-02 7.260304447550501583e-02 7.085465024286782820e-02 4.677951216917195648e-02 9.084701134683681456e-02 5.090795282314250492e-02 7.252198590087827190e-02 3.513646964711127779e-02 4.009591796086830855e-03 7.601977734989169566e-02 8.611822988985684893e-03 5.613880753404524443e-02 3.870433210676491043e-02 9.193181833610049314e-02 6.306005105026266100e-02 8.411016807890747682e-02 6.317226277330710571e-02 6.389637965054528745e-02 5.736516386011183966e-02 9.772738017294346768e-02
9.228070358572443288e-02 9.773927640125022742e-02 1.749896981020682195e-04 2.775065991344718638e-02 3.181018238674947901e-02 1.962536356724839046e-02 4.342142767597186037e-02 5.186905516523620391e-02 4.510816631245561509e-02 3.289959695624755653e-02 3.231553878882144348e-02 1.820348722631004576e-03 1.662400606635720118e-02 8.465437245892495910e-02 9.943075242898463673e-02 8.934262122538721984e-02 2.441055122597148019e-02 8.357411083843807598e-02 8.051400490633486839e-02 6.037505032487386347e-02
3.566245048102782006e-02 7.481267506561324609e-02 5.084982305033465544e-02 4.872778812071814486e-02 9.296845028895739729e-03 9.466698311518398357e-02 2.323609654003402566e-02 2.126811154063821402e-02 3.813416242384329996e-02 4.429031710006704758e-02 4.272606406343068541e-02 5.882830467464381097e-02 2.224736607570643263e-03 4.628951985254148630e-04 7.942427538659554975e-02 8.258349969208218788e-02 7.920133747921655198e-02 4.242479881920298290e-02 3.847945180006430432e-02 3.864743367775039934e-02
4.058609565546389582e-03 1.175895098261228212e-02 6.132888799403569957e-02 2.248096391447122061e-02 7.781446870427168039e-02 5.439971284483453851e-02 2.503942409917576939e-02 8.188465349005420724e-02 9.402149217649156954e-02 1.532651826427761099e-02 4.135143772801033735e-02 2.247053707103265074e-02 9.303399009964498367e-02 8.182314930754269744e-02 8.603095536407759369e-02 7.259961452120927694e-02 6.293276055344891595e-02 7.799477111659564033e-02 2.818798166104493838e-02 8.873346295654899185e-02
7.817999046277468445e-02 8.473738143768533293e-02 8.898984877021032594e-03 7.431009492519539961e-02 6.770476818827116106e-02 9.416482812078194597e-02 1.051473661320403465e-02 5.022724912503841177e-02 3.262255623462112508e-02 2.288617608698620062e-02 8.739967328794429058e-02 3.058670326476154149e-03 4.368857047381630165e-02 2.642939583627702815e-02 4.640332852891937421e-02 5.614026076951462996e-02 1.268959682829861116e-02 2.634590155202649886e-02 6.769561896421995295e-02 2.056617046158290205e-02
6.097316078344927615e-02 6.500550709239356906e-02 7.736017668086589416e-02 3.678309762231586622e-02 5.484387934648929375e-02 7.400034384563375367e-02 7.380587080190657845e-02 8.958526867885582834e-02 4.147936787343133036e-02 6.807902002171842271e-02 3.543186669631692015e-02 3.064619068973281277e-02 9.433336343214472619e-02 7.964566643639631183e-02 3.697654627235730240e-02 7.583617175929563414e-02 6.418987808771400849e-02 2.985343025587200438e-02 1.834982628705594939e-03 8.307916211818745095e-03
1.994506744291161399e-02 4.340700996163094141e-03 3.238314734130831596e-03 4.144442623007225240e-02 1.875407155997152117e-02 6.737640205484272948e-02 7.640110123915778984e-02 4.141426954551407497e-02 3.942500343340600566e-02 4.551091315782983954e-02 1.772017199386338726e-02 4.661721838291171816e-02 2.547884445419554972e-02 2.065146820829896410e-02 4.082107299004300582e-02 9.260743984634182968e-02 5.264288257149023903e-02 9.618737879940925106e-02 1.438336605938512862e-02 4.996070821862731715e-02
1.027803775163281877e-02 4.727426506119656452e-02 9.829716649233366521e-02 8.259308539177494246e-02 6.066087356385329449e-02 5.415016206252621245e-04 4.248581254820271713e-02 4.044197838818283652e-02 8.593109630088667517e-02 2.007619786441474860e-02 8.629153252888599902e-04 5.587692043736713909e-03 2.817936183545681830e-02 4.632940563706630654e-02 7.769009337303409146e-02 9.023670653789189755e-02 8.065937207993206792e-02 2.362682951247051591e-02 5.137798622042122516e-03 3.721922484673610004e-02
8.535371481672504590e-02 4.013585192012302655e-02 2.805421646425682036e-02 6.315419338897651502e-02 5.070623881894920082e-02 4.527497471318330663e-02 1.295688890889820123e-02 2.906196606208785380e-02 5.682436453936624094e-04 8.461601781607758221e-02 9.674015251598942766e-02 4.760776835185276390e-03 3.951376834620382028e-02 8.444200456069804461e-02 4.682257853846252815e-02 5.269825765188214384e-02 5.707336702796705213e-02 8.354534140028174738e-02 9.655975531048799354e-02 4.303341897181538894e-02
9.265091991066257138e-02 1.259503740582674884e-02 7.109009998995767521e-02 9.649239134768384379e-03 7.358754582806124878e-02 7.429776512544122857e-02 4.446793913533375782e-03 7.863397374522051661e-03 2.458459236426847883e-02 5.998138045672631036e-02 2.898709258807299557e-02 8.606726961732191761e-02 6.726930136632539026e-02 4.630171472706421515e-02 2.012995707640071949e-02 9.683658516608856237e-02 6.612041078458029408e-02 2.666311630028086674e-02 3.003984797740513399e-02 5.117920827899413716e-02
2.104851362264303916e-02 7.051486659468385321e-02 9.517020880966009511e-02 8.504479340537501875e-02 6.787343649564449299e-02 3.241773780531787084e-03 5.135678156555151253e-02 3.273293432523553120e-02 1.466156034016329393e-02 6.009066192861595157e-02 9.727352792712437579e-02 9.606548773026708787e-02 5.576667538335136620e-02 9.611081811505661765e-02 4.639998501911301448e-02 7.287664767001168775e-02 7.503476959953701841e-02 9.536319340644484541e-03 5.665225585939148711e-02 5.550596192649275701e-02
7.850346922644868553e-02 6.356031534997576282e-02 4.418310047557963416e-02 4.044901100954714779e-02 5.512505878018816863e-02 2.973538233257400337e-03 8.901914280062689366e-02 9.843375129918123523e-02 9.420542659479869130e-02 6.513074666820016512e-02 6.591342630017516489e-03 5.578109469674630500e-04 7.004614464998031031e-02 5.466728805677278230e-02 3.322173102906274961e-02 1.164168252682632604e-02 3.935794743215751540e-02 6.617403963717365112e-02 6.727132511763958544e-02 4.172138750281408071e-02
7.777110838176592988e-02 6.872617990887064376e-03 6.061392426154146862e-02 5.250329287562165853e-02 3.919113240820320393e-02 5.152259185460098673e-02 4.192351739518471176e-02 7.144272001765260283e-02 8.120892021685191531e-02 4.673551405271008513e-02 3.948652350464196964e-02 8.312105396901270371e-02 4.636578012184316977e-02 7.446004448705065282e-02 7.887243973753755091e-03 7.896779705841705868e-03 9.730541952135950134e-02 4.884091028293582881e-02 2.749963994518440924e-02 6.980519229859211139e-02
7.805901466052601878e-02 2.898672650967866471e-02 9.114708493755195595e-02 9.845943282726185575e-02 7.526078104650832379e-02 3.137984824493097319e-02 4.513077730646498920e-02 8.553187394139076527e-02 6.538223551421390445e-02 2.434102725511131521e-02 7.210826720829958958e-02 9.798729443874482081e-02 5.598648730274988217e-02 5.861420267547234192e-02 1.009918821044475390e-02 6.966349404638325082e-02 3.570070689792658597e-02 3.804792701900772296e-03 1.586349011495188574e-02 2.485678057554963072e-02
3.304827959761794803e-02 1.069121175158307437e-02 8.197558470972347855e-02 8.665479005514115096e-02 5.326132767529528911e-02 5.487247043896033294e-02 3.635412116024776957e-02 2.617227903901570008e-02 6.417792588607507120e-02 7.884181748178537008e-02 3.785846674226575614e-02 7.435453701848888930e-02 8.991030725612660091e-02 2.841863393711387131e-02 5.645008432935621351e-02 6.112991919154393827e-02 1.592786963307694231e-02 1.333157827017039665e-02 9.754536690412921041e-02 2.374759374899885339e-02
2.286075565833228795e-02 5.896708377280204805e-02 4.363172237828850941e-02 6.286695749505111751e-03 4.004379514176188704e-02 9.419140320678233425e-02 8.547597188480676733e-02 5.517253274962389403e-02 8.752023398681152422e-02 3.633558231269781030e-02 8.478400176629335983e-02 6.834347589583379678e-02 1.138410565837436744e-02 6.705973632762221581e-02 5.667352585046572799e-02 2.864458896208800509e-02 8.044964966308203180e-02 8.270815217191122837e-02 9.676074934355939627e-03 8.553729264672599308e-02
4.093064053298840765e-02 9.640124406881290728e-03 3.648482577923353037e-02 6.561825361755914410e-02 3.043413293972974457e-03 7.812684240272550762e-02 8.543720856944561626e-02 1.512256338919468895e-02 6.284608301229602234e-02 3.195021168997973920e-02 3.598383445817746745e-02 5.255607341510475788e-02 8.162252308569765968e-02 5.186521381369089273e-02 1.559773035159013437e-02 8.331787310933114546e-03 3.930683346618605439e-02 2.636816825238808004e-03 8.577395395281055268e-02 4.248829009441676408e-02
5.497367438556081259e-02 9.949657556990176843e-02 8.444588363035337997e-02 1.860817302014556793e-02 1.700926051732812999e-02 6.292048548671862196e-02 5.591329243106212682e-02 3.784619905817940277e-02 3.233352328063763409e-02 2.447015343025416099e-03 2.797923346148866244e-02 8.984958867687505013e-02 6.541511356089918516e-02 5.278596202835560830e-02 8.306192714522531162e-02 9.575972619614603332e-02 4.776974762316940626e-02 1.663608246011516511e-03 7.702907861286283075e-02 6.727739557124001735e-02
