2.663051558980664701e-01 1.142719720542070827e-01 1.300841876873679026e-01 1.640916527685446630e-02 1.013885435937079971e-01 1.048443849635893599e-01 1.112010285958274919e-01 5.787655842366175307e-02 8.281661173076441951e-02 4.430040769139471230e-02 7.781858873144292810e-02 1.135741797651360352e-01 9.587749900176462114e-02 1.684814402427449176e-01 8.383851649266821360e-02 8.232253370767037004e-02 1.206969841061020371e-01 9.719879849794049731e-02 6.507491990082894806e-02 1.182979056662773615e-01
5.932329479768738700e-03 3.732538063345377383e-02 6.326595757247342744e-02 9.397484763879634939e-02 4.362427332345647502e-02 7.335442409740722258e-02 5.469444102375584787e-02 4.752760533870293430e-03 7.017174310956685035e-02 7.187769821259126779e-02 6.328533559888664672e-02 7.211894281575136068e-02 9.464557969167952667e-02 3.378427907961190080e-02 8.264554243858433791e-02 1.950213015008138775e-02 7.280588709677185411e-02 4.863907045235449367e-02 8.651428756479417892e-02 5.637831218359312668e-03
2.516826038308932548e-02 5.279637623535507474e-02 9.061180375957944566e-02 2.259081671490115271e-03 1.172639985865633373e-02 8.166213602566677054e-02 6.289449644033553999e-02 1.214664381650078055e-02 5.105984517456555599e-02 3.218208203253374727e-02 6.214876637484313682e-02 5.851698514227702402e-02 5.104777543008087726e-02 3.841355838240721049e-02 7.833143105995754585e-02 4.291562499707296530e-02 7.370615685750639412e-02 3.745980484901945302e-03 4.729073799542221623e-02 1.802701147892194020e-03
9.019443752874788112e-02 5.157656711824085832e-02 5.685775379922095724e-02 1.941406177752415252e-02 1.155054886643818238e-02 5.087466521105486056e-02 2.570711682925720665e-02 9.112381399271597682e-02 3.175540574019688339e-02 4.999122847542941672e-02 9.590553621973807452e-02 4.171738974196671779e-02 5.177877145866054825e-02 1.183311771140153207e-02 3.332934858304825720e-02 2.672050802491776622e-02 4.315197469113941052e-03 6.266934036016003073e-02 6.152908180154022244e-02 2.290537554644117568e-02
7.261623916945496304e-02 2.970849228404540826e-02 3.254098541131330430e-02 8.639143355566010485e-02 7.418364438080310430e-02 5.064254182935408466e-02 2.857721614872801505e-02 2.637882334063356218e-02 2.042932319718751208e-02 2.855044314521140367e-02 7.920739924623192152e-02 8.253119919640160285e-02 2.967083119032948302e-02 4.439629687813603787e-02 1.040445549272873797e-02 7.245635342533872369e-02 2.617689805449290377e-02 9.745184023248763816e-02 4.956163639601059157e-02 5.338962480593705678e-02
6.858498967586257843e-03 6.966034132947758473e-02 2.263403818447222784e-02 4.118753558781174280e-03 6.567013236188687375e-02 1.792741169463956188e-02 2.060380603670751778e-02 1.797293507222503736e-02 1.744409049865729491e-02 1.656095271607305186e-02 8.708677518913518489e-02 4.899727779619678265e-03 9.858968905322622323e-02 6.414312695812915410e-02 1.523356999964166174e-02 2.301096969444781440e-02 2.529581552830289029e-02 1.869168456061315320e-02 7.177617055656508593e-02 1.410399307811860403e-02
1.478196664645774552e-02 3.830854922144786429e-02 5.361362727110281778e-02 3.343574048530306708e-03 3.373128280740139012e-02 3.177687589226764475e-02 8.272440255860503966e-02 2.517797339749725666e-02 2.342166550587182483e-02 2.696102233566160036e-02 7.080113682602456882e-02 5.269047805527676820e-02 4.255777173784780487e-03 9.777498366878745184e-03 1.593747551648492383e-02 8.185148687802654144e-02 8.646866621888063542e-02 4.753769346742431345e-02 8.229455240992604448e-02 3.367206148583031661e-02
2.192580416356008227e-02 5.138785343404697614e-02 3.392929708073444753e-03 3.922853215013705208e-02 7.675021154386924005e-02 4.325143222158039230e-02 3.068878227822512475e-02 4.349686187561618844e-02 5.248737706967476768e-02 4.988495928846529287e-02 7.143076356900224244e-02 5.250055008184408012e-02 7.377966601431584781e-03 8.414700328491775405e-02 3.607119083690346964e-03 9.463527043806328753e-02 6.889047877705893608e-02 1.868466946920529712e-02 2.234824083592586164e-02 2.206229457641077987e-02
9.117960253273849069e-02 9.527911444022943432e-02 8.851921379998284323e-02 5.647248246559941065e-02 9.781453207781598547e-02 6.612666241647559284e-02 3.040185492815395199e-03 2.996565461170027853e-02 3.858564584806598030e-02 3.793886510077108115e-02 3.755684225969596612e-02 8.595000814142181311e-02 9.992218778832359649e-02 3.113027244839492585e-02 4.039036303152258173e-02 1.901553321335203162e-02 1.817466509782223946e-02 3.055956799980777058e-02 5.244862947454790453e-02 7.426810241966473602e-02
7.270068979936650895e-04 6.889595081274660360e-02 3.848120741605186995e-02 1.000803801760465940e-02 9.495668488309326472e-02 5.076910223600705763e-02 1.698700685136788138e-02 5.086967698486200701e-03 1.168016768510491549e-02 7.693789234026587875e-02 8.251726838671298581e-02 2.660724370300191627e-02 8.292174490407203113e-02 9.721698084270002926e-02 6.159085048987439359e-02 4.472446119898914468e-02 2.432721970184407306e-02 3.840901893927978206e-02 9.039459370186841980e-02 1.814918757806862834e-02
1.565009712453377042e-02 1.000278127230917052e-02 7.614047402557441724e-02 6.043618256548485834e-02 7.409105032817346614e-02 2.679920758043746742e-02 8.193988147746188166e-02 8.530069629539434317e-02 7.458353855848413871e-02 6.721984801754433969e-02 2.604021960660922799e-02 8.044063872819913474e-02 1.004976075017643966e-02 3.343709717472046622e-02 2.276782623745707973e-02 9.832308480319518207e-02 2.183415414040497382e-02 6.958224214207610336e-02 1.357202958835975783e-02 3.323027234435001198e-02
3.470501293479196642e-02 7.281952815284108149e-02 2.934888110683555804e-02 9.334376397746203813e-02 9.080013628774136203e-02 6.027635080076634844e-02 5.689194860533521025e-02 6.228438157188654332e-05 7.244457367511167312e-02 3.175616000222846597e-02 3.785412876756946710e-02 3.428025035547577204e-02 2.452815183133658788e-02 9.259912558934088600e-02 7.047541217692852855e-02 4.042874009469547142e-02 3.755405387071808487e-02 4.137286682835757123e-02 7.269346640839215168e-02 6.407534161074644741e-02
4.947906091046361254e-02 1.729345108399882357e-03 1.284457698709332713e-02 9.455595752151761679e-02 2.854258689459043818e-02 6.371084232090871990e-02 5.191558525972564397e-02 1.692799901876900284e-02 9.120705859291722284e-02 3.687766385157362908e-02 5.013767647301037300e-02 1.202056303032627074e-02 3.868226352341966323e-02 8.817482625136485730e-02 3.102424186729577787e-02 3.037168941738493944e-02 9.284936244053855481e-02 5.123116776090277935e-02 6.599387244451414281e-02 3.059540731399124081e-02
6.542309348161327864e-02 6.246297123855540367e-02 3.540883211184136375e-02 8.248644156190684806e-02 3.155381057334197964e-02 5.520628410135593189e-02 5.962024520927208804e-02 9.792646626641017538e-02 7.796233691153998252e-03 5.250880027766447432e-03 3.947117500851535232e-02 7.581838090247473849e-02 8.082656992731530876e-02 1.867583618926411601e-02 7.793867472030401033e-02 5.695570349429857071e-03 7.278157583071408199e-02 6.862587186128910749e-03 5.572163903528498663e-02 5.242768678084928219e-02
8.540545139144686826e-02 1.851632629559710891e-02 7.702656318501084620e-02 3.825196553927258381e-02 8.958705557534449304e-02 2.630210585779222537e-02 3.268014586230350363e-03 3.530409799887257449e-02 1.430711770646024908e-02 5.975361012036736752e-02 6.090860457705369463e-02 6.985489613010269216e-02 2.304365737252833668e-02 2.823468998978206999e-03 1.189932659988536361e-02 9.499474338311217347e-02 8.050023497996539046e-02 3.984356905558596174e-02 4.930394608000950030e-02 1.880981534338626096e-02
4.244367346418369963e-02 5.276361423700481196e-02 9.246980207708588306e-02 9.578434974500053822e-02 5.051567145438998208e-02 4.839738211157554315e-02 5.193004323305231568e-02 7.015379456487307042e-02 5.864075674361858559e-02 1.656413875116178464e-02 3.571210634940968909e-02 3.873010308717268757e-02 3.973762530741314219e-02 5.456618310344094752e-02 1.383159608876029061e-02 1.609927456188962186e-02 8.454120227039502167e-02 8.999302134149154975e-02 8.666456845813164112e-02 8.268455022661591602e-02
4.953396607240424798e-02 5.816896596417978765e-02 2.261719202284784552e-03 4.880592317858220563e-02 8.347029527391026937e-02 1.522108881387209713e-02 7.011976362551400332e-02 5.156929183014805074e-02 3.046137145209958444e-02 1.616193328237694113e-02 3.303174554154484494e-02 8.388166522505158262e-02 6.966954497088762542e-03 8.352893139746539464e-02 3.347472940278337777e-02 6.949818758865611810e-03 1.616138028922491435e-02 1.998655529432803724e-02 5.042755793630798039e-02 7.300882569929031951e-02
5.664956127986936485e-02 6.703282999295195888e-02 2.255240116309871479e-02 9.986654658499495574e-02 1.487844635159532060e-02 1.257344458584709439e-02 8.731714038256727095e-02 7.348184548411888783e-02 4.406465794558801774e-02 9.632462459598134519e-02 5.935560781959463988e-02 3.668065440414389894e-02 6.560697658599955184e-02 6.167288889846157807e-02 7.291983542369548377e-02 2.989692766352276820e-02 7.755548020626117089e-02 9.616470901776691393e-02 4.978038025606106726e-02 2.917311884261860819e-02
1.715253107842063104e-03 5.205103726923228369e-02 6.651554972252682503e-03 5.248026353784591980e-02 8.296026201284006918e-02 9.958636895246242293e-02 2.740870249119700328e-02 3.830497888015086533e-02 5.162621344118702160e-02 6.900696338992373668e-02 2.198684969084045010e-02 8.569587984087131960e-02 2.161762297925964513e-02 9.583129398000218846e-02 3.739608999803306633e-02 6.993545239670037605e-02 1.954162336309927996e-03 3.282467788547582810e-02 3.298726945371038138e-02 7.801299261050928524e-02
1.044819918588102501e-03 4.864308695159171025e-02 2.781129217930511550e-03 6.307309533944323310e-02 8.517227545836703051e-02 9.995011858269091387e-02 6.835136611654700489e-02 9.355219315808936675e-02 3.636848054424033500e-02 3.365712163673944407e-02 6.667328905937064398e-02 6.236427445454376800e-02 3.645036580168250356e-02 2.533723817725560754e-02 4.129421631295804307e-02 6.352077314057567869e-02 1.804763242844787882e-02 8.759818358901709512e-02 6.092414665361747805e-02 5.779117284661400289e-02
