2.412661674402483414e-01 3.213480927026035605e-02 6.557048287162295375e-02 2.058754325175174427e-02 8.693755890689472410e-02 1.169640617779995617e-01 9.050417276840015679e-02 9.497601325787671800e-02 1.509395073964225065e-01 5.999571931190525453e-02 1.242331512390903170e-01 6.854071644142586961e-02 1.267484354902065902e-01 8.895629464577742285e-02 5.966875838342605709e-02 7.158377345115696233e-02 1.038704486937425397e-01 5.945354893832963117e-02 5.628426984883069112e-02 1.508532518728657734e-01
2.480959179118873495e-02 3.990188380151574871e-02 3.261795021448656018e-02 4.664233754255353581e-02 5.587189205115394158e-02 1.354212149277612791e-02 5.689064015370512428e-02 5.636522799038398701e-02 8.088077001558099943e-02 4.872588876083055326e-02 1.227252128592692948e-02 5.944478492016726234e-02 7.978595531830086351e-02 1.547818852182157937e-02 6.499838470657004659e-03 3.828276656101006759e-02 1.774649614417789321e-03 8.580495112378321021e-02 7.101118533625584706e-02 7.004438894109753233e-02
3.607542941730360747e-02 2.033569451368895387e-02 3.822715783463145889e-02 8.530352441987226753e-02 9.739433224791342603e-02 5.540590552039550976e-02 2.244894033361780755e-02 2.699743163038558283e-02 1.208529628439091244e-02 1.228940319467798463e-02 6.778009486748279300e-02 5.780151520886130101e-02 1.450896104266064012e-03 3.379448087580574217e-02 5.896197942922252327e-02 2.843655152884169354e-02 7.913739856673183970e-02 8.995571832656278077e-02 2.440951851926055627e-02 2.415974464694087276e-02
2.896274963747076658e-02 6.115395640806139954e-02 1.013871093967037146e-02 2.235814799173927586e-02 3.255584379363918486e-03 6.426287536514384280e-02 5.773654362175483640e-02 9.189436524153299368e-02 9.875461352725423830e-03 1.156732486618072928e-04 5.884454413348320229e-02 1.636614455733955906e-02 8.363440485682187286e-02 1.498479691502390201e-02 5.847999012542316744e-02 7.029170211713915706e-02 5.045287807033750627e-02 2.400385753225063937e-02 9.317867452856488930e-02 1.244153391069669065e-03
8.406680587632808788e-02 8.388590081681017441e-02 5.890792135481581759e-02 1.318487932641051498e-02 3.267515337103905904e-02 6.835657032705508285e-02 7.403126779366048238e-02 1.272509134659821628e-02 1.174554439027650915e-02 2.430503433664803550e-02 1.772099806949132411e-02 3.663703318422325411e-02 7.938209634294393635e-02 8.624375624374869265e-02 1.535942289518690308e-02 6.082373838276100564e-02 8.142383734786842742e-02 6.791590931202594328e-02 8.018017840573267441e-02 6.986530745284412480e-02
8.143265225963026988e-02 4.738219383329125844e-02 6.136712792534271266e-02 6.613508189412097005e-02 8.969078558402601709e-02 2.369820177227258823e-02 2.738487589946679915e-02 6.793474568398365221e-02 2.189143049204481800e-02 6.555287410484837707e-02 5.162233833397633642e-02 2.934896791438318386e-02 5.295111045206194605e-02 5.663963457612289365e-02 3.850203833955354732e-02 1.012935082162146408e-02 6.114056793092081943e-02 3.759356695419843741e-02 7.068241425478954953e-02 2.918957208088011207e-02
5.662744326927137556e-02 2.806616498956929912e-02 5.267169743774220703e-02 7.562152531054350257e-02 5.032952630529768240e-02 1.518674219035193174e-02 8.129772542878731245e-02 8.853510434443545574e-02 6.036128985031286032e-02 5.706889493802278640e-02 1.759640544371201751e-02 1.603522285370797759e-02 4.318174006605999399e-02 3.490253817709328826e-02 4.761744884396841571e-02 3.209510557810526382e-02 3.300285890555940821e-02 1.152373008439612316e-02 9.562671814465110998e-02 9.712448522661516759e-02
5.107687872299160499e-03 8.364861952039953641e-02 9.419239680547580873e-02 9.361831935715797526e-02 1.951013902052339821e-02 4.508410675786826000e-02 1.240407794999198862e-03 5.117233649243233679e-02 6.822016513784344427e-02 3.593150242417560147e-02 5.263229964101987651e-02 1.815199448140095845e-02 2.165350503422805092e-02 5.260801123174162902e-02 4.756846620733171799e-02 1.538348938504924268e-02 4.544327701869572966e-02 9.169146884014872656e-02 7.317436331691276608e-02 7.470848777221057724e-02
9.090484812140672832e-02 5.627296743041440563e-02 7.348979467895563888e-02 8.801817366514605445e-02 3.680460606855062711e-02 5.155680121279870853e-03 7.064479740249182682e-02 4.116694406370838971e-02 5.095618698320455997e-02 5.856917721636937385e-02 8.916415202264094120e-02 6.035738555647207626e-03 4.160117063648083313e-02 3.892963159562780329e-02 9.613338880087092531e-02 6.447320326514041633e-02 9.163119917384597579e-02 3.156140125910886912e-02 1.695379598957027709e-02 7.480272396987898420e-02
8.548837720188107170e-03 4.515351537690781569e-03 7.400427209412173413e-02 6.505548757220092505e-04 1.976805529338281422e-02 6.325777277899934103e-02 3.903481523123297769e-02 5.715865658881948141e-02 6.833249470382622703e-02 5.281356532244305818e-02 7.536969771047115352e-02 6.428986388394476725e-02 2.318135038464567282e-02 2.595727616428002149e-02 1.838332088942611423e-02 4.735643816814932849e-02 9.906459684253085540e-02 5.306375506033927242e-02 7.410474335789991873e-02 9.184881418145917839e-03
1.361810562025227503e-02 4.104817368627697305e-02 3.519956053886674069e-02 8.155897213270812962e-02 6.906455078820315785e-02 2.063425835044829966e-03 9.929613749005530843e-02 3.853252518764805137e-03 6.645508433992181052e-02 1.769852631383277489e-02 9.345681508733122422e-02 3.965439574437819303e-02 4.978192707863043909e-02 6.827839844469918949e-03 4.522543853322214501e-03 8.657176048307475835e-02 1.609099805516259890e-02 5.752701983370927391e-02 8.371263203107071407e-03 2.352931539253011548e-03
8.516200738442755713e-02 2.977962051618606928e-02 1.483665081208046521e-02 5.809337249705884970e-02 2.630296344812798129e-02 6.675707309035393278e-02 9.275984232477818558e-02 9.830917326454551020e-02 3.190551792480913335e-02 9.328516340217921088e-02 2.666866741248653805e-02 2.044806752274441666e-03 4.535079473665416805e-02 7.344811983839441560e-02 7.049573287301403104e-03 5.510006917943032628e-02 9.890937445891664903e-02 4.642971913680282031e-02 7.843228019339770762e-02 4.142388796885000668e-02
7.437660520628971983e-02 7.034063584439725902e-02 1.452556471351350645e-02 9.263637082839741577e-02 3.742994025705825845e-03 3.572701981316713654e-02 4.252185555677187589e-02 6.205940696620790287e-02 8.811881181807518226e-02 8.688498272432859659e-02 4.851900420319215507e-02 6.706629346801028235e-02 2.675867849638025042e-04 4.049081478704880110e-02 6.302454836647478076e-02 6.547929445971210904e-02 4.982452895647220686e-02 7.184105620013306326e-02 6.022031254546922558e-04 5.578107970220073236e-02
1.671695950514361442e-02 1.265856991316678497e-02 4.063228051096885729e-02 6.501378391098215637e-02 2.279874719858154732e-03 3.666648085100088217e-03 6.042222634097607625e-02 6.927658110827969451e-02 2.297317362250610520e-02 8.641624409039619370e-02 7.107124666376167521e-02 2.178451280571067766e-02 2.381112746488302234e-02 6.608981642214796504e-02 2.065928555092924265e-02 1.647880531611825225e-02 1.895918268793370803e-02 3.895456733641838171e-02 7.954850504279339929e-02 1.448440916041146033e-02
3.052464464092062915e-02 4.695503665097547352e-02 7.960397042875329288e-02 4.722399982228240450e-02 9.121193681818862142e-02 9.502107657681151121e-02 1.032941257579644834e-02 5.054623369041519321e-02 5.110033975551391688e-02 4.525443900457339075e-02 2.296317467401942647e-02 8.187673416959749539e-02 9.256107718496202341e-02 7.513356342606979099e-02 5.596749916226685662e-02 9.800970799812296075e-02 1.825743963943856837e-02 3.968405105937899274e-02 8.795065314940925250e-02 7.520223862809544135e-02
9.392186125458640289e-02 1.544366443386535614e-02 2.344139504119924482e-03 8.683531235578206831e-02 2.896785077409329626e-02 6.318524337389616607e-02 6.357489132117390140e-02 2.209532464232991794e-02 3.282343198080144714e-02 5.794368106276748948e-03 7.058981760206479994e-02 5.079752010053374678e-02 6.878086862033200299e-02 5.450251298281633128e-02 7.434592466390239907e-02 7.990887937660576257e-02 3.259408581299009372e-02 7.628398307326066108e-02 6.183389950411464359e-02 1.488283053739910579e-02
3.214269696790796049e-02 1.698958704782521645e-02 1.018396695734159578e-02 7.358966971223937503e-02 1.054273029534482688e-02 5.544338240192851069e-02 2.213848846462658504e-02 5.306814094676901711e-02 9.350037280869849532e-02 7.272980812023141506e-02 5.782042740585940227e-02 6.251504895843881804e-02 4.650120557183609615e-02 6.530587613237177902e-02 2.925033240146927144e-02 4.860091070465780150e-02 3.719062724777262574e-02 6.427347634748137306e-02 5.704909546766378375e-02 4.831114665902097594e-02
4.338849785759336941e-02 1.522370761387163013e-02 2.107652490967779763e-02 2.548998436999970821e-02 7.562978890546216693e-02 4.182450058965807987e-02 8.425906332919298400e-03 7.759451126471555993e-02 2.346786429865914750e-02 1.155331454948529436e-02 8.315932269565561030e-02 9.125898603106011309e-02 4.216635007497611387e-02 7.074543252556141082e-02 1.963276228289929926e-02 6.991066537672202541e-02 3.681837506706171770e-02 5.702481483719513966e-02 6.831652819795991372e-02 4.999402220135604896e-02
2.972301138310776830e-02 9.735130033094131427e-03 6.917247818284107119e-02 3.274103313534974108e-02 4.454682326507228979e-02 7.687956309995036541e-02 3.475146586397911269e-02 9.633438332712553065e-03 1.962353379996054775e-02 2.060490711802027974e-02 6.632560162824160943e-02 5.622592078423796491e-02 9.225660126352831086e-03 3.299748231962135181e-02 4.413636279110125932e-02 1.277468635768096508e-02 9.881523522678403726e-03 1.685538259620323817e-02 1.423401642016652868e-02 2.863501607784988551e-02
5.689579745138541311e-02 9.502979866075697557e-02 8.997844975060825812e-02 6.622180001780353722e-03 9.607571442948387164e-02 9.444237256230866850e-02 2.544731400632332941e-02 4.709510493512258228e-02 1.333455546703387132e-02 1.614018208157548193e-02 7.795188249817797121e-02 2.954592304073482348e-02 3.164833693322995772e-02 9.286846114853604395e-02 4.595843975853917268e-02 6.544473673818798631e-02 5.723136357604158286e-02 8.801813734521767019e-02 2.354678857876673151e-02 6.509963960748385570e-02
