2.780645556726663026e-01 9.576328766552286154e-02 1.664084482116830882e-02 7.466059971188458710e-02 1.562896784373846160e-01 8.230971963158234539e-02 6.467034932910736833e-02 1.397813801994527982e-01 4.343723803399929251e-02 9.402517830448170466e-02 1.547879102741234192e-01 8.845213236192087103e-02 6.998494331362493936e-02 1.417213782480387652e-01 2.410637829446519650e-02 4.011335913066176734e-02 6.396112077451637790e-02 3.102103470837969806e-02 9.057902997989950022e-02 1.464275614586739160e-01
5.422941976828404842e-02 4.775502123011798883e-02 7.332206082260876723e-02 9.410113067063040349e-02 4.212986177822170691e-02 4.427750123860908077e-02 7.616434551612474846e-02 9.936010432179216700e-02 7.029498117176373462e-02 8.342439067470455716e-02 7.314367761518501820e-02 5.439996036651197076e-02 9.896277526237701183e-02 7.228455578135579984e-02 3.664993448126952630e-02 8.701875889692073374e-02 4.518917931075551453e-02 2.507250489633133100e-02 8.752024912708893101e-02 7.905683877087558986e-02
1.433265989123403382e-02 5.263132354042162481e-02 7.162729006025830847e-02 1.150074505389369652e-02 8.939150800799552932e-02 9.045980636113643003e-02 1.749024486951800475e-02 6.263617700880459715e-02 6.426366951576056863e-02 7.470019426106853933e-02 4.979307064847207122e-03 8.506277493785648069e-02 7.105786666833547802e-03 6.316563704549445213e-02 1.583887586472833633e-02 3.516206019454363313e-02 3.276961837835329350e-02 3.483917778381372121e-02 1.016385621383991134e-01 1.941261162005136764e-02
2.866815188117279381e-02 3.106240206023003908e-03 2.929022316845383139e-02 9.872357144937120299e-02 1.215062920105747582e-02 6.151732899088016571e-02 5.973788072785032183e-02 5.902178658597981992e-02 8.796315307654234417e-02 3.544459784293980953e-02 3.923476775625010793e-02 1.675099957304701515e-02 5.077357796624994840e-02 3.941960047468436035e-02 7.705135393733529570e-02 9.690609961679462828e-03 9.018334577451174450e-02 7.064478018756535638e-02 2.389574035953841852e-02 7.797305351586561462e-02
4.795267084756303644e-02 7.383364934016281578e-02 9.307946207461918406e-03 2.010190708109633323e-02 1.587609095689355640e-02 4.675695322956509997e-02 6.363965953726370695e-02 3.369284498443780862e-02 4.334516330519180144e-02 3.553712517332963897e-03 1.947061659453189209e-02 2.379863080237315173e-02 5.891843758423149363e-02 3.996620119122712422e-02 5.580572413056593406e-02 5.021228561133613683e-02 7.738319961500433886e-02 9.156743720304762191e-02 3.715643909705727225e-03 6.396114686982870556e-02
5.394615967748804010e-03 7.903778712292282294e-02 7.619610938520123000e-02 8.667326739293995663e-02 6.586781841547043048e-02 5.824589859861401681e-02 7.146573690882515595e-02 4.617970898796423113e-02 6.441152107036804408e-02 4.199736698286147402e-02 6.182904637056704095e-02 2.052115905782619584e-02 2.023971174511743701e-02 8.662250004972746331e-02 6.622016432380106732e-02 3.913378731115244209e-03 5.859525797779231021e-02 3.740493554118712316e-02 1.705003030322057092e-02 6.337925954835389730e-02
1.483313854014329559e-02 8.360745800558894159e-02 4.351460457317164743e-02 5.621287817016681204e-02 1.001548803949412203e-01 4.771370340608622335e-02 1.443803800473595494e-02 3.109508387300035509e-02 2.759525242308323231e-02 6.403037409890721676e-02 6.428020934174339014e-03 8.022564974591937792e-02 7.981281460188316412e-02 7.961670102312283503e-02 1.008883213825973249e-02 4.979584272028683700e-02 2.528758411769599368e-02 7.528031827664594111e-02 7.705014893786728269e-02 4.003392757342342373e-02
1.002337673159859818e-02 5.256636920801071450e-02 4.455449803327876657e-02 2.512147778536315615e-02 9.418005252369582303e-02 4.713994586668877190e-02 6.999338377571649727e-02 8.008409634032664925e-02 1.012564674955955708e-02 6.416413818018440463e-02 5.646095946821720613e-02 3.830870954791739530e-02 9.859762397008031698e-02 2.644034330306030758e-02 3.917593946769113572e-02 2.935110220978437781e-02 9.900652776641893915e-02 9.162517118584859177e-03 7.896532576915976653e-02 9.225589712850422452e-02
4.084292450631191868e-02 5.428405742073073859e-02 4.947163495992482063e-02 7.490117825361608528e-02 5.698722602304295837e-02 6.192150270631327502e-02 8.845274429971497487e-02 7.693029519889998946e-02 2.710760364269459294e-02 2.074166479305053143e-02 4.299960150382636098e-02 6.418567379478450421e-03 1.306400407616774458e-02 3.439092524640475351e-02 5.069105863243462268e-02 7.243872367005271817e-02 7.261828417573400196e-02 3.659477351517587129e-02 5.515519059722340245e-02 2.517279626120384056e-02
8.349321249233680742e-02 5.199005789355580498e-03 7.014563206690863084e-02 2.089510551516575443e-02 7.255077539594964597e-02 7.873344665624058478e-03 6.181041610383372631e-02 7.311307924171907280e-02 4.432162340791311744e-02 1.960470483830052679e-02 8.760769641413715392e-02 6.650535759112549683e-02 2.792926134248040204e-02 1.067124513785017853e-02 1.026660637181562724e-01 7.349112169733140743e-02 8.960700538264818049e-02 2.513963219344542838e-02 8.866447227892289285e-02 1.152298547007602099e-02
6.292826700916244465e-02 7.764392366080857810e-02 3.426427053330410172e-02 2.702090811169083340e-02 3.575506066213383904e-02 1.944896514389910652e-02 9.230118662605418800e-02 6.435517921832793753e-02 3.140925360130413652e-02 2.902339989417038538e-02 1.672268991297852850e-02 1.018236586230643892e-01 2.860718309422808150e-02 6.933480424003088394e-02 5.465365298317408083e-02 6.534707520279660342e-02 4.405153969605366676e-02 4.025101078911776792e-02 7.458516240348542214e-02 9.135734850066069834e-02
5.360467770514783757e-03 2.312697195907169670e-02 4.299616248541496266e-02 4.755732607324166666e-02 3.282455706152791197e-02 9.582414006648001803e-02 6.049895179546386365e-02 8.747482951686023911e-02 8.300181379366397549e-02 4.901132307947772548e-02 9.653696346478733703e-02 3.222226041729697732e-02 8.152043235189004866e-02 7.447418497400558335e-02 9.462335240441378803e-02 6.855836355289215978e-02 9.117544582064680825e-02 2.886725573709931353e-02 5.423031248533665034e-03 4.495017208143384929e-03
3.443308672773445073e-02 6.314543987630838462e-02 5.204059372253339033e-02 1.636509113464075169e-02 2.321652454873732521e-02 1.886347673932997973e-02 1.032043107787869625e-02 8.367483100552067232e-02 1.009651483327355104e-01 3.508975896101446112e-02 5.416463188181199623e-02 5.307836857285714444e-02 1.301205786502725083e-03 1.545375060127456533e-02 8.104867276892971373e-02 8.721559567022035830e-02 8.314680362450491136e-03 7.827036979273388484e-02 6.700574922977553527e-02 1.840128085807455141e-02
3.408883362091726099e-02 6.254929770756714746e-02 6.487482840180330834e-03 2.660171660358837814e-02 2.266723684879051043e-02 4.129829379481586571e-02 9.469807235327878936e-02 1.130630072089665664e-02 4.158690365619720219e-02 4.022328847416092173e-02 9.716357497678580757e-02 2.103795443318797961e-02 8.947509104807623015e-02 9.028303715790805817e-02 2.497318850630756912e-02 6.832612694326795078e-02 6.771988474855053508e-02 6.946582693586804413e-02 8.369388355772920673e-02 8.929313104260172551e-02
3.781876490619524855e-02 8.149268931783718029e-02 1.024648138049388119e-01 3.236945328665035045e-03 4.613121728706180008e-02 4.936747466627144053e-03 8.116912450190670592e-02 3.209850477236304150e-02 1.519376327594718600e-02 2.523392533909279978e-02 2.556947698854530882e-02 9.352337997476155296e-02 4.332808148317740526e-02 2.217462364845398243e-02 1.159124250789590402e-02 5.978250282036674107e-02 5.091939614861499402e-02 6.720414936354479618e-02 1.267046971856536537e-02 1.554715112700198916e-03
2.257640619616985145e-02 2.246076850404555778e-02 9.955362944583243806e-03 9.470596220233325202e-02 8.554863880259218345e-02 7.067425852049352697e-02 3.084000325721629118e-02 1.408923694066925407e-02 7.648521056324839029e-02 1.259175916509366194e-02 1.457784444870905208e-02 7.372025898453900272e-02 3.156404795573763272e-02 7.995986021784565190e-02 3.196547979201108669e-02 6.374068491302656292e-02 6.288413300332423850e-02 6.806309467110142897e-02 9.402354307603531802e-02 3.816787133394940190e-02
7.912558726671520271e-02 6.746049765564865464e-02 8.693583313506504651e-02 4.589360058706255102e-02 8.651672218017038285e-02 2.193266537704580479e-02 9.093025930739750962e-02 9.295160821863178435e-02 9.256529596710409702e-03 8.243267087292210915e-02 4.480336858737123812e-02 6.178575463437140092e-02 7.054418101678781861e-02 9.248083675517836805e-03 6.849592590980044249e-02 3.295502396517353827e-02 1.316515024938972201e-03 8.798797680233281723e-03 4.399173472794008083e-02 9.744628235225902269e-02
2.046929821647592435e-02 8.831068311736885168e-02 7.644360920760377709e-02 2.354050844585642288e-02 6.316647942004987790e-03 1.773505226472708515e-03 1.734661248980756340e-02 8.239422811630306431e-02 8.308619967788008487e-02 8.160747823737939111e-02 3.936196587123906576e-02 2.716999990506562511e-03 9.768649845643827268e-02 5.430505973014632131e-05 4.716914829474646437e-02 8.036578916760306335e-02 1.543134898104089707e-02 9.666160982293664494e-02 7.543983114966253123e-02 1.209074279870939704e-02
8.356662362769344543e-02 9.239728941445826682e-02 6.992218849016396121e-02 8.350264423916985146e-02 2.051124914121522230e-02 1.007378432176239541e-01 1.042076969513179401e-02 8.510274774063393555e-02 2.059329390679917951e-02 4.311074132001838782e-02 4.008098627877652170e-02 2.586973937678676769e-02 1.301710222013724785e-02 6.425211979555575659e-02 8.848583954583959243e-02 7.561749956605075089e-03 4.575562951749986840e-02 7.697952743315292223e-02 7.382793131863284175e-02 9.887909309326543827e-02
5.593219909954509628e-02 2.629164601045254346e-02 4.804573538638128721e-02 2.243155502273542351e-02 4.045278786143994762e-03 8.613221335687397395e-02 9.717289817874773250e-02 1.610491696473800209e-03 5.543529557929403884e-02 1.666406368717596870e-02 3.231104515932470972e-02 8.493559974096152876e-02 5.723872699477836057e-02 6.756739444063659950e-02 9.637024049853426533e-02 6.824259287789891798e-03 9.395780960644747881e-02 2.646011610726443138e-04 8.073817997023000070e-02 1.894888118804798766e-02
