2.501773883514520902e-01 4.359092989674557411e-02 8.054787278333488953e-02 2.747455051724016772e-02 7.740337498470638289e-02 8.659504274833446091e-02 1.212661934107787109e-01 1.350680597266168403e-01 9.956267467232421398e-02 1.633024195564828362e-01 1.175571595886663878e-01 1.289427354503802359e-01 1.024740763275494571e-01 1.273245165327351602e-01 4.854342678849848935e-02 4.996284790254648667e-02 9.225762450252902869e-02 8.907712583949510543e-02 1.100040479833931939e-01 5.122653192608424971e-02
7.595916469124970594e-02 8.285341665797699151e-02 6.030181465001054758e-02 3.137133798344966806e-02 3.763250814606439176e-02 2.441726316771454519e-02 2.438108592592245355e-02 3.046595931608774357e-02 5.469617209902786353e-02 2.381004473123458226e-02 5.136403346389563362e-02 5.057136718146504339e-02 9.686219220546028741e-02 5.661997893782000357e-02 3.413402310241663712e-02 4.502628711414318613e-02 2.287024124303176434e-02 7.356928492524715535e-02 3.837218484829255094e-02 5.519210677620467638e-03
8.481021957002249367e-02 3.244596532503696285e-03 2.761247116140496186e-02 2.127529569298532153e-02 1.364687981958209208e-02 8.652511333510340408e-02 2.385200141486754251e-03 6.201244099332559045e-02 8.931529764487550205e-02 8.597256126551378053e-02 8.732656252374375316e-02 1.091324496568935130e-03 8.992771358796330938e-02 9.103808493948362113e-02 9.583786136136712708e-02 7.951400036170386265e-02 9.141138485518784940e-02 2.978301162674683658e-02 4.108142235451654051e-02 9.087370586329457378e-02
7.335094856275138631e-02 4.203475849857989805e-02 2.556405286432478219e-02 2.728123776474336223e-02 5.316678111530951517e-02 9.983677352894682056e-02 1.763661487005896466e-03 7.049629542164650986e-02 1.198192064974915733e-02 5.296948269262002906e-02 2.235176231926730081e-02 9.559419722803529085e-02 4.161025452193182345e-02 6.526414775343469810e-02 5.484998451051149165e-03 4.875003362380889160e-02 5.020156396015987288e-02 3.036872016606416771e-02 6.720846514394130528e-03 3.741481341565774249e-02
2.082356672918181037e-02 3.337524328511642935e-04 6.800288269136349484e-02 7.187966476913776976e-04 9.696588514837678474e-02 9.024969226327257676e-02 9.561259511090158814e-02 6.459362258083022057e-02 9.512606072519282085e-03 1.927912959886227823e-02 2.479849610653143271e-02 7.951629958545603991e-03 7.254412818132481566e-02 8.766493016822085593e-02 8.874731580159472832e-02 4.842265471584618342e-02 5.905018130089767503e-02 6.203310779912666467e-02 3.864984575394517924e-02 1.253968876813871345e-03
6.365949727438618977e-02 7.639074041258753223e-02 4.891613939479907969e-02 8.351998986420620941e-02 1.507935060497624970e-02 4.674752358810862866e-03 7.964367729763857651e-02 6.972846042499578068e-02 1.747780303099816246e-02 9.134033892208404115e-03 6.691679128685229516e-02 4.394748377176929677e-02 9.708091582108219209e-02 6.614092239271129881e-02 2.195116766952535242e-02 9.308848722478861581e-02 4.354928572293960409e-02 8.027064454856859196e-03 2.482326628450262293e-02 3.783332828454401275e-02
8.368972166446028704e-02 6.491378024228976196e-02 2.834698595773223195e-02 2.318686923534559949e-02 4.782442969356662243e-02 4.372778434765342559e-02 5.770601742850165611e-02 9.176186687362328231e-02 9.331527697232806784e-02 8.679731339379251343e-02 5.382197586812267898e-02 9.032544662381597478e-02 7.383198196966005156e-02 7.027561100325192822e-02 3.785929935304255430e-03 1.269707501859457244e-02 4.294694069898559452e-02 9.732419223173255363e-02 6.594725121461103567e-02 4.078552020925723526e-02
5.095266771004935275e-02 2.909050920171940557e-02 5.992408289017684547e-02 8.149478700669814113e-02 9.313617424301695591e-02 4.081551735608845988e-02 4.603050063537938302e-02 8.399884192033414687e-02 7.002742290382454882e-02 1.844336471622605098e-02 8.627916631537664582e-02 4.414491879048693113e-02 8.552580771210328836e-02 5.225539109313059177e-02 9.907512926184587621e-02 2.540622104270037415e-02 8.023609697803350815e-02 1.786774932716578279e-02 2.121163415395541790e-02 2.964331149295854756e-02
7.377072037721366105e-02 1.224953820570390262e-02 9.263167054228178821e-02 8.248518571602937721e-02 1.803061705401785147e-02 8.527120472278150454e-02 9.303067232528670905e-02 6.336633449221079628e-02 8.495888749253403815e-02 3.048660451387862416e-02 9.430405435590895336e-02 1.351708081746966217e-02 6.837008813882976266e-02 3.382995024298042497e-02 4.813303102159778579e-02 7.167670160196712437e-02 5.059148051614659886e-03 1.038785870294789545e-03 9.893422191882729130e-03 4.293486644220537857e-02
6.305221852059082754e-02 1.574368404219506209e-03 3.117153023421787017e-02 9.861643200783319629e-02 9.697138355054056580e-02 9.401590677971431720e-02 3.881811456495181528e-02 9.937199889214781701e-02 8.486956348190301258e-02 2.999827135375698894e-02 9.732467920794124483e-02 4.008079097077438258e-02 2.165811208620883888e-02 2.972622866319177964e-02 5.892555410356906109e-02 3.154142589645262534e-02 1.164264124233890287e-02 9.683218896860036617e-02 6.540401637245711608e-02 9.167469876263861783e-02
5.049894772666504994e-02 4.084937087451623490e-03 7.374513367150903505e-03 8.104933954949394836e-02 6.550458456899156678e-02 8.041243302586040254e-02 9.409960825844589094e-02 5.920598320866470726e-02 7.932302086354270365e-02 6.909093981039036991e-02 8.941129751416659888e-02 5.308644158110256694e-02 4.140329715446209452e-02 5.422148559136863444e-03 5.463964105656582415e-03 5.756398392156589910e-02 2.387676003837721148e-02 4.923905537190610693e-02 9.059681810134856753e-03 9.229692782604116685e-02
7.848424711532264730e-02 9.449685514331565561e-02 4.921207415718874961e-02 4.200808533960152108e-02 1.801958654282756131e-02 8.092257504441971450e-02 5.930840564577511201e-03 3.868379828049552105e-02 3.178359794961720802e-02 4.264434394111073223e-02 8.327103047366941901e-02 6.485082652427309746e-03 6.105759333854424847e-02 8.836363851126581570e-02 9.751731975357526283e-02 2.685997625943336090e-02 9.339001683786181396e-02 2.178509362075422770e-02 2.202443124980650938e-02 5.755648166055396531e-02
7.295470944124456125e-02 9.970677543418426936e-02 1.841362268760086268e-02 7.223699478678323460e-02 7.803322902553383456e-02 2.527920967966806876e-02 2.128335217694622694e-02 7.210655777876610883e-02 6.227709456922730230e-02 8.868051998944281866e-02 6.872249521835023522e-02 9.833174980247350039e-02 9.427393368050447642e-02 7.019292268774893206e-02 3.372081280502286366e-02 9.432183335617119746e-02 9.245640986708647535e-02 3.972988874405847422e-03 6.846705530999239175e-02 4.790048540623161044e-02
7.553459530896254603e-02 2.075380326656350860e-02 1.967778984168917777e-02 7.942243311827545948e-02 2.622001186101688072e-02 2.835145180119498509e-02 8.572693820975678392e-02 4.584643249352259725e-02 6.370492683995436500e-02 1.187630091804829993e-02 6.631737574444387939e-02 1.134978890999375351e-02 6.419859966846216959e-02 1.902509402884888789e-03 8.669844149463812322e-02 7.163735054744806152e-02 6.753337734317742258e-02 8.028357467875680761e-03 3.961691135155285398e-02 1.715180710787601523e-02
1.937094387933955414e-02 6.876164613163522621e-02 5.265367303141507693e-02 9.162079133531503272e-02 5.298295353121398876e-02 4.843833495120647425e-02 9.575904603819485397e-03 7.471540795665453094e-02 5.804288968386684539e-03 5.596973611258757031e-02 2.895279901363664518e-02 2.733725535838673823e-02 9.765141083707598590e-02 3.143787743493244025e-02 5.681845403690349849e-02 3.707768025256093919e-02 2.267609275256447093e-02 6.994801777069502291e-02 4.334811793511220146e-02 3.884432898299672657e-03
4.673699945606338974e-02 2.873445472915274815e-02 8.570446617695964830e-02 4.125710565609655434e-02 6.680534427869552760e-02 2.653021781176989613e-03 4.501407476678329078e-02 7.269406970388782308e-02 6.170356986747560502e-03 1.436203451977717885e-02 7.330253842083145517e-03 2.129523045549516422e-02 4.438374980378678031e-02 8.289785935323393251e-02 2.545201862421575425e-04 2.483559488492856002e-02 8.824511284209846790e-03 5.773574327863865291e-02 3.730509428667738020e-02 5.508570111196564936e-03
3.311584543179677681e-02 8.219695017623818156e-02 4.961527263856011644e-02 6.657786418647804183e-02 6.641417373744103181e-02 6.484820387879788872e-02 9.548684939194940213e-02 4.171580854943635064e-02 8.762573942472710875e-02 5.668839744812485121e-02 1.492194961841719787e-04 7.927443412568568881e-02 1.055868831568208648e-02 7.134303681827308674e-02 5.307599578577282262e-02 1.576109362015676351e-03 2.621370822311118801e-02 9.211474536468156060e-02 4.933591842398544342e-03 3.743440139439379449e-02
1.454466966931025097e-02 5.525292398926473676e-03 3.772906991648371927e-02 2.326528007340239457e-02 1.346516682556520060e-03 8.194944934048110918e-02 8.259864163118917080e-02 9.538602231820361710e-02 5.523701512069228298e-02 1.630924756116033589e-02 7.340965455687839536e-02 8.797396266264888298e-02 9.126558920505709049e-02 7.989936801040388448e-02 1.070951472153129982e-02 8.063964985589167425e-03 1.177495257136930255e-02 9.065841658284828908e-02 4.572080735790639422e-02 5.895673756389179648e-02
5.805404656777111289e-02 5.734730405491203498e-02 7.338054844071544014e-02 7.520440947097400963e-02 9.520368652249332209e-02 7.786165175331966060e-02 7.676588661189454044e-02 4.721940347420288536e-02 2.993539257536315112e-02 3.413747514657253929e-02 7.052807374603234369e-02 7.901548949916317732e-02 5.387837092484627083e-03 9.581651184568862334e-02 9.274438179426275353e-02 8.954156904021376429e-02 2.034915137892291670e-02 2.960111786868928688e-02 6.952463683583726128e-02 1.362880213324296763e-02
7.022542780207956248e-02 6.931197269382335935e-02 1.472245926405930765e-02 5.428556129014095594e-03 6.762725606700957515e-02 9.517560050463955146e-02 3.684376540044056320e-02 4.244764507682907695e-02 2.939679540150582845e-02 4.913359428894608499e-02 3.747100131012170293e-02 4.917422959918574948e-02 2.052874957344321891e-02 9.546110172243182923e-02 7.531360854729352364e-03 7.095664363543455200e-02 1.882187643513432221e-02 2.830041219165542465e-02 3.656971187897987280e-02 4.872819632407335289e-02
