2.688107802563321491e-01 1.319695097442499798e-01 6.904493932320088234e-02 3.766578445351891763e-02 1.207952691539258411e-01 8.048496380574667042e-02 3.718925051004608184e-02 1.110297311476430432e-01 8.795393966137153574e-02 4.713063720450038491e-02 4.385313974425240208e-02 3.913678742125548116e-02 6.685996918711302472e-02 6.853538281867900539e-02 1.233954131291827572e-01 7.154204174329517607e-02 8.237245317432581593e-02 1.427134746151468014e-01 1.761211383477280790e-01 7.254759318438611104e-02
3.260019944246096701e-02 4.437988613676822208e-02 3.214869761138313548e-02 3.108360857596840360e-02 4.831190554694641398e-02 7.937176527956779637e-04 6.046621156929793406e-02 1.532260490942436576e-02 3.911026172845316617e-02 8.577589469465574101e-02 9.194744530106495339e-02 2.686973543203239473e-02 8.160147731746586475e-02 6.881775314206299565e-02 1.440746900395924006e-02 6.695130024425822134e-03 3.116579288798378145e-02 3.624393676470535203e-02 9.224942885940394521e-02 7.287917253522056826e-02
4.757780952299524302e-02 8.259029218162081132e-02 2.682448594244649792e-02 1.354328970319620441e-02 8.963687511844108113e-02 6.775748297708705792e-02 9.604065818654350384e-02 1.701766407656989458e-02 2.513358227147486496e-02 8.644095700799037801e-03 7.644023997403953663e-02 5.282460622581587606e-02 2.654953691156798634e-02 7.243662112288259958e-02 7.334511356307084340e-02 6.454958872221118471e-02 9.371411347888534971e-02 4.758821160639834652e-02 5.717777481045030474e-02 3.929073711293652738e-02
3.524937348068778870e-02 6.226553113147604256e-03 4.419803882708178699e-02 3.179954876244539541e-02 8.396806468505846680e-03 6.544557316127062874e-02 8.300558051910249258e-02 8.329813813952634260e-02 3.564279293009079558e-02 5.507885300329839334e-02 2.018408716555503135e-02 1.010250950240175818e-02 8.107643017209369141e-02 8.978787331185401899e-02 8.767794701980224925e-02 6.104258510743435645e-02 4.233373984521365124e-02 3.559572816316727145e-02 4.109238153162683704e-02 1.134044508611719085e-02
5.886828995137807774e-02 6.489290315027696626e-03 4.440747369948015028e-02 5.604787323664879584e-02 6.120577010114790911e-02 7.549225001424611503e-02 6.685681615657655674e-02 5.709380174600610369e-02 4.264964513473593066e-02 8.996313935179572896e-02 9.565230532972035515e-03 9.652695410905440254e-02 1.309145465298478135e-04 2.881104752295951185e-02 9.635280228743688113e-02 4.934588404943238138e-02 2.055984985850618785e-02 4.137812861450258783e-02 5.971655378204787992e-03 4.438810228791600747e-03
8.099775973643093263e-02 8.246488580113325861e-02 6.535431541049975535e-02 9.436181465157239545e-02 5.321651816290293158e-02 2.545090004806438520e-03 1.138355726619829679e-02 2.459588255175446797e-02 2.443949077588127017e-02 4.633446528574880485e-02 1.998853279853729688e-03 1.607889408150076169e-03 2.793379371681370404e-02 3.374930055963639569e-02 3.799973243724386458e-05 4.392654285610093912e-02 6.119093443493855977e-02 5.516547125239906757e-02 9.760307207168439358e-02 9.140674337587589848e-02
4.316376300112050729e-02 1.812572303519576281e-02 2.266655412663228994e-02 5.809402378155165136e-02 2.914831407911014013e-02 4.468438168147426115e-02 4.542554352474155455e-02 9.747850242180612634e-02 1.346673472264844386e-02 9.115417232181573237e-02 8.821356314459743997e-02 6.373126702945806910e-02 4.595936471510895377e-02 9.961647587713273744e-02 9.958667966036895136e-02 9.989234378510991608e-02 7.536079278200541465e-02 2.775622864290418212e-02 3.272021045001525380e-02 5.339907824282039139e-02
6.019134450557318827e-02 2.356640679257509044e-02 8.070810141878837982e-03 3.842869246339297024e-02 6.148224820562658149e-02 4.827425232619111939e-02 9.536573975220921651e-02 8.042674077667737176e-02 9.145176719406071519e-02 2.469991779774245722e-02 4.876571708866705990e-02 1.378658630808298272e-02 3.044738595500040557e-02 8.794370536310479325e-02 9.459484313255638044e-02 9.991506925429086139e-02 9.911002877033221747e-02 2.044824483845864189e-03 9.138247197115612064e-02 9.626354459572879219e-02
4.245938713317325836e-02 2.031373095355482050e-02 9.811616352769202132e-02 6.627803613157745577e-02 9.168357721292022533e-02 6.635813676434695885e-02 6.818574245661937483e-02 7.521478846018435360e-02 3.454041897480950724e-02 1.720827667767000843e-02 9.781995522969799683e-02 7.869249260387826961e-02 9.203740934293366815e-02 2.466671459059153332e-02 7.133326768182532418e-02 4.103680477076999955e-02 1.625580635233467991e-02 8.300850121672853632e-02 7.588440360661008986e-03 5.288003031314515712e-02
1.428558386071041714e-02 9.013386763244951583e-02 9.035308463247299082e-02 8.447376876251345285e-03 9.465120798175735706e-02 9.076717411506893263e-02 3.945275156479649548e-02 9.153480002895914014e-02 9.754850743709475580e-02 6.522849972688024578e-02 9.892013260077082981e-02 2.254960643283642277e-02 2.171555288178852669e-02 6.203683379085455502e-02 7.575201779552177828e-02 5.498481210096909516e-02 6.510680616771415130e-02 4.974260376338952849e-02 6.654207692550223596e-02 7.409940039638578113e-02
7.635461829737723305e-02 9.632174250609058797e-02 6.057531024540876996e-02 2.373806549453284787e-02 1.700618794997075384e-02 8.778035049777957455e-02 6.831947497513991829e-02 7.100925958463662202e-02 3.217411903716823479e-02 8.019834229935674658e-03 2.529940317707420061e-02 4.898385169891537189e-02 8.933874103335737171e-02 8.777304767319704659e-02 4.183993922611269067e-02 5.053585669158811022e-03 7.165132749451157135e-02 6.170555183675927036e-02 2.661053449838357565e-03 1.378495097146781485e-03
5.904256613360434752e-02 5.626040034945709728e-02 1.910594001984480469e-02 6.808657079471720774e-02 7.630777443673947280e-02 4.384954851013395105e-02 3.285475879801559584e-02 7.443271216321921402e-02 3.996455852279957865e-02 8.614752445621010057e-02 1.036073673402434538e-02 9.504571345495257950e-02 8.020300182211284601e-02 6.513318361773770548e-02 7.890786099257994513e-02 3.023317074045869454e-02 4.132732038521235579e-02 5.203736544591348878e-02 9.413782645737206467e-02 2.992720975073992484e-02
2.898326020206409837e-02 8.061732712845018356e-02 2.347158390137864606e-02 6.004720666714739169e-02 6.273064768136506208e-02 7.904497625086344403e-02 1.260200767139926271e-02 2.847966154578981599e-02 9.401838475796259198e-02 9.925479947888350349e-03 3.679900270652874950e-02 2.682856735817665955e-02 2.544300875583227484e-02 9.717786692739555088e-02 2.967201917860009738e-02 6.221450060981160990e-02 1.458767785426687974e-02 7.289919673850508985e-03 6.841321711665982255e-03 1.606674911416554677e-02
9.427184996051901633e-02 3.616003099333651299e-02 5.994664453771528234e-02 9.166432041951166898e-02 3.156564135580313540e-02 5.079617861158193526e-02 7.373240465125423249e-02 5.015218914118746429e-02 1.268068596610333332e-02 3.835697922577655655e-02 5.585609950825544401e-02 9.169881932602753916e-02 6.031021480564954795e-02 5.461207505605031320e-02 4.384398541884629991e-02 2.473606013688250949e-02 7.405107272149498432e-02 3.751228820016459103e-02 9.398637630341045990e-02 8.428098217273924386e-02
5.934409294803667800e-02 3.887221008808577211e-02 3.739566596229837794e-03 5.449315790224992795e-02 9.171615471638902561e-02 2.806006496187433280e-02 4.609755052535410846e-02 6.149342448759165247e-02 3.559790785877142011e-02 1.482594781080648350e-02 3.599144442412427741e-03 3.575929542544912382e-02 3.875975687243968931e-02 7.269468986260578525e-02 1.099099277117693285e-02 4.446684849591456268e-02 5.895460611336356127e-02 3.448032102038828262e-02 2.238834428111419195e-02 9.829371821105133133e-02
3.213108230692564293e-02 1.326263319189374679e-02 9.719317375985110641e-02 8.253246747232189859e-03 7.429476979241499135e-02 8.437241511718296394e-02 2.010141764753872393e-02 9.950145605031202045e-02 5.054923653049481214e-02 1.702025487318625796e-03 2.337574500767114483e-02 8.150211245206553934e-02 3.654944248287320813e-02 6.606651820569840738e-02 7.615541084714524955e-02 5.843719434925619821e-02 3.751616455700621661e-02 7.930887424418053833e-03 1.739369785100309748e-02 9.436218385679753795e-02
9.920924203119335649e-02 4.346437734558100674e-02 7.368843800937706356e-02 7.083651049442744874e-02 4.030797598481473953e-02 8.554390111941848063e-02 2.565449360987919272e-02 5.694798266789002916e-02 1.973346081489238055e-02 3.941200733031990748e-03 6.621639039956571382e-02 6.220091111764565472e-02 3.397065832528477908e-02 7.344089285930592570e-02 5.251614315740376487e-02 5.366952472702962718e-02 5.101542063082739609e-02 7.483136052441460850e-02 6.342145604415558302e-02 5.631523712076828142e-02
9.301845010819181914e-02 4.966771932962574243e-02 8.513606122388420183e-02 5.734138357924152551e-02 4.995230503777305098e-02 3.458807828842980214e-02 3.797677390204524939e-02 3.046261490858461971e-02 4.910373299361495136e-02 3.418287676047487150e-02 8.311953770060036273e-02 4.916005184457168664e-02 8.204123042725403048e-02 8.264449778256023615e-02 9.319542992546382687e-02 6.410811590588011422e-02 7.281472484245696264e-02 1.597832798676188798e-02 1.660520116278633301e-02 5.329546368969148573e-02
4.705514961918097483e-02 3.951677352793035031e-02 2.431099259429440190e-02 8.049185214501676511e-02 2.271696568237458087e-03 4.956005493861708605e-02 5.032947639087746033e-02 3.025572122909422554e-02 7.338453250384864568e-02 4.493964480421994839e-02 7.389381341989363639e-02 9.901713367169921731e-02 6.854121109586973348e-02 4.851139149750283153e-02 7.176236623697718371e-03 4.755512976683599208e-02 1.208097857179463164e-02 4.456306041160601472e-02 9.504535790080471946e-02 1.747070258385483715e-02
2.893678581136581787e-02 4.347430388964008963e-02 5.779403232408773100e-02 9.390940773206218894e-02 9.786144746770741865e-02 2.903969576950158477e-02 7.779260192569778520e-02 4.441848789004838871e-02 7.367827889804438868e-02 1.619471618679134764e-02 6.012820237848853083e-02 5.718529624005285611e-02 4.822716975669436718e-02 6.825332064967817858e-02 2.484052907882084230e-03 6.290805596069612426e-02 6.891396903641532068e-02 4.909444838892314256e-02 5.530985445295987651e-02 2.170505795405467536e-02
