2.227391224494726929e-01 9.225344264369977898e-02 1.203470803401611722e-01 1.086612523407332748e-01 1.672510704687809047e-01 6.680598782791354051e-02 1.259360216806149346e-01 7.770444099634873925e-02 1.091542546755646659e-01 1.178687105596897267e-01 1.287546255057911981e-01 9.862856276565754032e-02 6.210930967472874653e-02 7.976952538076730048e-02 8.943962760262927358e-02 1.355272775663755591e-01 8.543300034814059474e-02 9.398255924046394760e-02 1.236960124466076894e-01 1.002565781704181369e-01
2.228411937020450401e-02 4.048310561646792372e-02 9.728160399203211739e-03 6.652727493797461894e-03 6.457902568814125055e-02 6.051260664591090466e-02 9.875719207329387850e-02 9.559878219085750362e-02 1.721184496011870721e-02 7.308900798800492538e-02 7.872373584619990483e-02 5.499517675767225111e-02 5.960715669857787058e-02 2.105850991012220286e-02 7.600673630148276072e-02 8.535960239154277707e-02 7.838244662687432474e-02 9.670170482158486902e-02 8.477294541841702558e-02 5.817086773342712569e-02
4.149732145971851693e-02 7.791885166030541876e-02 9.440580053695202256e-02 8.223228682909480836e-02 9.435079165815583868e-02 6.421375337710400442e-03 9.278010293402205733e-02 3.461978319155015887e-02 9.584678433567378475e-02 6.648362613961089976e-03 9.990119766597905376e-03 2.236344938067880150e-02 9.670804438078453580e-02 3.686145346293713543e-02 7.969282818025269499e-02 4.088919529480448262e-02 2.210100697122907576e-02 4.265867350488648096e-02 1.496687503042726415e-03 3.113886848060230111e-02
8.037128564943626929e-02 3.438133349865531846e-02 3.313159556020868479e-02 6.230690915485834203e-02 8.383206854957665766e-02 6.412676958051863330e-02 7.328733595381885235e-02 9.259502893306055527e-02 4.349499421766246654e-02 6.897233528042624739e-02 7.256642140469814206e-02 3.648365209672065762e-02 1.913891419269289282e-02 7.490486482874564311e-02 7.432373935355622574e-02 8.544519062478495020e-02 9.329248518454648365e-02 8.224385912119100417e-02 4.565937602135176215e-02 1.181690942879771826e-02
5.291239165267817152e-02 7.879980511672407539e-02 9.201793251955549258e-02 7.300120354030197045e-02 8.503357696386587561e-02 4.848713140750630229e-02 4.518827512117393197e-02 1.398987758883163401e-02 3.075455938066307127e-02 3.325484489788787384e-02 9.889169082720078441e-02 1.120448382254208945e-02 2.045373521025006802e-02 6.472388359456469897e-02 7.665926179042488464e-02 5.768599039344547708e-02 3.525240786164147988e-02 8.083374060610549073e-04 5.722603326534393686e-02 1.863618510183476934e-02
2.846126413722849247e-02 5.143523076587432075e-02 8.217436372529068889e-02 8.373267303047191024e-02 2.679716607659954342e-02 9.991653284627508014e-02 9.102285629288860147e-02 7.175329292069564102e-02 1.408640936752043708e-02 4.367591116621236114e-02 8.091282769989273371e-02 2.740290640455540772e-02 2.831128736536556861e-02 6.439061577018309612e-02 5.420509555839315985e-02 2.029303752862903279e-02 3.264484944358123780e-02 6.179568304490546359e-03 4.974623337604249657e-02 8.494755754428584549e-02
2.553379486874114701e-02 1.158047860052515733e-02 8.092004108773243054e-02 4.018276842418714440e-02 2.341520490786987152e-02 1.083593457510978464e-02 6.572205075532588925e-02 7.819903725179477849e-02 5.584076726279729730e-02 8.511477122421567953e-02 3.099862801705105531e-02 4.433915028754265540e-03 3.270145477565511785e-03 4.958386679557005849e-02 2.514028768909704319e-03 2.969996973970662202e-02 4.996572595801097166e-03 7.826227799053120382e-02 9.344931137672750354e-02 6.993634303060858315e-02
6.440444855234579713e-02 2.064292061262754802e-02 7.608960763521593895e-02 7.725524258784957632e-02 9.848671350935087054e-02 8.402514088908286799e-03 4.618642133492572438e-02 7.067572899887453186e-02 4.051080462636089813e-02 4.921057925294791691e-03 8.691417106654637792e-02 7.469445703085977883e-02 2.045816690383970432e-02 8.006414103168586760e-02 5.877392982838408608e-02 1.970991858276885042e-02 3.878206814146412215e-04 5.422471896837633559e-03 3.013296181114847455e-02 9.036884216596072217e-02
1.133515558464687212e-02 1.573365991091027136e-02 8.468553209290831385e-02 5.151134136509966099e-02 2.994798313291022890e-02 1.253713527370432616e-02 7.791792730264029965e-02 3.540572709982597877e-02 6.043360332897177584e-02 5.243567619434474913e-02 8.297561435791156806e-03 8.299075520626157665e-02 4.469981388016678464e-02 7.016074799024311914e-02 3.798657346759111431e-02 7.898113151968814971e-02 5.342410011497125688e-02 2.256765961259032949e-02 8.105164049733448728e-02 2.811194907171254975e-02
7.974812920855278708e-02 4.289310436067348548e-02 9.788904571484485784e-02 5.090844732517221805e-02 9.478067730841600522e-03 6.152492456628234213e-03 1.520261348762179734e-02 8.699707560569042153e-02 3.586908337137784467e-03 9.620330769421542305e-02 2.639264449974391274e-02 8.234182728000337403e-02 3.021419596087711323e-02 5.957228429922263591e-02 6.702200101388482156e-02 4.118971075433899842e-02 8.519190603880741341e-02 8.535413299592804759e-02 9.872223577791067184e-02 2.439106628115148695e-02
5.413689144298083900e-02 5.513603079821453173e-02 1.404140208814654879e-02 3.807803038912493249e-02 4.313920174329152757e-02 6.730256916455938654e-02 4.777779063173037688e-02 3.496860396600513093e-02 4.856829501319436665e-02 4.043935675083183690e-02 4.055625165355788986e-02 9.415705679047215934e-03 3.137624480497502172e-02 2.573760274629684208e-02 6.572066786717922771e-02 7.443699721280346016e-02 2.777752504390026619e-02 2.637009206163966335e-02 2.275761435058696464e-02 2.612137140971693139e-03
8.277316203303998476e-02 4.907730795368956539e-02 2.483530041439750008e-02 6.322828246449845035e-02 4.900555491375170603e-02 9.407611002823236188e-03 2.372843364919127382e-02 6.652157103719308351e-02 6.909449431142176967e-02 3.168241548986883149e-02 1.815656727257475452e-04 9.188005083132975981e-02 1.411607619284170959e-02 8.196570824520733184e-03 4.120194414591487470e-02 2.034642012165592886e-02 1.016116018945523169e-02 7.414039897902656440e-02 7.517294828560178166e-02 8.731810384105813394e-02
5.013326858477482745e-02 1.876499946556317230e-02 7.851744193314741382e-02 9.086128190675685223e-02 3.714523122371254232e-02 5.708314693417117225e-02 5.144243087186509827e-02 3.100585715411967661e-02 2.022405328643010064e-02 7.041725199881233854e-02 1.838501073310266909e-02 7.083614750753453038e-02 6.674673291054537827e-02 6.022610808090533147e-02 6.850771662939596218e-02 5.225337067275191011e-02 1.860995873133237596e-02 5.094656788234517425e-02 9.885825985371132774e-03 5.151801165810163119e-02
2.548528982302039614e-02 2.003914094171661830e-02 9.487018167791801126e-02 3.503829405048891621e-02 8.527836102368277493e-02 7.123355234044520534e-02 9.656111139971843005e-02 2.196335199451178444e-02 8.131298785950190344e-02 9.851364007738799833e-02 8.577500446191815842e-02 7.162586565844804298e-02 3.048787089994048349e-02 4.086497221495769688e-02 7.348788919104287665e-04 1.399490191817764906e-02 4.521246009143665978e-02 2.813501907601665547e-02 3.582625483891680590e-02 1.163921434432990719e-03
6.855727570335171106e-02 3.351002155962378576e-02 9.144236218092431645e-02 4.720892978673853213e-02 9.488970863691523205e-02 6.273688669445746935e-02 9.780394273529759153e-02 5.079015525847757617e-02 9.456186317827872112e-02 5.105262435288188128e-02 5.716133910773191218e-03 1.492775281993310478e-02 2.085407009417891352e-02 1.326684363511546755e-02 2.426325383780481362e-03 3.954952967592914592e-02 7.284950953321701894e-02 1.765419693873557933e-02 9.166333145042916686e-02 4.856766886297772534e-02
1.516009945448371088e-03 6.801259479914308070e-02 8.225183848981637569e-02 1.281231331304294452e-02 2.209136345230242743e-02 3.791965948253742114e-02 8.230647235175170273e-02 9.566921981340373304e-02 2.201630681980739843e-02 4.020181077607512532e-02 4.048940699815752053e-02 2.735773509548899865e-04 4.979691041482180863e-02 8.274076014265872858e-02 7.791747994401937438e-02 1.200078915506825987e-02 4.155203371897595727e-02 5.341239913302308490e-02 1.928290096522877837e-03 5.657811210417245523e-02
1.241400742688862982e-02 2.880746597051129371e-02 2.460630056420106890e-02 4.667569886490990222e-02 5.071529235062875035e-02 4.023528532726318441e-02 7.245390996183931343e-02 6.585099555457485376e-02 4.818441810847965551e-02 5.238006008854297069e-02 7.058103766050774497e-02 8.695678945210439520e-03 6.238740529233669646e-02 3.917617154107307098e-02 5.568295766295969229e-02 8.470892121027735755e-02 7.081719669748373636e-02 9.432220054862584802e-02 7.716629677140494914e-02 2.862195138607238898e-02
1.331608179947784201e-02 9.038981595861564355e-02 9.913012688388816995e-02 4.077128108613856800e-02 9.705862209541203656e-02 8.677164706883840062e-02 1.103383362111498654e-03 5.037838166859268801e-02 8.521710719378329524e-02 1.430761676351142292e-02 5.695352117401513564e-02 3.484650458393843270e-02 5.763613610168871922e-03 4.695715516787554722e-02 1.319175985282918830e-02 3.025458903105328334e-02 1.981972558977482951e-02 2.946634186597760913e-02 1.548438918639989496e-02 8.389323020402443543e-02
2.642293083502623985e-02 5.556585588411734611e-02 5.948911349753897154e-02 5.976322351573914310e-02 9.350186062624155775e-03 8.369608333436517889e-02 1.947588887640631233e-02 3.081941640562879670e-02 2.927974514398830330e-02 3.272252753114798102e-02 7.731520082750086009e-02 6.080190798811971331e-02 1.149679754610115692e-02 9.131841384112696081e-02 2.453948261278551465e-02 5.613854742501989299e-03 5.573558029282286302e-02 2.687032947477534586e-02 8.250510703375477095e-02 8.412236789899729672e-02
8.337284860764749769e-03 7.641112022977752938e-02 8.090847502317026485e-02 3.329627799240473390e-02 4.574192790262259639e-02 1.239324595785087392e-02 8.725580234407882135e-03 7.050376521457805967e-02 2.354340608298407730e-02 7.765274743103900423e-02 4.201748445428760137e-02 5.048587903881771033e-02 2.759591333768289870e-02 4.545034744757620038e-02 2.103663661535272456e-02 2.780788567646869103e-02 8.820933605559083679e-02 9.888884724285471051e-02 1.214035012563278310e-02 7.160122420229701745e-02
