1.967198159314851036e-01 1.625613678801903217e-01 1.102946745301438269e-01 9.850724102304064811e-02 8.598603745568120238e-02 5.390284646987904965e-02 1.455632613379737872e-01 1.450246630725285646e-01 9.416502822089461988e-02 1.526147550232833938e-01 9.575475422423027072e-02 6.874562211592460947e-02 1.126144273766228193e-01 1.080507449640486922e-01 6.606360652528053823e-02 8.510797048866899916e-02 4.530968592120573901e-02 1.158496009907220847e-01 8.375159676427484934e-02 7.770294425396682969e-02
6.638238521499280342e-02 9.109531412312862897e-02 2.845597228365703835e-02 1.587738640525458017e-02 2.253508449806797265e-02 5.102627423798974937e-02 2.452648716168095641e-02 2.683696636961649049e-02 8.098437866992951040e-02 8.216801606134252478e-02 9.383853036775620382e-02 5.351015044983686159e-02 5.816351868650068702e-02 3.668930782617019215e-02 4.028484085035038964e-02 8.563938348971274206e-02 6.244220663635763335e-02 7.052810825428483532e-02 4.908812175457349242e-02 6.903521362036345310e-02
4.280159330221209452e-02 6.146435235248627615e-02 6.952462807336454165e-02 8.969540710998485933e-02 7.025113824534709450e-02 8.553837043918276206e-02 2.207699805577493374e-02 6.133791215573652922e-02 7.893324648273429556e-02 8.668790323992044133e-02 5.442481000394774893e-02 6.361898682506245128e-02 8.244991487730814195e-02 5.157817375636875035e-02 1.264668337539580703e-02 8.323914591775383176e-02 4.024393848972890320e-02 9.363560793087234713e-02 5.351881790824019464e-02 9.803831421091251108e-02
1.818206355750357980e-02 9.531153217906693231e-02 1.125597163211389381e-03 5.209967313247019366e-02 6.153137799056573876e-02 9.282910080201532688e-02 7.637581064587240127e-03 3.880366919140423865e-02 6.905242230337639564e-02 6.690197137556337659e-02 3.497899997638899416e-02 2.097211088507294763e-02 9.086687372406710914e-03 5.712993380050192249e-02 4.366611441127200843e-02 7.317387262204273768e-02 8.136579354911766329e-03 3.067571179788460001e-02 3.333054092731616708e-02 3.440546149927226072e-02
1.335764394811976910e-02 8.461310388176469799e-02 3.725350784191302361e-02 1.429909572062974116e-02 2.481573499384347528e-02 6.952473909091384796e-02 3.173949170865861952e-02 9.183924535885085172e-02 9.344864568194910515e-02 5.318077650172547965e-02 2.826454440941560467e-02 5.956400510718130870e-02 1.875646751409121467e-03 3.470887960893770385e-02 2.775460196819412757e-03 2.241963164244682727e-02 6.019589480446806834e-02 5.939717958691027866e-02 7.117537900362085057e-02 6.191756241344668205e-02
2.481140633018741326e-02 9.253518240395696912e-03 6.082307210055538406e-04 3.195612120330881996e-03 7.030281787605897892e-02 5.208915227222109950e-02 2.088767002095902672e-02 7.169775262658541204e-02 2.589232724557419957e-02 4.471853277525951464e-02 9.191768726959312352e-02 5.923527568877652583e-02 5.310555730235673455e-02 2.139919832729553217e-02 4.620800049123045122e-02 5.384792231482563724e-02 4.386919499596710070e-02 9.463512375390098486e-02 1.781233085179273479e-02 4.692185485623739244e-02
5.874078469138957481e-02 9.285149793556780884e-02 6.038180584361092784e-02 7.484140993655280516e-02 4.414120391588652326e-02 7.547174297949782451e-02 4.132605622633364617e-02 7.593396587755670002e-02 3.685862862973878634e-02 4.532492699281392978e-02 2.726349197569925137e-02 9.334000941889901426e-02 3.945112894257805231e-02 1.886856148682433329e-02 3.827178240774387064e-03 6.570983087251481072e-03 7.298711398117226079e-02 5.750413258088116642e-04 7.240141873049689425e-02 8.710910299812546845e-03
6.081962348804836882e-02 9.105657301346375965e-02 8.219981421980687708e-02 2.472784841589571736e-02 2.641034405601248164e-02 2.527638604908421030e-02 5.992580224816586310e-02 5.289515242988762633e-03 7.218506530795007481e-02 8.333473983357815584e-02 5.199402672986008778e-02 7.913384029747022597e-02 6.883565865061878897e-02 2.665317635711972593e-03 6.870843234921424070e-02 8.985598610096243166e-02 2.341865788635512369e-02 4.536536605930190785e-02 3.731434734798544546e-03 8.014608073959669787e-02
2.770626645084577414e-02 9.632937782973398366e-02 3.279218432623235563e-02 2.727080007643713222e-02 5.873334703601528622e-02 7.944930793262584834e-02 1.322506928603269828e-02 9.162303592653466000e-02 1.088509867791051001e-02 5.798129437250354457e-02 8.663151153784964809e-02 3.223505831532535310e-02 8.521710550711046606e-02 9.458363305588478320e-02 2.041025441095546678e-02 7.123984139378448932e-02 8.642080057336920529e-02 7.083788196521773051e-02 6.454751131261203534e-02 7.752250000390188689e-02
1.006003306579753703e-02 3.793332315025210733e-02 7.888974420956558486e-02 6.835377076695772769e-02 4.740704049861300950e-02 2.712897973261380047e-02 9.886876059570948172e-02 2.500010046137073408e-02 4.530374985055871800e-02 8.819465172751384668e-03 5.823377751905450123e-02 9.957374933561430330e-02 3.738895505039269151e-02 8.649587865555102839e-02 4.949174287443594555e-02 5.988275659474347201e-02 5.097559606431838891e-02 1.096626287661828318e-04 2.514360967536903926e-02 1.639330801907582652e-02
8.477296411379756091e-02 1.042773625623415537e-02 6.908725893122370787e-02 1.640340073971334814e-02 7.992235550721616191e-03 8.204424627348921861e-02 8.883847702350711195e-02 6.225213787372566726e-02 9.470387477581646007e-02 3.174329696558863406e-02 6.253158180557516835e-03 5.826572356333453023e-02 7.745766674816356723e-03 1.178274237431025176e-02 6.604433518321137231e-02 6.264939018064367982e-02 9.932935205930396028e-02 7.750108304200037379e-02 2.025625987835362463e-02 9.670293624550346800e-02
1.521599809330248521e-02 8.697889713440895565e-02 3.570084916107083700e-02 5.358778378306831153e-02 4.630208628469553722e-02 3.596472055839181753e-02 1.368226647878204721e-02 9.644197820459396442e-02 2.087516160372048304e-02 4.385377932980221577e-02 6.993710275414051492e-02 3.471025323944710011e-03 8.810434459423117926e-02 5.376586177998422811e-02 5.582637959110184345e-02 7.840772941021541265e-02 7.473084145286013058e-02 4.040129025975991266e-03 4.779273654243622327e-02 1.957549463872566842e-02
7.499202880154037798e-02 6.777654853886548592e-02 8.885807097079878591e-02 9.619881973823360410e-02 1.953839540227086946e-02 6.877174530937116281e-02 4.429541141641675506e-02 1.782766528670176728e-03 7.022616484677580984e-02 2.489193404503993456e-02 7.228746376994222168e-04 5.641231347820081787e-02 9.743705047884143600e-02 6.348340150354755962e-02 8.369344308772669327e-02 7.192159380102486343e-02 4.476022429069758529e-02 4.036862078016639072e-02 5.459812644341550947e-02 6.577221690103797480e-02
1.817054463705672016e-02 4.159164470791779089e-02 5.173544655756148747e-02 7.759374856546162602e-02 9.824277677259760089e-02 5.184234422576002033e-02 9.565340915043828163e-02 9.425255530436268958e-02 8.922327785078790208e-02 7.341620977227383826e-02 8.456427518097343540e-03 3.149544325438437958e-02 5.114361145703547745e-02 9.375847016943134049e-02 7.762313161011757945e-02 5.001435851300597979e-02 9.235187842321049279e-02 8.653955144093572471e-02 9.920221261259399431e-03 6.796777459515433717e-02
5.810959312641379715e-02 5.865781963106599106e-02 8.536741125500516003e-02 7.123745820102375670e-02 8.360720013502351278e-02 1.541963808602007241e-02 2.217054867229547796e-02 8.173376450539175664e-02 2.560008112995038054e-02 3.315546953800829755e-02 4.246974369094398682e-02 7.045159119058921893e-02 4.605986129796603434e-02 2.921129318939168565e-02 2.108943318036926584e-02 4.624651601761384234e-02 8.669843677525181092e-02 3.840058316009817285e-02 6.903737033503802578e-02 1.157118751411601032e-02
2.605115014722436673e-02 4.496164216216396586e-02 3.510947593949921564e-02 5.566319746619963899e-03 4.138413971542875130e-02 8.001705193219894874e-02 2.217237220749046500e-02 3.189762718788759221e-02 4.454822438407200075e-02 9.862916840367527693e-02 1.245917814668806621e-03 7.913683630508966393e-02 2.648033523571968750e-02 4.844307851106088164e-02 2.340595025740787108e-02 1.796193027148571680e-02 9.245229399188922836e-02 7.765417519831667448e-02 4.876775987505632681e-03 3.721360779351815667e-02
4.980125026834295726e-02 6.723319082999801299e-02 3.303092996778899532e-02 8.112343296952034821e-02 1.369472510835247937e-02 6.200929023795073713e-02 7.386939961332161797e-02 5.703836786621027666e-02 1.704104733271253475e-02 7.330968341138013877e-02 3.351181910273228620e-02 9.827400438424682694e-02 5.633404832546578395e-02 3.576458527928945419e-02 8.333550056475574896e-02 8.519169777554042033e-02 4.409788852269930226e-02 3.210021398611562563e-03 4.228470402305131715e-02 5.151970646029914447e-02
5.121379556428991286e-02 9.925599350845552837e-02 6.237884538427880543e-02 7.547163730330352927e-02 6.099089748144288781e-02 7.898998561654763106e-02 6.246681638133110698e-02 4.845946889557395387e-02 5.731567085727234251e-02 8.412439026235582484e-02 2.431675932117520825e-02 6.082777502822978716e-03 3.689251729074024405e-02 7.175054523247065275e-02 8.010529714591491102e-02 4.360347480573243534e-02 2.273511360039822890e-02 8.395400979612570314e-02 2.068887876023658631e-02 9.086135918671241207e-02
6.097529488380374479e-02 7.292282348371244283e-02 3.031018742054522250e-02 2.088151362738253219e-02 2.709478373390883377e-02 3.688070725555946811e-02 5.485801138190160575e-02 2.798131146524851509e-02 1.498914231609137573e-02 6.645278429481625559e-02 8.003467617305339010e-02 9.257385040793666975e-02 3.686342765163754670e-02 7.031787439210951396e-02 2.688719074843623144e-02 1.563998636407061202e-02 1.709931201185720465e-02 9.327356587136081956e-02 5.611900257125565505e-02 8.174270873786675107e-02
2.424096764661875028e-02 9.680979996857908649e-04 3.469707290552730833e-02 5.384832923488841461e-02 4.478710039337216453e-02 3.355197836770702768e-02 2.876728869149338882e-02 2.895453016926753664e-02 4.485518641167516446e-02 3.638097821493842948e-02 9.175438878622191319e-02 8.319209350346858101e-02 9.352687882062860406e-03 9.186830359980491245e-02 3.838530787670522276e-02 9.903129981796515713e-02 4.067915360121106272e-02 8.116447658717566849e-02 5.271677019433486377e-02 4.433977913359000989e-02
