2.836225912026326124e-01 1.394968322038340203e-01 8.305029403867993099e-02 8.964005907732748579e-02 1.449196310719761682e-01 1.054385844470049904e-01 9.571266697516175870e-02 1.455961579962288810e-01 9.391389913898308406e-02 7.585862040811913731e-02 9.728008335988581889e-02 2.382451383701522651e-02 1.338322538943200191e-01 1.692417008723805516e-01 7.509843775389742071e-02 2.527304004618660671e-02 1.658796489097559834e-01 1.245409279597582512e-02 5.579592652831772553e-02 4.577832775268040472e-02
3.008880802550872868e-02 1.387379495303373705e-02 6.580053292769166839e-02 5.429352033904225744e-02 2.205514734764790676e-03 6.813652986454477034e-02 8.177683708619387648e-02 1.516916861216526316e-02 8.204006632939209523e-03 2.240289057646812840e-02 1.464112515941906612e-02 6.948980297552249941e-02 3.528244389619117610e-03 7.144504226413660175e-02 5.018330440604573672e-02 2.115376412724492491e-02 2.815969265028277560e-02 9.582120841882121876e-02 8.826767851786049279e-02 7.484205365366287943e-02
8.554285277836450041e-02 6.035888392550209369e-02 3.545299608287628967e-02 7.294703046423278887e-03 5.300538376557574483e-02 9.482001403724105160e-02 8.597713826148258021e-02 4.343132117841899675e-02 2.599734261462530865e-02 7.246316829144347493e-02 4.703325335539654262e-02 5.406588117003664068e-03 7.511826072465255244e-02 3.160613392335581695e-02 2.145665763715699781e-02 7.172324621696532509e-02 1.054405698636098378e-02 2.877807729546916216e-02 8.614825524914261623e-02 5.149697043010942332e-02
9.154493299307839282e-02 5.977181317060920734e-03 5.166486563710926544e-03 9.457333664570780063e-02 8.493334089682057220e-02 8.515405143987937742e-02 9.467921551230586152e-02 5.878037123731673363e-02 9.607228518187047039e-02 6.043056985571712558e-02 9.499568535297253646e-02 1.878510521269538547e-02 7.134432726922064483e-02 4.745335883231838192e-03 8.867808081409173093e-02 1.195554044404835252e-02 9.516794018015460599e-02 4.644897499435574062e-02 4.467161648397981882e-02 3.735231406392225742e-03
3.758908282251215843e-02 7.289202018539985006e-02 2.172283938520322075e-02 2.219578667839472354e-03 5.016625024678127848e-02 5.516319838230733519e-02 2.681810285586877507e-02 3.923139562769242805e-02 9.812156437026180178e-02 1.175877430769091229e-02 8.665334916983852276e-02 7.343204867380929979e-02 6.113419557776045982e-03 4.943827553307027917e-02 3.376259424400886860e-02 6.961421923923045985e-02 7.180695795779755419e-02 4.881381301999699295e-03 7.412819955373850522e-03 8.799356381926982940e-02
8.929529044082827605e-02 4.508629755971506337e-02 4.857150326171794097e-02 1.702680737766235769e-02 7.053548111409387034e-02 7.952191853341288030e-02 6.727867911614024421e-02 8.664445987319467635e-02 9.620947820050822219e-02 9.677809622407691770e-02 3.636002374685243232e-02 9.110630748856611560e-02 9.882119539082506732e-02 4.690778037111254656e-03 5.541292126504783477e-02 6.837227999817119262e-03 9.100687991131439780e-02 2.770958241405133832e-02 4.104784463722659787e-02 2.038493751450562094e-02
3.882866957557447318e-02 4.723673157726881316e-02 2.090611622756421983e-03 2.308565916693357256e-02 6.789689554819393347e-02 3.093521687761489197e-02 9.025061573041784357e-02 3.546461090245367487e-03 6.187834796571699963e-02 3.233032845549765194e-02 3.331142103091291190e-02 4.178383479396523964e-02 7.473871783907812261e-02 6.027681212112168986e-04 4.260595608197164513e-02 3.195198871973568139e-02 3.514615195733200581e-02 7.579027688462616763e-02 4.801311324907469452e-02 8.684481278601796986e-03
5.996473707819360843e-02 4.174933767659860795e-02 7.092894399508152536e-02 4.563929099353062485e-02 6.513052037380155646e-02 5.687081005176852777e-02 6.842846259295621084e-03 8.890209082941391561e-02 7.958747693101596299e-02 5.451505832672816354e-02 7.327471021812491381e-02 3.933034471332097493e-02 4.239102714169878938e-02 1.300116824120226694e-02 5.289203225378909246e-02 4.731617429599014463e-02 1.680097566622705887e-02 6.921570549227581970e-02 1.917866686239130466e-02 4.974598109122197603e-03
2.678644407647640113e-02 5.875054161775087463e-02 8.016255445108755318e-03 4.508005110581275038e-02 2.264531688667325085e-02 6.688801055266159479e-02 5.962813816905585679e-02 2.555750982848076225e-02 5.602076753077334239e-05 6.144548187568996817e-02 2.453665573961653218e-02 3.847310824257182266e-02 1.743617067614789892e-02 4.028659289739431465e-02 1.841328429652544594e-03 3.860557884154858233e-02 5.866878486124987163e-02 8.206613837855365745e-02 3.156549618491078044e-03 9.298299477791065193e-02
2.617465675608065048e-02 3.807532280476116221e-02 3.886992218262045468e-02 2.183478295084038262e-02 1.707231354759901690e-02 3.783213017956639501e-02 4.566201061084443347e-02 7.235971071424715517e-02 2.218243637200011456e-02 1.561174476692133231e-02 3.106730677562460560e-02 8.983182147992521682e-02 9.157829659923445720e-02 5.636245204400552183e-02 7.125464559883015747e-02 8.860257147295674818e-02 6.430072853995565108e-02 6.660306700858550921e-02 3.476237090749978442e-02 2.117595240760316092e-02
6.466356683019164331e-02 8.368845537566527160e-02 3.941087977192278546e-02 6.577453462108746873e-02 2.912028584222776939e-02 5.546554351818444584e-02 8.414827078348027789e-02 2.140788467900981568e-02 1.987754020905537974e-02 9.676855997404136545e-02 3.034547125973284867e-02 5.223986070219237970e-02 9.021470956654614737e-02 8.579861234403068915e-02 7.741708185277117182e-02 3.007967645502776163e-02 4.601248276520352593e-02 9.790819511761528204e-03 4.076132588895062248e-02 8.263606653109699385e-02
5.827752811807115907e-02 2.342891827517104217e-02 4.153215138938553402e-02 1.140054786687911929e-02 4.702328670559744600e-02 1.208476520845428587e-02 2.724489479293166344e-02 5.202698022841505815e-02 7.003057872545657980e-02 9.390961019462577830e-02 3.091074415742733894e-02 5.238374486690439147e-02 5.211277205575989835e-02 5.843176498116570139e-02 2.371364470700980734e-02 9.148014202337109713e-02 5.134521923278062561e-02 7.271509388327117296e-02 4.248102966311049361e-02 7.525852057387331928e-02
1.997020018703086347e-02 7.464348088691372118e-02 1.225954802360070851e-02 4.091341264929983235e-02 3.153496563299958144e-02 4.830554643965032091e-02 3.069067447262535664e-02 8.034607592445230928e-03 8.655653913806443667e-02 5.617906136497809177e-02 9.810240936076647378e-02 5.544788682424453552e-02 3.560551389145229229e-02 1.649551432649053531e-02 9.679349806080787821e-02 3.295935484806613441e-02 5.842000630164628089e-02 8.636558750680060903e-02 6.735281108761115645e-03 4.057561450337712761e-02
1.704925404001026573e-02 5.150380101530942917e-02 5.272232348703762700e-02 7.779790377564345383e-02 3.235172202611365927e-02 9.145587152078148152e-02 9.839945012276807290e-02 8.521895239840482361e-03 5.947998827224885293e-02 2.735114766155142402e-02 5.969953575393005529e-02 4.573327290266496897e-02 4.879521584640472004e-02 2.512049616329542490e-02 7.348010175180275105e-03 3.663436791501695211e-02 6.061821649122961508e-02 3.377827426267632216e-02 7.416192092696226312e-02 9.279426933435476477e-02
1.683244795029958940e-03 2.491734549880279120e-02 6.285268527774467984e-02 2.199167667364211598e-02 5.679186477786411086e-02 9.074012198397096718e-02 5.795680467549344655e-02 1.028697777997689133e-02 5.162601174632372447e-02 8.092716342739708635e-02 2.574896261201683675e-02 1.103914744939292827e-02 2.847810891368434197e-02 8.868495093636095949e-02 4.828781204420290463e-02 2.516040030366356595e-02 1.124810513482310667e-03 4.082563477754221071e-02 6.256567747263143409e-02 3.325068388361940297e-03
7.771683830298946327e-02 6.019208384713307242e-02 8.586160795096323128e-02 6.037568737657653117e-02 5.922243162571155795e-02 2.935732203235834684e-02 9.724322075413516881e-04 5.019406462681609560e-02 4.761907272470253943e-02 7.541973797957783610e-02 4.768537469700730169e-02 2.954271305263215380e-02 8.020577944239100365e-02 6.892690246767516071e-02 7.238377817016669602e-02 1.945188717192720962e-02 2.852583749273999297e-02 8.028730836023187378e-02 3.364362469133697249e-03 8.509032287571037523e-02
8.361175405799299576e-02 1.369950373967674523e-02 9.798163254814720724e-02 5.993647559391943047e-02 3.284166232303442623e-02 3.067213543523789054e-02 5.353560604289284153e-02 2.760987870987926737e-02 2.188602549792484538e-03 4.438193647815516507e-02 9.654177864717841673e-02 7.785805377593843501e-02 6.995175005300045823e-02 7.453382691455656683e-02 2.648464926410253398e-02 9.913838569913109577e-02 4.012129913075768162e-02 5.363171098340975551e-02 3.924699498748851815e-04 6.567450828435608678e-02
2.629704416808575917e-02 9.913056049771717948e-02 5.755491339417795338e-02 4.273868375019134608e-02 4.489813860354186273e-04 1.789685951450750365e-02 4.715589674089231548e-02 7.157925691291830428e-02 1.001935349642951723e-02 8.246843031621139963e-02 7.318800067254915831e-02 1.867647730412471882e-02 7.308424771663497854e-02 5.235637764310494685e-02 2.014961422281748293e-02 9.132806426571599134e-02 6.739068094147603050e-02 9.581543315821022810e-02 3.782183588599187518e-02 5.362889582768612384e-02
5.011993914479444950e-02 3.639977190081902098e-02 7.214801104813017840e-02 9.570038199196204132e-02 6.392466502374745396e-02 5.471444183467978617e-02 6.979973781513804099e-02 2.990679007714478616e-02 9.930905755970742543e-02 5.651829097825392112e-02 9.040250749443123901e-02 3.630628367106007032e-02 8.841646598930757994e-02 3.681625784141554641e-02 4.055776058199331985e-02 8.386549195631654019e-02 2.690417948834622486e-03 6.994408291615691886e-02 5.167232238455213289e-02 7.937724327014979153e-02
3.980178754814450715e-02 9.797750081526994392e-02 5.951371925906300681e-02 6.609108060021766373e-02 2.813911279586106540e-02 3.151039185124691194e-02 7.883166292404199249e-02 5.546602117852971608e-02 2.807833164652619173e-02 3.380722121633607247e-02 2.855365762292985318e-02 9.917530167272846364e-02 4.240192463900489817e-02 4.813254082570717074e-03 4.727589257096930647e-02 6.843103516717284618e-02 6.960938093343307931e-02 3.587223574089914296e-02 6.127023631752107069e-02 7.059212228058032133e-03
