2.387012984672847171e-01 8.164275536431234159e-02 4.181766341608499082e-02 1.116515648579971542e-01 3.201983459418498990e-02 9.790151897989704532e-02 1.740537282291622009e-02 1.000624586042412056e-01 1.109009193482377864e-01 8.452994657687463997e-02 7.329322691811282486e-02 8.757328975345760047e-02 1.119206441342247699e-01 1.163289319719692655e-01 2.736802758472401537e-02 4.713233808799628666e-02 1.335012007366230269e-01 8.935993886814094789e-02 3.444948566272895696e-02 3.468155661831757303e-02
5.900060854311432040e-02 7.885314640176932510e-02 1.780616120659910331e-02 6.073116822645568957e-02 1.829888039771955174e-02 9.412948537926796311e-02 3.509558182047219088e-02 6.473006090417693370e-02 9.416968139051262732e-02 7.648988479260827866e-02 5.525052466840441046e-02 8.899248767595298315e-02 3.720031871074768598e-02 9.651967978662774617e-02 2.005323415900725145e-02 2.425489592629844968e-02 7.494276334754071400e-02 1.249847783482995779e-02 2.679770223992728167e-03 5.562790228029787509e-02
7.215979321251445033e-02 9.813966236657944986e-02 2.465934224648258510e-02 8.236316499472394470e-02 5.747155652504959411e-02 9.357734738003954320e-03 2.096488449615364902e-02 8.980818972173680581e-02 3.083726671013058487e-02 8.954930293241225581e-02 8.417405412444162183e-02 6.512429820432508176e-02 4.748078664108595914e-02 4.352650303814886712e-02 9.495208428675665224e-02 2.643611399145635865e-02 8.999527161190329361e-02 4.119129353107220393e-02 1.750557424856014109e-03 4.356856108044079856e-02
6.941515484773778943e-02 5.881038891144396881e-03 3.840768592927229497e-02 8.223018016612970715e-02 8.417238997910637954e-02 1.037921801011384461e-02 5.918861238075841247e-02 1.704908958518828316e-02 9.773484464713444453e-02 7.541442111023866079e-02 6.339262964729890093e-02 5.033310948701004428e-02 7.121815620901457422e-02 2.076175670251727626e-02 1.405963681358368851e-04 6.806608870319287574e-02 9.230787900278869529e-02 6.288594208549523612e-02 3.961208909330352773e-02 6.477445070766985231e-03
9.491251908073836119e-02 9.804477877690437326e-02 2.302198155962870141e-02 3.694541935429599550e-02 4.124571642034180648e-03 6.414282898337643479e-02 5.254015716915482609e-02 2.965205609508269127e-02 3.173262768261208427e-02 9.177291694413086676e-02 9.637721343944812002e-02 2.648252856752323497e-02 4.673797815071342732e-02 9.256244275553730805e-02 3.883835844697408612e-02 8.981379112118605124e-02 4.756237160294875255e-02 9.913554411409697745e-03 3.121907467264967151e-02 1.983851228869212488e-02
4.654015810233156497e-02 4.000176282107027748e-02 1.593482875594309789e-02 8.012882268308933742e-02 9.424188498597955987e-02 7.479569446496234231e-02 8.032874208839890784e-02 6.977194775952250128e-02 2.546345679975886567e-02 7.103137207403187325e-02 5.586024082225207743e-02 8.890281109135084181e-02 3.536476179427661300e-03 8.126241422163051065e-02 1.312943248950670938e-02 9.319407136730040175e-02 2.271909472660014334e-02 6.982646725018487599e-02 7.346063027712258775e-02 1.478229665983864585e-02
9.023944458567546845e-02 5.210440214900159683e-02 1.628110652164826977e-02 2.316760106984422363e-02 6.428655630392177134e-02 4.922345646066217731e-03 3.333138443489887248e-02 3.595130518115502438e-02 3.517659898897949194e-02 7.365661887634948612e-02 2.834800179894835306e-02 1.746727328650687916e-02 2.876776488254084718e-02 1.615096438839820278e-02 4.190706344756711665e-03 3.311609810349146893e-02 6.981560323055728545e-02 6.399719484895609323e-02 6.031580780553923854e-02 4.467606543306801292e-03
5.314464818768750709e-02 2.177972651113034910e-02 5.498270094997748797e-03 8.564995455828766646e-02 2.947808024895692824e-02 6.699898994190806034e-02 1.474933735742671795e-02 5.971206008465926307e-02 3.286956286015153827e-02 2.756186336818637964e-02 7.126569847922518963e-02 3.701268336899805889e-02 1.360625299535773818e-02 4.023019972446744558e-02 6.822030670244474959e-02 2.513035253414950404e-02 2.462067437191955976e-02 7.160350229304283942e-02 5.185250728779936674e-02 2.373149811081594340e-02
8.371628868691083358e-02 1.121693150189913106e-02 8.241064364363132055e-02 9.474773228554299320e-02 5.786436644150048242e-02 8.954254500867586675e-02 2.849061667007185550e-02 7.669752104245695923e-02 6.291386207249641260e-02 1.479042127269976185e-02 9.530898524573928887e-02 5.864940394566914295e-02 2.110575820010249931e-02 2.959786349035971320e-02 1.120565184505343398e-02 4.602756124279144129e-02 7.431073874854569883e-02 2.464947308773697554e-02 7.845306313325073333e-02 7.254023999301884365e-03
6.075373504306814942e-02 7.603640819448820309e-02 2.311652649867336484e-02 8.006304159524224237e-03 4.449272786670169233e-02 8.730847937076112453e-02 4.527070428013055953e-02 3.265464728375646469e-02 7.294626768340832512e-02 2.797207478948986539e-02 7.801619645770857536e-02 4.857370227014961434e-02 3.112244591854862463e-02 5.469405780795572047e-02 1.260866778629698981e-02 4.050672693722490170e-02 3.979600971898213102e-02 7.587097945016975375e-02 8.763128803606538841e-02 3.230845167148378716e-02
7.254914095903131077e-02 4.337997717506589940e-02 1.506955318352254424e-03 2.517430131445530864e-03 9.944626159660822917e-02 7.546829096699568529e-02 6.031563505593256352e-02 2.229194480510329410e-02 5.694035839909114549e-02 9.378904462165245370e-02 7.308597986177460537e-02 7.483528810424971978e-02 3.628455295745832559e-02 8.431826702341276014e-02 3.762859117343704540e-02 1.831236894030184928e-02 2.898282493094998108e-02 8.136418865467247297e-02 5.396174157861595433e-02 3.431979663773399134e-04
2.949046430303481521e-03 2.623420988792811784e-02 7.233928971011949378e-03 2.813631966818536112e-02 7.104124522320798447e-03 7.909137371529581517e-02 6.005386688331613293e-02 6.518018016846420515e-02 6.660076700808992452e-03 6.223481570506064764e-02 8.362449269260796569e-02 8.659147874960720914e-02 3.821112963951822650e-02 6.039128957075166199e-02 2.883072100705689339e-02 8.381246149504925635e-02 7.606422532338404097e-02 9.829865668929517464e-02 8.052432585726101988e-02 6.017456672655202565e-02
3.410847058826165651e-02 4.328432611903827720e-02 3.670704377678524200e-03 3.718672594080574267e-02 3.148056535822308169e-03 4.239167412210642638e-03 5.954945614731339820e-02 1.000002388837836244e-02 4.037144946531157075e-02 1.218633356671931095e-02 4.234676128017231256e-02 5.878466750292817011e-02 7.389689327668669261e-02 2.166671430698652312e-02 9.367788217093780956e-02 8.697988697384867463e-02 7.593047872008257260e-02 4.849985032539072538e-02 4.984370246758321188e-02 8.094493723281405428e-02
1.937723910262182520e-02 7.074251109005555427e-02 4.968635158046024597e-02 5.586286128044035126e-02 9.862484739359841934e-02 6.028535840404571078e-02 2.117092052857991874e-02 9.799700945181569200e-02 2.665622971494086002e-03 8.342656046114681201e-02 5.380026896365297301e-04 3.882582796114050772e-02 5.246874581537053217e-02 5.500917037970148166e-02 2.815112516998150710e-02 1.795945640964589224e-02 5.196477774035090230e-02 5.397706768316845594e-02 4.681641461239319235e-02 7.212836215953730146e-02
4.282431154339795543e-02 8.063920005269034630e-02 8.126853864925431825e-02 2.041396826457536617e-02 6.111778424414348460e-02 5.855781176366103846e-02 2.386812649606378026e-02 9.693854398542145479e-02 3.555062750499123764e-02 5.482032985240145595e-02 4.482217200369658511e-02 1.656632832380059567e-02 2.306132479391606246e-02 3.373120103764053884e-02 5.969178204824598932e-02 9.331871452213225115e-02 5.156774082027815176e-02 2.815110961000922077e-03 7.683143581045473458e-02 8.614477474593386364e-02
1.704279560610671984e-02 9.313294596109766843e-02 7.600164157926819763e-02 7.870904445891958520e-03 9.650607287525361788e-02 5.866865693843886786e-02 7.041524412876468131e-02 5.651097118639195754e-02 2.921602663930922272e-02 7.934281241769615411e-02 4.921219692759762343e-02 7.522703280120406066e-02 9.780575209740549614e-02 3.875796680071440931e-02 5.943853965953187907e-02 9.604522518466959702e-02 9.098602087165047481e-02 8.868009691119793647e-02 5.303166756031334889e-02 8.697446577661722966e-02
9.787259973401846169e-02 1.633007015607900250e-02 3.026616267368379548e-02 6.811400601015571432e-02 8.905570198804203808e-02 8.665832913395299375e-02 4.514714686711218672e-03 2.468804816719713177e-02 8.111135412605530171e-02 3.121953676160053176e-02 2.669308297083674772e-02 2.464061606225618345e-02 2.394892857032982153e-04 2.147161412009717177e-02 4.456422536202460372e-02 2.476503244439116902e-02 6.832355128602257688e-02 1.724733682683947736e-02 8.452764410293123892e-03 6.488784885619074128e-02
3.455035573072342409e-02 1.990189700909250679e-04 3.098904397249868832e-03 5.600045900558656142e-02 4.026710802084795815e-02 9.062674397889897149e-02 4.050911314995349344e-02 7.292159013671492551e-02 7.474412087512231906e-02 3.974930101120493359e-02 5.766152621261003836e-02 4.831418627449179243e-02 9.879108337318188299e-03 5.841251173624224802e-02 1.040532555987414703e-02 1.460209635169678125e-02 4.452349740031581737e-02 9.824940842904568428e-02 2.561994678508710058e-02 8.339027708410440276e-02
5.512135807348619854e-02 5.024409380262903624e-02 9.906995993281055013e-02 3.933612510226194847e-02 9.792505454977484813e-02 4.296516258102372338e-02 6.048246847404356585e-02 6.404753607421496964e-02 5.971068849950023072e-03 6.514571282821297882e-02 2.901865820587834488e-02 3.008518885468820792e-02 7.282444468497278889e-02 8.320406631093742178e-02 6.328877504074820193e-02 3.529003284160987797e-02 4.966373206516292577e-02 3.365370688612665667e-02 5.656813594286189822e-02 1.766857417264862049e-02
4.428651078173682226e-02 1.815395154693195609e-02 3.279036233831422904e-03 3.695702332314989430e-02 9.593410368327813520e-02 6.840754833216389219e-02 3.903566033676197922e-03 3.803411918647686685e-02 6.633057773145168041e-03 9.336632765128516365e-02 2.591915103726194491e-02 1.733353836865073744e-02 4.607944764607812410e-02 3.269231017308386195e-02 4.208075121224842674e-02 3.017557315884401847e-02 3.148815047331581657e-02 9.243942876074540821e-03 6.349513810085373466e-02 9.443717088374171953e-02
