2.326172747613966529e-01 1.413391090165016239e-01 8.533952428129912282e-02 1.330638896886344458e-01 8.073240171045158176e-02 9.010723659782582384e-02 3.898561657745414077e-02 8.127430779968504437e-02 1.048514984089484459e-01 3.455250561817317656e-02 1.205206379006102391e-01 1.449537585235911585e-01 1.749742389267520126e-01 8.890532198432324340e-02 8.621031249748425940e-02 1.084037050735165847e-01 3.681730982086006687e-02 5.684559050645489331e-02 1.326039062120831225e-01 8.193538140891420962e-02
3.881188267998399166e-02 9.765817984672466034e-02 2.789667218041584976e-02 6.722839692844982673e-02 7.902782073020843401e-02 5.854231086093855674e-02 8.492782283696168055e-02 9.309205895493594118e-02 9.349315623878790005e-02 9.509298780319644373e-02 4.122620448572852231e-02 6.382088493159911169e-02 8.777165151017375655e-02 1.648715867375319735e-02 4.638913990554953751e-03 7.716940470124065976e-02 4.612999497685803252e-02 1.082039977947382436e-01 4.570434547075002962e-02 5.954405230343805255e-02
9.504137628551291572e-02 6.114512201582401885e-02 8.187824455636143195e-02 1.037177086406195908e-01 7.530388561857287444e-02 7.203336499864612663e-02 5.841485436020604077e-02 8.795618826576317995e-02 9.439143635816084343e-02 1.060758831808643887e-01 2.024452371423832511e-02 9.334980315995598799e-02 6.670653184178332307e-02 6.874445540015572398e-02 3.623495992095845941e-02 3.105199570591883618e-02 6.915546319372496177e-03 8.122854705956665186e-03 5.169044428124405094e-02 7.397683745555391766e-02
1.785568509656269842e-02 7.340883760084698784e-02 1.141058643606035830e-02 3.035204785112782105e-02 1.028823403728158087e-02 1.315833256166117071e-02 1.066449500512370724e-01 1.040471801610186736e-01 5.872032221655041490e-02 5.810931018567055961e-02 8.789283548713588620e-03 3.710150875404347182e-02 5.705363892334178871e-02 1.028858873173531079e-02 3.550400272287831949e-02 5.140019325319692550e-02 7.434158209389563066e-02 5.877152695797235871e-02 5.868573792036120562e-02 1.153734366356489426e-02
3.242084492624134479e-02 1.776902207917210917e-03 4.994773286479525093e-02 7.968722468677480464e-02 9.824184769343101420e-02 1.066329799498383496e-01 3.746801848225887743e-02 9.899900024375064833e-02 3.644567648473318044e-02 9.807044880237895945e-02 2.995107438036652067e-02 5.506513888505023407e-02 6.401874502245791243e-02 7.216597980217000392e-03 4.241538481582440151e-02 6.134959787074042992e-02 8.306155900704786932e-02 7.741098937298926397e-02 4.099118829421899771e-03 7.811130145523419166e-03
8.512075618987931247e-02 7.483154218084110687e-02 6.867503365853559749e-02 4.703954486390304196e-02 7.765050311519887047e-03 1.177280745777731577e-02 5.870147292550548929e-02 1.103244821220423187e-02 6.587698675073372367e-02 1.025095631290746517e-01 7.734936167901529380e-02 3.592184108790896779e-02 7.845949473777256988e-02 9.014433355134982007e-02 9.472496130522719757e-03 8.416847318230104291e-02 1.128552393703091856e-02 1.032670032898952012e-01 5.668771688663501625e-03 1.012158856015105274e-01
8.811848355273574351e-02 2.036174308954629211e-02 1.067982568474191429e-01 1.126063400925483675e-02 7.756263671659840986e-02 2.715531275998215796e-02 3.403119001994755338e-02 1.081674903593888987e-01 5.927193149102829434e-02 9.211056103666511591e-03 1.064510381733882877e-01 9.596176256970782859e-02 4.210228371195674779e-02 2.701460306316948948e-03 4.442829134608442671e-02 3.665149668349980405e-02 3.780773314263880403e-03 3.642475181982515742e-02 1.387718122912115493e-02 1.049194042075344835e-01
8.132101382846483595e-02 3.853468668656578888e-02 1.408270805452093224e-02 3.898696586141318920e-02 3.574861199714742671e-02 1.078595731680685125e-03 2.427029509094819765e-02 8.267687783205798779e-02 2.624278880198467959e-02 2.686416369409490995e-02 4.551344507747311086e-02 4.443240438632994893e-02 8.189753472944449886e-02 6.744881622883465433e-02 5.224807202337168437e-03 1.497135866274317516e-02 4.192943587030893704e-02 2.130161959802115423e-02 4.207856958860033830e-02 6.214682903513502749e-02
3.969245920232399721e-02 6.920203994859712437e-02 5.297812700243978955e-03 1.028084606353650010e-01 8.879866148382388469e-02 1.879018392584733133e-02 8.934465209740415081e-02 3.598195483269763656e-02 3.779812186993920797e-02 7.526972808850009022e-02 9.757067111626620270e-02 3.623032894355153466e-02 4.415040986213162461e-02 2.571623229439606861e-02 2.641716334279125070e-02 4.503262566378213316e-02 5.777340414817878911e-02 2.623268553000726588e-02 3.887949040984131632e-02 8.131316687199829571e-04
1.731850342911903096e-02 8.687504344624563668e-02 1.685341586254011578e-02 5.876473949139249253e-02 1.048536468657662452e-01 9.040475716880791435e-02 3.106896184445229192e-02 4.948295796949805231e-02 4.138649757673052570e-02 5.095197332360312803e-02 1.021586833734292182e-01 1.045149915787233763e-01 6.271246355082789325e-02 1.070125032474125368e-02 1.549121616834580988e-02 7.528688160612569125e-02 1.050855826449035788e-02 8.896097265279950816e-02 2.238006121340783278e-02 5.640186740690732170e-02
8.446890328977248175e-02 8.575690669970036442e-03 4.172555504582232955e-02 7.572079555684405050e-02 7.110486072003599500e-02 9.812603493060560733e-02 9.544212886684676211e-02 6.726117136195502999e-02 2.813735844345053791e-02 1.787525330106106911e-02 8.932149681656918749e-02 7.583329410675995752e-02 1.865896261194792405e-02 6.603556112391785991e-03 5.652864187671002849e-02 1.878856511037063073e-03 4.878531368284372283e-02 4.726362714875814719e-02 3.086386172882494075e-02 4.306122287193327181e-02
5.335811998389865946e-02 9.120968736895934681e-02 6.713621956675132341e-02 2.747641175186975315e-02 9.960861441364575464e-02 1.960766623794022584e-02 3.990227847783210657e-02 7.707307854516173840e-02 1.246938112929966980e-02 6.509435522115077088e-02 2.849269557073699430e-02 1.947732392260022316e-02 1.080472782420169309e-01 7.664374117196118275e-02 7.853166410276957166e-02 3.745571033109686837e-02 6.438398794376806733e-02 6.366269699333605703e-02 8.220052188519695602e-02 9.577514876087317441e-02
1.632759370981822639e-02 6.519656045863990446e-02 1.002401553506714754e-01 7.701321749880082890e-02 4.495676429953722464e-02 5.415194635328453299e-02 5.986108366624220967e-02 6.614182827807513210e-02 3.501041708641101230e-02 8.215641930227583767e-02 6.750179176283020721e-02 4.888851176977531549e-02 4.632831710412242676e-02 2.069614166557538770e-02 1.222562420761942430e-02 3.844003888178696565e-02 8.106496130659694710e-02 4.968746708103335269e-02 9.794513362078088869e-02 8.888004750239701657e-02
2.445568300369573012e-02 1.383939152687305163e-02 7.651023794869665773e-02 2.649913902596997758e-02 7.621416037982070568e-02 7.386514910083709362e-02 4.205057194900489737e-03 8.250411884926130146e-02 2.598856249411693811e-02 8.594985154177145481e-02 9.315756204364047943e-02 7.742044653750849992e-02 5.053345608533368200e-02 6.716388100971014408e-02 5.984716195846746800e-02 2.484294521870712702e-02 5.250379269479647781e-02 1.072863082395965513e-02 2.472340072591432472e-02 5.166972527149734165e-03
7.043600516749293217e-02 7.505830439156366274e-02 9.649984254574502096e-02 5.247466038517323295e-02 1.069351391103915278e-01 4.168078457944839749e-02 8.939474430079367984e-02 5.687485914097578643e-02 8.784946793379479202e-02 9.121527132335936761e-02 4.382494599941547803e-02 7.544128660565127542e-02 8.629806938638234781e-02 4.142928805339931436e-02 4.292958644120342671e-02 2.504015243000161026e-02 1.038811098585969150e-01 7.301871892814545961e-02 9.796335116522709996e-02 2.802580151379907916e-02
2.084276545689977504e-03 7.404976211704322742e-02 8.000527846835663037e-02 2.748455508143430800e-02 3.417485347285677266e-02 5.447725854689711156e-02 8.844255989153897157e-02 5.545146482018865897e-02 5.129599807087442676e-02 6.728183646686751451e-02 8.334950304935660748e-02 4.016342463273439578e-02 2.013467122330880529e-02 4.392908865245841177e-02 5.443992592662662278e-02 6.791821012012147496e-02 1.262836440271948753e-02 2.710278024624573553e-02 3.337441714976184526e-02 7.056494418157008286e-02
5.223684736915924082e-02 2.952471707791456002e-03 3.428361099792730932e-02 3.380168512346545112e-02 5.690581314144238512e-02 8.215077899860361021e-02 7.586516164127342365e-02 8.400302700854474225e-02 4.127480064759046774e-02 3.692824714383354922e-03 2.033539431401406444e-02 9.073561540319198537e-02 5.122050921782329153e-02 3.146163651506217462e-02 4.620318361413137953e-02 7.042905965348508768e-02 8.368663810253770818e-02 6.454182528021205900e-02 4.955914019022944483e-02 1.665096508006648837e-02
1.049202190405537638e-01 8.113725315411096650e-02 3.391164020727992917e-02 9.124619972971376169e-02 1.037360199746315548e-01 7.571210350979157289e-02 3.294952847651834438e-02 1.442736073445279391e-02 5.535072371962922871e-02 9.024944286928456016e-02 4.345073613341245145e-02 4.874243627088375302e-02 7.672589039170314706e-02 9.329554353622562801e-02 1.013951110044216120e-01 9.786184998793429068e-02 1.007772835455817417e-01 8.430307185462028452e-02 8.238230604490358322e-02 4.002259835247110042e-02
5.661028540536041515e-02 1.044817737446817052e-01 8.803855277780436861e-02 8.704061891368337911e-02 5.965135137936747323e-02 2.225669858954075833e-02 1.926484946147829364e-02 3.349278288458270442e-02 7.127502614232096578e-02 9.639515304362061832e-02 4.085442833974437665e-02 1.816073137632176135e-02 6.194200198357401738e-02 5.734449990925834933e-02 7.976904716243120308e-02 1.046361866554005038e-01 5.243125620765431288e-02 8.715938643948768771e-02 7.494268963723003940e-02 4.281064051581410373e-02
3.546679097445083056e-02 2.739715526324419323e-02 3.636287430561287864e-02 5.665344753505599518e-02 9.803630304002960982e-02 9.850734633528641926e-02 9.071857621888559930e-02 1.832328669993941311e-02 5.754113927443865739e-02 3.551223586287821643e-02 1.065437577255381879e-01 9.736558043464939305e-02 8.588857562289950454e-02 3.636252261105989148e-02 5.212935870864008475e-02 3.725293548082460326e-02 5.007033121295848682e-02 3.611052354109788032e-02 8.853861151683782571e-02 7.476794106840491463e-03
