2.858122401238566423e-01 8.128678281262885497e-02 1.137569499355265551e-01 1.329975712561998757e-01 8.670143789873457907e-02 7.600438054930357124e-02 6.859796186359440329e-02 5.935671440346396849e-02 4.687891102406332305e-02 4.685161169844449802e-02 5.855075074909397992e-02 8.746369766384146094e-02 4.704667132304182070e-02 1.947174577550119662e-02 7.070672378843069483e-02 1.160656030786028914e-01 9.680195152042724016e-02 5.927059209161732178e-02 1.117133493958794577e-01 8.283788451687564003e-02
6.911578583145636112e-02 8.521406930326169693e-02 4.034557358114964493e-02 7.563004461928903022e-02 1.893121362458005772e-04 3.715742508330232424e-02 8.777519508740146137e-02 6.990496116735997467e-02 9.091698316888497701e-04 9.064165560238503228e-02 4.544974829385879656e-02 7.162100232503164354e-02 9.245123715596390013e-02 4.208735725283548057e-02 1.890013236533079344e-02 4.454532891229551206e-02 7.894565023492221278e-02 2.685758350460120195e-02 5.352747464426073354e-02 5.525232684145869877e-02
7.214052986891529573e-02 8.876930471613360407e-02 8.874233242592699522e-02 9.816428935962985547e-02 3.451000531971272489e-02 6.380257144760376198e-02 1.782148127798022274e-03 6.418369467352214031e-02 4.028390965043820993e-02 4.301668648439446740e-02 6.655191929624042213e-02 3.581012734099187078e-02 1.838970040045357843e-02 4.993441675717247286e-03 6.187293958595030570e-03 1.635603759992569975e-02 4.140103712007391773e-02 2.891995883972710291e-02 6.416558018640237948e-02 3.283704100866197129e-02
4.850592903193018564e-03 6.864807882071966016e-02 6.251771226157341876e-02 7.422132271269878123e-02 5.607334788977104412e-02 9.288322673937302043e-02 9.064804734985622281e-02 9.915749295286264975e-02 1.188460217404757602e-02 1.677693341147768087e-03 3.017159394477521295e-02 8.260292800548220404e-02 3.514231012792878167e-02 8.701294295042057148e-02 7.350260823582463465e-02 9.099815343373808540e-02 1.946275630662563927e-02 9.120922846061836620e-02 3.943946249349942340e-02 7.113072690478343396e-02
2.072486611283017727e-02 3.068273800723199385e-02 9.096033662698732591e-03 5.632163531979761384e-03 2.517489331019512333e-02 1.807874927472075122e-02 9.351576834352981482e-02 5.041082554865224108e-02 1.558537800332214854e-02 8.095164705070999334e-02 3.889950949140174447e-02 6.129121785762667307e-02 3.643496989676634629e-02 8.098622062146676459e-03 9.779824985457323538e-02 3.307642917603614147e-02 8.890401910290274268e-02 3.654938688032990241e-02 8.926518426630981884e-02 5.634259979574088306e-02
4.228771897079441899e-02 4.089630342084289716e-02 6.479180094073011542e-02 4.697731830918294021e-02 9.751384463007653491e-02 2.120569818808759610e-03 1.930672224824113783e-02 6.237942883344782530e-02 6.244206441423882231e-02 3.296405772812199125e-02 7.891236373313642583e-02 2.316830149521569363e-02 8.499762535658075824e-02 7.181225395079654517e-02 7.823320168164183894e-03 5.637186387409186955e-02 9.513179959046050294e-02 6.280070063265040525e-02 4.293710630054795724e-02 3.596567733589507709e-02
3.739134270293489187e-02 2.502315274798612432e-02 6.096442561595756537e-02 2.077017684932126740e-02 8.887183319370016432e-02 9.647555488131519252e-02 4.954791373897049489e-02 6.717718946147280268e-02 9.641611955704255943e-02 1.914731367401618922e-02 1.500454276248104450e-02 8.438609210206518552e-02 2.280397982641481358e-02 8.497538626921925797e-02 3.139035204751318420e-02 6.166639397817931523e-02 8.274072946624910774e-02 6.544672608372190115e-02 6.084897367325941414e-02 1.436793350626185475e-02
4.811598895367905082e-02 9.650704785192820712e-02 4.611828053458630339e-02 7.708550840274808712e-03 2.232658357840731217e-02 8.850070379127331077e-02 5.346738688924901339e-02 7.933788784273319850e-02 4.448581117949718111e-02 1.870878889741669701e-02 6.112421138962220030e-02 3.113198523656581992e-02 6.471683254538319885e-02 1.539649626654030629e-02 7.755514948569379452e-02 8.694224430736535725e-02 6.709988963537062701e-02 4.861915577908504545e-03 4.989958231612565825e-02 4.042525931826305291e-02
9.309571498842363069e-02 7.310075062083143393e-02 7.275604397812003576e-02 4.881241855722372874e-02 4.342188752175812211e-02 4.477081615581656598e-02 2.271024436419182349e-02 5.584719893908916127e-02 2.873000989903211691e-02 1.494427076852176267e-02 8.633439939324467904e-02 4.322889058550365843e-02 6.214241113948596601e-02 7.998542912969096308e-02 7.822236951709839181e-02 6.474711866316440641e-03 9.891843821702359096e-02 1.772719202598755858e-02 9.473011088311061867e-02 5.669859040084988117e-02
7.047434374572992405e-03 5.242330456270086897e-02 2.069730897874147088e-02 5.231991860443635511e-02 1.210194950075715956e-03 6.913375435881836950e-02 7.808199259033654638e-02 8.576988651264268182e-02 9.959097457784969742e-02 8.229868182010313671e-02 2.746912511124995071e-02 9.548910226846270277e-02 2.023448846857378667e-03 8.172124103685525498e-02 4.387352963302566800e-02 5.328184305835104335e-03 6.428316313104666391e-02 2.196485262716970852e-02 2.501772258269271618e-02 2.462455278106187237e-02
8.335242876738156725e-02 3.503905518832883120e-02 2.070922229640236381e-02 1.809408711082443125e-02 7.772785169793131055e-02 3.092472899445683140e-02 2.247439777193838313e-03 5.094036771239636441e-02 8.692405681479731250e-02 1.195215694254444551e-02 6.348078820468104622e-02 1.883600634992873765e-02 5.512749037012504294e-02 2.995008387380605763e-02 9.390832448596002358e-02 8.727046808071360628e-02 5.415150387127046216e-02 5.915945599130146247e-03 4.184491874723738486e-02 5.363650345512682889e-03
4.038901900473016587e-02 2.145977701961442399e-02 7.565441482445423027e-02 8.400961847773681310e-03 3.918567608042464873e-02 9.979028309999099511e-02 6.315719292937010954e-02 5.262113824733018197e-02 8.885045782265199588e-02 5.471561204653324628e-02 2.319767878472133241e-02 5.335759059313868735e-02 4.820926889602476090e-02 9.040310684013014297e-02 5.788315796456753454e-02 8.258296919432908667e-02 9.935567447841658906e-02 1.032160284135942400e-02 5.112223220252407052e-02 1.008074344606844225e-02
3.405667241434403442e-02 2.292014920885444840e-02 7.650229879049148807e-02 5.936571373047151712e-02 3.880341592090429809e-02 4.167567889935498704e-02 9.848153735124229313e-02 9.487119148666756444e-03 5.762208215919215754e-02 3.122261095249290186e-02 7.469546870654930615e-03 4.102854932124899018e-02 1.654194444992164101e-02 3.221053553637383965e-02 9.224135135882915656e-03 8.048216257047913214e-02 3.738781722842034888e-02 8.349550762532997883e-02 2.503454678828787028e-02 1.380389214839483755e-03
6.621717185978963360e-02 9.635799936494676698e-02 2.469244244007573474e-03 5.470835070126335575e-02 9.599277116213753014e-02 9.388615974259495456e-03 1.224841998222340328e-02 7.577142666039834995e-02 5.093700774231323808e-02 1.881704187648810742e-02 8.175248898549236296e-03 8.750319063017891752e-02 7.088959243395014098e-02 8.009123134237738917e-04 9.188541621186732677e-02 9.542159069207543920e-02 9.740759813945668033e-02 9.636034134218544878e-02 2.068043270208053119e-02 2.216619997463602568e-02
9.571151245710818323e-02 7.665933042814322695e-02 9.590509456404655575e-02 4.965158030412186035e-02 6.602001503024515494e-02 7.570137632186391781e-04 5.695318734734209493e-02 7.752811616081661805e-02 8.679777204247347833e-02 2.082651434761543380e-02 2.752735609627667002e-02 4.356395159204780321e-02 6.149357857516751791e-02 1.154605135038992009e-02 6.593134470714559492e-02 6.001501346802202985e-02 7.434183091712452673e-02 7.891935094730871680e-02 3.154679548446345100e-02 5.737798656301745792e-02
2.248339129782653961e-02 7.494270557078264172e-02 7.621718105019242850e-02 9.842950507764017254e-02 1.861615877164882887e-02 8.792445254288752676e-02 2.678048809028301877e-02 1.820022413438296058e-02 1.239561816178258447e-02 7.141056119606664643e-02 3.363586033784987661e-02 4.012365346341406624e-02 2.227590217147408513e-02 2.816105247607405757e-02 6.942284104054008420e-02 6.540796862331525741e-02 8.586034455796388853e-02 3.316878714367239855e-02 5.646113283960411261e-02 4.477378314132281212e-02
5.586358823000887874e-02 2.803065710831136384e-02 8.509233749815976744e-02 8.296394712284299588e-02 5.405333273375900055e-02 1.415343488798610598e-02 1.981152139178542562e-02 8.303865300994733856e-02 6.328282058504884622e-02 7.461674889539936240e-02 6.474533728247003350e-02 8.794171142929477214e-02 3.732404979938342207e-03 2.422252455965454715e-02 7.205394211908019986e-02 4.252701514356530682e-02 6.948935691083060751e-02 6.199141402562916708e-02 3.579439725218382107e-02 5.984120490253211355e-02
4.780245920498758100e-02 3.464332853959039421e-02 4.873049082018721632e-03 2.919517237309691288e-02 9.330345592054847814e-02 7.567289372602120645e-02 5.620975661015283065e-02 8.328425563590430292e-02 9.474161994345789428e-02 1.562047662706198686e-02 3.226749867273877997e-02 4.700286777802561988e-02 6.473478179136505500e-03 4.487210929435917622e-02 2.170559836371620602e-02 2.192008431487162470e-02 7.860312083309317632e-02 9.781538394835567751e-02 7.351957052220881375e-03 3.146669262089530142e-03
6.206084866124256250e-02 1.760051342747477252e-02 5.104855246827005172e-02 3.755824560917186278e-02 9.507565605329929004e-02 5.966183574958844327e-02 3.900002230356483524e-02 3.864146354470450462e-02 9.255789546550773073e-02 3.766970023283070651e-02 7.397526656708220544e-03 8.524332653763283529e-02 1.065710962102830485e-02 3.688114358672497234e-02 7.224043800749822830e-02 8.404729129406990351e-02 1.926250655443878523e-02 4.464776246114322833e-02 6.624631350685215858e-02 2.057708918060111719e-02
6.356994092947532149e-02 3.511787128487262738e-02 3.686733328475072513e-02 2.559947249225750371e-02 4.631690394588472426e-02 1.972466437380628046e-02 2.852101814546950317e-02 9.463160614003168769e-02 1.547077867161605891e-02 3.164014390084259054e-02 2.378799816923055088e-02 4.988647791864402742e-02 2.695537990080102558e-02 3.923114215422652054e-03 8.263579689209392398e-02 4.009556975905888276e-02 1.726719119904973794e-03 3.631572580088050783e-02 2.714816064801638465e-02 5.367728583199288250e-02
