1.805204545108598235e-01 1.241813972530599886e-01 4.655918528393626632e-02 4.958530602991467751e-02 1.261204128900358656e-01 1.219151438619039407e-01 6.312162201234511327e-02 8.238205797405401265e-02 9.399639083195948652e-02 8.468674402161213699e-02 1.157478947138692316e-01 1.309048784970469059e-01 6.650488516005405304e-02 1.176607598337210403e-01 8.017563800039470556e-02 3.941209496335571633e-02 9.330200123986939764e-02 1.185159736288923238e-01 9.282045979820470472e-02 1.212709645790324142e-01
4.536983366197351597e-02 1.034341655447884589e-02 7.649347157566543931e-02 3.016707795330771102e-02 7.021797597293563675e-02 8.615765375102037160e-02 9.197078656755886678e-03 5.921392071762818232e-02 4.827762177995392062e-02 4.003590767536249762e-02 6.451390053121762447e-02 2.858963954676357888e-02 2.825794412711011422e-02 8.293686769304874085e-02 5.354975129570282988e-03 9.997167878679807940e-02 3.193500531843569690e-02 3.072530192396312476e-02 4.671186860865483154e-02 5.657464078541696306e-02
3.216493111575274150e-02 7.880317284628023111e-02 4.410493084972233815e-03 1.269284414274152173e-03 5.071221437669805321e-02 3.253138929731812928e-02 2.558648645352314122e-02 9.547096349675737725e-02 1.442921548016731260e-02 3.905953580027699251e-03 9.567052314223907505e-02 5.235760907343475767e-02 3.015966558842366960e-02 9.332194254058090443e-02 5.115840981529269638e-02 5.648740483216475872e-02 6.553978438890932512e-02 6.969206323124829683e-02 5.651015344273607049e-02 3.215568064705800339e-02
4.508964409023605291e-02 7.276137502447742322e-02 7.978323523884961466e-02 5.405082527549323612e-02 8.318905522103847705e-02 3.362646217494940498e-02 7.726930579159993484e-02 1.912062911435408186e-02 1.677470814847174113e-02 2.199721074322922437e-02 2.187154305477216967e-02 5.139672098371583960e-03 8.832667544021310935e-02 5.356544344708872446e-02 3.711155259788428279e-02 2.613150174933331904e-02 4.211169389750669088e-03 7.283930666141636518e-04 8.889435112273796902e-02 2.608490423509746137e-03
1.504219032472000651e-02 2.347373940315142932e-02 8.074418154448649576e-02 1.152716965742636192e-02 9.264116167348557945e-03 2.973411135756198840e-03 4.186933887621779177e-02 4.750794731881782806e-02 1.475503129369917267e-02 7.406265837742143435e-03 8.177267565839173302e-02 2.874754766837883755e-03 1.623803891039209482e-02 8.674147164988475767e-02 3.660784914821629127e-02 1.864414028432703893e-03 3.240191422754534756e-02 8.343415206831565623e-02 8.304682681566992464e-02 1.614644080320086841e-02
4.255780864870312152e-02 4.427917808047912573e-02 6.478840818601694362e-02 9.232585138325938301e-02 2.731580084892477889e-02 9.179023196731961320e-02 7.597924525031624077e-02 6.681308360873243479e-02 6.404274984253310876e-02 7.233169245704072770e-02 7.238334093573925432e-02 7.604611625233312355e-02 6.498686719796741007e-02 3.645806013338775270e-02 9.538866000963465430e-02 2.158345693546489738e-02 5.392539539982456331e-02 2.233986921249560276e-02 8.770375605349468862e-02 6.593796243339153373e-02
4.988712701799196542e-02 9.685569752772505564e-03 9.996217192093687087e-02 3.869109168573129504e-02 7.800396814410887059e-02 5.419227094956618335e-02 6.813389532200359033e-02 7.147946964343779297e-02 5.952949762386022803e-02 9.432880658893785797e-02 6.833316013547291456e-02 6.777000662441949597e-02 5.020066649525872782e-02 4.369460236029394651e-02 8.197742785557749975e-03 2.899511119857632949e-02 9.120032334451631806e-02 7.117937492059611682e-02 6.908728885344671278e-02 2.156937312362317265e-03
2.450800998252050666e-02 1.531440045766395766e-02 3.855924626094925367e-02 4.558403732758337101e-02 9.453879100511099198e-02 2.766714623151189656e-02 1.139334512273178050e-02 1.011888000144947099e-02 5.384929750403934234e-02 3.987239863617388080e-02 7.736482947756118632e-03 3.589132821391223527e-02 4.409972461053216636e-02 1.648964292320979214e-02 5.273825139527862915e-02 2.289001121173192196e-02 9.041732004001155898e-02 2.029899975729987371e-02 7.756837769793629989e-02 5.257629533573881381e-02
1.297112355056485693e-02 7.773850687581536356e-02 4.253856871731939715e-02 2.262709268361651205e-02 6.803659274357586051e-02 4.196650393073522722e-02 3.356803611656788977e-02 4.745042894943308359e-03 3.080282611126576933e-02 6.205943908689130067e-02 7.463742718062328640e-02 8.416872860146780433e-02 6.176237894718248495e-02 2.754746745939301578e-02 3.820219330178571682e-02 5.056203598441769836e-02 7.634087236320023784e-02 2.140251668819087572e-02 9.614655377512759671e-02 2.566346643551276063e-02
9.081935320992766403e-02 4.522637347753084847e-02 1.051580799827568462e-02 3.556409891694512024e-03 2.398510659228395708e-02 7.230287490906257830e-02 3.138355406998547675e-02 7.523313354860339253e-02 1.061186825308296777e-02 5.799587397871339839e-02 4.419611918137610757e-02 2.015513382846093743e-02 1.876004590400130040e-02 1.425252165459550691e-02 7.137984665981690624e-02 2.402826599332765975e-02 1.800764467774271932e-02 3.777181321784187085e-02 2.703937833429272131e-02 2.335402046509872653e-02
6.479171742270008194e-02 9.019759675963694157e-02 3.905115605446048133e-02 9.828965073064203917e-02 1.671757472974556499e-02 9.000736120039751209e-02 7.921854607396375259e-02 8.522960710598591338e-02 1.437976245746773810e-02 6.238319785216665109e-02 8.813272987593979979e-02 1.363019092157277158e-02 2.253768573743737680e-02 4.395365138776818198e-02 8.539149097974121916e-02 9.786750189913501208e-02 2.844451188418627499e-02 1.487079903299131159e-02 9.310171513825164780e-02 3.205383095649616543e-02
5.481003426829401948e-02 8.523056877558138344e-02 7.445524462371995444e-02 7.920618725815553596e-02 9.776535477156103604e-02 2.898725346877571024e-02 4.653137133469471831e-02 8.880205488278261616e-02 2.882577379674449228e-02 1.738018694513773429e-02 6.968504325066238181e-02 4.487372058477995251e-02 3.415310936498695826e-02 9.855985033501209192e-02 8.922981982329869499e-02 3.876114482607911915e-02 7.970992558793958682e-02 3.489297096694170958e-02 5.986110789569967783e-02 7.593998900898435434e-02
2.496292598651148748e-02 2.257508435128749089e-02 2.786954124799203777e-02 2.024169153155870593e-02 9.343223652151848302e-02 5.720879951391189683e-03 4.499841698692929465e-02 7.940640557224741547e-02 9.840988977934855830e-02 3.227168630488479878e-02 7.769078419889755005e-02 4.690676515840666583e-02 1.565396291706575710e-02 2.517407824581341727e-03 2.583795113010695088e-02 9.436254201598846814e-02 5.877269315506608582e-02 9.371356394027813286e-02 3.148505421809655574e-03 5.073685168331653478e-02
1.243287613165563500e-02 9.710601213142151800e-02 6.833685076366428912e-02 9.755983299953202570e-02 6.763269475237569661e-02 2.213716240607038754e-02 5.078488590349355264e-02 4.316337895314649453e-02 1.581901024201040271e-02 5.278240241656224907e-02 5.680069563517967102e-02 7.417839428458476714e-02 2.901240017147692710e-02 9.868954596201789942e-02 7.653546446746654908e-02 5.252133134254127061e-02 8.242254152416073065e-02 5.922917693831941666e-02 1.142797505910773254e-02 5.434720894543701442e-02
6.813454568292877378e-02 7.177732234239357634e-02 4.156146026390745984e-02 7.387069005802081312e-02 9.351913998198688183e-02 6.177104060599941660e-02 6.849475310818252394e-02 6.788947897693924094e-02 9.893967202431729058e-02 1.094065686131844364e-02 3.631916299037546425e-02 1.080699695961147115e-02 9.082670520370062298e-03 6.959135534494707842e-02 8.535868838395686831e-02 9.078012549077968396e-02 4.384358483420985192e-02 7.040041639270876173e-02 4.575269585090512708e-02 6.869710474444581938e-02
9.544925974247057965e-02 9.275391452040271378e-02 3.473079579418023727e-02 2.043096429950543025e-02 1.138341197843799682e-02 3.298740240475822594e-02 5.272476290754873202e-02 3.617238214678055591e-02 2.992962187465886617e-03 6.241239775884656338e-02 9.561566163551152298e-02 8.827822074738060631e-02 5.142291232387508765e-03 7.629651940587134536e-03 1.491489040449477457e-02 3.417919835868669237e-02 3.286757049656985341e-02 2.318362284900749026e-02 5.342604599314979691e-02 1.446181484569514231e-02
7.716304517245681227e-02 7.637186900924190780e-02 9.363131474110264474e-02 5.484458530221253403e-02 9.300176479604732593e-02 2.382166327653148161e-02 3.138121018341123725e-02 9.953060903335318732e-02 8.153664294898177456e-02 4.556642468369453969e-02 2.081173920407830558e-02 1.469805470207277177e-02 7.091451641312146448e-02 6.753862603896058914e-02 9.572044332318702109e-02 7.362107574086117212e-02 8.601073107342269153e-02 6.614471464234876474e-02 7.551730649738622181e-02 3.723176123480992361e-02
6.555147283003391612e-02 6.873759581934413276e-02 6.976890244090427906e-02 3.297724930910683749e-02 7.609277146977488915e-02 5.482089998074490128e-02 9.785723917082834664e-03 4.152983358616131604e-02 5.695209573317329410e-02 6.737852537988857360e-02 4.518596543194328130e-02 8.581298072152980516e-02 9.841544919693426263e-02 2.493634366560568832e-02 6.965380923692588528e-04 8.920080472158374574e-02 2.565101771599669414e-02 1.869227452674637746e-02 4.075590941160744246e-02 8.897702334433740812e-02
2.212813946838525572e-02 2.989524241185315123e-03 3.001746066218853592e-02 8.839267815100804171e-03 8.598329705620585961e-02 9.172812554502984828e-02 6.334131153409199022e-02 8.534159277007913325e-02 5.673245583596695646e-02 1.235264836629246374e-03 7.535768914653706574e-02 9.998098796513091302e-02 5.550075179003295667e-02 2.563634601853428605e-02 5.961502786614761989e-02 4.308921823291618491e-02 7.212878632329899897e-02 8.933855572268113721e-02 2.476583071149781809e-02 5.113358689947361535e-02
9.718567350566993668e-02 3.031221397790514679e-02 4.622004481420252664e-02 7.113495223059683459e-02 3.409554582649798604e-03 2.859282860566886297e-02 9.910550408915255738e-02 1.075907346355999862e-02 5.350456141180946062e-02 4.936518932405316307e-02 9.611683457693605270e-02 7.352037399626830394e-02 9.507384748698227694e-02 4.159083774011659851e-02 3.834091999493010466e-02 6.796736707240447900e-03 8.842899685469779447e-02 6.495838894848836309e-02 5.360373416842759142e-02 1.738089957244190117e-02
