2.906481307825634075e-01 1.105077030501413482e-01 1.138958032811035470e-01 5.785136858684333111e-02 1.038549435321613063e-01 1.287514065570188604e-01 6.730032353605124029e-02 3.451110681639416033e-02 7.758071970501372039e-02 6.922221515433495120e-02 5.870247487015713833e-02 1.051319480745109280e-01 8.056896123414497568e-02 8.462064161337776169e-02 1.675792960174009305e-02 2.560140791781860548e-02 1.202789329993765172e-01 1.148243404576879539e-01 1.098631921710509218e-01 1.156220944021761621e-01
9.944723097986307714e-02 1.304696138267650435e-02 7.705417312832296695e-02 5.195434296145864939e-02 6.468324743611728045e-02 8.035786337285932834e-02 8.775034780252746747e-02 8.679982896398819904e-04 6.311892925815497379e-02 5.004636405155285517e-02 5.407760921723250847e-02 5.050783244231578373e-02 6.677762848582018129e-02 1.402190320287741848e-02 1.702127757571606642e-02 6.259722156605963816e-02 9.904229514640461307e-02 8.591371391085507458e-02 1.851489226997058563e-02 4.082777737220839864e-02
8.448921324000166488e-02 9.707777845647513892e-02 5.725059719457697982e-02 6.104016434200326691e-02 5.586656584724083996e-02 2.153904670805140142e-02 7.117491154462950165e-02 8.266288005675971606e-02 6.260173803947617632e-02 5.866065782887191354e-02 1.389306794918263727e-02 2.385397558890062220e-02 8.301733655392500022e-02 9.337813402568616306e-02 1.712788537635211508e-02 2.835161265088692595e-02 4.925736280982315196e-02 6.538317521710089453e-02 7.985762971062128346e-02 1.359797997751092252e-02
8.459502410677211676e-03 9.754919845953714808e-02 1.998811229112495980e-02 4.470293144896309023e-02 5.590319253521515430e-02 1.975044165116278741e-02 3.824625791451463641e-02 4.525286166593839310e-02 7.043472011389651649e-03 5.799599638386247064e-02 8.792145757232251724e-02 1.748928292614807672e-02 9.079101321538336766e-02 3.339679599673444493e-02 2.270588085846614573e-03 3.700747185465136369e-02 1.460850016019498224e-02 6.493386549322736900e-02 9.729678434062713488e-02 8.742989454180633002e-02
2.998152148649416843e-02 7.590222556541635635e-02 9.979491265507278719e-02 5.638054273978283792e-02 4.332875136531151583e-02 8.353682717046378992e-02 1.592760998352579435e-02 8.024140079685199156e-02 4.194834051488544047e-02 8.191206058667827028e-02 1.951891752383271353e-02 9.734397608043625361e-02 3.640163529351515825e-02 2.756525859030347844e-02 7.305856330241816687e-02 5.205358977611482252e-02 3.218300678273688237e-02 6.202954430911669648e-02 5.111079711184735030e-02 4.531286447356416835e-02
8.677683938913594019e-02 2.134848196826459946e-02 2.545164002980948754e-03 2.105044980039274746e-02 8.372587236515340037e-02 4.308006084749349974e-04 7.648190599820364755e-02 9.704914963664358629e-03 6.492463982386369181e-02 1.321852417520130718e-02 4.530605657567818995e-02 7.198137008247995627e-02 1.969153564324948105e-02 6.021335954404327673e-02 6.164737869860834052e-02 9.830954224482885140e-02 6.978866359602715896e-02 8.618671523171345106e-02 4.685958853650674938e-02 7.572083892014513928e-02
2.954444418361146588e-03 3.453659048650378066e-02 6.109792644123157590e-02 7.768084608620857978e-02 2.309504184220495526e-02 6.475246893266202453e-02 2.796224534084987973e-02 9.742699007707271430e-02 7.552637511865570308e-02 8.790578159325196372e-02 3.496352120646175482e-02 4.542979729538382250e-02 9.516744651434520808e-02 5.299154386656158844e-02 9.576518181857346379e-02 7.372565693719650148e-02 3.650703936861469240e-02 8.696094133769366463e-02 9.537707798645754520e-02 4.613561565490331695e-02
7.436421554887740273e-03 7.978177898678966151e-02 6.930979023525780935e-02 6.535275334479395681e-04 7.345102887141341519e-02 6.295866586380896579e-02 1.720624322591585154e-02 8.753908332084359145e-02 5.619914894391379173e-02 3.902911512813689310e-02 6.956354519723539909e-02 9.653342398602304808e-02 3.114730064726825218e-02 3.679697224503342568e-04 7.818251795220215739e-02 3.521764697580376247e-02 1.095244632688355951e-02 9.743557035935285215e-02 6.145846882062047656e-02 8.427301026088383773e-02
3.247777481851584630e-02 7.238344899678655908e-02 9.750104732576574118e-02 6.015537721646529307e-02 1.831666101872092556e-02 8.311681928138030251e-02 6.531496885183772638e-02 2.308245134025713879e-02 2.168792671251723592e-02 6.201798039295829817e-02 3.367833351279832937e-02 6.425705764908999640e-02 4.472165367481583526e-02 3.825685863163175160e-02 4.377216167552588216e-02 9.398521578500945717e-02 2.298231729856447039e-02 1.497486840613172603e-02 9.650475021837424602e-03 3.798880043541155715e-02
5.548114390518530531e-02 7.301171162525924019e-02 1.555740280766401175e-02 4.716403413175979109e-02 9.509390256598415636e-03 8.615896971004809168e-02 2.328291222108628405e-02 4.373227638390242943e-03 4.919451481884445226e-02 4.740057207632014658e-02 4.177512068710956955e-02 4.719782608411803720e-02 7.172755100785625781e-02 4.355432395804101353e-02 8.794134541521930748e-02 1.553047503269795564e-02 3.454886766777259116e-02 6.233925023793308873e-02 5.265302647901318883e-02 9.136699031571762775e-02
7.936426384140889134e-02 6.755109778914790419e-02 6.607570032929471759e-02 5.983544614337446554e-02 3.523578903372433235e-02 6.876909316191508192e-02 8.790477709070866619e-02 8.326588098109140301e-02 1.113439580333518489e-02 3.229658607185518365e-02 5.608053563862574337e-02 4.221881863576228133e-02 8.149216574535639301e-02 6.620523683854440643e-03 8.669989878529232863e-02 9.165245942703190152e-02 7.259933781107255624e-02 7.750715497522409590e-03 8.987483531541451409e-02 1.391292225118578862e-03
7.737175700712053961e-02 5.314743634133195505e-02 4.187657158555217057e-02 7.078018983517234131e-02 7.145619037737827028e-02 6.591222502394487870e-02 1.551820965846495426e-02 6.732149726424156710e-02 6.121167758013967147e-02 8.205036336701582167e-02 1.174281356198879703e-02 2.241256321066564805e-02 4.005472309481599574e-02 2.316158044828000792e-02 6.365687438167494383e-02 4.900741368700402278e-02 2.701555259282103702e-02 7.332983232341631907e-02 4.385885736078102420e-02 9.593409527317947605e-02
3.662536210272054199e-02 2.233314411411475853e-02 2.787469823114978665e-02 6.849155317136026988e-02 9.059503506092622671e-02 9.653971700341142104e-02 2.785086097117266471e-02 7.406264198626037742e-02 2.375921346344367358e-02 5.688666875724254779e-02 9.980179086620119544e-02 5.269430208605238586e-02 7.689030017954184837e-02 4.728533690731256955e-02 7.987102261994838957e-05 2.145856505941943354e-02 9.604079202670119664e-02 3.532644624184338306e-02 7.487210890586003253e-02 5.702297274430615653e-02
8.722230865954350848e-03 3.079368331930131333e-02 7.646884877684252679e-02 2.711621721901502982e-03 2.487246473522000331e-02 1.449095046688327927e-02 1.873089278271889910e-02 3.287684518647548959e-02 1.950053596983771995e-02 9.173120201066671531e-02 9.201955190910872384e-02 5.647474728362444907e-02 3.295633539951093021e-03 7.364638850586291419e-02 1.904777265010658763e-02 1.620403396344450783e-02 8.764470845123428777e-02 7.889229020172607021e-02 7.126986354087448683e-02 7.268322744370929456e-02
7.719286813884024268e-02 7.959367530200006646e-02 5.587844737265623002e-02 7.272073441235210600e-02 9.366971686388805840e-02 4.574909308852079248e-02 9.489091605776783789e-02 4.686977833526004278e-02 5.334687271868592678e-02 7.454200196858616623e-02 4.772962356939820794e-02 4.420149821989616083e-03 1.135402326541803432e-02 3.905437549643360484e-02 9.914796221351629760e-03 8.917038124683284925e-03 1.975894111258439528e-02 3.279451645261591969e-02 4.126564952773087436e-02 2.574961265257440582e-02
3.828650741072610331e-02 7.422440052746481776e-02 5.111108457023249424e-02 3.884755940474396430e-02 4.054695959907992503e-02 4.763565932789488866e-02 2.321229332291172703e-02 1.663870695604511424e-02 6.295671543181194374e-02 4.477606386777584213e-02 2.594288865661754928e-02 5.992187405809498713e-02 9.196585573775838129e-02 3.718757909083699603e-02 3.750559259721139571e-02 3.029880059699081862e-02 1.527772642941307470e-02 3.486643124407539512e-02 7.156365547500487256e-03 9.481312274922720773e-02
5.488896622409257520e-02 9.075271797300698759e-03 9.336243930596210827e-02 3.910382217493535428e-02 8.599644077379425822e-02 6.475107708914039362e-02 2.940656403344013223e-02 9.371248002734566818e-02 5.205509505884098331e-02 7.747638053710215189e-02 8.031027526222524193e-02 9.395415654789768256e-02 7.630092208208878735e-02 5.417769422856059253e-02 5.922477042889112697e-02 7.396510332654110398e-02 5.380957263327640350e-02 4.435534971100747736e-02 8.026800075096830744e-02 1.967240803500303222e-04
3.772260280362349505e-02 1.909148078185552051e-03 6.519799765739024699e-02 2.208132725392331075e-02 5.902347369638987623e-02 8.629606160923089520e-02 4.679363309524499359e-02 1.392898573120390261e-02 4.589299662319631934e-02 9.107589203122146843e-03 5.289534079809981443e-02 3.115262569031583897e-02 7.904710020541109994e-02 1.756306539555372442e-02 3.744898166287209673e-02 5.557915508932102094e-02 4.589889463974349687e-02 3.431243050261347655e-02 7.975348407727833600e-02 7.069759023353472394e-02
3.263905313448855344e-02 4.364767638284427348e-02 9.058044132270055837e-02 6.928202922147470855e-02 2.523465402361301305e-02 1.545992172523703682e-02 5.037014144880885141e-02 6.901866280902287099e-02 1.978192305248590785e-02 3.215499253628020110e-02 4.658787660092324201e-02 8.565080554871806751e-02 9.137070424741461361e-02 4.086013014708193142e-02 6.759962264083184402e-02 7.659581539859465493e-02 6.545115955269609209e-02 9.574224448179263769e-02 9.536273404518590124e-02 2.750409626530109231e-02
5.449931125542229263e-03 5.825918552463983657e-02 6.812248768745302052e-02 2.172991811618766450e-02 5.654955622080015676e-02 2.128592494921003470e-02 1.986562052829221603e-02 1.898163911214511071e-02 1.993637598766865443e-02 6.152715557782695473e-03 6.407889670500320489e-02 5.334859770025249248e-02 8.261243164524906257e-02 4.786056231892668600e-02 5.524562433798770045e-02 7.246501856339920833e-02 7.372853134467977076e-02 6.250217988007358838e-02 6.197278799434793872e-02 9.807866172783846759e-02
