1.992956528794605220e-01 2.831532479118253204e-02 1.471123839526948009e-02 1.209821710703626735e-01 5.615537635632786295e-02 1.150005627294067023e-01 1.323908222271174551e-01 1.061863882853258251e-01 7.843342246322021483e-02 8.643199748634217139e-02 7.156153912895646396e-02 1.201314520233634497e-01 1.316414463639657417e-01 1.468405136884817774e-01 1.254149469447435328e-01 1.160052701607053038e-01 1.095960997329929326e-01 6.809043478989246223e-02 1.747283664917441415e-01 1.515041477276880544e-01
5.223440736913421110e-03 9.995842146422873054e-02 6.370025217900684988e-02 9.826834434871764556e-02 8.524233081966769987e-02 8.366921452167352946e-02 4.697482301201643534e-02 2.430262579743240961e-02 9.325507074567518373e-02 4.408276607439954274e-03 2.753296737653535692e-02 7.512502432778456196e-02 4.748642511091416985e-04 2.785392979703678329e-02 3.210799238512906245e-02 4.770765653732289557e-02 9.953545660900599279e-03 7.581136069406997635e-02 3.261766668507661698e-02 6.865548045881242345e-02
6.065284036812548796e-02 6.009222711566103436e-02 1.762747184025003147e-02 3.819210744769281629e-02 1.210853331317399834e-02 7.522372996778990684e-02 1.735141046604168555e-02 1.662644190603938116e-02 3.313582456191475206e-02 1.618983135737909335e-02 1.239254221209449419e-02 5.442265415326542205e-03 2.275136203364345328e-02 8.546004010474000934e-02 7.286252384502495127e-02 4.278397708348193051e-02 9.870033621725572345e-03 4.102345086799973756e-02 5.907084072407402936e-02 1.295485470649301342e-02
8.125341646482112101e-02 5.985840716437196285e-02 2.631183136629723640e-02 8.318301473363406973e-02 8.976881039255679706e-02 4.921001772536792718e-02 5.908604308964789109e-02 7.046663967466705591e-02 2.692444544495795761e-02 3.339587562144506055e-02 7.375180796954193541e-02 6.779516953613351493e-02 6.770936530806739850e-02 6.401173870887378291e-03 3.434668267036570383e-02 8.368857279822985995e-02 3.521255048658456215e-03 8.806751086805324202e-02 8.454761578628958163e-02 6.876421538732635508e-03
5.954944336280078299e-02 7.496110841660595658e-02 7.423080064715716075e-02 9.435407309975575585e-02 7.947979539518659764e-02 8.527945551867177620e-02 4.551213810147558547e-02 2.075126825718980397e-02 2.705934546375592456e-02 8.749941990835562178e-02 3.166035399071751716e-02 1.057423798516687928e-03 6.189590750527001334e-02 4.285090717139072858e-02 4.468827054309654732e-03 5.102393422436554693e-02 2.994310483147413424e-02 8.111217918082963552e-02 9.645187546869679607e-02 4.202244255979571685e-02
3.694567789095268978e-02 4.342512246758262195e-02 2.077483647072906475e-02 7.625863272751544353e-02 8.502233436683882296e-04 3.175332158572581609e-02 5.223203825920248733e-02 9.441356052867425075e-02 6.038371110652286655e-02 7.809295662514023628e-02 1.970305920291343105e-02 2.390297856370931021e-02 9.806186026677003731e-02 3.679469321673515397e-02 9.891760024658979855e-02 6.119806278508119896e-02 2.990910684908026917e-02 4.595719176414106433e-02 3.783169658692985687e-02 1.279021315614663548e-02
4.369783370608631978e-02 7.685303799465975638e-02 8.666526688232176201e-02 9.655507128461357502e-02 2.111648615346135849e-02 2.024921539524120531e-02 2.889002891828693770e-02 6.079206207200149592e-04 4.087435051693028010e-02 6.930464234660142775e-02 5.055134659425983973e-02 5.121334938103090650e-02 9.816686300959237554e-02 5.171940057799482432e-02 6.712909188649872350e-02 9.768908442627048661e-02 2.034634978525859048e-02 9.489470118574495558e-03 9.319688988662576390e-02 7.313534158699359911e-02
9.870480546522820975e-03 6.808647996557477822e-02 4.718325504458922848e-02 2.008618848404748747e-02 2.456704763914151560e-02 1.349777860655668876e-02 3.612067104657856742e-02 4.091568499687789351e-02 8.881407882275733912e-02 4.710419672713561656e-02 7.391672973648406864e-02 1.578044723818928727e-02 7.675504110214793896e-02 6.525396411726636092e-02 7.206954993411552463e-03 2.675811686648215185e-02 9.926282064864881682e-02 4.534800058946768936e-02 1.660504926658382813e-02 2.412359790972280760e-02
5.533713226982824029e-02 4.628974125703677611e-03 2.316605413206218600e-02 1.935400992175120502e-02 3.115541706600747501e-02 9.821900118266503610e-02 4.161753996490281937e-02 3.011695306983695059e-02 8.028385490606453068e-02 2.415218626855853042e-03 3.326552387751290779e-02 6.309490514541372247e-03 6.203214209913543659e-04 1.649980027066613383e-02 2.949672622256793806e-03 7.392047975262035220e-02 6.770326293805312146e-02 6.127333652994437774e-02 2.161892074489914217e-02 7.624809657763487528e-03
8.328071483794945162e-02 2.509081835446325126e-02 9.752564725247342414e-02 4.818037113365352536e-02 8.809297271350552405e-02 8.517388600219406858e-02 4.922606407579623033e-02 2.787394131070350042e-02 5.737299611329317595e-02 9.280854609938937738e-02 9.348458387425501170e-02 9.574861825393778114e-03 1.860461324796085572e-02 1.758973750424900478e-02 5.686807077910576574e-02 7.352272220702364691e-02 1.964910989449020207e-02 6.258585306147659844e-02 5.900865341330457231e-02 1.810578590591798223e-02
3.163580605215704500e-02 9.488513486441074729e-02 6.133724736638403174e-02 6.197489998844834397e-02 8.972114740351665174e-02 6.758842028556598380e-02 2.503603365101303435e-02 1.451404138849769071e-02 6.034026821489100328e-02 4.909859699432170960e-02 2.593608389349566501e-02 8.660766460720578652e-02 8.376277021930250699e-02 5.101980718073548249e-02 1.062898992610256110e-02 4.947763552281151528e-02 2.930061636151697416e-02 7.256439755482926857e-02 2.320611697274922725e-02 8.522988695027020056e-02
4.484204004697542323e-02 4.150315028819362428e-02 5.655524701218050954e-02 1.314258693577088390e-02 1.751991970832806819e-02 7.128916238412798256e-02 5.213636125925011355e-02 4.937129905892645790e-03 5.592544956901264464e-02 8.799170137474127129e-02 7.683298275863691129e-02 4.684361680143341033e-02 3.351659594816769512e-03 7.868000952955389940e-03 7.994575939768980288e-02 8.567580875485686365e-02 8.023273338148817144e-03 8.891661039258079435e-02 2.056951996211666897e-02 8.409633237546595974e-02
8.922214317904836323e-02 2.513101675216511399e-02 2.181292294231043302e-02 8.203140880777445854e-02 4.342722353955059955e-02 2.574207372071259103e-02 5.994308836810688379e-02 2.704631181111893934e-02 3.761957723085275485e-02 6.659202415417321552e-02 4.708679515892048167e-02 7.505433191239158086e-02 6.036655312038661375e-02 2.660668264987518100e-02 4.481534648729565418e-02 4.502386715594864329e-03 9.075607699155685895e-03 8.586876631571416230e-02 9.968705648560087507e-02 1.507422723370025613e-02
5.686984873210354507e-02 4.120164339566141642e-02 1.269183326230492043e-02 3.449855994170987483e-02 8.480143817308193055e-02 5.492154467748017188e-02 6.465591028302095089e-02 9.958638649019294076e-02 8.507791542057947798e-02 7.778920218883769722e-02 3.909306698954189557e-02 8.260969435803577898e-02 6.007221089770747868e-02 2.609678416105365439e-02 5.320162327938507407e-02 9.660979953618815952e-02 3.236069705821035397e-02 9.430003621003256453e-02 3.297557676966687140e-02 4.970168551608156356e-03
9.590275496441155734e-02 8.347401653598848781e-02 4.302867650356517054e-02 5.927927011577391325e-02 2.805618494738696539e-02 1.133017098911800503e-02 4.082007636074979490e-02 6.495149200802130540e-03 5.145095824442408317e-02 4.238215714993856520e-02 5.721439799376813046e-02 2.887988294273267226e-02 6.911262110783374102e-02 2.340751829163929820e-02 9.693287815992150669e-02 9.319519401699279115e-02 7.701903339464710729e-02 8.379795102233295045e-02 4.694919272426578694e-02 1.797015860610754606e-02
9.061067715501179565e-02 2.890147232846611638e-02 6.653308267845391144e-02 6.753424504111162074e-02 5.483182515607165630e-02 8.501686046337768310e-02 4.045006080726609721e-03 2.164312099144429999e-02 6.074098122509892506e-02 3.543297274804119157e-02 5.851289945217428429e-02 5.988558055078468945e-02 1.755818022916139087e-02 3.144763319693777599e-03 2.899793283704117652e-02 5.601758347336095734e-02 9.158905115289195376e-02 2.051333917031874718e-02 8.323403746091646849e-02 6.035792452756857940e-02
4.671222538900948740e-02 1.552182661639961436e-02 3.332969393692201271e-02 2.097786536121857420e-02 1.531408796266936490e-02 7.682163999599145310e-03 5.270858635326036712e-02 7.657474234274880276e-02 4.054343178734908654e-02 1.173292530706175965e-02 5.675232030212763734e-02 3.035130086987984990e-02 4.767063677896180712e-02 8.515753387158517262e-02 9.075355380277858042e-02 2.253793290603394242e-02 3.292745926489667324e-02 7.990427960995852286e-02 8.838800767422146099e-02 7.477359200010551266e-02
6.864673680389352106e-02 9.317805700961431792e-02 4.284790415323086465e-02 5.169618977506212909e-02 5.843307696607325484e-03 8.580435216391631148e-02 6.857893157800179496e-02 4.944755832892042818e-02 2.568984582148956669e-02 9.618281759605729064e-02 6.153006284207308829e-02 4.008120606643995887e-02 3.749371945395409828e-02 4.371243236370686569e-02 6.021502846377821405e-02 8.589468981339681841e-02 3.748422045785115148e-02 6.983309584595452646e-02 3.594915147147170927e-03 8.736977427941093610e-02
4.173497417793031738e-02 4.053563186740113955e-02 6.417288181419809889e-02 8.190824947579916637e-02 9.570527742064992294e-02 7.053496338387359177e-02 5.456402765967387908e-02 3.626739561843946025e-02 2.886829179393536615e-02 1.830178279227606675e-02 2.145047711231108656e-02 1.039784052162939787e-02 1.604819840769895409e-02 3.878425727482349983e-02 8.525139049708005401e-02 3.382387747807315964e-02 2.053674521848406626e-02 9.980248295221633148e-02 3.219766698646781000e-02 4.831180483572430906e-02
4.311699780493705690e-03 2.078886822569949930e-02 6.549359245084682146e-02 7.584349795790197579e-02 2.194846286814455729e-03 7.195880088363969251e-02 7.628928837167144039e-02 1.998481648547572112e-02 7.083438422673864199e-02 7.210460813505041588e-02 9.483350538026620591e-02 7.291018778629577285e-03 7.405368058185013425e-02 6.711707266782464265e-02 9.364002279896321834e-02 2.569316101425243165e-02 1.379177193824254917e-03 6.683120115157478724e-02 1.970231659625305831e-02 8.487994490744293907e-02
