2.061942296015681075e-01 7.407651753367380798e-02 1.211185479636705808e-01 2.763042453763474987e-02 8.355762119261841980e-02 7.711858026706408520e-02 1.716582804131754070e-02 1.227598405111124391e-01 8.059925693337059716e-02 7.392707460559137800e-02 3.155457715107932298e-02 1.049437539109941281e-01 1.049444900040163720e-01 4.780974103892882132e-02 1.314761686344847191e-01 8.905235578827211396e-02 5.263821370981627487e-03 1.260271326146912285e-01 1.300605788025772924e-01 8.983044912008658622e-02
7.787330985583623688e-02 7.641551028892878961e-02 9.112072008441057802e-02 1.542213364806658410e-02 7.364577075699308556e-03 4.072128068771472403e-02 4.305052723076858989e-02 7.862732319315834939e-02 4.143654881547144397e-02 9.508679729111603474e-03 4.835252832419095065e-02 7.051291714547573697e-02 1.556192633965158834e-02 7.830400151226321603e-02 9.404682587559942686e-02 4.822484123505454273e-02 2.530061983391701519e-02 3.320244799751215312e-03 6.136785189148757924e-02 9.420422991009552716e-02
2.506928443344343116e-02 7.426684017222237588e-02 8.839079439882567557e-02 6.431370589616854094e-02 8.168320666052177048e-02 4.038248285402817883e-02 5.351819114710032466e-02 9.266203951938738193e-02 4.611048722171121744e-02 6.374585399532400887e-02 1.464440675698960338e-02 4.684669793037402746e-02 2.488301835289032093e-02 5.627211740657639405e-02 9.409578255419816240e-02 9.534274112297114190e-02 3.096534503054658785e-02 3.049359357857239772e-02 8.317681412401772834e-02 4.841900895658824561e-03
5.419161479982936153e-02 3.367566079255405326e-02 5.919797668919635908e-03 9.542562994900374851e-02 9.659230549976761601e-03 5.352845165544816569e-02 3.533352042034632306e-03 5.972109056258512183e-02 8.066486748782079885e-02 8.290952337698463681e-02 9.227754980144325936e-02 9.377175804615844878e-02 9.647274687264292825e-02 1.606506305860163838e-02 8.432435100341256762e-02 4.578528797175648868e-02 9.245366824445327980e-02 8.595158489180138028e-02 7.731207076501986353e-02 3.355594625545568060e-02
1.634457626654890403e-02 1.308834604630818715e-02 4.115115862985055384e-02 4.374062167303364307e-02 7.479819093854982170e-02 8.503479311187861489e-02 9.498563980046284549e-02 1.016954037159835227e-02 9.817016205881656798e-02 2.141101809609582615e-02 3.710719633449893057e-02 9.205443430489507195e-02 1.490770882005462185e-02 8.466015524687678373e-02 1.434041032571867907e-02 6.759721915695653116e-02 2.935346459938303898e-02 8.158614782635087437e-02 7.264094388852971110e-03 3.387088721253950219e-02
4.827605028602245663e-02 2.900325299590358549e-02 4.561220990239897577e-02 6.709661497473451419e-02 7.726487262436011055e-03 6.223091585677172077e-02 7.712421270934327611e-02 1.717160365063516089e-02 6.558349276754459056e-02 3.562459936487361208e-03 4.019430701269680745e-02 2.754971739426254063e-02 2.623483725368053188e-02 4.592313105500366727e-02 3.445375792618148719e-02 9.172325420179902600e-02 5.508839582380749278e-02 9.987636572948727087e-02 6.660141293393083417e-02 4.150684222754835728e-02
7.456188024429720451e-02 8.006858040129495591e-02 4.761449407974902709e-02 9.724007109777695057e-02 5.589188038623500721e-02 6.649778860423559423e-02 8.921089136602111669e-03 7.110433915910879810e-02 6.847832268349030027e-02 7.488944074691779307e-02 5.295181060888420194e-02 7.635715739408523162e-02 8.417063345241759809e-02 8.363737421665176641e-02 8.003804910126174899e-02 1.420293072670574322e-02 8.435057746756313701e-02 6.660067302175165732e-04 2.269444309332640033e-02 7.317766205682620095e-02
1.617687681409398989e-02 6.256911675956134365e-03 4.756036106833860105e-02 6.211976879542194241e-02 5.625112002868926271e-03 2.535671204389423894e-02 5.186276620773603435e-02 7.921886493656077333e-02 3.668873979574680672e-02 5.879633693686778240e-02 1.447946617829236685e-02 1.955208568968318586e-02 8.973066585873828993e-02 5.576563865533998299e-02 9.892344365582332599e-02 7.212428473053981992e-02 1.842825611705115746e-02 8.058485720472419178e-02 9.056203887827796173e-02 7.873128099951866299e-02
6.807920742905934630e-02 5.134981163749301886e-02 8.236565832691623498e-03 5.437702504909339152e-02 2.754205537558389663e-02 8.745505898740239814e-02 6.623127755935707961e-02 7.986968319416454243e-02 1.216160755287831827e-03 9.191971254903390232e-02 4.249540229344576231e-02 4.370763587000243977e-02 6.151702207568304770e-02 5.198839272882221224e-02 6.323716850999839233e-03 5.554242490671846069e-03 6.013651795959428642e-02 6.598966276087657457e-02 2.390566603549060254e-02 8.938560713638982191e-02
1.012781538003845218e-02 2.243490275727419089e-02 7.449386944206527750e-02 2.304210701162589039e-02 8.455293105684784372e-02 4.785414497521348759e-02 5.097017753571331765e-03 4.658719099085480153e-02 6.360273473945959877e-02 5.596701536539260696e-02 3.934054294812158736e-02 1.272122770963595231e-02 8.049006058104624453e-03 1.682362432724984411e-02 7.894444462651595273e-02 4.597319473616273688e-02 2.579949062365023693e-02 6.250411807146748211e-02 9.024366055207624915e-02 1.731830707704442793e-02
6.680136218108216617e-02 9.830253705182956381e-02 5.213083913715286372e-02 8.822513871321673029e-02 8.036859202189398921e-02 8.183688691796234260e-02 8.316882967853234110e-02 7.383513588256006288e-02 3.424530462430672856e-02 6.419692908307871038e-02 3.700599531226424210e-02 5.643007478188372117e-02 1.177779109362366884e-02 5.515758350266607851e-02 1.670809329269616963e-02 2.139213065018830129e-02 9.507050989135618080e-02 2.282749327007366213e-02 7.622417381729965080e-02 6.716243582761204090e-02
9.075408977070387184e-02 3.754526408067448973e-02 8.447520520866873273e-02 9.012330831231801787e-02 2.354309063836412894e-03 8.230403016165989405e-02 8.647302212718976921e-02 9.321728669997872418e-02 1.075994210900377279e-03 4.449050582501360568e-02 1.318876963355527544e-02 7.732442199706124342e-02 9.128494806405658413e-02 2.409244770512835102e-02 9.273066984977108504e-03 4.586611404488088323e-02 2.903446497646680266e-02 3.801475613125893105e-02 9.183689951008015828e-02 7.411917286095665025e-02
3.042869145530759101e-02 2.598435244004627942e-02 7.791423855925239117e-02 7.898842890138688122e-02 2.077194714539802936e-02 3.237217537839679610e-02 1.083195484418896307e-02 1.932683123340299750e-02 7.354572546902414520e-02 5.026244988418457349e-02 6.507379712369870672e-02 3.532209235788005136e-02 9.640429658472388086e-02 7.216437446268118838e-02 4.439258802225964223e-02 9.120320087919914220e-02 1.051498747130998924e-02 4.818688228100512227e-02 4.560753193314692755e-02 8.500112768697148935e-02
3.931516318369570467e-02 5.801023988616182958e-02 8.235511035329924623e-02 5.251901837256465339e-02 9.182362723355556866e-02 8.222917665958344446e-02 4.182904114077043434e-02 3.032544778090905460e-02 7.293416979014376300e-02 7.197566182316188221e-02 6.129639274119358383e-02 9.059415576127755054e-02 4.667307384589630681e-02 2.154662469602827354e-02 7.366479494082127377e-02 3.777605422833329313e-02 8.687973123590692071e-02 8.634257466939109990e-03 2.727602849314962954e-02 1.804453399348641268e-02
5.292001821575001430e-02 3.855705368281037246e-03 2.687185846529727140e-02 9.982640282141369559e-02 6.108501611128132336e-02 8.356557128370888099e-02 4.517141994898393048e-02 5.098194513451503179e-02 2.892443917490150878e-03 5.979062217460820450e-02 6.694792261772303243e-02 7.497141149152464212e-02 9.600754783335899156e-02 4.949602165526863218e-02 8.836239335136419903e-02 1.270805884183835548e-02 9.682665440747573182e-02 2.830237320657269517e-02 1.785060033281976599e-02 4.722480265775541586e-02
4.378261594478016772e-02 4.882930064027406897e-02 4.805586386112723624e-02 3.103944701115925187e-02 4.348119068620751732e-02 5.260787728135551261e-02 3.219581383216057330e-02 6.968030633478589086e-02 6.446461838105999216e-03 2.843682750010461183e-02 1.892645740021601380e-02 2.182561667569684824e-02 6.844488183536988346e-02 3.556410757203153777e-02 4.495988812348814673e-02 2.864646527476363488e-02 5.347746546534677681e-02 4.499403603922491786e-03 4.278629740825073968e-02 1.366914405387710356e-02
1.585078233626549191e-02 6.667404182361359732e-02 2.260150855015424787e-02 4.131722720576514254e-03 4.033850931329555078e-02 5.439424594543412761e-02 8.205270097335671392e-03 8.545806923911394848e-02 4.899442171997791390e-02 4.531674034484656742e-03 2.094399843636496426e-03 4.313494781423346525e-02 3.880416078020768045e-02 5.841518999233050874e-02 7.292549838877760392e-03 6.198037838841943814e-02 8.823995213717786279e-02 8.923572209584829107e-02 3.566144747649319102e-02 3.459057731972414729e-02
8.893623446940975008e-02 9.719363499350772151e-02 3.579833070023437369e-02 5.913713431535741472e-02 8.753320332139474802e-02 4.405035213854113958e-03 2.643911166005718030e-02 2.135402621250841529e-02 8.736396556660330770e-02 5.914454759053115046e-02 9.167763464332910617e-02 5.937461305368253034e-03 4.861740443923239646e-02 7.809811473833261353e-02 2.146503041485125010e-02 5.114501457020270703e-02 5.566190715223717084e-02 8.360726442879952078e-03 2.557237655152531236e-02 8.901261132686798250e-02
2.208199026495812067e-02 3.864442148217910739e-02 9.122354199724219681e-02 9.484534868695965182e-02 2.680002977286592009e-02 3.341902047078550153e-02 7.248204112536808796e-02 4.009421618466255804e-02 9.486879562853585413e-02 3.597306021209372567e-02 6.405790075715665777e-02 5.169736861923981963e-02 3.862856235605235944e-02 3.816598484606101988e-02 8.845583770868360729e-02 2.705059296271882310e-02 7.502437395075390193e-04 4.058703305528077974e-03 9.753927671792758658e-02 4.048529876635773711e-02
4.901334304077945014e-02 3.119357853896967056e-02 3.497262236282017156e-02 9.724891593114283472e-02 1.890634161306829070e-02 6.203640028370127624e-02 8.674659852015716155e-02 8.605679091774709119e-03 7.661357742741319032e-02 5.075226695872719213e-02 6.423276775613930012e-02 5.011773077407528920e-02 7.977211936820786942e-02 5.663415964313620737e-02 1.424873498099277248e-05 3.289950245214438157e-02 6.305783589751794149e-02 2.019005763953484259e-02 9.017704276707899647e-02 9.272978538368556456e-02
