2.511346696033292525e-01 7.615835553294779403e-02 5.975634946918666202e-02 1.032770713103567661e-01 1.058705192749935520e-01 1.190675131177302698e-01 5.529180830315864187e-02 9.529858446087527413e-02 9.901244916181897726e-02 9.203367403013579251e-02 1.197924008028696113e-01 8.959637788368025879e-02 1.523480508118111310e-01 5.586557250818287301e-02 3.098962302849320519e-02 8.254116752575250959e-02 5.054404670673894040e-02 6.595247765996786748e-02 7.492092351663638683e-02 5.256302570597549267e-02
1.028622314295871976e-01 7.329291425630615753e-02 4.754836123573025208e-02 2.036948845805703137e-02 1.713723361997934735e-02 9.032418651840541657e-02 4.585177046691973207e-02 6.745016790669304541e-02 9.119362431481355113e-02 9.543901001602626832e-02 6.515313495026032325e-03 8.969510304877129081e-02 8.813637270950757524e-03 1.940569520246150648e-02 7.543310377960681101e-02 9.206481377615613471e-02 1.009261514663874204e-02 7.964151782919259848e-02 8.849660528412396643e-02 6.269181538248054519e-02
3.946136345150159236e-02 4.456274909941541212e-02 6.704029565814574598e-02 2.397173911104442598e-02 3.021581349660878296e-02 7.964241793536273872e-02 7.454426082223070127e-02 7.145039405067889204e-02 1.413999482526978775e-02 2.288015496274742669e-02 3.560110792859951662e-02 4.965461463164458356e-02 9.283271356119100412e-03 8.367199704086940304e-02 4.897794944807110779e-02 2.008108692586598951e-02 1.393826037747322201e-02 4.501974469972665899e-02 2.372132131621946388e-02 1.025658748962252897e-01
2.845815653740646142e-02 7.086693279131746348e-02 3.642215533637197227e-03 1.488185548565290573e-03 6.929387861049271513e-02 7.340584624472083763e-02 2.629320556581247331e-02 5.765492790801228506e-02 6.449121247069840301e-02 8.352465717942343659e-02 9.376402656649591993e-02 1.010490257257231073e-01 8.119005626210660034e-03 2.246773261804924440e-02 5.828379893081000324e-02 6.678442725370005439e-02 9.247754214082969104e-02 5.355994263474683076e-02 9.266180217494404681e-02 9.361376465826050375e-02
1.108389506407462220e-02 7.095629445065562528e-04 4.312006802676839057e-02 7.169730543632828190e-02 6.523836618721177982e-02 2.132467362830751251e-02 1.538448996907381501e-03 1.703044071664953224e-02 9.535991822416141350e-02 5.465121267647482517e-02 3.295012168984712969e-02 3.984619079765848448e-02 2.850156119719449502e-02 2.470374158854883248e-02 5.930882650339577844e-02 1.213507197872478599e-02 9.742848460066741434e-02 4.938732067824786603e-02 7.120702521718134947e-02 5.156801793529813133e-02
8.702426303431815002e-02 4.472478597499487951e-02 5.556512023840543685e-02 5.759461923688349860e-02 3.371579143698023862e-02 9.151355782371471681e-02 1.417174341796851797e-02 4.979947402905670478e-02 8.829861642548822442e-02 5.902133636937349076e-02 4.164408413763642791e-02 2.240813484337176101e-02 9.606708950474068809e-02 7.803543304312920981e-02 9.515697892029027771e-02 6.442653712377317821e-02 5.551982884429389892e-02 4.081746156692196703e-02 7.972151267357700799e-02 1.148310272000782964e-02
3.541726422394852331e-02 3.167143696986606666e-02 5.112907799987105595e-02 5.452824947913928466e-02 6.232983687874109335e-02 8.043763464892834947e-02 1.033874330688281939e-01 6.176584711997205185e-02 8.226635795303917364e-02 8.903117437594086636e-02 8.363317932018964063e-02 3.990433943513377324e-02 1.188287806746388293e-02 1.356678564251034488e-02 3.695457214346515445e-02 4.846681680288602613e-03 8.082009509701219840e-02 2.289917335875604754e-02 6.852188775195693082e-02 6.026426944240830148e-03
8.080703068514837051e-02 3.034339143400318489e-02 2.405263739839395842e-02 4.558848132938617820e-02 4.223068954242581441e-02 1.205382654886600659e-02 8.943545492134358232e-02 4.190618497046696977e-02 3.100949342929551836e-02 8.637364338640479700e-02 2.449476014274607968e-02 1.662488065131565926e-02 4.210667334872729428e-02 9.157743056322560637e-02 1.027038888405815975e-01 9.022740018928845918e-02 9.409938041152952903e-02 2.562068289145419051e-02 4.153883749574279610e-02 6.480772830553858943e-02
7.762118613773126563e-02 7.221958697975070646e-03 3.238906810319519981e-03 8.537316465999289158e-03 6.713693574331432157e-02 2.014126736924421249e-02 3.089638370404447498e-02 8.662887028974816661e-02 8.790615037234389417e-02 2.382565536275597917e-02 9.498890753761907169e-02 3.142920508659433065e-02 7.659656519534213670e-02 1.921033550881380558e-02 9.518577751627461947e-02 5.742588279194783124e-02 7.099470253350820444e-03 9.069907167869929732e-02 7.855437631191565517e-02 5.711962110294411740e-03
1.066613138215683973e-02 2.182313095457599772e-02 1.979003361811076597e-02 8.751644287220944340e-02 8.122299213129764717e-02 5.218706704115636669e-02 4.295918121492718622e-02 9.210005469081156138e-02 3.280559343733221306e-02 6.654105476311054923e-02 4.403370672605690095e-02 1.739877255090529692e-02 7.896031721525792468e-02 7.501174325220888450e-02 2.429280306669057837e-02 2.216945762928223054e-02 7.243993503252582622e-02 3.564182380432062008e-02 1.012433866131481480e-01 6.626048067741925618e-02
3.484273555235346820e-02 6.451965351290125071e-03 1.940503484529246042e-03 1.021930696000257488e-01 7.149797962151656361e-02 1.534251165736114260e-02 4.922382602286889952e-02 5.212162285357108821e-02 4.081122272842733351e-02 8.380602909801340705e-02 1.222814516788102782e-02 3.297920624608838280e-02 5.337568110623084477e-02 7.154915595726435429e-02 9.694208581865874919e-02 9.057606865179150535e-02 5.270540930389604195e-02 5.109039425811039321e-03 1.420187104615664234e-02 7.861138693816427381e-02
4.740196872051926497e-02 6.282788986397601361e-02 8.977517635470139146e-02 7.580520416028450892e-02 1.377938429262197569e-02 2.068962969929814474e-02 2.570920167253963606e-02 1.421509192435941801e-02 1.182581672179779803e-02 7.598899207195979055e-02 1.807124556063438581e-02 3.076415943583585277e-02 1.027545498279034547e-01 6.663214253874846782e-02 4.282820662036171400e-02 6.168804901050866513e-02 7.842874560199432354e-02 3.636154018854582948e-02 9.242786513166956208e-02 4.482524549791429974e-02
1.015528170227053828e-01 7.775726130927392010e-02 5.523478844063788029e-02 2.459785105771235443e-03 2.767084475982147657e-02 1.870004617197732963e-02 9.316247961209324358e-02 3.628569303339181790e-02 3.888455812430955272e-03 6.155077109232745536e-02 5.688477629842960542e-02 5.243323690735939013e-02 6.993139147451928050e-02 9.696048343458962826e-02 2.721789976229971666e-02 2.916341051532077636e-02 4.662998062225326423e-02 2.140734787659602512e-02 2.597505110679727922e-03 5.544192171376149253e-02
1.171006459731989933e-02 1.940754560835152714e-02 6.217620618171786420e-03 9.865046750152216271e-02 2.642447327233923143e-02 8.645649078776704299e-02 2.737096016759555175e-02 5.363403252569727553e-02 7.915492249286704141e-02 1.005578019555325962e-02 1.012409484633107898e-01 8.506530741740177259e-02 3.288805139602272304e-02 4.341489587180524801e-02 4.491927753455583761e-02 5.974065858046332528e-02 1.014400112867185622e-01 2.540267518788382611e-02 1.111323688194078979e-03 7.281810709623583178e-02
5.115541864865495725e-02 4.356652321158390601e-02 7.221950162805104712e-02 9.556213490525389265e-02 5.406971109323576580e-02 7.507094519918044995e-03 6.333354302223086207e-02 6.823785010882674196e-02 9.359835865799059906e-02 3.467663049840302714e-02 5.921517655670440958e-03 3.674957965620589267e-02 2.289977482125125918e-02 4.131251078912187569e-02 1.754706058644529961e-03 3.503872494461009179e-02 8.602056240888553140e-02 2.202039125913706624e-02 9.464807872320817050e-02 6.274795017814627229e-02
6.106172668773313106e-02 9.706066146141091588e-02 2.083076730070835061e-02 2.004037552039682896e-02 1.013940577585601827e-01 7.657990806760536784e-02 3.292368779587561550e-02 2.857986266144748114e-02 2.330308847874787426e-02 4.288602509718494882e-02 6.722365808862926229e-02 1.006799832155382823e-01 7.277869313889621071e-03 3.650776859933550691e-03 8.190889499993450618e-02 4.616721752955181557e-02 6.073973449226491295e-02 5.808143033137830313e-02 5.572942283566036797e-02 1.182103413931567468e-02
1.011673859136102277e-01 7.286550001571345803e-02 7.020545059862444426e-02 1.024163494665409901e-01 8.714398507132914418e-02 7.227666968439942774e-02 6.921622526476281512e-02 7.129013345736626150e-02 5.837849699644710039e-02 7.252155280939391602e-02 1.909394836307543378e-02 7.146425888677893079e-02 1.783737461387716527e-03 2.303948633974904625e-02 2.581492840980185652e-02 3.455014448144552025e-03 6.599404321335089474e-02 8.703000227287767399e-02 7.848464156160332716e-02 2.314567586864140630e-02
5.366860013573610672e-02 5.874796240583852330e-02 8.702644474476363412e-02 6.964476832444643772e-02 7.380668713939672609e-02 2.020887303819808231e-02 5.062849202374054142e-02 9.854630588294320537e-02 8.006531120969503923e-02 4.830367869954929616e-02 6.477065223085300139e-02 5.297585679842680556e-02 9.765798727061084095e-02 5.671578280489568413e-02 7.224733363652421914e-02 8.406781866083763710e-02 5.034786082381886851e-02 7.973534970410192657e-02 5.165212596389176514e-02 4.546388063397346219e-02
1.750175759159450825e-04 4.845763579351602957e-02 9.751792549457533044e-02 6.089508140516880497e-02 9.822178675817079541e-02 8.541134655160845246e-02 3.614537544702321747e-02 8.104929334580868172e-02 9.394979098617091406e-02 3.025977663139367644e-03 9.109079010104099983e-02 9.186185464684705482e-02 5.717889374662978030e-02 7.102923727373887386e-02 7.786956298105232599e-02 9.257788594711977015e-03 3.053344708139399746e-02 3.155481612752013970e-02 3.876360698764649143e-02 1.119685111668567920e-02
3.334926265948128660e-02 4.487236885275620868e-02 8.331125312779806558e-02 3.892421215071664720e-02 8.987436024740397267e-02 7.590419715547420954e-02 1.008486631259184335e-01 1.126175367787445210e-02 6.842964936676670940e-02 8.818246816298276614e-02 9.538335153744512129e-02 7.124453375390835119e-02 2.606182439362943887e-02 7.293325964718117005e-02 8.462887570808338977e-02 7.670045876601854374e-04 7.830819641329973824e-02 6.104028862797858390e-02 1.745935338826692940e-02 2.357741655965535019e-02
