2.602108880828873927e-01 1.887851339664810973e-02 1.137403919983722145e-01 1.563008527995917440e-01 1.693394089336436314e-01 1.126493949285455876e-01 5.996409770668779254e-02 4.900312851105343565e-02 1.040387746507304007e-01 1.133651167562865214e-01 8.082580489160338943e-02 5.473238808669803751e-02 7.080372136012534623e-02 8.157543343669715341e-02 8.834475475224001784e-02 7.408038668076998012e-02 8.085257449662136553e-02 1.406935611172208458e-02 8.764909409785176519e-02 1.364295250818405858e-01
8.198715045285753789e-02 3.130542610329119235e-02 5.426892236712116402e-02 5.000813811783784424e-02 5.145485558067508861e-03 3.178346822878941498e-03 4.940173994757835092e-03 1.125793204447287504e-02 2.243429603186628679e-02 6.535141112161288457e-02 4.139884975809115381e-02 1.846151232903905579e-02 5.730066912881964097e-02 7.487155068235541028e-03 7.118445512745151527e-02 9.104260043962085491e-02 9.771383953155231283e-02 1.814639168476921485e-02 7.654356063818294753e-02 3.536862626200867193e-02
7.523309857355098967e-03 3.620413906016636124e-02 1.815551043389707075e-02 8.274353658421563715e-03 9.552791497112482488e-02 8.125703616637704185e-02 3.986020698265905354e-02 4.179375461043078048e-05 5.137024696355792230e-02 2.016953701735759927e-02 8.402654244933216443e-02 3.001844068082931694e-02 2.674305133081311952e-05 4.159960330218997332e-02 3.731421189237273117e-02 2.772997877736167738e-02 3.821323128646134798e-02 8.712701633035443982e-02 4.650044608063622770e-02 5.651916341409271571e-02
1.242142177444162214e-02 6.375302769258030244e-02 5.936245317708306601e-02 6.067251546296988096e-02 3.906418555289545985e-02 6.237820917281820116e-02 6.613921732818864307e-02 3.472404992695809350e-02 4.315449069203414201e-02 8.201508049838729386e-02 3.639417016789250198e-02 2.094187206614472885e-02 2.155834425679281630e-02 8.252370770148156898e-02 8.905531451937503951e-02 3.553019255954035366e-02 2.889192408124204026e-02 7.569074095408158398e-02 4.319180374588802579e-02 3.624673622235626003e-02
9.373689629329129414e-02 8.044519082424717027e-02 1.175241302385975420e-02 3.805809065985321649e-03 2.328361023286532744e-02 4.240571169586324768e-02 4.761877200587219527e-02 9.803429603896782196e-02 8.082285639578698500e-02 9.394980386913602544e-02 6.338744379679332741e-02 8.466403060601196406e-02 8.277859530328227078e-02 1.430469012934298999e-03 5.505344905920026705e-02 2.827639893210424221e-02 4.214071590183408184e-02 4.118015590538696286e-02 2.671762621089997236e-02 7.445313391755388477e-02
3.865064595946801629e-02 2.352762711303899718e-02 2.379003469981013849e-02 2.011800433461831406e-02 8.952625504053425554e-02 9.945379405093835931e-03 7.183860656995587346e-02 8.908449621894429238e-02 5.295464176787528787e-02 3.200287897903909828e-02 8.051159525234678760e-02 4.745542630569270920e-02 4.978368391970472429e-02 2.283062217880447303e-02 4.302766456494547254e-02 4.673940451404976631e-02 4.291033579856204372e-02 9.626166919917956977e-02 5.992712763915980512e-02 8.528801566920120314e-02
5.499254576618581997e-02 9.573041931195469534e-02 3.453527902691938545e-02 6.823128313896434372e-02 2.970032642979207951e-02 9.491703163604572890e-02 7.702020982655555237e-02 2.339919903609353341e-02 6.652594005497851348e-02 8.416357610445793225e-02 7.677082788839958982e-02 3.880836721553898583e-02 4.992756727343894418e-03 8.049746329101645226e-02 8.865668421994311876e-02 9.043512037390788461e-02 4.231805992255591176e-02 6.827937173516511471e-02 1.366683614199452196e-02 3.733513588230778085e-02
9.004251630748005483e-03 5.603357400269939892e-02 3.518040095754804315e-03 7.761450792257991449e-02 4.478077113980302726e-02 5.249693856298218164e-02 8.546055624026445419e-02 8.119281659702864973e-02 5.414114016502690613e-02 3.976524464596889463e-02 8.039745863714692353e-02 9.258141790311533170e-02 5.197053392901985341e-03 4.910926938046900059e-02 5.120944788733255287e-02 3.136936624909321403e-02 9.786138688739358382e-02 5.475930753541816826e-02 2.684516281372578694e-02 8.377296783617026177e-02
3.968371208639252107e-02 6.439592152698800365e-02 2.733521917448459432e-02 2.127608116860322390e-02 3.749436863484815335e-02 6.884928062686225536e-02 9.515751609241258901e-02 3.255723309027180185e-02 6.917308196858706903e-03 3.327094186753817157e-02 3.925680081783905484e-02 4.955813159551453184e-02 3.793867490908562484e-02 1.791729268458419708e-03 9.290772420729559444e-02 8.640091547594344612e-02 3.180720516333766096e-02 6.858956543287805796e-02 2.684488663812676507e-02 3.708325788739846168e-02
6.003206408237853758e-02 1.619551819947982058e-02 5.998815123450240705e-02 3.195318160331607482e-02 8.006438198484057411e-02 3.596962708253648167e-02 8.839834578367121443e-02 9.374477869981773237e-02 4.748348240964544303e-02 2.068390869346859069e-03 2.724894850113146819e-03 8.906652696469009867e-02 9.782387957121378708e-02 1.456336601984530368e-02 4.167340677371546287e-02 1.730107963476423902e-03 1.970697579457469841e-03 2.402047905324437155e-02 3.742230932289358075e-02 7.865584557372334862e-02
1.423926119717391393e-02 9.258287644073105727e-02 6.531456588642065020e-02 9.389424923562128544e-02 7.248605699811674907e-02 9.061169044150926832e-02 9.294554883590068484e-02 9.626976003917375735e-02 6.133350685277638714e-02 6.897911521035014759e-02 6.958623840141300865e-02 5.974544113748916918e-02 1.074032516547218652e-02 5.049778567932339604e-03 6.340665950275035934e-02 5.824688857106741766e-05 3.654556155799380118e-02 1.269348102321776924e-03 8.322340866609240217e-02 5.145331408782571891e-02
3.337663361591238637e-02 3.025539313223221324e-02 8.231275459426612429e-02 8.318326953499401155e-02 2.285124333777682759e-02 5.610869942042166075e-02 9.731739698730167143e-02 6.520292569692552609e-02 2.418532428279104515e-02 5.833642277368732837e-02 9.045427435371880542e-02 6.978031350234507879e-02 6.054409115353718424e-02 6.961821087227036686e-02 7.143414375743332989e-02 9.514750540793071032e-02 2.859381886612649692e-02 1.468990994433394537e-02 9.822558303204162455e-02 1.253906662616531900e-02
8.996818339222388550e-02 5.849434938715632193e-02 3.779563177687164655e-02 8.585021551774768556e-02 5.074805880256982177e-02 6.591055376234612739e-02 3.095778990571686207e-02 5.627374313234199260e-02 8.978388392427294473e-02 9.427116497695273156e-02 1.565039253822291324e-02 5.389045118706094206e-02 8.263451586724505915e-02 1.276415343381655070e-02 8.380655982464213158e-03 4.300579672321228064e-02 7.247616209618479820e-03 3.596580209570898051e-02 8.447062647654363099e-02 4.887246019751800841e-02
8.203550718171982378e-03 6.288388250492450704e-02 8.265451085651716323e-02 5.149713989538821229e-02 9.283573316676550780e-02 4.557417017006396009e-02 7.807621809462286788e-02 6.555173612454041898e-02 1.066100026146140668e-02 1.535353721636967261e-02 8.617014371268902351e-02 9.961305156848665465e-02 3.127459695875361989e-02 1.841890685122794455e-02 8.559727300245127679e-02 5.485905754283348229e-02 2.976934191190923340e-02 1.983942009434578463e-02 5.586256584159704497e-02 3.611486331390633547e-02
2.292214647674703162e-02 1.596701128668688227e-02 2.220028724354133898e-02 1.836532038533029640e-02 6.346309564425056671e-03 1.815791950755343484e-02 3.888977190768989900e-02 1.928010861375866261e-02 8.094249691268319558e-02 6.056955287323743248e-02 2.466269599625765807e-02 2.111101948609731688e-02 3.904049766633359980e-02 4.927333141732954946e-02 8.698074346304300597e-02 3.208192351757573058e-02 6.907905469365753504e-02 3.449011328873554522e-02 1.351244462731917596e-02 1.206345152930060616e-02
8.309181893344574910e-02 9.833301582573041044e-03 8.780824487918430232e-02 1.942643948412739116e-02 2.895995718302903088e-02 4.225558529412384856e-02 9.106005582252386195e-04 1.568460412671669399e-02 6.837432985896411963e-02 6.872703904891248883e-02 2.353245089808398034e-03 5.466932625974973980e-03 1.214887253442216257e-02 4.877998421959563180e-02 1.886360471375360393e-02 9.998753029683520033e-02 4.210448523730319498e-02 3.943495486647757842e-02 9.609491314877022239e-02 4.408411180110804843e-03
9.937998909767711830e-02 2.801461993343319634e-02 3.251721822833088249e-02 8.374985689742597827e-02 9.791677010172247786e-02 3.087281900269923940e-02 3.764460935998851371e-02 7.289974529091000632e-02 2.481292478491747833e-02 1.696512310074318672e-02 9.061194445073736392e-02 3.537731226229536008e-02 5.091938029900744400e-02 2.310667048372477828e-02 2.591474549049122000e-03 2.048262426298549585e-02 5.688820198284141871e-02 5.476276775708732031e-02 9.488817947080196991e-02 6.433300149040556415e-02
7.666782882886535866e-02 2.729267259598544548e-02 1.286287682990140506e-02 1.744701457937567618e-02 1.012475523375910846e-02 8.762637219809177314e-02 2.673437783509566984e-02 3.933196004270100160e-02 1.272997338177297467e-02 1.315528879489318362e-02 5.795887264258139937e-02 5.081883583633702017e-02 5.560125917571017568e-02 2.808253901418206189e-02 4.195831720030041359e-03 2.524711054542624553e-02 7.711109142390645821e-02 4.321413203281841003e-02 6.732898917184464149e-02 6.465545301234403019e-02
9.486656830129779061e-02 1.817092329426369876e-02 1.138304857436937129e-02 1.601798588544960447e-02 3.280593987308845494e-02 6.155893972702102673e-02 3.587380642635462635e-02 5.463166857329253973e-02 3.763441609523026504e-02 6.536920268060977812e-02 3.344007035351171178e-03 4.056375652910085977e-02 4.238404364270014629e-02 5.180627502737938234e-02 4.839523815418662889e-02 1.055455347219138619e-02 3.695064304798424681e-02 9.388413929739592573e-03 2.479421272096250795e-02 1.381915294851434640e-02
9.221661902398875510e-02 3.112486274685793974e-02 4.358592810897402720e-02 7.274302104216821829e-02 6.629677976967715547e-02 4.453653153844171902e-02 7.165676198238589423e-02 8.897928909670327347e-02 4.365303653682323093e-02 8.518967254524488497e-02 6.031691042666773028e-02 9.134355016641998448e-02 3.422257553663227148e-02 6.386595476423605200e-02 7.916606606314784134e-02 3.874957190463701722e-03 8.819636682588360976e-02 1.103959816279570516e-02 1.265936454864651298e-02 9.522280863548021612e-02
