3.092985434943833489e-01 4.142916529993482394e-02 1.059463353511446715e-01 9.215583475060988572e-02 8.069366301146299603e-02 7.851638648625314243e-02 7.747694370058313962e-02 1.174093070414123224e-01 6.391074771031574064e-02 1.152493266829515417e-01 8.037029707282997149e-02 7.193369127897901449e-02 1.224970916788792746e-01 8.291733944097051667e-02 2.523551644923958948e-02 1.016795856231353656e-01 1.213316563481528221e-01 8.541779269798599472e-02 8.026466103519665218e-02 4.665071120405302890e-02
7.590412175831431907e-02 8.348824185321901403e-04 7.652168170119967583e-02 7.580810430687943968e-02 3.397367835132836245e-03 6.081704538116886744e-02 2.021485081666637637e-02 4.872137053364242881e-02 5.448538666764247279e-03 6.748893126540367327e-03 8.650384398207942860e-02 2.601239469647987149e-03 6.913004582388511399e-02 3.915612574972335974e-02 9.486506950512259284e-02 4.014829537671522897e-02 1.499455996962893028e-02 2.147856154593780209e-02 8.391130233295238106e-02 2.545505467517586093e-02
9.062568466109137411e-02 4.766230923537795316e-02 4.762185872033462136e-02 4.204485312432312827e-02 3.929980938888194553e-02 6.588823003697424907e-02 6.716984237068039654e-02 1.958537911313199681e-02 3.993993012870039605e-02 6.993714147009826021e-02 1.325359725728774210e-02 5.534699014745431134e-02 5.202705715697170108e-02 5.215813313457754591e-02 9.283532264863525452e-02 1.265590995534959795e-02 8.341452029864540596e-02 6.811835687081191880e-03 4.643870983926289692e-02 3.167737016471464800e-02
7.834777561363813481e-02 8.648825798541960597e-02 2.073940901835245182e-02 6.841458342140381566e-02 6.648646293210544456e-02 5.893255806081616754e-02 5.963852267709828653e-02 5.652476754324476174e-03 8.665089838429951286e-03 2.503144311542930892e-02 7.080340013983577388e-03 5.175137732394363699e-03 8.256502526110209850e-02 4.319258541616734226e-02 5.572323438646038796e-02 4.453981762001085060e-02 6.006687397860580035e-02 9.632942387046600219e-02 5.012176179163930351e-03 1.348931432094746530e-03
6.381270094697956419e-02 9.757662740701508741e-02 3.392076785655330495e-02 6.595225441674322509e-02 6.465652706353093582e-02 6.610078161055092660e-02 1.261844031065700866e-02 7.805309598442042307e-02 8.894572590036431414e-02 8.960906622179787284e-02 5.273005169972005968e-02 9.272498657225912433e-02 9.380391769644730315e-02 1.322345621708331809e-02 6.621518624013132681e-02 5.763422174730097741e-02 8.874000700958542542e-02 9.137030881860423726e-02 3.624731558674054895e-03 7.615614511855108015e-02
6.403999115476877169e-02 1.995238217743436002e-02 9.639251553877628553e-02 1.393570853473983379e-02 3.607856527349532355e-02 1.378921157235878450e-02 6.516651026149751502e-02 8.187753622780720442e-02 8.144758934990757593e-02 6.255769510643695297e-02 1.721689867526816561e-02 9.334177955204249477e-02 3.657484972107807181e-02 9.680324989317318218e-02 2.804754160115223785e-02 7.643033864520699938e-02 6.787840441147324766e-02 8.264703388741527490e-02 8.320633360056010897e-02 4.204768408319987938e-02
5.044102551150797704e-03 1.464554199264154338e-02 4.152111081208831322e-03 2.487426512740202947e-02 4.767830255840303094e-02 6.009460045593189442e-02 2.390224093992648902e-02 5.839121115424630859e-02 7.159210104204187519e-02 3.043978531185069850e-02 3.753619825713701286e-02 2.114951030682971078e-02 9.604479981114361076e-02 8.065070998799622748e-02 1.772436337946758965e-03 7.084486088291962191e-02 6.485091572402761073e-02 5.134390730797785962e-02 9.340676026670240162e-02 9.215655852953102967e-02
8.061356015497834343e-03 5.964274917850793944e-02 5.888305447412550686e-02 7.001409807746196423e-02 2.029314833790946127e-02 3.931971703442529997e-02 5.502757222313939267e-02 4.218593007702439723e-02 1.952717543639445261e-02 4.687384629899727165e-03 9.666627159180472828e-02 3.452360721519448505e-02 4.255375055261119421e-02 1.969502104366279913e-02 6.281317678653701442e-02 4.292632435213564884e-02 9.950026784818609416e-02 8.757104470765551818e-02 4.698427748474594268e-02 3.705890515216248016e-03
1.019949111602698293e-02 9.931657424562197189e-02 6.837830644634508570e-02 8.200309844925134095e-02 6.044159431195128551e-02 1.497181363706767687e-02 3.203012366345187045e-02 7.573395249540754159e-02 1.588223159987545282e-03 2.014026855569957253e-02 8.822808803710592562e-02 9.023808002773898995e-02 9.340755791470981007e-02 3.512506254647754927e-02 8.358049882138895992e-03 6.566037789255348145e-02 2.746446794568305899e-02 2.839992732188209232e-02 6.817743536548964700e-02 1.319565154206622272e-02
6.207601678421670321e-02 1.733937614283364084e-02 4.228690148129449211e-02 8.646388753430062080e-02 6.071578017452866627e-02 9.250132964483923081e-02 8.726882608101664551e-02 2.500944004256407116e-02 8.873956092961110542e-02 9.180652549799096090e-03 5.727786759864697541e-02 2.027348148153284083e-02 8.939729717466237888e-03 2.551225647072197233e-02 6.966906457613086801e-02 6.525424673203440717e-02 3.461848869977729448e-02 6.555088183429357007e-02 5.458699880089060846e-02 2.601447989852810963e-02
1.856322631309929166e-02 9.628230891800995672e-02 9.573737195305621200e-03 6.288377806600305153e-02 7.257343900931999270e-02 6.232753217558618941e-02 8.365257208360543650e-02 2.173255943026870807e-02 6.851878060551792882e-02 2.806682159521574349e-02 7.769910639364360772e-02 9.538692171112246598e-02 2.496304485036027372e-03 6.464616545409519743e-02 2.551853543176148265e-02 7.281975300467771750e-02 1.279584022730919680e-02 1.964319293503776973e-02 9.657264875048156283e-02 8.708953906983563087e-03
7.217031290222442486e-04 7.264417720779917098e-02 8.723301669657779200e-02 2.275914720395078028e-02 1.170405220193837525e-02 9.828187527258265554e-02 5.161627564970844295e-02 4.755453482920654618e-02 2.521605874003397807e-02 7.540781972385335319e-03 1.284840340253211657e-02 3.842942896444996592e-02 3.129827325180017245e-02 2.166850232422150649e-02 9.695278577061511305e-02 6.512137684563533424e-02 8.079622662364915886e-02 8.387964322839594478e-02 1.488467626410885404e-02 2.662703661813884543e-02
5.389171039533252605e-02 8.443848451758534379e-02 1.437414856390835209e-02 5.279863405315022087e-03 2.159119263823783275e-02 9.230885742951025486e-02 3.847550221619386313e-02 7.319946970353014004e-02 3.923362186230267001e-02 2.687997017620336309e-03 4.786943777676355011e-02 6.190547825941900006e-02 6.816287254977253240e-02 7.152287287632838608e-02 5.533723255303524269e-02 4.410042221800761914e-02 2.449975202245382663e-02 6.989684227249781667e-02 2.769880881286681737e-02 9.840586362279947485e-02
4.296936724154910847e-02 5.810641276516540638e-02 2.085087288139950840e-02 5.608499513053427643e-02 2.956611379801025313e-02 5.156705913849943257e-02 2.942525144253772817e-02 5.712423994114110976e-02 6.168539491056246674e-03 1.909841801153449106e-02 6.932978266115676080e-02 8.480456650440847122e-02 6.973280795206958371e-02 3.573665548271555414e-02 2.509901630974525899e-02 6.568234040696731280e-02 1.077771714845354722e-03 1.652139467655381472e-02 1.342854017607415622e-02 6.228248381848227461e-02
7.910883541495428162e-02 4.693592873063911347e-02 5.563020203509550475e-03 4.871463196135438628e-02 9.478393668982093567e-02 8.058565110268384180e-02 6.763496498669596853e-03 1.134246128768526957e-02 6.659035549292814660e-02 8.998183724313746010e-03 5.168444763574021189e-03 8.766655878226203846e-02 6.223929127523494809e-02 5.223976095832792016e-02 4.848784763037581463e-02 3.492927084921661901e-02 8.195149381555605350e-02 2.583687332914222021e-02 8.679448266815578683e-02 2.284623678152396600e-02
8.245735097945905423e-04 8.110803298388054305e-02 3.202556329542958352e-02 6.930279763488833913e-03 2.795537006085370424e-02 5.505086269463577500e-03 9.449348279108707449e-02 3.473876121914976078e-02 3.179179347638477066e-02 7.273280011188643784e-03 1.667593398085194176e-02 6.384935182664754072e-02 7.933356034970388826e-02 6.251502319989100248e-03 6.683699076804962280e-02 2.716273637729435184e-02 1.003018018299798447e-02 3.766751517883300260e-02 7.013998486951911540e-03 7.401153823029410495e-02
3.384392053336873069e-02 1.046785106083474373e-02 1.261419347643442240e-02 4.502589092879018262e-02 3.083555491878576041e-03 3.978333417425753554e-02 7.355080911657650711e-02 1.624224904650823850e-02 6.037542538659845803e-02 6.514099618672236636e-02 7.151240594157311226e-02 5.583269496427587658e-02 4.638038683176545773e-02 9.258601920349590619e-02 5.255810203937655301e-02 4.130136691202947186e-02 6.379060817538702299e-02 7.836901315669353441e-02 3.970556581673675978e-02 5.023502506512991794e-02
4.860112220760495760e-02 1.795055794607688590e-02 4.667495741707015228e-02 3.455989424007588611e-03 2.825252086916623176e-02 4.256391768736413062e-02 9.583036014254078805e-02 9.579716374278807178e-02 5.420658177252372228e-02 8.085756413086081507e-02 5.794710571376341518e-02 3.439332457389910041e-03 2.770152995820609684e-02 8.378341789749343960e-02 8.374659758418015465e-02 4.085936493965920679e-02 1.562491636154415137e-02 4.671490680408916379e-02 9.093817719451961767e-02 6.588504729533466164e-02
8.385792847874760925e-02 6.231828007028006322e-02 1.742878605202675610e-02 3.464087956718133604e-02 2.220002731730609524e-02 5.040508299029061029e-02 8.148715519636644256e-02 4.443854149679926646e-02 9.815470902264653019e-02 2.542006754984960266e-03 2.357636340619405704e-02 7.174500374868418573e-02 3.748557827955027039e-02 1.297518805931059498e-02 5.816132907407252361e-02 4.823047860814828891e-02 4.608683789614981263e-02 6.847526525422802102e-02 4.714808183285504328e-02 9.988113938888124044e-02
7.976048617728154211e-02 5.503590154264497575e-02 8.801172069820556443e-02 8.333181095654285109e-02 5.020414368856540577e-02 1.662541779384890672e-02 5.774877474160847873e-02 4.623229716225705360e-02 4.185646324228268350e-02 2.683532866189984947e-02 3.918333445870086917e-02 5.035360507552769788e-02 7.813263286525561069e-02 1.999374471138734219e-02 5.402134111437631447e-02 3.696943181972236342e-02 2.319316277021199631e-04 4.157681326197460413e-03 9.575085658803668409e-02 1.004855371749212647e-02
