2.808378769291700605e-01 5.788927977290309057e-02 7.231036797810669325e-02 4.915493787864104458e-02 8.403329221213551303e-02 1.522403713563431071e-01 8.727585892837842751e-02 1.649957230177991063e-02 5.324176361929540413e-02 7.179381734697470700e-03 3.877321330879732880e-02 8.577688460418120275e-02 6.671517307736005153e-02 1.638961832886724757e-01 6.142080937810540098e-02 5.677060870936483095e-02 4.874177398754332008e-02 1.489724773850357731e-01 4.510142616782368552e-02 9.375676567525287330e-02
9.014914534315125738e-02 4.430262880453635088e-02 6.194875631672145527e-02 1.444758798679857256e-03 7.090687219449619272e-02 4.585033279719400584e-02 4.253159063745901719e-02 7.906064041002607012e-02 5.670669431172897790e-02 5.505157871634217687e-02 4.588132850217533504e-02 4.990624614876153914e-02 8.462469597037236557e-02 1.156168360606728632e-02 4.681545233629445107e-02 3.970851665364144578e-02 8.099161547502385650e-02 9.078000593027238385e-02 4.446877873204258154e-03 6.340407989232686725e-02
7.164882107691765423e-02 9.031385923832867257e-02 6.674158149640456450e-02 3.954494927687399186e-02 5.574442660162884366e-02 7.486483371125988995e-02 5.845709907488964158e-02 6.512240770346115759e-02 3.988361970929107936e-02 2.769695227795593295e-02 8.320490299216873331e-02 5.896191581034170709e-02 1.985444447002691210e-02 4.269058306521489668e-03 2.841924624819239936e-02 4.045471988535242341e-02 7.097677761335384472e-02 7.676527206419020422e-02 7.902585251774874031e-02 2.408655871787621777e-02
8.646149129636643282e-02 4.108400594506376319e-02 2.572713005251327234e-02 2.647898136322700616e-02 8.379892250359288752e-03 9.998311171565904543e-02 3.846873883556770762e-02 8.952754799608278469e-02 8.757415119942077442e-02 5.297230956123928636e-02 6.597595452548299551e-03 5.660898449505773894e-02 6.153342423804405992e-02 7.660512481222744863e-02 7.067527006106702481e-02 8.561470794451840616e-02 9.855839864245620474e-02 1.091552472298350576e-02 7.325136491767123004e-02 4.489805494358261456e-02
4.274581436232904874e-02 5.431778720950752176e-02 9.728911238281634510e-02 9.031943537443132275e-02 8.109072417799506605e-02 9.496742563048355193e-03 2.583284897471075509e-02 2.744918630448664118e-02 2.090577318385571440e-02 7.377574839732768675e-02 4.014507331189005879e-02 6.211199722392501954e-02 6.852040653350931210e-02 1.160848773689995318e-02 3.980481436400717769e-03 8.067151386423966619e-02 7.344851856267729795e-02 8.768360870601735191e-02 8.926801819195306908e-02 2.186318891446277501e-02
8.295465256101948459e-02 8.571269032458977977e-02 8.797240160987382374e-02 5.598387252954924176e-02 5.205555039898042413e-02 6.616638249549060269e-02 8.936305002781476381e-02 2.442412927516782878e-02 4.139595540382527000e-02 5.200718059840692131e-02 3.911489571091676665e-02 3.914945224801169403e-03 7.611267686825429202e-02 7.603644918070524839e-02 3.214684889807106760e-02 4.026453861748904850e-02 7.582077848300997069e-02 8.325273932526988663e-02 6.541919394801132964e-03 8.334973053815890320e-02
5.855987368350912053e-04 5.455258019055453378e-02 3.008820693445594247e-02 2.160031640849122830e-02 1.523738581832966357e-02 4.431140755146929788e-02 4.175722478138012284e-02 2.997060339929680239e-02 4.541157395958368703e-02 4.288253673605577077e-02 7.127114031390884008e-02 7.407351597477468408e-02 7.736323437116023050e-02 9.920679753057293215e-02 3.935914647079941098e-02 9.997512526519855558e-02 8.966821064863345070e-02 9.018700802905341152e-02 3.392266469243637034e-02 2.872982596300318811e-02
7.142999142479194985e-02 3.495218342636526726e-02 5.879014470880766091e-02 8.867777377304009515e-03 9.098691721593052395e-02 9.692229040993147193e-02 2.477917297089512680e-02 8.504471797501469976e-02 5.756835289246629156e-02 1.926681129569660783e-02 4.055797397507970858e-02 1.143100644763370838e-02 5.452311977800975568e-02 9.185753138611102431e-02 5.803737943046423375e-02 8.054992067026571501e-02 6.873382842392726511e-02 5.761564661231147189e-02 8.379574498428826734e-02 9.817180236834545382e-02
7.944431644046279911e-03 4.709040072949093741e-02 9.551687291241562066e-05 4.528108971256369908e-02 4.428240530765345517e-02 4.670050450726098007e-02 6.512190657782183922e-02 1.748845775415158732e-02 7.464438393971240503e-03 8.151505875444511884e-02 9.975310960958001794e-02 7.879741805181633696e-02 9.921037735266048305e-03 6.479924204665643561e-03 7.285622341468554752e-02 7.568047455145149316e-02 1.947179761902118056e-02 3.809769400225876401e-02 3.462056405383762137e-02 6.046121636474000244e-04
3.481232267081668663e-02 9.890363253983877612e-02 3.341083347547805366e-02 8.931441723598707028e-02 7.818729781452138372e-02 5.048598054611461161e-02 4.949609890275413759e-02 8.379413293018689313e-02 4.840781372299315932e-02 4.259814748959577652e-02 7.857792137536404042e-02 3.182103888271570202e-02 5.060077687115337869e-02 6.892313490013134147e-02 5.279889144157104419e-02 5.205359251228321160e-02 1.595278471646899374e-03 8.066508712671974224e-02 7.169495564596706227e-02 2.791029360958310543e-02
1.043179596225281107e-02 5.744819813400633968e-02 3.449636606389155230e-02 8.527450567824973460e-02 2.027658798990207567e-02 9.626079873563969658e-02 9.886488927447004138e-02 1.045847752404970368e-02 7.886884788101511390e-02 1.033750826936077373e-02 7.361485024468575333e-02 7.156134400879368695e-02 6.111831082668798404e-02 7.000024501107060884e-03 2.596474059353276465e-02 8.530180010341821550e-02 6.771743267514572506e-02 3.408149595632114365e-02 5.134587349417795571e-02 3.779519202554790236e-02
3.991858640060233498e-02 2.474725987714829906e-02 5.839562142723554727e-02 7.549186286863940332e-02 1.159708670056289886e-02 5.223709559082014009e-02 8.302592984444399915e-02 3.171974514374358706e-02 5.440546294720995102e-02 4.473034524238372195e-02 1.875917379816956221e-02 3.559805078011062801e-02 6.918398297278413600e-02 2.088541812672099068e-02 7.208600500228690144e-02 7.620527414939076705e-02 9.305061972647536706e-02 9.880956563217244137e-02 3.374280840438164536e-02 4.016173632317311670e-02
4.290183245444927768e-02 8.065627015420151480e-02 3.643500111938833413e-02 8.118361655454143372e-03 2.677584828243124992e-02 6.050789188646488181e-02 9.399621274788377834e-02 4.193636388889715461e-02 9.936544267006607034e-02 7.573274813732855902e-03 2.756832382241066956e-02 8.250213132422105911e-02 3.101287885838036745e-02 1.877457964674167498e-03 8.268324646852681648e-02 5.106545348754078228e-02 4.949696220706123473e-03 8.868030680483421357e-02 7.771547859347725795e-02 1.901334119532717415e-02
1.402795598788418932e-02 9.068510621846219422e-02 4.370116659482842225e-02 7.992553924307277402e-02 8.558180578850063669e-02 3.712044069157212356e-02 5.306010639216168084e-02 4.277821952911554926e-02 9.619225201792928892e-02 9.308372132916958863e-02 9.613603125101319313e-02 9.443975584183635086e-02 9.993632048296154091e-02 1.837280831791923350e-02 1.778377656394422232e-02 9.488711029008517484e-02 8.227201406693057661e-02 9.867115072683076138e-02 5.958677659121093539e-02 2.339439389666020386e-02
9.999088102986034010e-02 1.007399050704560527e-03 3.528255389646215573e-02 6.826114437615610209e-02 2.806154555713923429e-02 7.812222758052623020e-03 7.676089540715647259e-03 1.652929184720676112e-02 5.793522073773602066e-02 2.398674599136361302e-02 8.513893521714117896e-02 4.249773100386172731e-02 1.337727624249935958e-02 7.070539494866293073e-02 6.968921511975169347e-02 7.597396504742115475e-02 1.201662265440103274e-02 6.841658999028486787e-02 6.277302491185512978e-02 3.934628620193180576e-02
2.192669170982411084e-02 2.631496316279345951e-02 5.577904816393094989e-02 2.268758647134061675e-03 3.742209411328967228e-03 2.145132193046961344e-02 3.812731469096454495e-02 1.893528975049233593e-02 6.020480955800459194e-02 6.296505330408840029e-02 6.833330675465865839e-03 2.392823599484087543e-02 9.852254078304084617e-02 8.862324681373878743e-02 7.612708647638766202e-02 2.009251540891338061e-02 6.730016514735102928e-02 6.978086473627585773e-02 4.758778103138786020e-02 6.299193348112720747e-02
7.514117971057215906e-02 4.286712748665836431e-02 9.393406659565627093e-02 2.963283950288098361e-03 1.863784574471189989e-02 2.504717099701228231e-02 8.682897575910308863e-02 1.207012487204678353e-02 5.456923243613629598e-02 1.459774277168634019e-02 2.301878478147913187e-02 7.217232886852652241e-02 7.536330540900643138e-02 2.332018218953505612e-02 5.149017981127791688e-02 2.030646741655983798e-04 5.030052696154583419e-02 2.883617429848881614e-02 9.952319816697709209e-02 4.798847839263692405e-02
9.246542125806751777e-02 5.634709732096981893e-02 9.527994762354868863e-02 4.613709708004565258e-04 1.818079738164107839e-02 1.535944320593026803e-02 9.480502825057365857e-02 3.760458195590385411e-02 7.080965555399537648e-02 4.104076323705108630e-03 7.150730238770142654e-03 6.388272369593238353e-02 7.838701811112289142e-02 4.875107038078091426e-02 2.967768640811258019e-02 9.163383622619494795e-02 6.364489364653506953e-02 1.880304631451680530e-02 3.027696902280240313e-02 2.605699012890040633e-02
9.244695694710813871e-02 6.240053058706007683e-03 1.083006943108860698e-02 5.890369353640773076e-02 4.552026381658063475e-02 4.712667174361687139e-02 8.282124297699404447e-02 4.243371547474758532e-02 6.231673836861217203e-02 6.446273010298791961e-02 1.957383000639723123e-03 9.707082760968289981e-02 2.506920502221694769e-02 2.151406715547568224e-02 3.026706477038169224e-02 1.713754766310966390e-02 1.724323162559404784e-03 2.077601118113774417e-02 8.295034962124553379e-02 6.293826415062553359e-02
9.434125022858744214e-02 2.354279432013747439e-02 6.217682054294135924e-02 1.142575277963529118e-02 5.319930727255041403e-02 9.659235494390444599e-02 7.464957685710853219e-02 7.887611925456830542e-02 2.458129904142175581e-02 1.504920099552810135e-02 5.079692205762639801e-02 3.688728940876170176e-02 9.262264861507278624e-02 5.660439019081064949e-02 8.373571602837261152e-02 6.792603186380626046e-02 4.368780179030255090e-02 7.966896275755340484e-02 4.041408131519598490e-02 8.337527785185475104e-02
