1.895723047761777302e-01 3.717030248894852285e-02 8.108872555154611472e-02 1.379884287229023454e-01 1.233813437605276592e-01 9.383713912266478108e-02 6.335919629858585700e-02 2.659296304426462740e-02 1.039462428238176334e-01 3.510698038656327041e-02 1.250656546078259823e-01 1.268588134185663074e-01 1.424721688134746311e-01 9.205943662234068736e-02 1.082825925866687383e-01 6.504689377704048203e-02 1.123802802735459488e-01 1.037299683565429953e-01 6.886529499017564337e-02 1.151743821044575455e-01
2.635932806183424043e-02 9.871188573232773933e-02 3.830654440302749819e-02 6.490282140570311463e-03 1.407026145784605331e-02 1.505523963402104377e-02 8.490585701823036291e-02 3.785978173809160380e-02 6.286503468155982266e-02 2.670007941185409753e-02 2.992268853598808662e-02 4.887063306720001304e-02 7.107342740642025314e-02 3.216157856783924407e-02 7.583095924165401958e-02 8.276672602393608802e-02 2.148510060609755759e-02 6.360270820099984956e-02 8.682137412871512860e-02 2.928369528551207426e-02
8.908095964227961960e-02 1.219144202418366227e-02 6.747629174646252448e-02 7.599571222643938806e-02 1.051873530022948977e-01 3.699788785573252664e-02 5.978764415738060424e-03 2.906587984469845634e-02 9.789976622370785697e-02 1.978319444377082958e-02 5.864063161769739879e-02 9.169087422076190041e-02 2.302244369830959425e-02 6.964501863869024256e-02 1.046360587746101301e-01 7.317557548331021788e-02 1.968501534592818555e-02 8.648885742708999069e-02 2.930340342147434718e-02 2.353257263211957009e-02
4.738783566734851987e-02 5.830849559473463145e-02 5.694447624746611092e-02 1.772591554617353789e-03 4.055704566471727418e-02 8.459353445596032306e-02 1.172550886883928258e-02 3.336742909402470175e-02 4.822117425996176598e-02 2.540602946490947908e-02 9.544020603275450709e-02 2.860702484955304770e-02 8.158368399391147108e-02 2.371647865663794111e-02 9.005908905496814998e-02 9.844362820298951933e-02 1.113139358405825126e-02 8.448221896645015383e-02 2.807313770015247567e-02 6.426830066625083271e-02
9.786741882180472613e-03 1.050102648684043405e-01 5.324840478256121640e-02 2.613910612535351799e-02 1.021443286345202761e-01 1.110549701648575957e-02 7.725691773598665490e-02 5.580865693640861547e-02 9.543402522394685283e-02 1.063193649694423454e-01 9.747328612339367648e-02 5.985828479077173053e-02 5.056982530975161205e-02 4.457533370479881130e-02 4.500177242738783584e-02 9.422183247883399171e-02 1.069383554987942686e-01 3.709450400433306292e-03 2.856848127885609767e-02 3.627190468779532308e-03
1.062592333753456693e-02 1.687199456813705950e-02 1.066977531253202188e-01 2.596840347115321815e-02 1.445251959219058871e-02 1.023510991257455122e-01 2.677031793722820657e-02 8.136256571226149759e-02 5.069893557509587423e-02 2.091621928569820446e-02 1.050723432390247986e-01 9.209955369717887086e-02 2.306801532990354273e-02 5.510828660502168491e-02 7.824211848666301483e-02 2.250437304917028009e-02 1.063076331964039889e-02 1.423176680620119074e-02 1.075350364499320505e-01 4.821231337930191596e-02
2.982614815778087888e-02 3.481248103026892554e-02 7.629401463550081197e-02 8.338501648798138377e-02 9.390527210349938758e-02 4.295585346962526446e-02 8.921990722672112906e-02 1.019274883066972892e-01 3.335395131962735210e-02 6.490585606473010805e-02 3.314284833903352601e-02 6.669549443468111849e-02 1.004193404277267110e-01 4.242376969565763573e-02 1.057529271979101709e-01 3.525923623841966531e-02 5.357031356349358647e-02 6.110254136395872754e-02 8.833493809121845119e-02 3.940773761184850066e-02
1.925447455599566329e-02 8.680526935001645072e-02 7.111134963010438959e-02 1.065072609575732493e-01 1.067745432759329843e-01 9.384266159280853226e-02 8.962853317909193207e-02 2.643305311472217574e-04 8.877312401570754130e-02 2.296366729018018207e-02 2.825895072689655826e-02 1.997400691631210159e-02 4.622773158150008527e-02 4.485827359619941335e-02 9.775754810163628239e-03 7.623066558071101007e-02 2.424766646742148452e-02 4.001640275307176420e-02 2.352558461223658651e-02 3.038933363984537561e-02
8.488237787643934662e-02 5.096139123430928203e-02 7.948826416615388871e-03 6.346282803479627588e-02 9.810858298344771189e-02 4.420247678338978109e-02 8.714500185407381139e-02 1.232320542963036281e-02 5.748732834253250656e-02 5.151360704819180764e-02 2.188259396783952954e-02 2.720899111066230579e-03 9.775204549610101712e-02 2.137089952706140369e-02 3.310162342304774109e-03 9.082534243011849973e-02 3.331513060768724610e-02 7.142272044507755324e-02 4.609591696854929005e-02 7.274237143722279975e-02
1.343226711591436265e-02 4.676922564894631963e-03 2.946845643760787406e-02 9.100704099332156127e-02 8.359480351984856228e-02 2.736107253187968283e-02 2.418742818951538295e-02 2.466666510162718318e-02 2.064267295904528843e-02 2.817219112863408176e-02 1.022682764944167488e-01 6.698556336414089596e-02 7.508319237030698645e-02 1.026419503702832442e-01 9.163366375079895487e-02 1.387131187263484361e-02 7.636468514537837760e-02 9.089126101435422711e-02 1.914727046861714604e-02 5.238166389720294580e-02
6.029985796301112755e-02 1.056570943247234912e-01 7.522512559466502935e-02 3.621194265628302662e-03 7.963987373612084475e-02 8.349138246221003701e-02 2.387183456133835924e-02 5.649513502223477319e-03 3.611623766108760375e-02 8.376394559890319724e-02 3.779375794852269516e-02 5.138478010493093689e-02 1.261890366756466229e-02 2.537449094714143427e-02 6.024660749130162501e-02 6.280458205799357985e-02 4.242523853871432715e-02 9.523125326182310668e-03 8.731132966486276903e-02 2.056882309465267109e-02
6.685258237860793040e-02 4.698556235375521417e-02 9.139327168476782393e-02 4.091530096575177015e-03 3.258177062581201627e-02 8.561733002998681008e-02 1.501279832732017568e-03 9.092586871960023354e-02 9.176383021050003863e-02 7.727166085772831094e-02 8.215518893838852366e-02 6.139384120032265711e-03 9.313501215133804939e-03 5.746661750055665624e-02 8.686872667139612647e-03 9.914753748938203229e-03 9.940586344650230444e-02 3.337867754821601668e-02 3.986097532705723534e-02 6.544339023308690106e-02
9.041854110479854989e-02 7.354685225319451680e-02 4.898964609497594852e-02 6.462392437491472352e-02 9.736952679119466325e-02 8.984475619156280513e-03 9.066497384853795805e-02 2.935130117172950800e-03 2.597147691292643959e-02 8.242393770575043299e-02 1.500321887557376846e-02 6.563268754122683624e-02 4.234209221729202943e-02 1.033075760330105092e-01 2.774274377570136105e-02 2.904444845667360567e-02 8.749101744576701090e-03 5.986870927501349027e-02 5.176290223050401124e-02 1.213851595753435118e-02
5.926596757269715632e-02 1.713894297984045606e-02 7.787555017050287742e-02 5.806557230112070062e-02 1.402476868896047023e-02 2.717574694567617688e-02 3.290899455193301709e-02 4.735934757245982563e-02 4.221996428457115008e-02 7.477813451904050113e-02 5.667942802914047173e-02 9.261767749915315873e-02 1.188337183750396223e-02 6.764470439891535902e-02 5.029295743065063939e-02 9.665165157703781151e-02 9.472491547369457643e-02 6.355805446482924725e-02 1.020807553405912171e-01 9.568262514550661402e-02
9.671292573556020122e-02 5.307158582303327099e-02 2.016446585733718336e-02 2.624567650876290584e-02 5.452637550239384373e-02 3.538985267783066688e-03 6.306955773173246460e-02 5.828919559452835908e-02 3.015665371822107491e-02 1.673992954740185363e-02 6.211208595669324983e-02 2.520456005807182598e-02 5.346194821232583272e-02 4.653154782200039086e-02 7.626227876718810750e-02 2.519698145358171062e-02 7.295510028785232026e-02 6.216199981831756032e-03 8.944780673635055121e-03 5.536487765236100533e-02
7.952741721859499235e-02 7.973874920888091022e-02 3.403928275753398403e-02 6.698643778722462166e-03 2.695584738945906722e-02 3.592115090574673347e-02 7.919099768030702161e-03 1.023540988361779924e-01 4.226286571374350542e-02 1.951134724533145487e-03 7.359783437117488857e-03 1.030924826134162614e-01 2.703399081695432096e-02 7.488778368120130313e-02 5.076870531477686160e-02 7.209755801369313599e-02 4.662123093628445930e-02 9.318581067317337208e-02 8.388704429549277697e-02 6.120289040956529425e-02
8.952341294741085476e-02 1.079385260088586498e-02 5.882117462125967255e-02 1.002335407038126153e-02 5.858999879719205273e-02 9.286282769745153598e-02 9.451817645260340850e-02 1.033536653659208326e-01 8.453319003519033092e-03 1.053675978633809018e-01 6.771685135015702295e-02 2.262802248723629756e-02 2.226306784112342188e-02 3.794720465311406804e-02 6.696480717995852150e-02 6.868892793963529697e-02 4.671806626595362277e-02 8.107399009438290283e-02 7.196180006054254952e-02 7.444201556442622825e-02
1.319493530835078900e-02 7.040151733588852212e-02 6.913548607457277451e-02 1.208122741311835543e-02 1.896097190871054439e-02 4.991318255776377305e-02 9.464712492950691503e-02 7.704240863127330245e-03 9.567968482318189860e-02 2.748232406703004366e-02 1.049107430730625151e-01 4.001212042691270482e-02 8.164481382814131605e-02 4.447414627538291004e-02 2.167729393760292958e-02 7.934711049482170986e-02 9.602244748074868774e-02 4.632611643525604353e-03 7.324906676309063391e-02 8.272130800659006911e-02
7.363313906361490524e-02 6.423482309346162378e-02 4.939511691768642965e-02 3.800206137772788040e-02 1.274600159069397623e-02 8.316915542818903440e-02 9.510889802614816424e-02 9.618400198641879895e-02 4.597378990383595154e-02 4.926782962228264812e-02 4.452283899561462754e-02 9.260304485281609099e-02 3.328742469766405448e-02 3.534574315187472763e-04 7.612107671408176179e-02 7.011473701827708460e-02 7.962971261952171698e-02 3.297798937474567815e-03 5.094050833216545726e-02 9.578583015880511031e-02
6.048821804304981009e-02 8.679023211205988408e-02 1.045957049259407523e-01 8.977158367551936469e-02 8.885669983959071025e-03 1.099201266382942091e-02 5.961794986962167670e-02 2.250204936205284570e-02 2.102228376273946805e-02 9.124346119700861568e-02 1.317573227723183547e-02 6.605308653145866571e-02 1.561303021624367571e-02 2.281494059385423545e-02 4.708148603945060823e-02 7.442635291170554557e-02 8.432669113414266102e-03 7.154789390931903803e-02 4.103810830008593202e-02 1.071616253965566867e-01
