2.426320396010919755e-01 9.390038607412032334e-02 9.154665114254081915e-02 1.536326139776068855e-01 1.254516168576925716e-01 1.252207431358725309e-01 1.415546622223171624e-01 3.174311389936788907e-02 2.339155426193814669e-02 1.468127571284042476e-01 9.155640717975396803e-02 4.214748344728622143e-02 1.138368771958903625e-01 1.148988328316331714e-01 1.230900149072866601e-01 1.228170083734971829e-01 1.119969626766373627e-01 5.085260602813518327e-02 6.468092911300872550e-02 7.233447575432883081e-02
6.471533082618441401e-02 8.515946934747913033e-02 3.092232550918490308e-02 1.131639584492112431e-02 9.259622620201579668e-02 9.395615554062480834e-02 6.584650650929185778e-02 2.793468547717219488e-02 3.066613382399232743e-02 7.578225238617641857e-02 1.556775712917555371e-02 8.088882195361261906e-02 7.312919572483647657e-02 5.914250904355472516e-02 9.328921464554039422e-02 3.913758987670595130e-02 6.350299021411637268e-02 7.112887209385085341e-02 7.569888672396329898e-03 9.254864394312409259e-02
7.670081421557345402e-02 8.939928607077086975e-02 8.032933193680791284e-02 6.968073152729393344e-03 1.911613051209884104e-02 8.999046161931424648e-02 8.108102088282644060e-02 6.409067427932250982e-02 7.147768966720852157e-02 4.164865930272402400e-02 2.841349216367046460e-02 7.021385728467303966e-02 5.876900725154540761e-02 3.335806135762903191e-02 1.936971155273851247e-02 4.318159934409853545e-02 1.439338899492875745e-02 8.681563388737362219e-02 4.547521974379351017e-02 6.769913760988810481e-02
1.368368094458252172e-02 6.416672118135106906e-02 6.575393923364651616e-02 3.584991785427016353e-02 5.240471447823655954e-02 5.533941168622250745e-02 9.379787205054403165e-02 2.800709716512450684e-03 2.150088853317377868e-02 2.293961310334639153e-02 9.153268556469031092e-02 4.932716767995625612e-02 6.000824677689975406e-02 1.293033634089821998e-02 8.147459082827090970e-02 2.708767713481450429e-02 2.401072122872032269e-02 7.118598183448254790e-02 7.715417408702747448e-02 6.639050055407219597e-02
6.283064235326603353e-02 2.226891462135954791e-02 4.029108627239065543e-02 2.874793063576996932e-02 3.282266655086851087e-02 4.707072760934151445e-02 7.215154471548886062e-02 3.506073196332794989e-02 9.012983773541231869e-02 7.675315071456129123e-02 2.625686546102742533e-02 5.390541995280902221e-02 8.153965432103844890e-02 8.612516376640814986e-02 5.417728529986753916e-02 2.449770904176148609e-02 8.598361771640655737e-02 6.549189352698770545e-04 2.862453841672182517e-02 9.350272538153149571e-02
5.147815118004341051e-02 2.700808337590424740e-02 6.102599862532040453e-02 5.933498855540048078e-02 7.278970731506934078e-02 3.904190905347726392e-02 5.549209061884740474e-02 9.951191700503166093e-02 7.743081718717770290e-02 6.811400780861340265e-02 8.229478265862080755e-02 4.526803726718086479e-02 9.587467350190724547e-02 9.173865271395109308e-03 7.089391820070166383e-02 5.889620007253024841e-02 9.140139908848471384e-02 8.062459733902155312e-02 1.473180441639706552e-02 4.161233697961075513e-03
4.085089906292582729e-02 1.706370113620092610e-02 8.023524334231607602e-02 9.744361134630134813e-02 2.508818294759717141e-02 3.880683918384158354e-02 6.425180596607031613e-02 5.123616178369568008e-02 5.100239613860595850e-02 4.794167759245329674e-02 1.541614713537120627e-03 5.565284061098937918e-02 6.536767363048194557e-02 1.021748137397474748e-02 3.625720486193436537e-02 5.061648719720598932e-02 2.292884768843493973e-02 3.229652038521702018e-02 8.228328895011519095e-02 4.501161447097093427e-02
6.591559775299050093e-03 6.421161677033566939e-02 8.210750265927795055e-02 8.472476706308584848e-02 5.241722980539732790e-02 8.252697164584629763e-02 7.233290443301780559e-02 6.096577758376577061e-02 2.019436835757409954e-02 1.293820262010312444e-02 3.768347566647196889e-02 9.243437847887836512e-02 1.787398764410075324e-03 9.489730647102022354e-02 9.492134292938142481e-02 8.691472200108241175e-03 7.581949738861182460e-03 8.153979744278999631e-02 3.182688425935821519e-02 6.894763304270913606e-02
9.423412370498629453e-02 2.870096901806239512e-02 5.651676768619562363e-02 3.016323805998183394e-02 2.825411185002341119e-02 6.424754080162921321e-02 3.395454497128913562e-02 1.878759273700264520e-02 2.671993884489170037e-02 2.700258518581022393e-02 8.948928690392886354e-02 2.177689980516300805e-02 6.371791647583972817e-02 8.504698384534530031e-02 4.174613021983775152e-02 8.345544119616805923e-02 5.868476514902008084e-02 9.910225128273203454e-02 4.091588891315285637e-02 8.850257051628104832e-02
4.557636509655687423e-02 5.126585049377047065e-02 9.490322201243463207e-02 7.609315884902424082e-03 2.629613213599426777e-02 3.083110219988076731e-02 5.546281135271447600e-04 7.430724191886216301e-02 9.715802596182711304e-02 2.601806740902632559e-02 7.932614726393795446e-02 5.654905201597143494e-02 9.717408885458006518e-02 1.784114984906710541e-02 3.262494094509806042e-02 8.394123062322424167e-02 3.370101349539326302e-02 7.975393013774677298e-02 9.344945080939776050e-02 1.356190239771931649e-02
6.866689911427321935e-02 6.911464372556129498e-02 6.338466031542162871e-02 8.554561584153855258e-02 1.090444992680030846e-02 8.156979540883781132e-02 8.008130751769776401e-02 6.832709610359018193e-02 9.979161408261233435e-02 8.802583588108220392e-02 8.108156990873799375e-02 5.227968855416984667e-02 1.300001973230584598e-02 2.083616898830797926e-02 3.563378951805105249e-02 7.317459516790018881e-02 2.646622861343609495e-02 9.035287812984044153e-02 9.886616425569427768e-02 2.440514030227494344e-02
3.876362651094026474e-02 3.869079569498998228e-02 6.194175747152375067e-02 8.228503844804661849e-02 6.806026002034441802e-02 4.847427819719066222e-02 2.264342477462955028e-02 6.894433871368578493e-02 9.380883136031871461e-02 3.879107671940173335e-02 1.408676916564379801e-02 1.580772590376880102e-02 4.127643581362928915e-02 3.882496424103570182e-02 6.789726650656717488e-02 3.026209380220196143e-02 9.216848880915412545e-02 8.582343379322900090e-02 3.902276410132635848e-02 8.378521744842737720e-03
9.392227860984215734e-03 2.102272566872004367e-02 5.001154167999322629e-03 4.694765576745379282e-02 5.126080948928453396e-02 5.983660259698390244e-02 5.202395222548527459e-02 8.136233408659339361e-02 5.438389957588582457e-02 7.070731811543794210e-02 1.871337896203329951e-02 9.002950170008562625e-02 6.749945228272986875e-02 5.471385563242745637e-02 7.576026898278839794e-02 6.436523953997776160e-02 4.027497928884119643e-02 3.118241757675415185e-02 2.250648287875520875e-02 9.559097537161136138e-02
8.456151461806270253e-02 9.800637672329615135e-02 7.893856080129865727e-02 8.476941270620741084e-03 3.302690670763286374e-02 8.169254080390861428e-02 9.339847498490269628e-02 1.668151304907878815e-02 1.352307107511463435e-02 7.558047032437924251e-02 3.361785417666008063e-03 7.423747194531434002e-02 8.733799577028636407e-02 4.585965088652487615e-02 8.998194951666603492e-02 4.758377682065974279e-02 1.264118305254935534e-03 3.318799714174319043e-02 4.388474766449240033e-02 8.372208380538304073e-02
2.813117740756320220e-02 1.981341658541242723e-02 3.487251028327220670e-02 3.256122102050223316e-02 8.205072892037766630e-02 7.228008754619895393e-02 2.203246854310071667e-02 3.083459669829471603e-02 7.402077796400000076e-02 4.413397462870480986e-02 1.917977302461297898e-02 9.019676563304994399e-02 6.751008837503649773e-02 6.685565459531048194e-02 6.551641035192551366e-02 3.618282261100291136e-02 5.289739581240959776e-02 7.351703238045761979e-02 4.651787532442505646e-02 7.141587815478128709e-02
4.880160178441305535e-02 1.327289543719346702e-02 9.808402944150211578e-02 6.668436470721710030e-02 3.000686079798482730e-02 6.341444745355376278e-02 3.385534734990443967e-02 6.197521492373167518e-02 9.539846655171703438e-02 3.979395771216216737e-02 9.363256050311313805e-02 2.975352112781048941e-03 5.438700448289020273e-02 7.747870695390468576e-02 1.976794081422378335e-02 5.765483090025348700e-02 3.750091108763497355e-02 9.425138856353475203e-02 3.491770731647325654e-02 3.861936044811860314e-02
2.219362730100914519e-02 7.969314058808808429e-03 6.505179275994661670e-02 9.945110155716868627e-02 9.287191236039560316e-02 7.539808268536703217e-02 9.801404690800147312e-02 6.097868354655905376e-02 7.397358413416777086e-03 9.850622481543862274e-02 1.318191293644845920e-02 3.337861279371309026e-02 5.042051560452620595e-03 4.802955089065072403e-02 6.097315534275384030e-02 9.157319367157849832e-02 9.678858574388206348e-02 8.214458943511538866e-03 2.501840431581500365e-02 8.901530842687448153e-02
9.093755966150614267e-02 3.036243202988177237e-02 2.972882124357323526e-03 9.333591269421021019e-02 2.297942152244508707e-02 4.432284212070095736e-02 7.790472824799450635e-02 4.997432544288590850e-02 6.201892718415914080e-03 3.049286997285076753e-02 7.806135371674179091e-02 5.283885176823452379e-02 3.599009495501858530e-02 5.808349502367485262e-02 7.962750322464055841e-02 4.556264538235367534e-02 7.742364543944406374e-02 1.402237454171491142e-02 1.992538671776600354e-03 1.608428117266553700e-02
3.112890359621454245e-02 6.237947526404524073e-02 2.569409133916453897e-02 2.228930261196295989e-02 2.166279315759830557e-02 9.624013842722474454e-02 2.166796714078611692e-03 4.868458450466373044e-02 3.315446030747417477e-02 2.832206774233998747e-02 6.685897478561596274e-02 5.419112226588684855e-02 3.190952902911654843e-02 7.569990467738670070e-02 7.370588023196865401e-02 8.872984698345574850e-02 9.391032538358662363e-02 7.103326786219210653e-02 1.805213957001805536e-02 2.695626836131675974e-02
7.187542198443704067e-02 2.120450474309191341e-02 3.854501698565514917e-02 7.570132062923268235e-02 7.655596477158707613e-02 5.505868155766459326e-02 8.390945149307214856e-02 6.003618863892493801e-02 9.490396398410354262e-02 4.572974044352909329e-02 2.377632198938185726e-02 2.212511645040837749e-02 4.907223840467955095e-02 2.824787377413973122e-02 7.845244158415934366e-02 3.736962745786440859e-02 1.735691002233012009e-02 3.245736651211610785e-02 1.522689608399433597e-02 9.700404472355735053e-02
