2.378290894194684812e-01 6.585966955419436664e-02 9.688774401377812928e-02 9.387873466497943797e-02 5.987195213301090002e-02 9.493744999589687206e-02 2.516810848193954883e-02 9.094696804753882313e-02 1.546514463400433248e-01 1.180224170439127807e-01 1.195537170989511150e-01 8.586664462210727433e-02 1.039978409628380118e-01 8.956862747043005391e-02 1.050821679997812896e-01 1.205677217070913743e-01 7.853427382866146056e-02 9.600473236039103186e-02 6.837033415529822356e-02 1.145166001988986715e-01
1.386009678705053642e-02 3.869328673450853767e-02 4.585841647914817160e-02 7.661884114275714641e-02 8.064973639808363515e-02 3.757885354400745254e-02 4.582061278124393428e-02 4.007490126938826475e-02 6.134250610020153260e-02 3.506573917591370576e-02 5.489984611787912701e-03 2.343110612191479092e-02 2.659223238330575903e-02 9.271709803822852924e-02 2.826555025832832094e-02 5.586458979020873100e-02 9.732069623075856324e-02 9.970546008736629051e-02 3.671761305157410921e-02 5.112480512928475884e-02
8.169422034844812941e-02 2.891603983253541316e-02 4.738961324843521394e-02 1.894961666455241556e-02 3.507699847702207968e-02 5.328311821495898548e-02 1.064242276567081182e-02 3.894484819204746540e-02 3.356590196071029125e-02 5.347477191134797879e-03 2.345240181475494526e-03 3.455765065982431550e-02 6.393468607986713126e-02 8.203296223326590753e-02 4.499936125390227581e-02 8.965685627117914169e-02 3.342562109991914499e-02 7.564776031214962004e-02 3.871597238591487078e-02 9.528800495937478354e-02
6.117660216219697467e-02 1.480126629238290997e-02 4.932805048749382831e-02 1.816246060088166914e-02 9.018855152832870592e-02 8.863349163779467299e-02 2.110399788895638354e-02 6.446432561287368523e-02 7.536729466543522216e-02 1.971772537203400275e-02 3.934324531265923769e-02 2.254959769300917197e-02 2.330390975961538474e-03 9.845513298827220094e-02 4.541166032601617712e-03 4.760744896526828557e-02 7.165123356744297622e-02 4.010572454475086479e-02 7.814320745599930007e-02 6.501738259052181057e-02
9.091382992894922466e-02 6.038011342806015591e-04 3.177757209756985196e-02 8.604312110971218397e-02 9.088977544697962596e-02 5.227326291408650877e-02 2.192637816193931943e-02 7.800846100451508391e-03 1.147015663767614324e-02 7.109006945898901919e-02 9.195474192472991026e-02 8.897187064691142178e-02 9.400457724527670755e-02 3.318446247345951949e-02 6.180843196375318538e-02 9.555301212216225915e-02 4.649313634156407998e-02 2.533795057585447319e-02 3.095781330002312075e-03 4.352653838803217934e-02
4.762178121479151982e-02 6.541610234519827649e-02 1.656662790485024031e-02 4.668278816762321676e-02 7.760467564409001540e-02 8.264678618756168826e-02 8.256233543876530245e-02 4.281254804940226415e-03 2.772612477630651689e-02 8.973902357364195448e-02 8.463715196306276223e-02 3.540663236397056240e-02 9.892401480423930471e-02 6.313697035206182473e-02 2.442561892062796933e-02 7.448273169084777823e-02 4.209447161335452825e-02 7.154844306411031751e-02 5.548317900921442836e-02 4.035437602848486460e-02
5.019979765402409616e-02 4.158055072560955939e-02 9.045261169465011741e-02 6.965269947573096698e-02 2.399019470145885569e-02 2.267055808835399811e-02 8.745233718691700076e-02 3.623621432889486543e-02 8.163364247456970924e-02 3.158520280797464524e-02 9.432997140817170334e-02 4.589783680034396213e-02 8.905730089803588767e-02 6.950427825002311599e-02 5.077145501576570130e-02 8.524729584202002386e-02 1.557999371090061994e-02 8.374069804764501523e-02 4.683819322426375185e-03 5.871044129412832796e-02
8.102931335133749247e-02 5.333569821999715327e-02 7.201052757714210273e-02 1.387095023650114500e-02 6.767538662978545352e-03 3.795165045464979348e-02 4.730361237934312124e-02 9.572346722557546761e-02 1.551025910940996393e-02 2.660054633524800132e-03 1.459347634937650101e-02 6.312193282738633171e-02 4.530335242313263122e-02 2.701683959321398223e-02 8.814433893532248182e-03 7.497379303926625382e-02 7.468118795440598090e-02 4.814742403666408266e-02 6.858523900664324768e-02 3.636740360857237953e-02
7.752967602596073926e-02 4.128900651307251812e-02 5.301003935317466498e-02 1.604659761681841504e-02 7.303750069811347501e-02 1.511526595156382873e-02 3.255928996764173577e-02 1.165667668375728466e-02 6.377046453045064067e-02 7.096776191550689672e-02 1.218551056735972700e-03 4.845921872277807879e-02 8.719988223360308766e-02 4.531038584080419179e-02 5.193136434325731909e-02 5.667353731580239418e-02 9.326155925770289457e-02 6.939762331164135711e-02 5.777895879474203439e-02 4.998097290881717281e-02
7.069471314597086664e-02 2.864105190077675944e-02 2.093778973324060891e-02 3.215115615342847150e-02 7.049747640368540791e-02 3.690347201935535726e-02 7.153116315857320495e-02 5.833021159302364395e-02 7.164763949337660774e-03 9.110107389997069982e-02 8.437224009836270799e-02 9.152999995295861557e-02 4.849718029133789909e-02 5.756274410223864019e-02 4.959929424892253746e-02 5.901477179796802558e-02 3.050955703568245664e-02 4.760242371344335782e-02 7.938320994539395077e-05 2.303731715902593985e-02
2.837937356321708349e-02 7.262881558419730099e-02 3.756101038759857014e-02 1.744646543713319550e-02 8.742360467407900293e-02 3.999556302166293320e-02 1.746936591439673947e-02 5.477978751044765282e-02 5.562903521395091283e-03 6.844032418927568917e-02 5.910694142483340768e-02 4.401120822775166780e-02 6.204102281530238239e-02 1.655037800907642812e-02 7.450661530573723934e-02 4.790093667816447409e-02 1.562929082684331311e-02 9.029381547534498509e-02 9.538166568595339567e-02 3.267630710476750189e-02
8.686517470430836496e-02 9.293569028817247335e-02 4.690973819254512511e-02 4.819123263798334028e-02 7.147774737662446198e-02 8.310392806875588345e-02 5.761040205227817984e-02 7.708369909873409587e-02 7.052931504584043776e-02 4.062034285983731619e-02 8.367171855850660811e-02 5.121681811009612395e-02 8.822156160357111365e-02 9.298522925381197402e-02 3.104767827196903973e-02 6.644069909172738153e-02 1.860744267140057584e-02 4.791517935030709455e-03 3.246767450110776831e-02 2.259515314297009386e-02
4.074321308529519486e-02 9.604067797192912537e-02 1.768685541623691432e-02 6.575950474315926664e-02 8.411887907682949472e-02 7.167849576671397882e-02 1.312645575948447919e-02 1.819343436350398177e-02 2.847824882493358439e-02 1.526542625552344129e-02 4.011143100709248233e-02 4.770133022333492012e-02 2.930778422407691666e-02 1.594122535270510108e-02 3.554942084544145814e-02 3.013993216555075488e-02 2.531463103440539930e-02 8.146193148458180655e-02 3.383586804906733164e-02 6.933647396705525101e-02
1.406467377827830267e-02 1.211716642417246664e-02 5.179480603777596864e-02 5.700199067224635124e-02 7.495446264286056981e-02 4.579729587637181715e-02 3.880160356459057269e-02 8.177121785999467984e-02 5.901913466248548401e-02 8.068825910620748033e-04 1.653902011614177825e-02 4.190188595727455806e-02 9.787982019604965500e-02 1.823568894041729602e-02 2.975776086689150418e-02 8.110188264140941183e-02 2.867146568471358459e-02 4.157237976846869798e-02 4.859077785987039877e-02 9.161157176826392745e-02
1.723772471776383736e-02 7.084091678102148737e-02 8.830907164002343990e-02 4.508140476018207554e-02 6.053980775014490556e-02 9.890568512527719847e-02 9.900052531891855023e-02 5.601107178375800549e-02 5.741630711511978152e-02 8.024751479624259165e-02 1.244783590058119553e-02 7.327061814853131315e-03 4.367638969577672392e-02 9.269391961580454586e-02 4.085104139722803979e-02 2.126484027281311251e-02 1.714892068901458996e-02 7.054958685488062209e-02 7.994891211225097155e-04 8.424687509825759535e-02
5.706898732975052013e-02 7.342244435374745311e-03 5.860494928140733834e-02 4.375735596405994424e-03 5.615998643908864940e-02 5.473342485259968110e-02 8.359635432224558904e-02 5.461237874844646067e-02 2.715930019019787908e-02 6.371740825052321644e-02 6.107117996414666156e-02 2.343538719089861833e-02 8.530109676240861180e-03 4.672697455078555356e-02 3.176690866883868231e-02 9.901760647960312911e-02 1.327754515844642436e-02 2.707889713883656832e-02 6.744776974186285357e-02 6.215181738686670343e-02
7.653312998215666685e-02 1.691941995841186527e-02 2.252987342844823410e-02 7.693046667351019496e-02 9.739065093211698998e-02 5.264185896503025680e-02 5.487972795428161521e-02 3.839075719929854746e-02 9.544016892595733048e-02 7.254697749301697307e-02 1.663675606075315505e-02 7.522189409134938387e-02 7.839793883112261552e-02 4.768112806839322482e-02 2.874686813543823188e-02 2.660291009930251457e-02 7.584187020959194669e-02 8.698112328045370933e-02 6.464638301700742495e-03 7.789798140979314889e-02
3.276137158171799069e-02 2.211084902556109677e-02 3.848380592333647959e-02 3.494305347693027648e-03 7.370339817820052708e-02 1.201833364608340116e-02 7.441930723157567928e-02 2.075963549426666083e-02 1.049735537090090709e-03 7.022606527858721304e-02 3.320038995121443737e-02 9.548803979848530243e-02 4.831570694718753667e-02 2.558225048954413522e-02 4.341374431375780163e-02 8.894032321563693708e-03 4.461052525842245514e-02 6.646774433348139055e-02 7.427408116565304211e-03 8.790119477543471838e-02
7.168654446587217899e-02 5.232139183982072173e-02 8.185402239032422977e-02 8.031795832542666311e-03 7.372907638324777309e-03 4.150441493332433091e-02 6.850728422991725786e-04 6.715905636257461786e-02 6.125430842247597124e-02 3.139430434317247443e-02 9.373321625720604233e-02 8.007662581329044738e-02 8.585598665123223006e-02 7.225076668410798653e-02 8.707892889342075393e-02 9.174673350979024866e-02 6.831334013795968552e-02 6.061678523001179722e-03 5.599714812189043878e-02 1.606000575325087359e-02
3.252128319809322043e-02 4.560158586168723549e-02 1.856831647063729093e-02 4.429487681776224373e-02 1.106065515030768553e-02 7.308079153436641828e-02 6.797538789361535008e-03 2.265057090255540029e-02 4.216716064729177094e-02 3.183915193479906064e-02 3.851502513130689118e-03 5.501808200210359101e-02 2.260237182611014861e-02 6.643562850879844439e-02 5.250038307190532660e-02 2.844501332107803038e-02 8.271932186978403490e-02 5.834154414884604872e-02 8.436261549462682752e-02 4.635071861014005562e-02
