2.453460529487007935e-01 5.200268312781525237e-02 7.380821104125896703e-02 6.981315664870353654e-02 1.044394163445398205e-01 1.274090635911921954e-01 2.085596891639374117e-02 1.101704772539603833e-01 1.654524704286503001e-01 1.752729305036845875e-01 6.491043320304755448e-02 1.004916468086437531e-01 1.428842094392113737e-01 1.141832224990739220e-01 4.932321033509832336e-02 9.731701391147479230e-02 6.200201596366254619e-02 7.384829038089434083e-02 9.949956396559367366e-02 9.238106246656817289e-02
3.509579191191676550e-02 7.902372916484512802e-03 8.219172372723207443e-02 1.734669187456187173e-02 1.148747454351208876e-02 5.585140395592744916e-02 4.103405098086676875e-03 5.570240327633835600e-03 9.194804125671676709e-02 9.509135604649839035e-02 6.009247672157687348e-02 3.953809938865602419e-02 9.930996490178606306e-02 9.571960992891946629e-02 2.758016900579578559e-02 5.206756501547237653e-02 1.506192178689321794e-02 7.488062135194938074e-02 6.311832944783911381e-02 4.588533898596361404e-02
6.661156437946279263e-02 4.595740919503226579e-02 8.799395946298559090e-02 6.508268108554758624e-02 1.391310051520116067e-02 2.823048988759661176e-02 5.477516929712666904e-02 7.890556101530071809e-02 6.540085102315326693e-02 9.058631327109878395e-03 3.808080109328671262e-03 3.890531068003099530e-02 6.403051882792540339e-02 5.228788529096040083e-02 5.887122260087715442e-02 3.673479193543568305e-02 2.089436726186812143e-02 7.087096898475192530e-02 6.917606283885320562e-02 4.207531921645035755e-02
6.765667126180097135e-02 8.367489926915908094e-02 7.866743539646292582e-02 8.350146832475649483e-02 8.865657147338101840e-02 8.628911942136085686e-03 2.896233953366222913e-02 9.608888678914886960e-02 3.696959644799762551e-02 9.564818196055255295e-02 8.998574262446701333e-02 8.489334624825428666e-02 1.632745335394423375e-02 6.048098022093809784e-02 4.160702448639235634e-02 8.523116921644546817e-02 6.088090601581124667e-02 7.775789363083430474e-04 6.747308679149410793e-02 6.826592228204080015e-02
6.105020941332121170e-02 7.207546772813420988e-02 8.589086434126104105e-03 4.396256776948126443e-02 3.208203252922613852e-02 3.440415479834321028e-02 8.351415964191440111e-02 3.194653063136051324e-02 5.657507275916018319e-03 7.582485490898080438e-02 7.610636468259507348e-02 8.214398815445389523e-02 1.311444124037395437e-02 8.984935607841597338e-02 7.844361873873351501e-03 8.810210664762656296e-02 5.039119695029675022e-02 5.010749083270185644e-02 1.877433304717845974e-02 7.097597387980378314e-02
9.733914510834119557e-03 6.755485288952257916e-02 9.439269958836254970e-02 4.658634591673951886e-02 5.663571893847026140e-02 1.024419180316753566e-02 6.702480209753493290e-02 8.641992455797316286e-02 8.429180212093451141e-02 3.176381834014174732e-02 7.963180174787136412e-02 8.584969950888438062e-02 4.263303831871959049e-02 7.464297755184490409e-03 5.443914058369009323e-02 5.334237837380744612e-02 6.224163833375487287e-02 5.671868175540092927e-02 8.303852777519128703e-02 4.187493530103137199e-03
6.045190739983517109e-02 3.891784570139666943e-03 4.245747750192296888e-02 9.132717752471528061e-02 4.087423239765622385e-02 1.406471744205795146e-03 8.134655204236426740e-02 8.246474888179050611e-02 3.874777795397796321e-02 8.856199884386323218e-02 9.697242983695716911e-02 9.016605248456667152e-03 2.688137795273385505e-02 3.526999443037268783e-02 8.638552656105256966e-02 7.751226891514739759e-02 2.192458967468975672e-02 8.007648656409645238e-02 1.487498378998282182e-02 2.146454729605704742e-02
1.284928365437886313e-02 3.942243763140252169e-03 6.254814379176269756e-02 1.956250460897215535e-02 4.972123175621211838e-02 6.118184663081970703e-02 7.961915422484168448e-02 1.710833836962055710e-02 6.552078741370381820e-02 1.854721349136222511e-02 9.822608241978897370e-02 3.056335436883507450e-02 9.389000242895872983e-02 7.868810326182021364e-02 9.137140244097925745e-02 7.306893441170313197e-02 3.557219994225108151e-02 3.331012414129982252e-02 3.486952699833039543e-02 7.645228045966619146e-02
1.581552708553967193e-02 3.558419649762839532e-02 7.254822099060291574e-02 6.185934909180872826e-02 9.063467902991373393e-02 2.029873038417506770e-03 4.225757697933545803e-02 3.745075541383393464e-02 9.626677676527653493e-02 4.049055109841804244e-03 6.267092327731202395e-02 1.217844333140037996e-02 5.132209972365373019e-02 1.392422924630311136e-02 3.352938286381623723e-02 3.417037667760408626e-02 5.300088118883206079e-02 2.654970260578333463e-02 5.901916587882084786e-02 1.179575530852761123e-02
6.511109272214757326e-02 1.775047735404904417e-02 4.455028369326663636e-03 8.934623165684411894e-02 4.597282588273137599e-02 5.867412663384128507e-02 2.551372424766010921e-02 4.333263483303793212e-02 8.557744714179438272e-02 5.821165899302029045e-02 1.219582152970907253e-02 3.243329001032224743e-03 2.302339968783643359e-02 3.928185753770532807e-02 8.972318392730713188e-02 6.248654700999354411e-02 9.739152889629565379e-02 4.450426246413598241e-02 8.684235295242948363e-03 2.410632292291436940e-02
4.570498195227678390e-02 2.390962660006550403e-02 4.967092739751544084e-03 3.267893522029409470e-02 8.218645996919654584e-02 8.398479974776097701e-02 5.222877520975508642e-02 6.826397274206282006e-02 9.550810450474379876e-02 9.870397819528461958e-02 1.109586332254823907e-02 3.089959237614311668e-02 8.530329464955940799e-02 9.293661480785651852e-02 3.589947442855190296e-02 8.616768805967095490e-02 8.349246035942774202e-02 1.025488107520613514e-02 3.322667939711308055e-02 2.464452133525407707e-02
3.306345488098790669e-02 1.872840866211500496e-03 9.598125812845265115e-02 8.197663453224468544e-02 1.087292443646148410e-02 4.071247776717815819e-02 4.444618117414116804e-02 5.749225702713746389e-02 1.052134730115452700e-02 1.896835887297313589e-02 7.636631388873219017e-02 9.180843052622289502e-02 8.733480038321540448e-03 2.576648330517063157e-02 4.617637583152647829e-02 3.110101112491913192e-02 7.319854928077156042e-02 1.574175358713785292e-02 8.500179996617096556e-02 2.746977963934330719e-02
4.685435923269803959e-02 6.595114645781002816e-02 9.464155906436089519e-03 4.430715758200640814e-02 6.191076129194086897e-02 9.988420416327839502e-02 9.699651889506404057e-02 3.122657744254266066e-02 1.510460231008222722e-02 1.732350867895616695e-02 6.198427134509707642e-02 2.229872394428045190e-02 4.990336539391848625e-02 3.483806816054081656e-02 2.430695027720996063e-02 7.393334692009245757e-02 1.845353251838789330e-02 2.713039954754272939e-02 9.977242414950349136e-02 6.947708922706556656e-02
2.091362049866429818e-02 7.884903200812823365e-02 3.597389454404177622e-02 7.737867682798904578e-02 2.402388378657804857e-02 3.389063012673677877e-02 2.733072954340443061e-03 6.388843484511287640e-02 7.678420594831054935e-02 1.234394936912193257e-02 2.436426448539838127e-02 1.186670634721107703e-02 7.825014595376901527e-02 9.425835182662047063e-02 1.782894356611917225e-02 6.954626414913793464e-02 7.204437635193565448e-02 3.342036288740583144e-02 6.873589624403687003e-03 6.834767858321055822e-02
5.452897499334356107e-02 2.282926225706954915e-02 2.353325287823489209e-02 2.041053324149769838e-02 8.645018049324587617e-02 2.663317776514117011e-02 7.261747408875707417e-03 3.999398907840012729e-02 2.222583186938886790e-02 5.243620851433962449e-02 6.280942579689627325e-02 7.884906396210533686e-05 1.785116037264421543e-02 7.665441671533664014e-02 5.694391070234914448e-02 7.029636158606943075e-02 7.125824111425403673e-02 4.185286640531026697e-02 9.925205444638696139e-02 8.968090507420235780e-02
4.050165465900135153e-02 5.074507873600962032e-02 2.023200151955419079e-02 9.175548674052369513e-02 4.169213306168539912e-02 1.154220198602440338e-03 7.567418235396901338e-02 4.253504242354791409e-02 2.510001820340568464e-03 1.115462499667393449e-02 9.484740048312340077e-02 9.531385744173415456e-03 4.708859089419203947e-03 5.770710561123656990e-02 9.335337720739340928e-02 5.093019196566050261e-02 9.681970436149345619e-03 1.959046647510465262e-03 3.767586850685190891e-02 4.170771883847668171e-02
3.441953252317141859e-02 2.943687503987113541e-02 9.416720221127845847e-02 7.063696264860808149e-02 3.562430348414240971e-02 3.215608416593512819e-02 3.072162382423536744e-02 3.422707650003954660e-02 3.665925703068704383e-02 9.873625503731378594e-02 8.008362673726004966e-02 4.238127061508822728e-03 7.954558168259860673e-02 8.518736279867650252e-02 7.938053240006086309e-02 7.677398199554195946e-02 9.569467974725026638e-02 2.065533107027306328e-03 3.340915526728396173e-02 9.113237797241663385e-02
8.111356000510376585e-02 1.557429572925166442e-02 6.744455383487073241e-02 9.116329996830541127e-03 2.541646199933860276e-02 9.559636975372484691e-02 8.880877434545464411e-03 2.364162233863121090e-03 8.505694269446506528e-02 6.865944949582634960e-02 9.843561592050863174e-02 1.025590193845051824e-02 6.083576556652723483e-02 2.599260114367614449e-02 1.823984198903378859e-02 9.389622636274012890e-02 8.279880007052620172e-02 3.487364492962393564e-02 4.487731084778912027e-02 6.802029559223043975e-04
6.911872926785243842e-02 2.835756680703478694e-02 8.720099116044061072e-02 2.189763134122722082e-02 9.258646781016659222e-02 2.726397116016352623e-02 8.409084534039037995e-02 2.158747215817528181e-02 8.702407025591819140e-03 5.238778567570136213e-02 5.162955510057152392e-02 8.116359910425693935e-02 2.921179699424429968e-02 5.479565454595382301e-02 4.496863529544199711e-02 6.507937557088314118e-02 6.142429977747235204e-02 7.281689786842625300e-02 4.161885496662929423e-02 5.013102002652543299e-02
1.335537584835403552e-02 1.261171431192971253e-02 8.542535187299719890e-02 5.457240949531635965e-02 5.477854896275421992e-02 5.794135264676735647e-02 8.183994119212711915e-02 2.166543592128844509e-02 8.651843251091344278e-02 9.830252677160844499e-02 7.638474192267227791e-02 4.434659890076481092e-02 8.194454295113673403e-02 8.274763361590990740e-02 1.081512306485866819e-02 7.999855417284604253e-02 2.067076784613831875e-02 1.444576713929157695e-03 4.194927709932442378e-02 7.131026109838495275e-02
