1.977297352006928688e-01 5.620799859424963074e-02 6.078640429579870719e-02 5.159695123918930232e-02 1.367393411942092185e-01 8.519692403388570701e-02 1.018119320355508339e-01 7.473533830202182260e-02 9.567876126461066777e-02 7.175032613124492087e-02 9.603696504220507468e-02 7.032645882344204513e-02 1.058076783679938182e-01 1.574147293136535231e-01 8.777565099360905287e-02 8.726196207784124581e-02 8.153291227058351298e-02 1.439680140342396997e-01 1.035584303153598840e-01 5.804520809125363751e-02
1.790869403086850151e-02 7.180472554884398395e-02 6.284901676081608435e-02 6.256477192833316547e-02 4.127251177554977501e-02 4.700246282046884050e-02 3.284587343201779419e-02 2.234569493016438577e-02 7.533029677951241787e-02 8.976437233737177834e-02 2.743898404590905393e-02 8.956956265219620517e-02 6.812413035686716578e-02 4.052033626464221494e-02 4.799843806315653993e-02 5.347543260442708113e-02 2.866943221661821806e-02 4.136107995100318790e-02 8.855468322776598178e-02 8.759484971443766421e-02
4.133614240902826892e-02 4.922224999282855118e-02 5.427613807126449585e-02 6.813746378877529042e-02 3.741256099325662721e-02 8.221117579126918651e-02 1.478404105227535542e-02 5.842781615717131116e-02 5.506021464471792110e-02 3.657317656691849977e-03 9.963497742905202958e-02 9.343930259281640893e-02 4.652658988217685254e-02 5.825680745077506384e-02 6.518865689736130786e-02 4.750482286907140028e-02 9.026516970682747776e-02 6.583170772459907838e-02 9.228942431618510078e-02 4.828587050109890699e-02
9.055514260893554601e-02 9.547719504004806290e-02 2.879323900295449774e-03 8.767937740779749300e-02 3.431856048857580277e-02 4.873676127054226564e-02 9.736395408849560229e-02 4.069475065167629801e-02 3.348861200553421291e-02 3.604698252341054232e-03 2.055884626178347205e-02 8.758784555444196207e-02 8.465990641639470349e-02 3.944312812148213082e-02 1.212437331073137371e-02 6.845962213078553293e-02 1.761203862203806342e-02 9.939346640081014872e-02 4.187809116830515377e-02 9.613257664210135556e-02
4.517133037838040599e-02 5.626356409162326655e-02 1.510609064029514587e-02 8.867634728901646612e-02 2.061936755966453823e-03 9.987465975867311496e-02 8.702955767737582948e-02 7.286822653357450481e-04 6.146110199032044780e-02 8.791692687695412678e-02 5.079890729999170587e-03 5.472809831656216123e-02 9.235018242793113785e-02 6.016396452857193655e-02 1.613056641810806189e-03 9.849721344419450075e-02 7.695435881009193846e-02 6.133291040716293274e-02 4.722474773831786266e-02 5.722087263593048090e-02
5.471053906871090750e-02 8.078139498577019406e-02 6.434503247479315957e-02 9.556115984533654047e-05 1.866729140600120870e-03 3.592149210855177105e-02 7.485576191697901338e-02 4.713988638474569948e-02 8.841481756318325669e-03 4.069477208180836275e-02 4.840946960317913522e-02 9.931102621436373179e-02 9.942940876797276561e-02 5.392222015250178191e-02 9.932860519690583923e-02 1.414538035817161123e-02 7.790221189091922627e-02 3.732341269410489881e-02 6.487786937633693851e-02 8.174675186765065216e-02
3.495923751997294382e-02 3.921389118759746606e-02 2.063804416712946774e-02 6.677870413111673675e-02 6.742436001024697256e-02 7.327205666465837208e-02 5.782152772526708701e-02 9.130770960836104289e-02 6.906764091856910925e-02 6.709053393387330588e-02 5.278889789175843922e-02 5.509731795361064860e-02 8.727552046163200572e-02 5.350995983428633029e-02 2.186601312399320124e-02 9.049750098160139200e-02 3.070296689335308069e-02 6.120735534953954116e-02 7.627757616233888337e-03 6.939744737535935570e-02
5.802406870216140350e-02 9.148264488711080333e-02 5.462167895786896460e-03 9.565115816831976092e-02 3.127975699990238889e-02 6.248089490912383387e-02 3.571409714127125185e-02 9.582643483029915088e-02 6.270213381472063141e-02 6.143700066588420050e-02 8.910841032343483348e-02 9.315937828609585636e-02 2.691753198316133855e-02 5.536654731246444527e-02 1.781528139511475914e-02 3.965225355437294180e-02 2.764020489971170946e-02 2.015535551808993533e-02 5.009843144461009756e-02 2.424284020690516128e-02
5.531458400597416558e-02 5.341268406111850109e-02 3.595896822036276363e-02 8.535618620399003376e-02 8.416178298310623973e-02 1.562463741781401454e-02 7.758183595050128188e-03 3.561119713763760686e-02 7.974506275038706349e-02 6.082301378389685237e-02 7.298425024847533804e-02 5.981416962858472630e-02 5.049389779494051211e-02 2.197612766388131952e-02 1.110358928232946241e-02 1.027720388806392486e-02 2.546901245193430516e-02 8.090133145403530235e-02 3.861289012612501275e-03 8.682253282612725775e-02
3.200951477754278990e-02 7.734352930150767413e-02 2.392023374134629940e-02 1.148811715448854257e-02 5.890293684222014554e-03 7.249671161258307295e-02 6.634625337009787682e-02 8.704746644533933875e-02 9.061914542425218710e-02 2.440903009550337080e-02 8.940022510495646002e-02 6.041386223063810457e-02 3.532789190916921923e-02 4.657010141335318765e-02 3.234181960028186670e-02 7.118106062769918863e-02 7.201541951214873727e-02 1.209745359694276538e-02 2.341938118175835009e-03 1.366665550212863359e-02
5.112337559771710366e-02 1.574785950749208949e-02 6.215099916775308764e-02 3.420254786443194250e-02 9.744405594166632989e-02 8.470321245713879899e-02 8.890347718266849997e-02 9.298159764631745705e-02 7.051344836073730749e-02 5.209688355610284094e-02 2.721331087647957045e-02 4.603791125210721438e-03 2.513298309756060306e-02 3.810925571471156931e-02 3.665379408754748658e-02 2.992601530639456275e-02 7.497053666317354814e-02 5.794074574566764751e-02 1.208750601051205090e-02 5.190954759819094155e-02
8.398268260319871614e-02 9.287271992247753127e-02 3.878182194242187075e-02 5.637845808839589412e-02 7.503800416991972255e-02 9.516997772933978236e-03 1.539452817879583034e-03 9.506066662502138387e-02 7.869618383693488200e-06 7.648671386760602653e-02 1.114212736701085740e-02 1.472163491719157349e-02 8.552220766821044817e-02 9.620326028421666287e-02 1.871101969209725338e-02 3.680568281059320990e-02 3.395449462161864718e-02 9.733903412542099787e-02 6.008956060040110403e-02 2.176910867567462271e-02
2.400677126513889315e-02 2.826923327435107089e-02 6.963974226104070742e-02 5.265665972980896475e-02 9.199439861675987040e-02 4.432673592561880982e-02 1.593511770729312202e-02 8.063923249557440609e-02 7.570335366264813702e-03 8.899011614836288553e-02 6.209902763912076434e-02 1.792511661607876228e-03 4.457530817884170458e-03 9.713686712031505133e-02 4.889176639842810618e-02 5.915468937887096573e-02 7.347123207977751536e-02 5.661671547634897911e-02 8.548661866326562331e-02 8.191721274619366555e-02
3.742624354689110672e-02 7.184672781590224766e-02 2.757175374918285904e-02 6.314672727901728122e-02 9.242985358852240374e-02 6.264239520076585188e-02 4.304322209957966300e-02 1.601738837633022092e-02 3.879207897350474277e-02 6.733315987966638494e-02 2.467728851087909459e-02 6.096276820562412241e-02 4.239794814813227508e-02 7.682616219020513282e-02 9.190175987880803976e-02 1.743682587635604284e-02 9.544230230023310196e-03 2.343533091825976758e-02 7.025968022433064231e-02 1.671292586365857999e-03
9.190413064777853969e-02 8.177356422115827916e-02 3.606190166463929883e-03 7.880423454021444341e-02 3.423955212903119494e-02 2.301720667469500312e-02 7.060737803034358717e-02 2.742360325192554418e-02 5.718257833771764331e-02 8.452321608912049741e-03 7.502004478205920313e-02 6.331974665691567083e-02 8.348691171017202928e-02 9.458349677892431001e-03 2.326456524796482930e-03 3.205404898597435936e-02 9.030555453027500068e-02 2.890719692618011483e-02 1.340977966825218767e-03 1.640309979604015478e-02
6.391994156921763925e-02 5.293099510720485068e-02 5.462893967655751970e-02 6.338148836112510176e-02 6.204088662285750511e-02 4.190194177240552653e-02 1.651677773030224734e-03 7.430256763880593862e-02 1.568162354553481958e-04 6.019707603053992169e-03 9.950521446071375342e-02 6.608119673911751202e-02 3.656254809166126305e-03 6.354649227004484369e-02 5.466744728872862530e-02 1.967388224915038800e-02 8.802069467430007066e-02 5.997162034213550375e-02 4.357229744877261224e-02 3.915685951817640675e-02
7.301477787902689587e-02 9.394968448423149376e-02 4.201674411938560727e-02 7.768429520472562577e-02 4.491887890028531394e-02 6.687949731687180266e-02 4.030313243570521342e-02 1.904945092338419452e-02 8.281154479633505427e-02 3.257630021652418995e-02 6.978827498016926690e-04 2.003544357871844903e-03 9.517022623033810635e-02 4.491062573713401618e-02 8.403990079966816573e-02 8.479400145902005539e-03 8.768280590199793723e-02 8.169551455274309815e-02 3.122042760351518079e-03 2.852771650269504689e-02
5.485503804726023225e-02 6.267802807495771039e-03 6.737906630955857457e-02 3.253453951376169412e-02 4.791487212795766948e-02 8.429929724164145211e-02 2.261856680918582566e-02 4.536783150325471997e-02 3.201268158427733601e-02 2.693897819058083121e-02 3.251632037189976926e-02 1.727558259157072756e-02 6.530262917381489396e-02 9.581896462287668725e-02 8.141672508112340889e-02 1.373845636618599257e-02 3.303355851344447636e-04 3.002967311952679103e-02 7.956318328160529030e-02 1.091641083834178454e-02
3.794431967179159870e-02 4.693526784156028253e-02 2.110018690439513511e-02 5.493759259913608833e-02 1.067573116487872259e-02 5.846413798953713908e-02 5.244291942399531559e-02 3.945620341182987101e-02 7.700977348806133105e-02 4.170356205813530344e-03 4.251144312674956516e-02 3.697004781788213595e-02 2.078050071251649408e-02 8.113346834198081892e-02 1.383674960030006895e-02 4.390012484147719912e-02 2.173372553792217790e-02 1.772897876733378272e-02 1.748351947527032602e-02 8.233220003491903416e-02
4.064294064463483402e-02 6.421788150346598167e-02 9.289474343950905599e-02 9.177899771115419214e-02 2.080052168269504176e-02 1.763042157786329917e-02 6.576091819634435898e-02 2.830906502830035296e-02 1.752332175019052571e-02 5.244037789434567026e-02 8.290410071740857145e-02 3.211119920409090389e-02 3.100829501882546024e-02 3.012304883307861600e-02 8.559116526455848306e-02 4.829084822680421163e-02 8.563544955892585242e-02 9.617586619557946803e-02 9.704699960305008047e-03 3.491750530096826739e-03
