2.278780818619799975e-01 9.180575789192262082e-02 1.160663355612432945e-01 1.467521152786859240e-01 6.604697933073813698e-02 9.531637969017195400e-02 4.439629333096174746e-02 1.143003712507634773e-01 3.341582673742172355e-02 1.096305325006491083e-01 1.430733100913640643e-01 9.014419457473278607e-02 6.658875886100829034e-02 1.216319451205997298e-01 1.590989966902336128e-01 5.480695648177126567e-02 9.490204837081731015e-02 1.450291380945208652e-01 7.830935561497967545e-02 1.279538379037278850e-01
9.182368648990726911e-02 7.799671525481317869e-02 6.436301648756004821e-03 6.977159274372446429e-02 9.138693255441543428e-02 5.157219218946722944e-02 3.201915961192839527e-02 5.623804386878009098e-02 1.282334300221599308e-03 8.850878389126543011e-02 6.057150109359522167e-03 5.889932748219217987e-03 6.974082974732093154e-02 4.469962725668981396e-02 6.143127686080245703e-02 9.089522314781861567e-02 1.095688669852794631e-02 3.981343093935615918e-02 6.786172003478709025e-02 7.682495777074208054e-02
4.310013372590071334e-03 1.481030894982604670e-03 6.201266520021780221e-02 7.448155921225899090e-02 6.336417122753254527e-02 3.178059268223924066e-02 9.713154714048733221e-03 6.906886220816877038e-03 3.095428987074675536e-02 1.908643346634784216e-02 2.819049067890005977e-02 7.371062855312392192e-02 7.181641954838929864e-02 6.031439961285472995e-02 9.812185711409457389e-02 9.570175891026098947e-02 6.997503246648235919e-02 6.052990276646535300e-02 1.362825927132039865e-02 5.993616688894132238e-02
4.363243342579051220e-02 2.096055429087303676e-02 2.943502777071715926e-02 7.165674098230684352e-02 7.258257022756219035e-02 8.091914992802753948e-02 3.868530903982474872e-02 8.578519000657902627e-02 8.563007867224933789e-02 8.274099457267931890e-02 6.271779422247880653e-03 6.399877825988009583e-02 5.600704541618974075e-02 1.669686847677280886e-02 8.511358693023574409e-03 1.257624833136861305e-03 7.849305436107099909e-02 9.682603040645873516e-02 6.108821416824283812e-02 9.394083738779258896e-02
5.424215081732952637e-02 6.050018973653245591e-02 4.514260235416611006e-02 7.872402979075554530e-02 7.984375963619559646e-02 5.449364300010516721e-02 1.797215156722068580e-02 1.507930527465387721e-02 7.022700159780508045e-02 3.303737825040675702e-02 6.819118681651420433e-02 3.537268865527131573e-02 3.799358000851280753e-02 6.011600571449050162e-03 4.658208526995132742e-02 8.614011108230801295e-02 2.575965382791292266e-02 9.978856902126588546e-02 2.289178457730852920e-02 5.526921817295791378e-02
5.015986418406527536e-02 2.903138918788253017e-02 8.516143423684668923e-02 6.485495382181073742e-02 8.678105409996439770e-03 4.066053127849586502e-02 4.509380619968084147e-02 3.909242810417386249e-02 5.972466750361830196e-02 7.626937954196483238e-02 1.077682927100828171e-02 8.882909009202089035e-02 1.363064155140479919e-02 2.724747344212304079e-02 9.832410361802616794e-02 1.042289263244738917e-02 4.883009472746906859e-02 3.679717630554243252e-02 2.485175775492918376e-02 4.989709076289399609e-02
2.487357839605773904e-02 7.745423642628826433e-02 5.212397984821066921e-02 8.089073003115690441e-02 6.858516516076428038e-02 7.141203907842440246e-02 3.560493108020346218e-03 6.954964916385523999e-02 2.196103997403438257e-02 9.746428808771105678e-02 8.549090230549336034e-02 2.094446969494441479e-02 9.610086797136076220e-03 5.188044370101903280e-02 6.678218782741440762e-03 6.197325681113422663e-02 3.873215382907560511e-02 4.872304939868198764e-02 1.299506925029637709e-02 1.479522285690552247e-02
5.272259265427638175e-02 4.725816075328908433e-02 8.258750019759898697e-02 9.470871647969271445e-02 3.279296225404028375e-02 8.545888971568927489e-03 9.820267952389409583e-02 9.787653796414352847e-02 1.174599366970731189e-02 7.736635990737010526e-02 5.405076794292989345e-02 3.251587545884504602e-04 3.801060975208541554e-02 8.465050151101562170e-02 5.010168181884475103e-02 6.054495987833559412e-02 7.689389850585702513e-02 2.531971765115541631e-02 7.602524800609089702e-03 8.097734302946169027e-02
1.808797154189095702e-02 9.492975029880428017e-02 5.812054638621928782e-02 5.244296680967708291e-02 7.092633421733916810e-02 8.300561678534390531e-02 8.135676406307645880e-02 3.523275765914061358e-02 3.092759695970897019e-02 1.738269831993468836e-02 3.732076743053091422e-02 6.734948751753437601e-02 9.568090159238198944e-02 5.266271925325109043e-02 8.756480113483833261e-02 2.431312043025007918e-02 6.104114729086507207e-02 3.802376437517616253e-02 5.715028851090919043e-02 4.420362851092793366e-02
2.631691955674315964e-02 8.153157095799759557e-02 1.909419417673872271e-02 1.472235661835841246e-03 1.789181353148654521e-02 9.249544788024777198e-02 9.446318113341557049e-03 8.615491212672979349e-02 2.016562550965021045e-02 4.288032048585147665e-02 5.597188529839069310e-02 9.874895897034360881e-02 7.255701744567187583e-02 2.547472173247598143e-02 2.410206275422611955e-02 2.665704706840203025e-02 2.660597501994862654e-02 2.622243536585069576e-02 7.584339885991348007e-02 9.266360813324082957e-02
1.593985563836386454e-02 7.716538441882059285e-02 1.046568021665608174e-02 6.813620042453376324e-02 3.672875741899735147e-02 8.917350230237794384e-02 8.347205112281513850e-02 3.220939450572759405e-02 3.917902407145623656e-03 4.154102762647178537e-02 3.287645581815668190e-03 1.253141087378434326e-02 1.830489961457038017e-02 7.261290477125169340e-02 5.865665810854525652e-02 5.208961176604517962e-02 9.793329588968238686e-02 9.303262036134274382e-02 3.622130715377954585e-02 7.947038513830839701e-02
3.697648903685268884e-02 6.854597031887166292e-02 8.153132437786420050e-02 4.173163940588440340e-02 7.316965278137720075e-02 6.690129429705700403e-02 1.660458931024199128e-02 8.227673901101634213e-02 5.993587150470023467e-02 9.563561959507421717e-02 2.061956286256416693e-02 7.445123809349418753e-02 7.352743428276661830e-02 1.829608050318464255e-02 3.366638338760146593e-02 5.334409378881996983e-02 8.352010511172291984e-04 9.432442441906314923e-02 4.746251921849961586e-02 4.331772582203430658e-03
9.636577362617400333e-02 1.478330863979489089e-02 5.776479363124709110e-02 2.583457870622099181e-02 1.736449878013847023e-02 8.930230091257362890e-02 2.974370701600326239e-02 3.913506823152165803e-02 8.580298305836107919e-02 8.158850567177719504e-02 5.274174120673669197e-02 7.701122801366749870e-02 3.134835641983774179e-02 4.068963572797438394e-02 4.248060128222424375e-02 2.322541333253580476e-02 7.392234616059802088e-02 8.119517607904251644e-02 4.030145669729490350e-03 1.378995477234700243e-02
9.092268831252613148e-02 8.182128080636169587e-02 6.238498340942828790e-02 7.152050341322595262e-02 3.674384334840541735e-03 4.322765571392311185e-02 4.164437064000661715e-02 8.459854406365342749e-02 8.484582195785761796e-03 6.267354473269808046e-02 5.207963549106520151e-03 3.318941558971365974e-02 4.423762449600865572e-03 7.007102616566701636e-02 8.541269741863151410e-02 3.499350230694075331e-02 9.238571140112597502e-02 9.647060815612495954e-02 2.107636274272489674e-02 3.665024343694111425e-02
4.254948620873044013e-02 8.028048180962404912e-02 4.442388970379576585e-02 5.243990105414423480e-02 1.040310955016937600e-02 6.527949484893354193e-02 5.135830450041158068e-02 9.537816821962702418e-02 4.637474560657828260e-03 9.482931095698596269e-02 8.553932278350268037e-02 5.990234743470498890e-02 4.373998724549433073e-03 7.131228266215859646e-02 6.292478896843910208e-02 8.921736008496122805e-02 8.771890874169685492e-02 9.410954890489919844e-02 7.957482615204219956e-02 4.544920523812426977e-02
9.217872745546673574e-02 2.579103512899161288e-02 9.206249639879678093e-02 5.503808338526422483e-02 2.982183059296500405e-02 5.098743172934828982e-02 7.392242719953751040e-02 6.109453933120687769e-02 2.469193421409061895e-02 8.105020592295786308e-03 8.329259829493117218e-02 9.220413258538770473e-02 6.527896294551799317e-02 9.439200611667059038e-02 4.568608070829936058e-02 7.433621869666789950e-02 2.274065191629977278e-02 6.829542193154056196e-02 7.625255418475787583e-02 6.468985321254420995e-02
9.602815659439266349e-02 9.719439676460488176e-02 8.790699735745395593e-02 2.307539094138716385e-02 7.015349465807334262e-02 5.698896931361130749e-03 2.649515690026640544e-02 4.882894783575636444e-02 5.867578562814547427e-02 2.247452885225231789e-02 4.123704550107860911e-02 7.694032469920748796e-02 8.057577528933783373e-02 9.286112894948347907e-02 4.555261299614721260e-02 3.607379310378322490e-02 1.139995300862549701e-02 3.715238645560377945e-02 2.804338967345030437e-02 1.390157806711522781e-02
7.117503469746623568e-02 3.024637642796157433e-02 7.435761176553397356e-02 4.411898473656516995e-02 9.673264097075433277e-02 5.053612122350797237e-02 3.071217673189787986e-02 5.172816226883695384e-02 4.500348913570131892e-02 3.164742741364150874e-02 3.461781821733178610e-02 2.567776473610371493e-02 7.875310071051483396e-02 1.236853286674554145e-02 9.271645057717431415e-02 6.303836483274531666e-02 6.749522934200968827e-02 4.758723943338043910e-02 4.855028697493629641e-02 4.073563077648161695e-02
6.892262636758361705e-02 6.304728749448469671e-02 1.044230101971910241e-03 4.140811860291711277e-02 9.878271450668811571e-02 1.551152463145275689e-02 2.797025466627001220e-03 4.314655049738969593e-03 6.283813140655224172e-02 8.915898148306881932e-02 1.905113888072777067e-02 5.737526857814463643e-02 7.574805565934575324e-02 5.006213840652325164e-02 3.707772551965306945e-02 4.402296650832247110e-02 2.897298111082877853e-02 2.581662557377295553e-02 7.102131839409712988e-02 4.302600825183319766e-02
9.265545519672770125e-02 3.438247725946218941e-02 4.023622994624453941e-02 5.988480161914838673e-02 9.304537119504925624e-02 1.327205385206210557e-02 9.659283738682656120e-03 8.890523554962503905e-02 2.761320019326414521e-02 2.119871396130927968e-02 2.355467251992402616e-02 1.274186174274870645e-02 4.033826529247104553e-02 6.624087655384056084e-02 5.528703590463217993e-02 9.721839041328718400e-02 8.759090475985309432e-02 6.221288804635338038e-02 1.523918088944912347e-02 2.858625971398781607e-02
