3.016422719760951665e-01 1.501686704206638967e-01 1.500790508009596236e-01 7.819689267245176489e-02 8.800052518105559718e-02 1.582785477930430118e-01 2.167692043940950414e-02 1.469422106020226715e-01 1.101490063593674601e-01 1.449265710794830353e-01 1.100276087593381608e-01 7.068194912615619052e-02 9.701412472135928500e-02 1.198590006045378992e-01 1.149382502943570444e-01 1.338267013982111231e-01 8.854180056522754916e-02 1.192933007142454038e-01 1.177085251696304291e-01 6.185852473623237868e-02
3.518763452529786312e-02 3.499815313621246204e-02 2.737296807479898397e-02 5.137112999752850920e-03 1.062251297712199088e-01 3.505583536225639896e-02 9.998853708862019685e-02 4.873266864437211104e-02 6.979817765208386378e-03 6.122343793620129565e-02 2.115510430676383405e-02 2.815274813481499078e-02 1.775726515425385789e-03 1.769289593048241696e-02 4.513884754338955141e-02 2.952705409801643574e-02 8.027855989609891663e-02 5.989961356888516553e-02 5.634102133386496847e-02 2.062622960073921818e-02
8.675620921180256240e-02 6.606516438567605620e-02 2.513238672626311176e-02 5.853983877093117856e-03 9.774575875102807510e-02 4.958167934649712616e-02 4.959035700601943653e-02 3.543590196229091244e-03 8.028966582714081035e-02 8.554236459776910773e-02 7.118364418760640688e-02 4.272983811544874694e-02 1.432570686070893653e-03 3.242672473189320975e-02 4.553299046379419290e-02 5.669664097088934068e-02 9.105277635960473681e-02 3.719672344369025913e-02 8.371215597493364413e-02 2.752275483286845820e-02
8.101364984227361898e-02 7.431156667024865770e-02 4.065890606250256029e-02 7.012396156520858681e-02 5.080353726523101354e-02 9.036924295981768607e-03 3.465956437433510839e-02 6.539034259934651053e-03 5.934176123521097551e-02 7.273572999114167985e-03 9.582005016158509636e-03 9.781925189036629054e-02 5.960817207278659019e-02 2.943431000143969384e-02 9.114693338953491764e-02 7.742029142244215290e-02 5.144688581309814907e-02 3.719806129966121613e-03 5.664127905312388994e-02 4.725902463118807767e-04
3.931372175991443285e-02 5.923634178402892997e-02 7.793166171247891544e-03 2.377618411682587071e-02 5.431189692174184097e-02 6.975204082888257495e-02 1.075416807310923192e-02 9.105777073272854072e-02 4.118051640795383946e-03 2.108222626704373687e-02 8.030560436263119162e-02 4.151980596348540248e-02 5.678735331494054461e-02 1.046679240804480188e-01 1.662999319677474150e-02 1.085589967990464033e-01 5.038494182929110360e-02 5.114483771260808914e-02 1.016183475687529036e-01 3.548322204761403947e-02
3.815176184344857419e-02 1.304253399746309501e-02 4.632621565215310627e-02 5.316393287089417330e-02 7.407689295511350747e-02 3.674646563497496743e-02 2.477753523231119095e-02 5.967495252858144583e-02 1.075218765035230034e-01 1.801495058582999395e-02 1.063032982591727987e-01 1.437353064709036461e-02 9.630424746568144734e-02 1.984850689801822762e-02 7.011867155536615458e-03 2.670383443713156627e-02 9.977413858336789398e-02 7.719734189013457461e-03 8.044511721757267864e-02 6.098937933638697018e-02
3.440283159996870149e-02 6.015496201421669659e-02 1.180777353809813954e-02 9.011326932792800004e-02 2.006550637837233725e-02 1.018402713928258235e-01 8.125670420521527437e-02 6.438428946042626388e-02 1.163495615041374928e-02 9.080123004291290600e-02 5.553375845820547607e-02 1.042227208133209848e-01 8.880217165199394413e-02 6.466427101205977045e-03 3.198849020875795673e-02 2.447455280279992040e-02 9.474657263394557771e-02 5.405018530033040697e-02 8.406392616061275289e-03 9.658343064995024430e-02
7.701016463707820170e-02 3.638566208280846759e-02 3.657083197526051627e-02 3.262993212774579349e-02 7.546896453617428502e-02 4.173132526337733350e-03 5.976535303813152594e-02 1.034616408529102638e-01 1.215533702305969348e-02 5.880888775027012794e-02 4.248159910277161944e-02 9.888630214585848732e-02 1.792243871198504618e-02 1.081899428599567559e-01 5.045089220171847244e-02 6.501119297617498349e-02 1.052806636503768184e-01 6.426072734513384177e-02 5.866371928807950081e-02 5.708208022375150376e-02
1.860424287291376905e-02 4.362112215184636016e-02 8.400831870912356392e-02 6.515034478063327916e-03 1.871057822438067925e-02 1.541133179928939716e-02 2.508446315666813461e-02 5.999252788573947170e-02 2.501818844904662997e-02 1.321581910019811734e-03 5.352199012218287338e-03 4.118548890390386075e-02 2.091415194619539869e-02 6.844018661432982320e-02 8.538905985333335169e-02 1.013081735153110452e-01 1.030521250048123810e-01 6.456765668407606074e-02 4.992504698626193393e-02 5.686895969123339362e-02
9.914584841520823755e-02 1.037522406023132227e-02 4.415826128227100938e-02 4.561112863036199255e-02 2.054658563272162425e-02 3.993627747587635141e-02 1.035089518411737297e-01 4.846417413647425426e-02 5.734570989450885059e-02 8.756654008107826737e-02 1.025309537266041876e-01 1.087466700105118173e-01 1.398393015535162424e-02 2.945255079409943647e-02 7.378901165331067102e-02 9.131307495798060558e-02 2.280352228595700428e-02 6.790758377788698452e-02 8.178352617792300494e-02 1.113569239333899764e-02
6.086745970320365379e-02 5.846836721487712329e-02 3.117077091509783127e-02 2.980747917891399257e-02 7.633777862175536444e-02 9.486391126758088668e-03 3.467390473673354762e-02 1.015470604220330836e-01 2.375664884153492334e-02 7.224774581531212547e-02 8.229949015904011733e-02 9.500815937995940597e-02 8.584107771317139868e-02 6.805056134236854570e-02 1.038868295396303126e-01 1.504177822908672052e-02 2.861735369831444609e-02 8.482369812514525820e-02 2.776941978544357134e-02 9.783851158024489680e-02
3.545227484971411047e-02 4.495614153976242727e-02 9.014857834926165436e-02 9.138375379598855097e-02 1.046361160671384488e-01 3.314516003857943816e-02 3.740759553249087266e-02 3.923295441062289030e-02 5.258839764156112567e-02 3.942553425243104648e-02 3.870860096928193522e-02 9.615232434414952567e-02 1.046042681471646141e-01 7.398136173061714560e-02 4.561457730823769569e-02 7.106761655466674321e-02 2.295805374379324137e-02 4.776335443133060410e-02 6.588195243568191473e-02 4.530458870972001867e-02
5.401170472242076276e-02 4.495013987898623803e-02 3.407001090617155052e-03 1.987866419611875046e-02 5.400269105984860374e-02 2.937556392397078220e-02 5.229584094499466207e-02 8.190806400406290544e-02 1.071918243324995190e-01 1.828098252104094421e-02 7.354619543562106176e-02 7.898206573568063160e-02 7.801514844787932335e-02 1.060195952076381926e-01 7.541934169251922337e-02 1.051904776029147226e-01 9.360734765662902246e-02 5.557376005409293829e-02 1.015221900720745807e-01 1.260645708456508036e-02
2.693806534545074502e-02 8.592862033855939996e-02 8.005823406548127907e-02 9.701980842368474259e-03 1.011939315944637707e-01 3.076045768445569498e-02 1.341170974897448048e-02 1.044814554596303485e-01 3.566595455506142015e-02 7.304386535203254149e-02 6.453521816690453716e-02 6.789823958005442028e-02 2.440970414029254576e-02 5.486536833112442418e-02 6.249984374681427646e-02 2.498034202946282367e-02 4.687431309205821253e-03 4.445577673155743509e-02 9.417588765467176104e-02 7.751060310183686963e-02
8.868163055106464965e-02 7.692055797827498931e-02 1.872629293001355777e-02 9.639472126868148250e-02 1.090138796710315994e-01 7.965310268571920704e-02 5.902013287732100350e-02 3.246715992486425006e-02 1.014089115276676500e-01 1.721369319218411841e-03 5.446595424217420128e-02 5.569095703078272286e-03 5.442381643754760218e-02 6.214942593418468220e-02 5.338628584331864962e-02 2.545361775949823643e-02 7.665318962026743815e-03 1.708786797919360084e-02 5.639510090830505973e-02 1.437678625146496594e-02
9.282841555764163866e-02 4.687587259415396806e-02 3.565481793787741386e-04 7.528792284418402148e-02 1.066620175211892979e-01 4.175996338989437090e-02 5.501781488406989884e-02 6.956445395113348973e-02 1.074391684544844378e-01 4.046649104004770847e-02 4.773977949248389696e-02 5.591512311083328413e-02 6.643765579370762564e-02 6.463914487079855387e-02 5.271424133788520788e-02 5.934647256448952884e-02 3.626372038391319913e-02 2.793891480418184137e-02 2.266161607576416478e-02 4.025105443612954359e-02
2.231306228901408853e-02 5.776178478323044235e-02 9.171213125320587523e-02 6.386372207669380185e-02 7.834195108194705326e-02 2.687416013993913083e-02 5.673357368332029860e-02 8.418460628042664928e-02 7.801994535339076831e-02 3.768182704382205817e-02 5.430397423342140512e-02 6.145801892592892002e-02 7.235766409705064739e-02 1.007343477962193562e-01 1.257905217880458081e-02 1.294751959836124011e-02 7.193080939234879068e-02 9.655772742066077996e-02 6.677475751029794682e-02 9.522465363764866242e-02
1.728575130515056998e-02 8.910167428218410124e-02 9.675493749595883916e-03 7.095512651695384809e-02 4.845880502760290670e-02 8.319181221623007938e-02 5.421400103126414183e-02 8.836326934649309239e-02 1.047688784180642735e-01 4.502650557286943384e-02 9.180330626605789912e-02 1.652501583578000477e-02 7.769868368661185520e-02 4.204824041539774460e-02 8.835993135394207276e-02 6.118918968854566987e-02 7.817907755507286227e-02 2.302646455914715909e-02 4.568026549425469734e-02 5.844169597186905929e-02
9.704430681842390882e-02 7.339841293917849507e-02 5.421197543078598580e-03 9.308344153036779423e-02 2.561760783567563690e-02 6.424441007559647532e-02 9.369306254680483115e-02 6.572494291796979193e-02 2.417379136766324363e-02 6.282581477801010839e-02 1.043170090550294554e-02 2.421334998241327086e-02 3.604341629488741483e-02 7.112686487212710462e-02 2.199324480559949196e-02 1.308614011040899229e-02 9.967660498553820858e-02 1.169993890150805745e-02 2.539264221877346635e-03 2.922601096469387011e-02
5.676227112538402564e-02 2.714371957401896449e-02 3.470580515351675416e-03 4.567087899588138933e-02 5.109967191775785511e-02 4.272704963446152804e-02 3.620051425465172640e-02 1.840886540717335054e-02 1.958710065592936950e-02 1.080873354524514440e-01 3.104637637420586474e-02 6.196299416415464167e-02 5.769744658529143977e-02 4.748213808142281306e-02 1.048018933442889100e-01 2.744450331167854959e-02 3.662557278771775421e-02 6.217355489890324938e-02 2.316893261622865810e-02 4.002626074770632841e-02
