2.076308111530014711e-01 1.430719160640445409e-01 5.709938188248227242e-02 4.805765669444503341e-02 2.915189115275514456e-02 1.521579549640092455e-01 1.210082379318433154e-01 8.332872423099403625e-02 1.208611750308106747e-01 8.825849561237228413e-02 4.837757807846671670e-02 1.133404915653798140e-01 1.483616568891185650e-01 7.276826542356321093e-02 6.349569528245013750e-02 8.432870621689191049e-02 2.113215671791023043e-02 1.395759549959741663e-01 1.166839751506149568e-02 1.059591978191864736e-01
4.491599952408138752e-02 4.500568444462668682e-02 5.136628083201775358e-02 5.297794499457506717e-02 1.753207136441565714e-02 4.454824930012151601e-02 8.187971434818956673e-02 6.425845127130158652e-02 3.671193991871495726e-02 8.464453600586697990e-02 4.853198099373076668e-02 9.870917394409758905e-02 1.352242716272579297e-02 1.529627657424054155e-02 1.189809606124948675e-02 6.296211536371332240e-02 4.674050381868525422e-02 8.206123540607107580e-02 2.536521376757469234e-02 8.880450637077934306e-02
2.969459551995802526e-02 2.340786914962597262e-02 2.398580340427601890e-02 3.540726221521557637e-02 9.708573243037954548e-02 2.200862998481103658e-02 1.340878347146974396e-02 4.456504688242446388e-02 7.645070158450241460e-02 9.178412642888363060e-02 8.093154758732980236e-02 7.744198162322943335e-02 3.696841418609619206e-02 1.017214604429256264e-02 1.233651235580632971e-02 3.816409607863659181e-02 6.602156393205947660e-02 7.444398746710495507e-02 5.398655456731388247e-02 8.895734165390601147e-03
4.267867619009080293e-02 7.714023667079786262e-02 1.084758524363007605e-02 5.745223578523522140e-02 2.253030690195049340e-02 6.051205858302614177e-02 3.312113651070809628e-02 1.170094548981738362e-02 6.570372998335823056e-02 7.994336366974042624e-03 8.515280753540294123e-02 9.417088164515560744e-02 5.773959239241537728e-02 3.023209649070042471e-02 6.144739195862504444e-02 8.192441688050065840e-02 6.348377776232008718e-02 3.253601557011365480e-03 9.364476164267140912e-02 4.770177440673755570e-02
7.767195002325046060e-02 6.173175331367336538e-02 3.368869633524858298e-02 4.597880980700178033e-02 6.108321408205966835e-02 3.777178756654542280e-02 8.656084547953279973e-02 4.611038829815870127e-02 3.988688094041529381e-02 3.884955359332719488e-02 2.630190400340401066e-02 7.599987999433755262e-03 5.272344811069967774e-02 1.624564492286495639e-03 1.901673037248595780e-02 6.316192999053424351e-02 4.141887586955447786e-02 2.285410599388666697e-02 4.131075179471944969e-02 6.841853985357068679e-02
6.192815792556261674e-04 2.809910711649448237e-02 6.553126612243020954e-02 1.476726899445899438e-02 4.434462633786832170e-02 4.023444340845810235e-02 2.892314269309703700e-02 5.177643298130984312e-02 7.013592698243256707e-02 7.678283039069011551e-02 1.326953251576025276e-02 5.522343531085530804e-02 1.389487881130905406e-02 8.558263517969393053e-02 7.188048239061937961e-02 3.353897413599871147e-02 8.530470414719655559e-02 8.587490322446811319e-02 1.052103339181146430e-02 3.161875607228239321e-02
1.146422649920428999e-02 8.137320589319937958e-02 6.402320494773112991e-02 2.279897003183822823e-02 3.371796320281657267e-02 9.141964176465065817e-02 2.338426892621925379e-02 2.012886744532899064e-02 9.865051699194367363e-02 4.461970918612212511e-02 8.360450731761236154e-02 7.277750644691652337e-02 7.842266424392160817e-02 4.739408006491382941e-02 2.459586643281810522e-02 9.169352699437836873e-02 8.263074020879446202e-03 6.587390168167706582e-03 5.297518487943664312e-02 9.357136776392360397e-03
8.897802527459525157e-02 7.598378448094227078e-02 7.208632283900381910e-02 5.664024466497524779e-02 7.442005296342067699e-02 1.249777767223598894e-02 1.409774260331352405e-02 3.454054835072717378e-02 2.906778759426981162e-02 2.544963010152768990e-02 2.130744266240106738e-02 4.933654028478750425e-02 9.719735253533418051e-02 4.718645472991925272e-02 9.815162415233254223e-02 8.880137527794297603e-02 4.552212244923380807e-02 5.812610860649536360e-02 3.562919818829082125e-02 6.625659831742379546e-02
2.402300629961491574e-02 7.432038566263544921e-02 8.910988545385567505e-02 9.681943501958466258e-02 8.033296623812088977e-02 6.155422862721349198e-02 7.229134050431861025e-02 4.496584121449886950e-02 1.268083427384910679e-02 9.209958459835815292e-02 2.540422596067756431e-02 7.214987531221199457e-02 6.373183515054467452e-02 4.271389298734188517e-02 2.769189842572936794e-02 5.969086690358062219e-02 6.142507843884011109e-02 3.333895873281549765e-02 3.953994336936834941e-02 3.161846529001836187e-02
5.880971037144688135e-02 1.611558556922394400e-02 6.471958340151716393e-02 1.904712281716771857e-02 4.418818230955469384e-02 8.470931282192117884e-02 7.727779898245548673e-02 2.662302279261620497e-02 2.097707529236347845e-02 8.535841379085255809e-02 8.292875656578024487e-03 2.005086825767724706e-02 4.962536770435027611e-02 7.541134874199817428e-02 5.711113028565929783e-02 9.073742805833534542e-02 2.763504174038349318e-02 2.118716628157112439e-02 9.895708128701481698e-02 4.558455690839446905e-02
3.910615023293265852e-02 6.420878081597683473e-02 7.969598494779499276e-02 1.416859494893767460e-02 8.932252372614851721e-02 7.444432262733256811e-02 2.644868447869690511e-02 8.743683714807160001e-02 1.300845403328986308e-02 8.509670459682948385e-02 6.662645908507426606e-02 7.745374414962741261e-02 5.909319729080391576e-02 1.563100828412924623e-02 7.400046244699053088e-02 5.275949554043399270e-02 2.492828913809932642e-02 8.363302826639062992e-02 2.158720545255923481e-02 7.830980385311447911e-02
3.441970155699997092e-02 6.315294047417611967e-02 5.381499927331907795e-02 9.711743171362041682e-02 2.629455897781252105e-02 2.931015021450924726e-02 1.979158884566287885e-02 9.328414315671196277e-02 3.713079735596546554e-02 2.871331738731961597e-02 1.066601497938103431e-02 8.048751588906966417e-03 1.688718171804704004e-03 3.536109515642506251e-02 7.649469635825745240e-02 2.724087232051673052e-02 3.713076918632052248e-02 1.118580440527622288e-02 3.737387193541448493e-02 2.363650469472464849e-02
4.203211394641960530e-02 8.201895618630971815e-03 2.498928063294061572e-02 8.140712963553023429e-02 8.818772197345424446e-02 2.156750648564860484e-02 9.662856170363227915e-02 8.344634032539288704e-02 1.675665060686504226e-02 9.622012305286481437e-02 8.401873884336691356e-02 7.489515619449087225e-02 7.012827656936321263e-02 4.379441139056142879e-02 2.733068711874182821e-02 6.180514920996487555e-02 1.724272818960242981e-02 9.147751602899294177e-02 5.897679007795564310e-02 7.486719050749950088e-02
2.678336912840849696e-02 8.532268395146780718e-03 6.348620965807964811e-02 3.107700118740137907e-02 6.307216056635723059e-03 2.998281508818792171e-02 9.456693949322098058e-02 6.052406656719228062e-02 9.205833951866503051e-02 7.654826348480464615e-02 9.895219775451269406e-02 9.804981616334418337e-03 1.835668275703028647e-04 2.121220245766807302e-02 8.232429418599979121e-02 8.721027089664723508e-02 7.139456863256649077e-02 9.803418910545187714e-02 2.806469873465555981e-04 1.939138240698665833e-02
1.975525044894329771e-02 8.848855094164731483e-02 6.998048484850261271e-03 4.730592051324298414e-02 4.214614490782660206e-02 1.810414247067336849e-02 2.470782639868884800e-03 1.540509949232839008e-02 9.321019264121200437e-03 4.000821696289526275e-02 6.773161409836830904e-02 5.019555296869726568e-02 8.004471985664136924e-02 2.500899876280182968e-03 8.417388189977025037e-02 7.357908507815634491e-02 7.236412715398907181e-02 3.083476819093156074e-02 1.884630628847432446e-02 1.918304051043351419e-03
6.687579592553387353e-02 2.842804018916977871e-02 2.586784793831163956e-02 8.871417829037143987e-02 2.924874453745593059e-02 9.756199297928663805e-02 1.869427349315604461e-02 5.123669869611347308e-03 8.307318723877543665e-02 6.998957628961094413e-02 9.500899625644954050e-02 4.539828174867713978e-02 1.327690826823650985e-02 1.728798885204473404e-02 5.632074260713881841e-03 5.044176672611327961e-02 2.103922886552121035e-02 5.513198053493365003e-02 6.309397338882613560e-02 6.083074096812146614e-02
3.999429239399431707e-02 2.584795489098018484e-02 9.322163809398149870e-02 7.766715957028352824e-02 1.395983853533905306e-02 8.029654658705505377e-02 3.422014416947444237e-02 5.459602166505089782e-02 9.453697440959445142e-02 9.536172117360176836e-02 4.660228074795487452e-02 8.760672480468191005e-04 8.506994383015585581e-02 1.548941228292746199e-02 4.440364459122192464e-02 9.684715804184053367e-02 2.511078164504004784e-02 5.804538853064990234e-02 3.015341520974417280e-02 8.489449245165119062e-02
5.163960780441602394e-02 9.858591001145816657e-02 6.136339086113382080e-02 3.325261285939290490e-02 8.068077719173903650e-02 7.789194138356823893e-02 4.866250369793130581e-02 8.542757273578184193e-03 8.726254957465881534e-02 5.199776789685983669e-02 1.005991682737328308e-02 3.273255177582923498e-04 3.273129925109028587e-02 3.492569615191311316e-02 8.657452051858732789e-02 6.855839744814257175e-02 4.960304159879183605e-02 8.524535530250085258e-02 1.254290933434886249e-02 8.217712277571996571e-02
6.585062349819287286e-02 1.666227467064216455e-02 1.671038239072242379e-03 2.555861983226426475e-03 9.825201902773714191e-02 1.560364832258522884e-02 7.251910354224722077e-02 7.507414707380966057e-02 3.277005037051420461e-02 5.056888453353076962e-02 4.089884947313832120e-02 6.336936601309316186e-02 3.228821882374366490e-03 2.718765407747889690e-02 6.121508117910258451e-02 6.312596678058030042e-02 7.609492643528001365e-02 6.385874708121067056e-02 6.990793547914782302e-02 9.887025413701500121e-02
4.296425436129684000e-02 6.154547271708402101e-02 5.784814948224750730e-02 5.221811979389864855e-02 8.877090690692762687e-02 4.926915115952935215e-03 1.596496548505261723e-02 7.082537097061600284e-02 7.571409706005993723e-02 4.111693738969157685e-02 5.117734283877404394e-02 1.672101610605278982e-02 1.192859397059233863e-02 2.389921075947822049e-02 2.395599374712252885e-02 8.287270628172227135e-03 8.849125785502946762e-02 8.749660635296593880e-02 2.299077479868665355e-02 7.140042602320749443e-02
