3.066314390877205587e-01 1.450923369223226234e-01 1.198312740462778581e-02 7.420028613711544818e-02 2.592057631203452742e-02 1.044172410998932959e-01 1.537714317310145407e-01 9.718393968439881236e-02 1.615006056505300935e-01 3.341320517946257118e-02 1.392142732637114411e-01 1.024215569087466443e-01 5.838327325463269629e-02 1.677092972807127658e-01 1.527912119425050563e-01 1.026327268541048221e-01 9.797876784845147013e-02 1.301051427912855440e-01 1.321649800251204487e-01 2.807973948518149160e-02
5.260939344946879287e-02 6.879775805952682843e-02 4.212259611747131566e-02 5.640034621848893925e-02 5.765040869128491841e-02 5.993237433484260163e-02 1.909973339983321930e-02 4.805146675842275616e-02 9.575656612540596468e-03 9.501521828336570441e-02 9.797078056160143933e-02 8.529406808960512953e-02 3.160123839545614377e-03 8.628796265934722542e-02 1.532933108555438809e-02 9.070341623947131282e-02 5.235143069317221842e-02 7.551663891457703615e-02 4.460653153111737712e-02 6.306751329866389089e-02
3.064355129783396040e-02 9.720393961964335795e-04 9.128028573987558014e-02 9.096607171199433406e-02 1.421992217831066253e-02 7.460793940439601479e-02 7.776399271466772484e-03 5.838809033913542473e-02 8.419041951990766104e-02 7.830438486386560870e-02 4.779575236016517931e-02 4.827053081002236068e-02 4.957512659303700553e-02 6.016823136067978028e-02 4.899147888872036616e-02 7.063832581404810851e-02 2.844700829024296093e-02 8.029401641799172040e-02 5.309466770017177289e-02 6.433993664494071230e-02
9.240020342798332953e-02 5.196682260098921952e-02 3.647584457982057382e-02 5.156905658140665052e-03 9.873349880919284061e-02 9.414337421777618786e-02 5.227197202350940958e-02 5.020995558470262021e-02 5.611368279518228613e-02 6.878215845277345364e-02 2.651066894633202775e-02 1.318770109044793519e-02 7.585444471402164046e-02 5.986846575103485502e-02 5.523901347508364257e-02 3.022862793952152578e-03 7.978811502884841644e-02 8.579013956376684014e-02 7.033228874187501256e-02 8.606859699889561621e-02
8.236481552668586947e-02 1.184452637793820262e-03 5.381424020519010032e-02 2.051803735075025115e-02 1.849226054884468493e-02 5.131658761226529780e-02 6.431787262816797413e-02 2.888922837105041552e-02 4.524448866458635754e-02 1.283377420581578547e-02 6.812097766465192994e-02 2.463877064889176405e-02 6.164996402677166976e-02 3.834341835443323687e-02 8.688503400901309570e-02 3.242616777568507747e-02 7.909200494623905286e-02 2.416415558077594783e-02 2.049445346135726764e-02 7.275791661038213953e-02
5.046941745778676935e-02 6.263358198682855878e-03 7.524229494835539545e-02 8.429623683564624326e-02 5.409677506993666729e-02 4.434521520523904657e-03 4.055457596408698628e-02 3.959890016584741157e-02 3.490213715003558786e-02 7.156107927817116632e-02 9.100394019247230737e-02 1.649754932392600779e-02 3.885946983465145277e-02 7.822441295084955892e-02 1.374349356234432287e-02 3.165428984366056714e-02 6.348440711683930870e-02 4.525359829001149997e-02 1.231276852377296595e-02 3.563435475843850647e-02
1.314725823362050726e-03 1.670703703095006640e-02 9.746860298989008797e-02 4.090649403063617573e-02 1.841875130620446166e-02 8.458584387653390879e-02 9.374128999888434177e-02 7.432116804348340433e-02 7.840582117554539821e-02 5.959517791172119078e-02 1.501104025522079916e-02 3.221099158619130515e-02 5.535527688496989784e-02 8.946082010194661427e-02 4.927782593688448398e-02 8.694839558132314017e-02 8.222919999783406819e-02 7.369831781060366682e-02 8.269222919829408158e-02 8.711551453670975109e-02
8.219629021141620917e-02 6.982047288565920717e-02 2.135131738293586517e-02 1.382873634521069109e-02 7.830946728297637216e-02 5.910251150656441882e-02 7.035596022923472359e-02 9.575257986203204730e-02 6.640803300985095858e-02 8.542529807673326925e-02 3.413547704226260922e-03 6.870846120684231950e-02 5.336791180115006000e-02 9.389556794226561198e-02 8.092861506557287588e-02 2.716519564559293290e-02 1.643392146952497163e-02 2.725188648401319011e-02 1.053797031624134108e-02 5.555709182585203548e-02
8.203763656796399240e-02 6.931613913807153915e-02 2.934887242891627557e-02 7.428561624869681190e-02 6.948693401958977445e-02 5.637024985507223251e-02 7.625787342588855044e-02 3.678303403876000827e-02 9.549705426915391926e-02 8.833829714876606509e-02 6.473375555264078429e-02 1.586585863847404104e-02 1.447990253645946648e-02 7.222299330344265911e-02 5.676007676284219872e-02 5.234388498987421756e-02 8.764413217273631096e-02 1.419085732180126562e-02 1.730173102464094281e-03 6.403307952534063874e-02
2.549686381299215432e-02 6.798225379208042152e-02 7.742587325567007808e-03 5.819522316158468045e-02 3.712575559267686925e-02 6.482607435945042691e-03 1.477778424039255653e-03 1.456450835508846936e-02 3.298285767602617685e-02 3.506212986579031882e-02 6.565178109578373444e-02 7.833729827954605263e-02 8.901088480831942373e-02 7.348910297045579965e-02 2.463751050400886378e-02 1.856883807951402801e-02 2.823097413327252392e-02 8.681178551688174816e-02 8.129553838427371060e-02 7.127434933803314387e-02
9.141186191037027620e-02 7.529561182060119651e-02 1.444149544583942651e-02 1.220444238805973303e-02 1.908434667361557160e-02 5.620376314489346214e-02 8.902738965285104944e-02 4.560572929371582707e-02 9.760229670990466788e-02 3.279009760761562170e-02 2.220317833647321784e-02 5.315977839732764082e-02 7.548502454661416838e-02 3.889264317937604631e-02 8.978926265914077831e-02 1.916710077379635323e-03 6.205600454435812596e-02 7.075298892096038017e-02 1.437637679595165155e-02 2.840145839492237700e-02
8.543952030070406378e-02 6.573904399256362552e-02 4.352733403227639075e-02 8.417682745356173946e-02 9.241087592887931024e-02 5.204511573273643693e-02 2.214385351925836354e-02 1.048683014026099460e-02 9.297702422318898652e-02 3.317904485172704782e-02 6.174052981244446819e-02 8.994131309638164762e-03 3.750918144600347282e-02 7.048871817095476999e-02 8.826854569542319506e-02 5.342860481721256605e-02 1.388053684425890645e-02 6.934008243731747123e-02 6.281346803760651243e-02 7.815884658996785639e-02
9.162935871094617102e-02 2.120939790110880699e-02 7.406005362422862781e-03 3.853827691807100442e-02 8.577256643058316088e-02 1.364306200729180699e-02 7.225320920723772578e-02 7.769779460339079624e-02 1.065865413445672531e-02 6.221644465350403830e-02 8.151254788071446433e-02 6.225703145181833709e-02 4.925344126646052229e-02 6.593106691006989095e-02 5.529676307131195512e-02 3.859521279876847871e-02 8.658513208540517814e-02 1.646949332432678936e-02 6.658413428163351133e-02 4.020104851484901376e-02
1.779535554143574401e-03 1.584122512579022590e-02 7.186425678068531636e-03 7.290079273228040890e-02 7.218613403830876317e-03 4.413035642761695826e-02 9.551507059112052112e-02 9.488460517079527756e-02 7.501896720067882662e-02 8.392338387914029252e-02 8.662579027371145046e-02 7.083630101690810421e-02 4.651751458526989791e-02 7.781742966967047925e-02 4.475759388851967974e-02 6.300194857466777376e-02 1.918522845926104101e-02 3.857284274839672261e-02 7.790276911939933435e-02 5.931476502269427548e-02
6.844466999866713475e-02 7.433570016957199988e-02 2.650249497153363276e-02 8.859947068521048519e-02 8.413020654382158403e-02 2.785601401933722812e-02 1.453521299783624467e-02 7.088873783434042342e-02 6.831087405296017157e-02 3.005420495923816302e-03 5.312046517994366973e-02 5.689454874167964443e-02 1.899018223051476481e-02 5.852948988895493448e-02 7.107518506862879615e-02 6.225026934857735839e-02 5.603075085949164175e-02 9.846347467655763852e-02 9.526255834483376983e-02 6.365241713941027779e-02
6.615460759836482019e-02 4.972186405516912378e-02 4.365244934766387280e-02 1.494045928671743420e-02 5.889247217887939867e-02 4.190983279168835479e-02 1.780364483632257411e-02 2.329492583266686012e-02 2.851513334349871365e-02 3.025192239737295452e-03 6.445776417120936685e-02 6.469275156645708236e-02 1.914786591946759974e-03 6.979449021794886798e-02 6.978703509882733247e-02 6.190471168998817192e-02 3.619647493754035716e-02 3.774361958768312347e-02 2.131658662829127773e-03 3.856462271094741878e-02
4.761387323258223225e-02 3.146639940980249656e-02 4.172058918274923305e-03 2.657709235795157124e-02 6.740507556857278787e-03 6.216163367591456823e-02 9.992023338168856683e-02 7.141429021416585698e-02 4.142762137763701669e-02 4.687197478494969927e-02 2.593979216659533446e-02 5.045823988061370197e-02 5.034787152962399981e-02 2.814166759353502537e-02 2.202915084179205701e-02 1.121164174938450546e-02 6.488059971131927839e-02 4.369172928928012622e-02 7.549199802379112645e-02 8.839792491163024277e-03
1.364899522711499058e-02 4.375174920075020069e-02 1.265288508499256073e-02 4.145194871796053365e-02 8.379438653921031377e-02 3.718120119007806319e-03 7.644406283768384602e-02 3.362940323473449095e-02 8.288224382614483784e-03 8.305371543017414648e-02 5.840442278259501407e-02 5.893002284535214796e-02 2.094484822604036900e-02 5.788976239681090791e-02 2.862837159202406140e-02 2.865769854853255152e-02 8.285009037471005588e-02 3.149157792581160076e-02 2.327499923881311272e-02 4.885601312018731518e-02
9.614593496174100862e-02 5.803305939893021320e-02 7.219584462897248034e-02 3.410739224354191607e-02 8.639317274105552669e-02 4.594870618086928371e-02 1.628868046958812515e-02 5.162399131260020368e-02 4.768320571073328407e-02 6.857992793297444656e-02 9.789068550773999400e-02 2.020266959826564485e-02 1.092898779693507461e-02 2.808914641869088291e-02 1.995896088336275576e-02 6.224193517018437177e-02 2.558062080232993696e-02 8.650375731836339177e-02 4.267458763762554782e-06 8.129091856501027835e-02
2.307264826871842367e-02 6.420743843994740352e-02 4.580911190309090719e-02 8.976921981553689922e-02 5.968309096312467837e-02 6.850986855717387802e-02 4.416260441069426446e-02 9.900958741147827813e-02 7.830741469206042860e-02 8.431597008117810987e-02 2.509476137964361791e-03 7.345899474612753444e-02 4.419893192436459561e-02 4.948586346765398297e-02 4.017899085290312089e-02 9.215605646482405433e-02 4.900144755975067989e-02 7.919569167156315093e-02 6.656825362078978847e-02 6.904935167575505794e-02
