2.667752698624858976e-01 7.397318727956476991e-02 5.704797630960074806e-02 6.244361621447802602e-02 6.805455182433478578e-02 6.414928491305875446e-02 1.471257785955498165e-01 1.170249346950605618e-01 1.426307896889593418e-01 1.051973357242637769e-01 7.741426966415929090e-02 5.296046740213290749e-02 7.267180387718033541e-02 8.081356759866081818e-02 1.484909589010424136e-01 1.020266407009099013e-01 2.374643880397780266e-02 1.225691202862936452e-01 1.543349180950169819e-01 1.023750117333907250e-01
6.515665423831550063e-02 6.679687200546291503e-02 5.685371760987262962e-02 7.821243025512472635e-02 5.896769353596650887e-02 6.699924314515980084e-02 3.348390911229052330e-02 4.438829011213812209e-02 6.067826219307323465e-02 7.240066626225302726e-02 1.577395689543306667e-02 4.966493310631228675e-02 4.190468712423769948e-02 6.639566434154484109e-02 1.690194830895454595e-02 1.046322857477780116e-01 3.581583909339816629e-02 4.074654075759933519e-02 2.581300369029771585e-02 2.175804265664369602e-02
1.321863709470412311e-02 8.551226597277704344e-02 6.478668442599189864e-03 4.908192683768120707e-02 8.732485045664122036e-02 4.217997964192408966e-02 3.516479559356897738e-02 4.603273573952480768e-02 6.416066121233146569e-02 4.841008854019517027e-02 4.865856165762007246e-02 9.276647792654335589e-02 4.980494320408872244e-02 7.182749768104099153e-02 1.074827928925536523e-03 9.741903970084052344e-02 4.436935451532653119e-02 5.053889287386607171e-02 9.623217366936739903e-02 1.155395907922682902e-02
1.363806509061629181e-02 1.862132775170976737e-02 1.618483548997141225e-02 2.720351769881427031e-02 3.927303821774034281e-02 9.080592055771787019e-02 5.613660237017032567e-02 5.728408990011318175e-02 2.301156009283369247e-02 3.659096118392907854e-02 8.170502466208466597e-02 9.769148627163547205e-02 1.933984782725167023e-02 7.245131628070605734e-02 1.925775279204001642e-02 2.122683719604697566e-02 2.259289881408886244e-02 2.630927816574116229e-02 3.199261470983751077e-02 7.899845092941830405e-02
8.513032809741905016e-02 6.004020263048990419e-02 6.185416653994727648e-02 1.508741872812303410e-02 4.688513812114777392e-03 1.807403745686833249e-02 3.842494923124677858e-02 4.945055524602389591e-02 1.910310260906958064e-03 3.629455946543509032e-02 2.941989732574121913e-02 4.427670580095417752e-02 2.163703992173122981e-02 4.038028615692521028e-02 4.261226218136486554e-02 9.645363462736510074e-02 8.351222745775518930e-02 1.044448790987446557e-01 6.738588383102746271e-02 8.165325961096214086e-03
7.848787940362716986e-02 1.428948240407002662e-02 3.535523921059147145e-02 8.129693507106926231e-02 8.431413013448939286e-02 6.424831839603355188e-02 9.157254190781956293e-02 9.348317845598044795e-02 7.969064976630396702e-02 8.625643455969940476e-02 7.385803104489047088e-02 4.303680137023862401e-02 2.718604514327432539e-02 9.584709729796758726e-02 9.659158584208671350e-02 4.631871502843750571e-02 2.178258954894963378e-02 7.728659780978873461e-02 2.515149779808598454e-02 1.690629037183633346e-02
2.988873956169400478e-02 1.027894246682353697e-03 3.275378127088651725e-02 6.353729736469354572e-02 8.441923897222730622e-02 8.024949458468390306e-02 1.324707956812489623e-02 1.060074837259083608e-01 6.993312464559485464e-02 5.391009645236433806e-02 4.763687682704778603e-02 1.122960298314985492e-02 7.695364888233535705e-02 5.213603178858796511e-02 1.038237016221134484e-01 8.653684650803396272e-02 1.958633517680613209e-02 5.768976550451004187e-02 5.642180471042394785e-02 6.698669878779871245e-02
3.481534046467631843e-02 1.974739430160451364e-02 4.719304998404383333e-02 1.601178957316617621e-02 5.058462382101291954e-02 2.417632852045285136e-02 9.390718524636797182e-02 1.046381164099601246e-01 1.724891988616526067e-02 2.011763620553942006e-02 2.503982893567353873e-02 7.517265991095352026e-03 9.170381794100077033e-02 4.087526354629663489e-02 1.848821399204942165e-02 1.366888805891217779e-02 1.053027049369038327e-02 7.028467930650254825e-02 5.495870001815361672e-02 6.062499060871189699e-02
4.216411915274253380e-02 9.515463862569183140e-02 1.017837475320020474e-01 7.187206970517766302e-02 4.378308378794702055e-02 2.569911520173022434e-02 2.145870871899676138e-02 6.127364813060785786e-02 3.620112905767800676e-02 1.034827468253198129e-01 6.187051017578863027e-02 8.945533925605404779e-02 6.522743665125300960e-02 4.568990660207009058e-02 6.137440687636386977e-02 5.996278870219801452e-03 8.330313282907356176e-03 5.526861708067572210e-02 2.222385089986947046e-02 3.665510908316620131e-02
1.020078545477264009e-01 4.124714304000321602e-02 1.441082854393780505e-02 1.509693192833496365e-02 5.665145062849862717e-02 5.425607748121523410e-02 1.023364949299346571e-01 9.800421766241093624e-02 1.184666229974337334e-02 7.754254715422528865e-02 7.514895990910816503e-02 1.393794676359765179e-02 6.941976019210034654e-02 2.922433397563764176e-02 1.218149334832422000e-02 6.551263885699203093e-02 1.010740515712671567e-01 8.740620302261480068e-02 5.040236386685599534e-02 9.236093392406993785e-02
5.881365599292103646e-02 8.921725400635270586e-02 5.558650488283280178e-02 3.394206105546139496e-02 5.879216556220360351e-02 4.046104860750097260e-02 4.391724502281352249e-02 2.047334276886579249e-02 5.096875799393141282e-02 5.955280192511994142e-02 3.209501342206748636e-03 3.552251881254384069e-02 3.675781301316553840e-02 1.804784209695043523e-02 1.074902038463928788e-01 4.738139519132262417e-02 2.306722278531687584e-02 4.620415450243339772e-02 8.976258887628101035e-02 6.471796349760677858e-02
2.907572436193649884e-02 4.403014543084542848e-02 5.930599794786435563e-02 5.524210912401374129e-02 3.372693198721965924e-03 3.541680237912229329e-02 1.261205786421587711e-02 5.469148378539378380e-02 5.764721270128832231e-02 7.292913407092195544e-02 9.036282000732777375e-02 5.272961413624259464e-03 8.474481460024828328e-02 2.595754294584825747e-02 7.461493753931416895e-02 7.509305640200182770e-03 7.902919059498084153e-02 7.799777687631580247e-02 8.257429700683108220e-02 1.056174685237298988e-01
2.530441635951878598e-02 8.716572873943635898e-05 8.083266755263279757e-02 1.046433011512205857e-01 1.892172274066611370e-02 1.464667427395018214e-02 6.751803232123995691e-02 1.048054019487430627e-01 7.436921816995989420e-02 9.420662958337139292e-02 1.737763508771681190e-02 3.222682247810394057e-02 2.701053981706422538e-02 1.033641220236291985e-01 5.948481436579849957e-02 3.644157746475167048e-02 2.142977088759361048e-02 6.860149426141676915e-03 2.870442281031852696e-03 8.147654468685137930e-02
8.511957977330779357e-02 9.335010949458952267e-02 6.745411593844666265e-02 7.706547218676475242e-02 9.098404246198164846e-02 5.132683993834141756e-02 9.159328969817207011e-02 2.315511665745858053e-02 9.793269974283577706e-02 6.951195937817029880e-02 3.784694245581921024e-02 4.453916105852553237e-02 8.317339134747908647e-02 2.059135452313923600e-02 9.244079539882782415e-02 2.315869360655015141e-02 1.055162623253378257e-01 2.361669220680495326e-02 2.545506855755401768e-02 9.224465726973633817e-02
1.033701362552881253e-01 2.451411165799038602e-02 7.346871938314296357e-02 2.521307321397881288e-02 2.918068612456574742e-02 9.480333963390594199e-02 3.936374022772559308e-03 1.020644470968230383e-01 1.028464193238868146e-01 2.704793229273103408e-02 7.605435132902348128e-02 6.433177969050084960e-03 3.895393609595328849e-02 7.843012575100738459e-02 9.002203840362582588e-02 1.057655772573006525e-01 6.652066654195790130e-02 8.650244110430072020e-02 9.576134075828360293e-02 6.847130622048402948e-02
6.748663504463398022e-02 7.515350817886583268e-02 6.711882499974035007e-03 3.583022926972824485e-02 9.695574747252725181e-03 5.221566907305442290e-02 4.140780832782245229e-03 1.763280087101536109e-02 7.513695712819763728e-02 3.965201376987898679e-02 3.700784665829324332e-02 8.530838713558228092e-02 4.323372652946912142e-02 9.232375373295510779e-02 6.690200813859645268e-02 4.487814131987793997e-02 6.823140267241772916e-02 9.665455028823864703e-02 6.657132784563504768e-02 9.294014261898084217e-02
2.410008742822070810e-02 5.829081249421658173e-02 1.040166874567526878e-01 8.392210831959076578e-02 2.195074838756336591e-02 8.551155356954562303e-02 5.144177356204301249e-02 2.894148064006797291e-02 8.907366626470758497e-02 3.323824373116431724e-02 8.305301193547449945e-03 1.066010863879885556e-01 9.391299019702883943e-02 1.028261485699898531e-01 3.304011440293741497e-02 7.052184729883176351e-02 7.149741627889813489e-02 4.461896304593700180e-02 2.678624999933916159e-02 7.345797035875888115e-02
6.576722194125816934e-02 5.830347764321230919e-03 1.068895256046344111e-01 9.993113991250465733e-02 1.040566606523092991e-01 6.994226672446646198e-03 6.109152232781243919e-02 6.355569444720765571e-02 1.386396786764625827e-02 2.214555398333535943e-02 1.075020355507243369e-01 7.730322620081683804e-02 8.259506626351088843e-02 8.698092020653894196e-02 9.885480609382882311e-02 1.471445550435927785e-03 5.994545771487763859e-03 4.919356206187806835e-02 6.829426883911138280e-02 6.748424833671755330e-02
3.142941933056306314e-02 1.042296189532417316e-01 1.444359288013198454e-02 1.285222092122267727e-02 1.059399270778443591e-01 8.979022512280010471e-02 6.520372455730713557e-02 1.366944761691023594e-02 5.407081224812766013e-02 8.381682171085648447e-02 8.288667665948245764e-03 4.977796329376051737e-02 2.936467750671471755e-02 1.033391379594605086e-01 1.062522710303743650e-01 2.871232528706665899e-02 7.056320092954834755e-02 7.363407431261823066e-02 2.022599808518441358e-02 2.272878692333110857e-03
5.397333925191091786e-02 6.230464991357868854e-02 5.520741306346833160e-02 1.059284105275208610e-01 2.310303899048443861e-03 8.137515143657589323e-02 8.387446508985844928e-02 6.913152147358121030e-03 3.837047853125920976e-02 6.609343738340170415e-02 1.847417222792654967e-02 4.721491978450090971e-02 4.643903911013371605e-02 3.321800425812931196e-02 6.186729849770854911e-02 7.786420505705131910e-03 1.276937604921261904e-02 8.945615596088445087e-02 3.116252712671498809e-02 7.487548250124212434e-02
