3.231788879812787507e-01 9.738249939204232652e-02 5.120221315598558198e-02 1.152202974965281790e-01 6.546156316006646048e-02 6.902539365387294623e-02 1.088867771739180923e-01 6.465312099425249426e-02 5.108243886249454191e-02 1.215939836221766462e-01 1.676803090784327044e-01 3.779723302363802856e-02 2.373197267287300780e-02 1.420275908005112497e-01 9.777120541371210616e-02 8.781550707032544090e-02 2.637709272605606378e-02 8.382529570277678921e-02 1.169952271420970635e-01 1.130666792948414323e-01
1.079645073349801664e-02 2.337886270966087199e-02 9.351237351090727068e-02 1.498889190457124154e-02 1.049760710848019786e-02 8.839805626636863811e-02 9.325270128356813459e-02 2.545597011579867411e-02 5.129890928767317365e-02 9.640541156393818423e-02 3.816466289501628528e-02 6.931369274642229517e-02 1.447539489763506257e-02 5.157130918118418145e-02 5.000784660696985275e-03 3.444723095851244532e-02 3.639151988182766362e-02 6.079612459734193286e-02 1.559242936031682118e-02 1.028318045489357152e-01
6.249739919836379970e-02 8.348355358298278905e-02 3.810570516060821783e-02 1.333254676313902660e-02 8.988884026081978007e-02 6.032141482680902778e-02 9.869374055388510647e-02 4.917265611530494823e-02 1.219517078201607339e-02 6.666512594344625904e-03 6.969143696725807469e-02 1.027122074522502648e-01 4.204128684296386254e-02 1.223664039517878077e-03 6.334348048090697458e-02 8.869280969081953792e-02 5.332344859507619911e-02 7.110366343147052348e-03 8.054412064017529502e-03 7.812993127066236720e-02
9.430996336133612434e-02 7.059903065482740769e-02 1.029393501771943276e-01 5.442897264636922111e-02 5.566229906084432799e-02 6.133495011287400100e-02 5.852751845418554394e-02 6.599854617088079037e-03 2.061725096758670463e-05 2.341420547412041350e-02 4.985566711413252222e-02 3.593695680454227215e-02 1.012373376155627919e-01 2.949003190154849199e-02 8.907712232086224813e-02 6.881371733391607182e-02 7.640410704675826281e-02 6.022519577656881146e-03 8.836577460275595042e-02 1.677501292727432217e-03
7.721865308364853075e-02 3.417860180071909809e-02 4.693451482935740576e-02 8.243951615422741297e-02 6.999754685256087683e-02 7.723646393466575971e-03 3.591019223189988868e-02 3.993152933101057345e-02 9.892168526769715142e-02 4.595030215714339394e-02 9.461330786333843612e-02 3.478363200211559425e-02 3.521960593860108527e-04 4.810197661021303056e-02 3.154563404124546833e-02 4.508052086673958181e-03 3.961444039007745721e-02 8.952719869384458129e-02 4.872142010414762248e-02 2.778425452619507144e-02
6.584931953255594717e-02 5.624670206797086069e-02 9.557355006970849609e-02 7.741794148486562215e-03 9.845901458383340618e-03 3.259132091679885213e-02 4.604671826505025295e-03 7.932104475421047907e-02 1.769820872343984969e-02 7.407578670343671623e-02 9.756705569415256851e-02 5.426590324979364138e-02 5.804927889464678303e-02 9.302489062304075684e-02 7.956742222894898353e-02 7.358358836058334629e-02 3.038840049732529150e-02 4.172781090875244542e-02 1.011437154436815693e-02 7.404365958088296451e-02
8.916504820579904123e-02 5.404792646891763003e-02 1.248159259408951165e-02 7.199154066103219396e-02 9.814044336828491033e-02 7.111410017631181191e-02 2.805281136073620174e-02 4.596593010150595154e-02 8.116654017662583431e-02 3.116517325764027804e-02 2.737567215119112232e-02 6.797457399201373152e-02 9.210838293822909417e-02 9.768872225410495103e-02 4.786471422624442862e-02 1.009403467432517382e-02 1.165458308983699336e-02 3.033205512134464280e-02 9.155098219863894160e-02 7.032675774260792323e-02
5.532548913705838400e-02 6.794128840310403872e-02 6.435382662533495335e-02 9.477675317997846793e-02 6.364579900803150891e-02 7.974343954560408898e-02 5.493593384527446083e-02 3.108111911814481418e-02 1.011588043776210644e-01 8.133763402242822835e-03 6.345686107927539510e-02 1.291657614293356335e-02 1.029488697352925683e-02 9.786716466489268906e-02 7.499286229151759520e-02 6.029355674614520627e-02 6.746432608969893385e-02 5.083552238164155360e-04 7.656806768598570234e-02 1.937376207759254274e-02
8.401862024022531406e-02 8.763688285862079874e-02 6.843042392092185677e-02 7.403316303344106841e-02 2.535142387509302722e-02 3.310967499740839586e-03 6.707001064026359149e-02 6.819700817359526657e-02 2.437423396291696007e-02 4.688400999941619296e-02 8.982919707609246171e-03 8.762731031494183642e-02 2.248747188237591732e-02 3.548431059511986813e-02 2.522722155033107691e-02 6.754838681944513867e-02 4.141632127273706110e-02 9.085442236227983526e-02 1.146396822157880364e-02 7.032547453048547392e-02
7.502620140563834306e-02 1.621205680956575371e-02 4.283283524589452662e-02 8.932145741895665403e-02 7.925589387924236728e-02 5.121099337721586597e-02 6.036160659517674637e-02 8.528423016015784786e-02 6.693752184904608847e-03 8.345441070029445407e-02 6.652306104623569027e-02 5.086890039704497490e-02 9.647183955345127460e-02 4.433255587302911693e-02 8.804936807354456219e-02 6.301986668008772996e-02 5.988166426295410405e-02 3.528994680173881682e-02 1.333470239701840115e-02 4.024415844017853461e-02
4.743811669009026510e-02 8.553677912278326301e-02 1.459198337995198068e-02 7.507883151215474782e-02 8.047692744565003442e-02 9.769501637103039648e-02 7.126575036122270723e-02 9.575729178156183741e-02 1.453115148234477693e-03 7.575675145385400711e-02 4.905235387771810646e-02 4.589587798783461431e-02 4.451868354006172090e-02 9.468722277886434946e-02 2.371618426564383458e-02 7.646317838408089873e-02 3.974248796243324416e-02 5.082104505407596812e-02 4.212779473860472912e-02 7.923056591445876151e-02
7.653136126534700046e-02 9.839760443820264046e-02 7.629856126496825652e-02 3.390651596932214157e-02 6.449852291331199805e-02 3.377776998460946950e-02 1.138041086802353032e-02 7.195646911360066567e-02 5.698676343077544847e-04 7.235850047349541569e-02 8.056501762571789682e-02 5.185750785294611365e-02 3.838755189036335141e-02 3.514001220605841164e-02 7.458702210597989435e-02 2.400559829797235811e-02 2.110463020851955154e-02 1.017309362939706335e-01 5.202792507433191826e-02 1.319806222594124313e-02
6.615307693914897202e-02 3.865407227810606361e-02 4.161783293785016602e-02 2.796108716937010380e-02 4.798313199015956723e-03 6.958777617089641210e-02 2.862240900676646729e-02 5.061631209444417134e-02 6.651186505970496654e-02 2.278854378735887132e-03 4.665298561996895216e-02 2.771088041834386673e-02 7.611309189976693534e-02 9.719527429243528249e-02 7.977202272283730189e-02 9.268683863977424109e-02 4.289222629746337195e-02 7.065630428406684260e-02 7.477221883694730453e-02 3.474338978053825161e-02
8.953712242048982375e-03 9.460053710370727731e-02 3.083388555710558226e-02 8.076172153444058366e-02 7.717935626642198621e-02 9.570248986492328747e-02 8.847480371204204108e-02 4.277346645874537112e-02 1.047009418125022413e-02 7.820905276266829076e-02 3.825591699658136696e-02 9.734074352102584093e-02 9.743965739833100603e-02 9.361025355763437361e-02 4.585217075308552215e-02 1.913160762842174316e-03 9.753781219526135027e-02 6.653761748563168099e-02 5.995302701693411979e-02 3.307184826774367536e-02
9.389897569317928738e-02 6.929569245320711668e-02 8.334447355060826956e-02 7.845407697719115891e-02 9.156697506843587686e-02 7.581113671455630421e-02 5.042759669665987377e-02 6.778936854944364598e-02 9.191465964126752097e-02 9.436574440922008977e-02 2.262275988284499426e-02 8.140010319843592190e-02 9.540356111806781725e-02 9.586488795682321373e-02 2.147897416436563359e-02 9.227462613565746985e-02 6.776827677509615275e-03 5.303298622021049291e-02 6.473930510198402932e-02 8.655505746264757772e-02
1.983982133750626480e-03 9.119121991271614269e-02 8.017455979208111538e-02 4.609574464193724047e-02 4.413326189550930909e-03 8.236227332492891684e-02 7.731265450966358366e-02 9.153008441878739132e-02 3.855613737524718476e-02 7.416531538027308981e-03 7.422608567692724237e-03 8.476032767738254925e-02 3.359588631882402029e-03 5.634783236160570419e-02 5.470057122227262730e-02 6.833468912529389039e-02 8.444660759347562273e-02 4.064423191657909329e-02 9.554540031462489119e-03 1.003329426864360829e-01
3.772301000952651973e-02 1.018440149893250213e-02 6.793179178598043877e-02 8.581915233746890970e-02 3.076233819707253903e-02 2.778672815524062256e-02 1.435328211577312782e-03 3.974113152995009668e-02 3.107261156696076998e-02 1.484531517143551291e-02 9.573740372014725997e-02 4.406855570826018198e-02 7.538651598103525420e-02 9.111445799361607423e-02 7.139775326015084835e-03 5.044166520464708064e-02 7.290307273469941174e-02 1.678974929274835298e-02 1.090305322056178174e-02 5.309283530335196649e-02
9.362343792791576191e-02 3.073296507304129274e-02 8.480435674027120285e-02 2.932603063427263387e-02 8.151060540944424226e-02 1.922231369513076327e-02 7.834832032828088766e-02 2.797858507317350571e-02 1.696546707265326331e-02 7.087445778461758106e-02 5.410223252810592715e-02 2.508158134948170262e-02 8.585431774895828372e-02 7.822411622843640500e-02 1.019871815595022185e-01 1.029116317571273503e-01 4.954214042407825702e-02 1.189177297514772136e-02 1.975324850099679369e-02 3.478203370600597283e-02
6.841970103867367481e-02 5.444909095057132165e-02 3.506012924840719996e-02 5.463511067795678681e-03 1.619644254717834617e-02 5.799466905430114561e-02 1.916718874036965961e-02 9.873003736309284017e-02 5.523795144647049293e-02 2.164370624763493553e-02 6.909510065200479001e-02 1.972906403049182536e-02 6.822932697532820001e-02 7.845948832919567850e-02 8.193342830788064024e-02 6.930779968842558370e-02 7.831144439488887943e-02 3.696520651519962560e-03 8.072854787092931250e-02 5.882188036105569229e-02
3.448527303823566408e-03 2.786377984790340892e-02 5.715173772008961400e-02 7.110518214635273837e-02 3.012412829290440908e-02 1.593757307587474747e-02 2.020482406320048274e-02 5.713813504728563336e-02 3.588249725992419259e-02 6.298348113600610310e-02 3.783286147996815785e-02 6.526403683441554804e-02 5.005579126843046761e-02 7.113786515863160242e-02 4.443933832859938565e-02 3.392349718980633422e-02 3.694426394102969663e-02 1.959464999639164151e-02 7.141269260663767916e-03 3.466088854055999341e-02
