2.592088143517295995e-01 1.214022588765616417e-01 8.845278420835625544e-02 8.725764073253103326e-02 6.308641296239418661e-02 7.527881764682037291e-02 9.863477680326443453e-02 1.009488475511527567e-01 1.168760059592254125e-01 5.464862009339472443e-02 2.791156524077129455e-02 1.082434475388319300e-01 7.061427449870356921e-02 6.427058413433270334e-02 1.261519972229545872e-01 1.024110910120380885e-01 9.944883055337677691e-02 1.569207872500157919e-01 1.067151169602867378e-01 1.450441303898036272e-01
7.479366028411973955e-02 8.521786854903345976e-02 6.430685147127572499e-02 8.523328641045593845e-02 4.427782652539358210e-02 7.170382055016304157e-02 8.535248845662036328e-04 8.211843615856187495e-02 4.317001707089268558e-02 9.483656307844368083e-02 8.551915254829400848e-03 4.439906554375672165e-02 2.396951286427528860e-02 4.785386953357673168e-02 1.910919633210332938e-02 4.930999800205469047e-02 6.958120035195806963e-02 3.059140889214866446e-02 9.333944129642221532e-02 5.906370567242848202e-02
6.235683395886191388e-02 6.428711357403170401e-02 9.236135837427542072e-02 5.346480412709036373e-02 9.742535690934978065e-02 2.409270507227547972e-02 5.030310874977888397e-02 4.518613354864803311e-02 1.539675024582111244e-02 8.477156119666696965e-02 8.857748154272938879e-02 4.798100048234937853e-02 9.158917904983697456e-02 5.057363856384003431e-02 8.912434872097081684e-02 6.657897877984690627e-02 2.321565579667254214e-02 8.546014875655738585e-02 9.188700946399054603e-02 4.599225471656057107e-02
2.981543271494084893e-02 3.805387416075774187e-02 2.527168513080615617e-02 9.307074476409486763e-02 2.222876422031703353e-02 9.329347831935912161e-02 9.004628835999817227e-02 5.252189137131364760e-02 1.079660284333105969e-03 6.516644496459485236e-02 7.176923445514514499e-02 2.356395796156364464e-02 8.298016725919339642e-02 8.236220373721454824e-02 1.752363522297520002e-02 9.273694603784563006e-02 7.648100139864734415e-02 3.936629082963856441e-02 9.207564755901800901e-02 7.943591009747245912e-02
6.567593147229398853e-02 9.200684841205292175e-02 5.652972850252116488e-02 4.640898129279999451e-02 3.065636217693723780e-03 9.459697497476871053e-02 7.266106053102650356e-03 5.265369629707708499e-02 4.544017411898620268e-02 2.949833770911526598e-02 8.677950148463574320e-02 7.624130570798695605e-02 5.802708560227799739e-02 5.521050270323274445e-02 7.974370361192885392e-02 5.031614837056478523e-02 5.314871969410572827e-02 2.095627223097825884e-02 5.542684602097950469e-02 9.375533275221364926e-02
1.589880069753800765e-02 6.361516019525850774e-02 7.729943160547814163e-03 2.396061684519468563e-03 4.958209981713374015e-02 3.375627614290057504e-02 1.825843936762997638e-02 3.490466580994611482e-04 4.883507764745220747e-02 4.607523541443526993e-02 3.552207635097264643e-02 5.220996277543810127e-02 5.538873189054308033e-02 1.646713229786276461e-02 7.374077288791011653e-02 4.779199315693941769e-02 9.659487983710701720e-02 4.194336321245387134e-02 9.905052981682715973e-02 1.549991064795358531e-02
3.446727656345518337e-02 2.316972900100777808e-03 4.154617685426045814e-02 2.821875231207693455e-04 1.663846701177945642e-02 3.165061157973402678e-02 5.397961301461504102e-02 7.824641432689960485e-03 3.864465019618426589e-02 5.356909192834587163e-02 2.559421631769531746e-02 6.708429246719586903e-02 7.858828062459202735e-02 6.499433078314904855e-02 7.086791686972364335e-02 1.802862426246443217e-03 8.319424036992739691e-02 7.001668229889586315e-02 9.707979560432834082e-03 6.460087743533328430e-02
4.425405119978697427e-02 7.139647218591183182e-03 3.795833658737729488e-02 1.561694705238903056e-03 7.732213968539616844e-02 8.386930878092836716e-02 8.785871919094095928e-02 1.278369629047961843e-02 3.152583605199166424e-03 9.067510715404351884e-02 4.892993033956292287e-02 5.872351260671862527e-02 7.590996270265826240e-02 9.283677614543880963e-02 3.573647511504044610e-02 6.481236773869618328e-02 9.575222906621479180e-02 4.598846640141055625e-02 5.783588172165843961e-04 1.921026109927304049e-02
8.062482184754250769e-02 6.903350769281584032e-02 2.243630300740538999e-02 7.234401939042345731e-04 8.422361812357148647e-02 2.319935473345796639e-02 5.203792371976550396e-02 5.815252745159919107e-02 9.135243025036504649e-02 6.109815706419344933e-02 2.535173215606652264e-02 2.258572288356606311e-02 6.821629098172279915e-02 4.476148641157925989e-02 7.802269206073013386e-02 4.701286049323367966e-02 6.338600304333781577e-02 7.438568382511046712e-03 2.983351318907574712e-02 5.880655676661033365e-02
2.101261646196231000e-02 4.789784753093202785e-02 1.463173172028682349e-02 2.087415394028183796e-02 5.877733300425480589e-02 4.253551666329960512e-02 6.251291942762833564e-02 9.964457864186873626e-02 3.828543785094185026e-02 4.333704335603300040e-02 4.044392628521129712e-02 1.218231525912234596e-02 4.259535722568540822e-02 5.099695751663438359e-02 6.183001650475205419e-02 4.304515718687167841e-02 3.893008151609327755e-02 6.994184744997876402e-02 5.523744334556160429e-02 3.884412625709465772e-02
1.534750778694944466e-02 3.525179676533916201e-02 4.193541191848954020e-02 4.114574184398737261e-02 3.334413160032611428e-02 5.688687870270571489e-02 5.993215834824039846e-04 9.283707156563081320e-02 9.110373294898754803e-02 1.317142602200381887e-02 6.022307964422306953e-02 5.240078427882763346e-02 2.221263475135638876e-02 6.786595292114157296e-02 4.602048889966078860e-02 3.681040201376524490e-02 8.660419171491480494e-02 7.801857341811835496e-03 4.091531484656611012e-02 4.199900443143238932e-02
6.696687478868161569e-02 3.382350126081584696e-02 7.921745846890501652e-02 3.093303189125796993e-02 2.459451880947076743e-02 2.366879736272474791e-02 5.794050200898415159e-02 7.372085273505561698e-02 6.331925540891579496e-02 3.532440565684813460e-02 4.779009074060994872e-02 3.576123518824581016e-03 5.484276493847648620e-02 8.205987913908491249e-02 3.128195079458012673e-02 6.374696190487742775e-02 8.890055679591839233e-02 8.710878249691336728e-02 2.016142183810385596e-02 5.330043115980931910e-03
8.298655538058696823e-03 7.223465802820792925e-02 1.933573407334568048e-02 6.824315778319729742e-02 2.489764295445994272e-02 4.926468754643129749e-02 3.998292007718209917e-02 6.098665552969631531e-02 4.623046618217543924e-02 3.488242720222924781e-02 7.738203214470751844e-03 2.741504018730724079e-02 6.163054855869375820e-02 7.811161786239365079e-02 9.494097968801379350e-02 5.402302666212031174e-02 8.403623464764786721e-02 7.784819372652242164e-02 6.872656828865225664e-02 1.627087919515948430e-02
7.800529839682451838e-02 7.693854565684221658e-03 8.716141576439775940e-02 9.979591118578742814e-02 6.585496203825112749e-02 7.668818642195460167e-02 6.517260123960541551e-02 9.743003280951390011e-02 9.645984354124553795e-02 8.517127969907065110e-02 8.216425436621926925e-02 1.314727929206991469e-02 5.799169581873802465e-02 9.398941785661117654e-02 4.965228745470071786e-02 3.622311002793332860e-03 8.703203335540171670e-02 8.316724608232051175e-02 1.776377902885645232e-02 9.878069702330566360e-02
6.912110974541839370e-02 3.010077293480372188e-02 3.969515451150919250e-02 3.437383842549188856e-02 1.620229970575538456e-02 6.847266406302808528e-02 6.072380114433235943e-02 9.468227105393138554e-02 8.036639034785154900e-02 5.859734708560765393e-02 2.212155450503257292e-02 3.302445074000844027e-02 9.587690667235582165e-03 1.978608952899173559e-02 2.259392653087288760e-02 7.593371913184089605e-02 3.062372317473220987e-02 7.729019788126396950e-02 1.995709086868309445e-02 1.467820280440369600e-02
1.092313752477424085e-02 6.664539776709993424e-02 3.310056598533307748e-02 6.179934980852434118e-02 8.428722228009680184e-02 6.504430946172337635e-02 3.637558690007055423e-02 4.520097966221059589e-03 1.005945582290384069e-02 8.230287876721967266e-02 4.956550560477455264e-02 9.571144800512842998e-02 5.154631110268320660e-02 4.640457984170877348e-02 2.430858002265831250e-02 3.402575380508754410e-02 5.789560956575362516e-02 6.978966188343631305e-02 4.709820927392818768e-02 3.803897008698334248e-02
9.833411654228410570e-02 1.279378473611960700e-02 1.241450297376560721e-02 8.937541880339197609e-02 3.256795292242982420e-02 2.782182196850110575e-02 1.773523175391844651e-03 2.558491229923605392e-02 4.491855279269318935e-02 1.608187347041333329e-02 2.306454226046450451e-02 1.716763580470848094e-02 8.767626080016346912e-02 3.611129526951287888e-02 8.672016462151857508e-02 3.155078711036055777e-02 1.563171552075864890e-02 8.238839000878740715e-02 7.119676538839554703e-02 4.108857748669952209e-02
9.406717953306488467e-02 3.654144743068674789e-02 8.822608709356190293e-02 5.301738980015857639e-02 1.475077400603881476e-02 8.772830999080311054e-02 2.710951319156248637e-02 8.942613055844944592e-02 5.249600368294207731e-02 1.026494665573344373e-02 3.162048167120495856e-02 3.032683407969181261e-02 6.594217233015681190e-02 7.676891912797408069e-02 3.985097455396744565e-02 9.205579887589522559e-02 4.313829250937200460e-02 8.461909074225963667e-02 7.662866018628029796e-02 3.839820789217571195e-02
6.836681875344664816e-02 4.522425430873555749e-04 8.118087951083896928e-03 7.691556831028234509e-02 7.605577901200644576e-04 2.776124529028480004e-02 3.472823093800416622e-02 4.563860952481554878e-02 1.947173819258220251e-02 8.241196326855826371e-02 6.876954347066914497e-02 2.415862169544531757e-02 6.897265740355838781e-02 4.504420345466814135e-02 1.412827399816150159e-02 6.270978526155673860e-02 7.867949494332136806e-02 6.735777660462184679e-02 9.439448714673720486e-02 7.005382273058979870e-02
7.821249327070148305e-02 6.548409705716783102e-02 1.498490566040021690e-02 2.416752510074762425e-02 2.101796676819311926e-03 3.454752032073250823e-02 8.722252959282689178e-02 4.938939416842492991e-02 5.106552579472628528e-02 2.626529915445195013e-02 3.301902092542735589e-02 2.550324298938300149e-02 7.596036245537896026e-02 3.384942408611797682e-02 4.760077916773089446e-02 1.588163468654457677e-02 7.736994010956255510e-03 3.763600373334131943e-02 9.913033621436297127e-02 2.511361878525109146e-03
