2.850678678318343540e-01 1.257933555571950912e-01 8.177538230561796906e-02 1.640243119468030586e-01 7.765769049795073764e-02 1.164023908532379609e-01 1.049773883498227867e-01 4.290794882865654747e-02 8.239665760526029836e-02 2.963185923483833972e-02 7.603867611650706737e-02 8.483572399294113386e-02 6.600026847217468906e-02 1.079519401366943326e-01 1.242708596885436223e-01 9.552525578549650453e-02 1.685548131052982956e-01 9.966823979704757253e-02 1.412076630818838163e-01 6.694400354270443887e-02
4.663165004947094489e-02 2.328221703996480318e-02 1.732607796982146495e-02 7.286523573377767793e-02 2.096699974681061340e-02 1.789040469684244393e-03 7.833651028937496652e-02 1.739960597072470749e-02 7.682659628013038811e-02 7.060130654164052666e-02 9.627177517312979563e-03 2.243638670728191967e-02 6.130241409347839121e-02 2.126096675137469083e-02 5.781956734252027830e-02 7.232326073361471097e-02 5.837881016365791681e-02 6.216365554587266473e-02 5.809154461299438632e-02 3.728178340202011054e-02
8.763914666549124655e-02 4.505448760602365210e-02 2.041078824563048733e-02 3.698390057086731186e-02 6.380253620247600121e-02 5.482862191071287417e-02 5.077872844593028095e-02 9.455573767634310733e-02 1.577909252371149235e-02 5.888733050268721292e-02 8.375247981271560782e-02 7.839324172165287874e-02 3.152077986589005981e-02 2.131089022318401194e-02 6.237995523009859378e-02 8.193803553488583635e-02 8.482828163015144335e-03 7.905523221480503793e-02 7.254732286315020151e-02 9.332899401006100604e-02
6.706756311050886266e-02 6.024315255695268656e-02 8.535737658467934530e-02 5.462221830359168667e-02 8.304681400415989123e-02 6.719412720708611841e-02 8.109622767153651379e-02 7.175780827848923793e-02 1.907179362717992309e-03 6.455123397615412928e-02 6.686942593697668691e-02 1.482345747759844512e-02 7.059420642040539762e-02 7.672669993862556159e-02 1.534271289164148601e-02 9.212886021255640989e-02 6.634634246852502693e-02 7.224258923773299590e-02 2.665240234761147298e-02 4.854409859855268045e-02
5.569010651453748517e-02 5.860336259042843443e-02 5.766115296381735256e-02 7.716186939044597515e-02 3.567933316685484302e-02 4.942896879649405842e-03 5.774415284978164087e-02 8.997607853908906606e-02 4.031085475693572256e-02 7.513914602712384871e-02 4.070639594128731137e-02 9.282787810229306547e-02 8.921363897624834394e-02 9.767505732579714883e-02 2.717883932527676016e-02 6.843523796743709864e-02 7.329399874452302566e-02 9.873105927607649102e-02 3.197171436588699261e-02 4.210998797308216496e-02
4.811636418168183799e-02 1.773908263607948399e-02 1.266089255839180153e-02 1.154189278665945784e-02 1.999140760805789840e-02 8.255608056434460620e-03 5.833947629103661964e-02 6.257634472556582172e-02 5.685366528197758479e-02 7.664375965431266535e-02 5.924339041358599872e-02 8.982394959816471236e-02 1.266396468447709284e-02 7.411404414280139963e-02 5.242770246423426178e-02 3.796882717265453316e-02 8.646304276067355576e-02 7.351306926457089330e-02 8.261684525465452789e-02 5.142169957129088392e-02
4.157468177994222414e-02 2.205030590018023512e-02 7.608467649373187869e-02 7.003313445070738497e-02 4.572679597511311589e-02 3.134557611344499645e-02 3.232580155510655917e-02 3.559688308455667693e-02 5.260842235629965835e-02 5.864118994468547202e-02 6.326672142498901419e-02 4.920889075438523996e-02 7.306507741626509789e-02 5.818152607571236423e-03 9.499322478731125896e-02 6.740995313844082293e-02 5.022861964955611935e-02 5.903585064693903789e-02 6.672381419502963762e-02 9.469468172363065817e-02
5.255285542394780296e-02 7.544855879481031369e-02 9.079693895590772168e-02 1.354879521715829371e-02 4.729941840459429836e-02 8.888333976127997527e-02 3.786736837449794502e-02 7.954136871706500578e-02 4.252537988106754041e-02 6.976961672143859594e-02 8.230632200190260428e-02 1.137986709693201808e-02 2.944458494707954607e-02 2.531943959933229474e-02 5.064564836099294531e-03 8.680520017745574357e-02 9.662876729201350101e-02 6.923707532705192236e-02 5.460663793116430492e-02 3.831189209441009796e-02
5.791801996065074065e-02 4.318235709171243386e-02 3.647680691435221251e-02 8.125450381032146840e-02 4.024162548273653439e-02 5.718707924355829336e-02 3.102817977731145080e-02 4.876349230842629695e-02 3.302745546322201353e-02 2.877708255556796907e-02 8.073800517357300477e-02 3.547404321834071034e-02 1.846803494676807489e-03 1.790481713834620944e-02 9.581584653006912367e-02 7.626979640750011780e-02 2.171961545437211052e-02 2.009946669106007708e-02 6.073732546422553474e-02 5.201118112693449425e-02
6.154687491699287194e-02 5.501445551947162921e-02 8.164835117902331796e-02 1.365087181833387654e-02 2.648982650392196769e-02 1.106252891877568256e-02 7.068422802872040278e-02 5.742079450122736239e-02 6.049314148183625867e-02 4.989537015043509632e-02 3.209579847295623845e-02 7.321912228899653263e-02 1.473140074312041629e-02 8.012318671869361753e-02 6.057110609294533154e-02 9.347493982168249282e-02 5.787721628384097372e-02 6.175623782234506559e-02 3.644856789772992628e-02 2.499449455111071514e-02
2.380455046978953437e-02 6.460257987489927134e-02 1.068148197946172662e-02 5.295561786538395543e-02 3.616821781227311933e-02 1.889383931137330816e-02 2.015967275599117592e-02 6.692866217969349607e-02 1.875272568353887614e-02 2.760140082843449971e-02 9.348510385570160675e-02 5.359038957580239404e-02 6.644529514312048175e-04 7.157959458182652779e-02 7.406028426037812584e-02 5.795238452401020590e-02 4.236798768799566062e-04 9.861773280671860820e-02 5.855417134249201599e-02 8.067695040218933467e-02
5.889903397449661876e-02 3.106931583059472507e-02 3.345317529523399863e-02 2.960753207702226941e-03 8.762367079216547283e-02 8.334841379469738742e-02 6.975749743113146550e-02 5.429582147130092296e-02 7.896861365366171157e-03 9.232187319675677628e-03 3.298693669950475416e-02 9.484547623444939193e-03 6.385211461916333320e-02 9.798039713453544908e-02 3.356571867968483058e-02 5.804958864892445503e-02 2.086476287814011121e-02 5.868767855532830424e-02 1.470788494042214560e-02 1.844773342991199577e-02
4.996086723529524071e-02 2.627937717241755206e-02 1.826324089429588390e-02 7.397583680629749026e-02 7.414340265438383593e-02 6.034883154224567753e-02 1.695591660673885157e-02 1.482138003650165271e-02 1.088413917108146424e-02 8.809469563132785175e-02 3.579970099487983851e-03 4.834783444549120568e-02 8.380713681825077699e-02 3.480864838562951896e-02 3.924071797075243812e-02 9.572756924437376014e-04 1.071807841962760938e-02 5.645694484109599343e-02 3.728673407712673055e-02 4.918030580749208763e-02
5.880660450053988575e-02 1.698014361611388696e-03 6.708589201906996202e-02 2.512853148275072737e-02 6.833030458518489503e-02 5.851704533729282232e-02 7.562919733354639407e-02 2.271609144705063685e-02 7.630289519870026536e-03 3.401514109564023752e-02 9.216453210045905120e-02 8.701030176848932596e-02 2.118182864572884169e-02 9.161802686263391393e-02 1.279460160022234498e-02 6.633959738815263518e-02 2.278154864738030083e-02 8.318573558154862546e-02 5.029826729022959797e-02 7.742632345377002678e-02
9.633795417634526126e-02 5.921768640710790843e-02 7.434568849525530210e-02 9.350111457517283620e-02 1.614013880929043854e-02 6.604189026846306321e-02 5.069216370710761220e-03 1.696218957943188693e-02 3.373878603854282149e-02 5.784424919983938151e-02 8.488375558294161682e-02 8.051437965084318193e-02 1.690873418621423666e-02 3.218086098224961361e-02 7.416706188654273446e-02 8.189720070188793999e-02 5.494818454090771853e-02 3.928844445691705156e-02 2.598387927317221888e-02 8.722551747464267480e-02
1.701088990218149397e-02 2.347224344810883156e-03 6.747243845241621130e-02 8.553629530889074115e-03 6.588462622498348449e-04 7.735728505028188762e-02 5.473090888552514799e-02 6.451294085732439676e-02 1.061858778788908955e-02 3.689504138309099984e-02 6.890773811378990421e-02 8.838696639610238437e-02 9.996497699540385709e-03 3.578673311277237590e-02 5.069796181310340377e-02 1.284027480409261068e-02 1.880865836007467040e-02 7.022634200737368215e-02 6.621291978665444500e-02 9.595182542255326075e-02
5.838470675001677934e-02 3.991899206960392021e-02 9.275025599087635686e-02 9.425273860768679235e-02 9.583834158348247811e-02 4.009781433396254757e-02 5.531447123969545493e-02 9.943468110442027497e-02 1.488740570704352208e-02 7.981198803773136008e-02 5.960110904301695739e-02 5.662318828759726336e-02 9.279168547950461532e-02 1.830286969862737843e-03 1.266523903805602015e-02 6.559010641986866286e-02 5.280206751062278825e-02 3.066836634617252713e-02 7.582064871536078887e-02 2.803642598887065226e-02
1.234482406289388878e-02 7.457194869696057160e-02 5.515389094771450118e-03 9.399015110132430406e-02 6.791457452699695141e-02 5.521711575416304169e-02 3.608904816077503769e-02 2.608437089108839573e-03 7.640993579531249469e-02 2.471607361776951076e-03 1.722907264879832909e-02 4.075171693740772816e-02 2.175925231844812180e-02 3.849641341741968925e-02 9.949012206533562608e-02 8.576950642859923479e-02 3.215631912352524824e-02 6.907370361889941801e-02 4.968449198523768040e-02 6.609304789669283309e-02
1.290754914915510747e-02 1.140548108911908567e-02 5.313025914430392904e-02 5.360456400645782771e-02 5.964052680727660941e-03 1.521973292621512514e-02 4.210419477683711303e-02 7.735264850539379233e-02 8.195792697256498727e-02 6.964761876681946524e-03 1.097843968512857149e-02 6.566512210610914169e-02 8.985869956101327771e-02 8.152225157475775918e-02 9.299047386208315891e-02 5.384995340506781164e-02 6.885683213403093195e-02 7.276778948478468748e-03 5.364965646776126418e-02 5.264854179082012475e-02
8.501997213427443800e-02 3.084574142874626709e-02 5.103401493982406140e-02 9.642544822351006850e-02 4.824461731372218370e-02 5.507182389402853762e-02 2.599935393096103331e-02 2.853135128847034130e-02 8.364292314981135179e-02 2.196943559908515306e-04 7.891715096774583327e-02 9.414452511149252502e-04 1.709627002344961053e-02 5.478998269136181772e-03 9.144500555322981894e-02 5.007981720343945842e-02 4.314692608123728290e-02 7.368452903835161216e-02 3.922524627031902938e-02 1.922510445163171447e-02
