2.001963641081522249e-01 5.917865098077215724e-02 2.280724325492326093e-02 1.885223921025076452e-02 4.875536728623064420e-02 2.480550878657831679e-02 8.423448009464791497e-02 4.976444442653725486e-02 1.084294299753273821e-01 1.294384909783046211e-01 4.642629593546811206e-02 6.242530338037994425e-02 3.860843453947249843e-02 8.743192182930155376e-02 8.375434784330183791e-02 1.871780110020245247e-01 1.431661601750464918e-01 1.738107925379978047e-01 1.450199456573716683e-01 1.304257709134875043e-01
7.383073684101891521e-02 1.181690319049048116e-02 1.669784915499388303e-02 2.414399419746676365e-02 2.368395193224649350e-02 4.435894324070104033e-02 9.799395115050066329e-02 1.202192237884046853e-02 5.443510410604918831e-02 1.636347711908988506e-02 7.813818703053762582e-02 2.084994690520165089e-02 2.081675427030764414e-02 8.544712382246678894e-02 9.425960051971660203e-02 9.208147066505070755e-02 2.038315133327012543e-02 2.788362551580628873e-02 1.003778238442784992e-01 3.883907373011209752e-02
2.028718359132508295e-02 9.424633873659733763e-02 7.256938847719725250e-02 2.067518919886450826e-03 2.914794662567358682e-02 9.056556194174247842e-02 6.959857030698816949e-02 3.664242028504739734e-02 8.031488309012341231e-02 9.586731091357851564e-02 9.867991004909162922e-02 1.911734587702237920e-02 3.691240503007098273e-02 1.808185224730823187e-02 6.520330251514168396e-02 2.532175786054564892e-02 5.047424585443850004e-02 6.524526276320856411e-02 7.046056079696737251e-02 3.432923888385536193e-03
8.861428307932035786e-02 5.158184022799835317e-02 9.005226127220507248e-02 5.641648443589607903e-02 8.166334104801784011e-02 3.230606450409176118e-03 1.020713803483769694e-01 3.844756407109477378e-04 5.691927104999392611e-02 4.960436708992917859e-02 9.745116184197614995e-02 1.342902002473483035e-02 3.840572134855135822e-02 2.669079177805100053e-02 7.129614567212649856e-02 6.701336154448736537e-02 2.208934360939429891e-03 1.054259613786666661e-01 6.866037447560378870e-02 8.051408248551239488e-02
9.110833455743055920e-02 6.439664231596028965e-02 7.772489028915688380e-02 6.143264914130996263e-02 8.688773017997053483e-02 8.343201240458049395e-02 1.043134744372407885e-02 7.891588520385788008e-02 8.465945306707908791e-02 5.896114654626862656e-02 5.493285857773338131e-03 8.825434506739955609e-02 1.017713624552008533e-01 2.810560822969663392e-02 2.047004508005347001e-02 2.837955695029814596e-02 9.014637336597708384e-02 1.055952962792419958e-01 3.608127615161459828e-02 4.308619258604507590e-02
7.457634030025503402e-02 5.216265279481829831e-02 3.559067899708533850e-02 6.611155915513138026e-02 6.309370038999391472e-02 9.891213291539013852e-02 1.071594191588180617e-01 6.006305048995769225e-02 8.323426121898054586e-02 2.944261781012609200e-02 7.856233620172575760e-02 1.044920508424704159e-01 1.252628361225611997e-02 9.225322106469492633e-02 9.470646559614559479e-02 1.250234329400591246e-02 3.914649710913177538e-02 6.387665960129626508e-02 6.186947003487706931e-02 5.269811374761461387e-02
1.611700626181162763e-02 2.141749817341049092e-02 8.080559320725462513e-02 3.996524605778387779e-02 3.552691020777894865e-02 1.142846891055486654e-02 3.311653453305899580e-02 3.471359786949260173e-02 6.428937399598219637e-02 2.312352399801553132e-02 1.038525181893870247e-01 2.279324819959640397e-02 5.761524188723708174e-03 4.704315535331576870e-02 9.375755610626824998e-02 3.825526813340440063e-02 1.066971567777588309e-01 1.146658314466699607e-02 1.304693307629669133e-02 6.484041069624761622e-02
8.292873174854394069e-02 9.150003842024267975e-02 1.055166236071739122e-01 6.463433978673656377e-02 7.079308995260336079e-02 1.459676983176044773e-02 2.221494971039071620e-02 2.752026310614718099e-02 3.988840785270676703e-02 1.000129914411213711e-01 3.362787808340745449e-02 9.375715643319290638e-02 3.741527857062474510e-02 2.345200164821631406e-02 5.426320305225862395e-02 3.240384310100979243e-02 5.317766754093934678e-02 5.109427231913456213e-02 9.150742787375643061e-02 4.417008422311044687e-03
9.027085547211295691e-02 1.184334578919803670e-02 1.425910053322780417e-02 1.536216257108361134e-02 5.634831872047879608e-02 8.692403187592910585e-02 5.152884119233175353e-02 6.696075227963918519e-02 2.255266774045187883e-02 7.907939047925330311e-02 4.554460650041981806e-02 2.074786312472172781e-02 8.349169061697470084e-02 8.630384003084985711e-02 3.526947739594415293e-02 8.179872252401641786e-02 9.162784607835637585e-02 1.067720709512945225e-02 3.407135393354933199e-03 3.969955474947433477e-02
8.176308309617942582e-02 1.056028782550927220e-01 9.559080511112635903e-02 5.998065952274129337e-02 5.178840762076551002e-02 5.588340584284975932e-02 5.269755013806663030e-02 6.371846777642181658e-02 8.650202459193405413e-02 8.365743512382098346e-02 1.805094344030317224e-02 5.155905696749313316e-02 8.409605106672127239e-02 4.245121863930414324e-02 9.570016681177724582e-02 7.950195187731455559e-02 6.414692507625822937e-02 5.162069684623483978e-02 9.080149334597363564e-02 8.526403888806702303e-02
5.048257481620829767e-02 7.109408654488884316e-02 3.469367115412404917e-02 8.851100112541047948e-02 1.014704527758711755e-01 9.133780944787706080e-02 7.392497312787466544e-03 2.547466058185088311e-02 7.419563693029797291e-02 2.531654514031435625e-04 4.056020512370947517e-02 6.687843145951796742e-02 4.654076178631411098e-02 9.903259650539532333e-02 3.533234352227916653e-02 1.935939800885767446e-03 1.115936876364290533e-04 3.939483539025508824e-02 2.552817775376274578e-02 1.528604799343594861e-02
5.759431760585575176e-03 9.828105599087179345e-02 6.890769570150039047e-02 1.060614120578227265e-01 9.776248379713714520e-02 9.231176549122535602e-02 1.170720839924423336e-02 5.328172948469830222e-02 1.038135881680104025e-02 9.370442064500357493e-02 5.856111224410238264e-02 3.516157788425652159e-02 5.432377498784064784e-02 1.233291938150066214e-02 1.809697913669056080e-02 1.866568588487673569e-02 7.411987009324137732e-02 7.886812525158137452e-03 2.173274798077540204e-02 1.040094594420553076e-01
1.747197060320329273e-02 8.267506251737873069e-02 3.333758916565510155e-02 5.324756620595158529e-02 4.382876755741135777e-02 3.122615714466746295e-02 7.816971062153747762e-02 7.479578144225285108e-02 9.184020915239028693e-02 2.405558636634007666e-02 1.048659484456487545e-01 1.035366741100896271e-01 4.991482181926658324e-02 1.205076666213938941e-02 3.147281205976877605e-02 2.278276045161152855e-02 3.060994198476313724e-02 9.244898003216318882e-02 2.971097254696829920e-02 9.150645633391590872e-02
8.667482864615654037e-02 3.554901194290191468e-02 5.931944123132652097e-02 8.059373059700837560e-02 7.586989430038582061e-02 3.347594301761052521e-02 1.050316846418459515e-01 6.835572577266857408e-02 2.934963152430625222e-02 6.676300338361777775e-02 4.248074117021093110e-02 6.376883538469955114e-03 4.713466225891432826e-02 6.292356411862440324e-02 4.155691171257684668e-02 3.510736047899626344e-02 3.481417711838682288e-04 5.414781940039771480e-02 3.033753966750977592e-03 4.626010410433290670e-02
6.281512409991726886e-02 2.517300525777296447e-02 8.555592605060004241e-02 1.357970393666837637e-03 9.945554891210936499e-02 8.209425681959126031e-02 9.824613970444601163e-02 7.136571529215993137e-02 3.190339816658950361e-04 4.162212202767232722e-02 8.488061013301087532e-02 6.788928432568822058e-02 2.621184674417414637e-03 5.231439142990709085e-02 1.113331820137311232e-02 4.188632551271134763e-02 9.263098649414704122e-02 9.312718029838699951e-02 5.898335850293522087e-02 1.832629368384046387e-02
2.746726341471528859e-02 2.484799653318049001e-02 6.094145027431413508e-02 9.674478392564925255e-02 8.558711535875775100e-02 9.192491702271450571e-02 3.621017294399900277e-02 6.063793225075993915e-02 9.708621170908285358e-02 5.148198476325795137e-02 3.168880946912866481e-02 1.854818345399190244e-02 9.522959108457546007e-02 3.291514499386685028e-02 9.864248694627703040e-02 6.827190814342189162e-02 4.462076860149644802e-02 1.413676840710616223e-02 6.737690377257361807e-02 9.773678324394290129e-02
7.659905094351537880e-02 6.241787708203054737e-03 9.896340931124310292e-02 9.975956023929227756e-03 2.818813569740759653e-02 1.030870070911987096e-01 1.459049072477019288e-02 4.935149827735669376e-02 6.177147333400690582e-02 7.628459721138275418e-02 9.158876583492238377e-02 5.686030273221139020e-02 6.716168639653492811e-02 1.580957811495948759e-02 2.869674118732952126e-02 1.028003609620307263e-01 1.648934115270942261e-02 7.778400620717930425e-02 4.256147983854838973e-02 6.034566089897308583e-02
1.051013442117584851e-01 8.156740473982203310e-03 2.132504192761489753e-02 2.908006471205999352e-02 4.140017117938775415e-02 8.283210521035072604e-02 9.737268409092299237e-02 7.540425572379888530e-02 1.047419785912226120e-01 1.722218380473810630e-03 2.370443495078042306e-02 7.945449172002671048e-03 8.317024351351788927e-03 4.165082381966297986e-02 3.993911307067241762e-02 1.658152782097159494e-02 7.368824259374121000e-02 5.122182083844057515e-02 7.121468601015590316e-02 6.684399453924691481e-02
5.264243937311431643e-02 8.205580714864463276e-02 3.935025120935647241e-02 3.864672487599930817e-02 7.183182406487774452e-02 6.577292829184358536e-02 2.667128684419276669e-02 6.605291078687858253e-02 1.760095995118220874e-02 2.015748219111502051e-02 5.216782432549385562e-02 4.083991559112890024e-02 5.776790197838781171e-02 1.028295579403126214e-01 9.051472681187641700e-02 7.568810083549808165e-02 1.190688779339422066e-03 3.286917191463463450e-02 9.820049231155478231e-02 3.385160548022515120e-02
5.212025129654694611e-02 1.006928984841869018e-01 8.387664263759105066e-02 3.824908025120504068e-02 8.099187375372313147e-02 3.439510123570321820e-02 6.554013068398441277e-02 3.492072513160097980e-02 1.188044962002611504e-02 8.228634069319265554e-02 3.211438740484170995e-03 4.771870262323428535e-02 2.489738545885249177e-02 6.469161045231808238e-02 6.977784836735720364e-02 5.501740180079593007e-02 2.880441136506644781e-02 3.698242152545265504e-02 1.965992893543987673e-03 2.764130757254540730e-02
