3.058431409177067573e-01 9.382535433272590208e-02 7.088796965919624826e-02 5.642131413189863803e-02 1.308194732621597300e-01 6.306687461766785630e-02 1.387774747078834303e-01 8.192912813164796026e-02 6.613530119547543495e-02 1.053721110258454691e-01 1.393970760337215342e-01 8.493366983299344142e-02 7.903101873377904596e-02 8.424823933561773059e-02 8.148730092542813552e-02 9.908737765939955311e-02 8.027148360349072032e-02 7.683158634841022461e-02 7.249678023276415195e-02 1.078778014962295528e-01
2.797060081937816772e-02 1.852102732723326459e-03 4.681752091929738957e-02 9.400841864171984030e-02 4.293316878119111252e-02 4.331221427802206536e-02 1.144915418154595146e-02 9.217401449316234285e-02 3.276247401193074088e-02 4.637038574624655768e-02 3.810166508630921656e-02 6.659037950060200939e-02 4.890531490478294135e-02 7.420653868669667419e-02 6.887971456081756760e-02 9.126175442881247213e-02 3.292492494163595101e-02 7.310440772793205810e-02 4.127567520495312170e-02 7.526057735055732834e-02
6.486268166400059598e-02 5.136184984598917563e-02 9.533693990662772677e-02 4.728316330389759591e-03 8.674417911722308305e-02 1.726362059491909351e-02 1.828042339249347226e-02 6.391624140482466201e-03 7.137394026411640613e-02 2.030085491833069286e-02 2.499213235194770732e-02 3.798482239807117467e-02 9.850004867361095151e-02 9.549124681660331460e-02 4.069635232094061250e-02 4.396914325439613136e-02 2.064889638282010539e-02 3.221264247841684053e-02 3.175205798116116640e-02 3.493676080007122181e-02
5.981562430499710870e-02 4.484597808433692795e-02 6.982019754233367848e-02 1.083286483254842884e-02 7.571115372581241343e-02 1.268086042211537083e-02 2.721189094193494917e-02 3.446871014298732300e-02 8.948051685185735848e-02 3.999794313185529859e-02 4.023115223175260935e-02 3.252086898538975382e-03 7.131243191377362178e-02 3.539635841035108227e-02 9.699171876655506008e-02 1.867167928952300285e-02 9.612282255817702903e-02 9.757319063542511939e-02 1.092518370043382703e-02 2.439942792893856974e-03
7.718729216983059860e-02 5.325139554240844453e-02 9.130389994070514659e-02 9.105890074040598470e-02 9.979741690847700186e-02 6.372329737759009627e-02 9.297406737152474898e-02 3.301239951530972327e-02 6.223353228088843170e-02 4.585521802718243306e-02 9.676097580308769264e-02 4.917166435165098992e-03 1.205874182373912855e-02 2.048540122883766440e-02 5.706525093069850924e-02 9.148248945441966873e-02 1.571115623694965477e-02 1.387947618976558342e-02 9.699077129951175213e-02 9.905104166908665353e-02
7.552743171182330073e-02 2.906391951623232936e-04 2.291473357460575150e-02 6.017097542952912215e-02 7.138985790394523911e-02 5.456560998772375624e-03 1.230373550334258430e-02 1.210418733070133326e-02 4.085881246073010120e-02 6.825484776256950104e-02 6.279225167365033722e-02 7.613960225922404568e-02 7.322006155150198592e-02 1.895237572248964497e-02 4.074602155458947883e-02 9.702950826206434287e-02 9.879011883430145052e-03 7.663136544761929569e-02 3.955220539728553780e-02 2.025138920018887401e-02
3.229344475298569911e-02 4.938517895257737989e-02 5.188231746258890192e-02 6.279646087432026735e-02 1.776562136305745096e-02 2.380290574931045663e-02 6.287748872418886387e-03 2.235161226308801652e-02 3.712411875956130036e-02 1.005733712398464499e-02 6.759117572799916429e-02 9.354900110736073804e-02 9.716075427371309581e-02 4.988115003791467050e-02 7.604460087368476728e-02 6.138410523754901649e-02 8.803197310574699397e-02 2.646585339407782345e-02 8.349645985553980077e-02 2.980484354349425408e-02
3.264649366781629397e-02 1.954722736682716969e-02 4.421563648981918782e-02 2.903177244857405720e-02 5.284414367632581794e-02 3.828819468457503317e-02 8.372862690507321126e-02 1.318306148459209674e-02 2.290300546537533954e-02 6.000989847151210616e-02 2.552139044807508889e-02 4.763387538942295829e-02 4.685564512414422400e-02 6.367490817556434313e-02 3.969814447766117915e-03 7.926569728268495485e-02 1.745341828269977510e-02 6.835368942005816406e-02 5.002300969110182877e-02 6.063586984385808260e-02
9.293158188480045434e-02 9.235752975249848784e-02 1.927650856407989860e-02 6.335792878661729299e-02 8.218900647863691677e-02 2.157931350260590408e-02 1.992912113906333479e-02 3.472321306579352618e-02 4.169011332883561238e-02 8.985795824454778646e-02 3.920688325339582829e-03 8.235600407004356471e-02 4.067270193240808684e-02 5.479371191322003620e-02 4.484891563662599112e-02 7.117571819435759839e-02 1.885699914908620795e-02 4.135274548396355998e-02 2.214366391308341189e-02 1.476177285723325773e-02
6.051347261218096435e-02 2.828499736702904180e-02 4.643833109486037586e-02 7.487279715312576689e-02 3.258925437044529749e-02 5.439233061921910223e-02 7.949839560373571368e-02 1.035479810977904015e-02 8.009748147106320049e-02 9.455374944019875882e-02 6.040992635860853444e-02 6.452261086557162240e-02 4.103736657060683135e-02 2.520420731104644485e-02 8.187943109266374031e-02 6.805339169149281220e-02 1.768273646462819107e-02 3.546675515654562627e-02 6.743293603191156949e-02 1.940779432301218549e-02
7.682310493672492302e-02 4.230162517842274428e-02 1.815219218171646581e-02 6.998718249000630831e-02 2.589250538981848968e-02 2.572473466030158681e-02 6.995281115018148546e-03 9.173463768986571398e-02 1.543505851110318385e-02 4.171909678563000962e-02 3.654592498493459962e-02 1.162770617617057273e-02 1.498402021924183413e-03 5.783671537641452837e-02 9.432630928971003081e-02 6.783791501694419468e-02 3.132940509253050870e-02 3.105693551021415644e-02 3.047094299664357062e-02 2.035115992810941979e-02
5.149422003616758309e-02 7.444450242059721945e-02 9.175903733009603547e-02 4.762045841526235668e-02 1.373907719318605627e-02 4.911962799560946197e-02 2.384591082731261219e-02 6.657743186807084379e-02 3.660156906276506444e-02 9.548642754812984579e-02 3.171602293733347816e-02 3.944659329016127203e-02 9.344419738792764107e-02 1.132093412966372935e-03 1.728537706666572957e-02 7.695828452818698207e-02 2.075077629638272247e-02 9.028269967308731603e-02 6.145064057283990133e-02 3.599574770342515301e-02
8.681486148707283357e-02 6.354164698305364740e-03 2.589917943106153850e-02 8.258517099483461688e-02 8.963704593738879012e-02 4.337836684084955818e-02 9.681960534871936197e-02 3.992505128029993217e-02 5.641942207201447457e-02 6.766550119306896649e-02 8.767980316006677988e-02 6.394280459103426906e-02 1.773128271282840146e-02 8.061100147657242199e-02 8.597821193775877224e-02 7.353896932243984830e-02 3.109104877568730219e-02 7.261130617364379425e-02 7.493518114472565161e-02 9.196461736005846072e-03
6.204111563123868023e-02 8.596377655153714104e-02 9.925812903602306003e-02 9.439345117811592800e-02 8.357743783700309625e-02 5.696594873126743785e-02 1.572147331875717313e-02 3.522487644575124366e-02 1.422716350127775121e-02 2.972551886652155181e-02 1.296992858986015934e-02 9.991047151194612508e-02 1.316317355808543921e-02 9.077590378906362500e-02 6.903079145466821387e-02 3.404487499771154113e-02 1.498543194852244333e-02 4.885975565451511349e-02 7.356435920259780936e-02 1.928881595607011626e-02
9.897671193088811159e-02 4.527900721065904188e-02 8.691936613521630828e-02 3.508862765490216445e-02 6.229692065621748182e-02 9.136996704138433678e-02 8.362600625910987517e-02 2.766859545144084807e-03 9.099615027574337045e-02 2.464324911689429534e-02 8.181306966508333778e-02 5.018992093155766332e-02 7.941015843922717352e-03 5.365755776907225189e-02 7.020520180461464754e-02 4.115232485121021050e-02 1.329061039922674325e-02 4.211447931136385464e-02 9.564766307990303640e-02 2.709753788102664800e-03
8.292043225935857853e-02 6.687124773765797114e-02 1.591373841791264912e-02 1.839778545977099888e-02 8.710587267648317242e-03 7.945999008608579939e-02 3.853126732841241631e-02 3.207596055076066682e-02 3.026159448427449133e-02 2.348771636179429814e-02 2.325418653231250618e-02 1.898535767205192931e-02 1.777800560114244435e-02 8.657011560917515780e-02 1.008354869101527745e-02 3.480444767262158828e-03 1.104382448340209856e-02 5.456715120220881343e-02 1.143223249642524343e-02 6.420184157173026117e-03
3.219657343830902713e-02 2.508291343099371476e-02 6.757988077087227763e-02 5.935812475497603824e-02 3.419170635745964054e-02 6.945333290462572806e-02 9.835624854909685855e-02 5.403875707964059943e-02 5.435517456683099102e-02 1.515256454324208704e-02 7.637039870921383256e-02 6.446192617476757813e-02 9.764945680694160635e-02 4.981583202141838529e-02 9.842619277067199413e-02 3.887627359194115867e-02 3.152411831575815254e-02 9.554306665537994070e-02 2.099390853939070434e-02 8.371208369084712220e-02
1.402662475270721916e-03 6.148175102440516654e-02 1.259140747401554881e-03 9.869178511895031203e-02 6.626973358559827554e-02 5.593522760120844817e-02 3.387778854535111045e-02 4.793664512955229245e-02 1.694092952907827465e-02 9.361600729344767002e-02 7.685887185830825308e-02 5.663182091312713579e-03 1.260814790524137502e-02 7.387446239488790201e-02 3.340498340142057654e-02 8.253049446318824756e-02 5.202171400509787713e-02 2.506964037582984015e-02 5.094654072139797457e-02 3.614729575449685678e-02
5.087121656736873221e-02 3.815548715391547246e-02 7.494258762434330423e-02 5.097878382364892658e-02 8.484278285581811629e-02 3.439666920303133951e-02 5.726608593825902038e-02 8.294658927268948323e-02 8.672121922827463747e-02 5.035449148169562211e-02 7.658664974773983503e-02 8.291301082338349560e-02 8.528663511155956667e-02 4.310392968326875324e-02 6.608657014197603929e-02 2.076698303531409120e-02 5.878799494166042638e-02 9.598545817827516813e-02 7.498259872485553423e-02 3.825431818975400314e-03
8.759684327998895625e-02 7.238181045255391577e-02 2.508083394434429403e-02 5.208938775160853324e-02 4.149440946209275588e-02 9.564744521882924400e-02 9.080323718873817285e-02 2.942895832154923674e-02 5.462263049713894647e-02 6.423036228687503679e-02 9.489984569650487811e-02 8.552528286941393776e-02 8.403953914471484765e-02 5.760465563775096776e-02 9.506615206700828880e-02 7.555471841848608594e-02 6.150418739740879520e-02 3.258832447473807709e-02 2.954804419725456585e-02 3.085417127520992051e-02
