1.981005287411936044e-01 4.149471412427636896e-02 1.695992251407730800e-01 3.824582681544282103e-02 5.235170970045890937e-02 8.958058726295148322e-02 7.559042185656589252e-02 9.899195630232174303e-02 1.365110635403118944e-01 7.464319149909223738e-02 1.098243180350176595e-01 1.323103941542107809e-01 1.400008568417798194e-01 6.790012999949260331e-02 1.046299166952597837e-01 1.042128172110594886e-01 6.857305813890032797e-02 6.422669076917977837e-02 1.613224918715465139e-01 7.661342892370805180e-02
7.078940234249123109e-02 6.384528383021534359e-02 7.347215800531928243e-02 5.417718931563283297e-02 1.036869079525592485e-01 4.103315485105291788e-02 7.282652518223947657e-02 1.533524921495741690e-02 3.927939620103317736e-02 8.418090786035495321e-02 9.912100265589406101e-02 7.111381575981187697e-02 6.294626638263668694e-02 7.381527730340013693e-02 8.170574309758841733e-03 3.804640105691053237e-02 5.092638819407194900e-02 6.834599849765088386e-02 6.169855920981714287e-02 8.116738496543710046e-02
7.156549737410037443e-03 6.908408548704385310e-03 2.045780805543361697e-02 7.119545674141976310e-02 1.407772973959105049e-03 1.310428081344247771e-02 1.361592941909336996e-02 3.288933161529419835e-02 5.781572177091702514e-02 9.523950421464624783e-02 5.180749263790199177e-02 3.291862005323526602e-02 9.736002049641173661e-02 5.163597667625291487e-02 4.417423396849278622e-02 1.902864091432906676e-02 3.129417639309216292e-02 8.058420127769960750e-02 3.423419116569813986e-02 1.725452161217429919e-02
3.664012387384065622e-02 1.006802788211026561e-01 5.807497617969605702e-02 3.067283999376790860e-02 6.675895908813074542e-02 9.394518799755115224e-02 8.435119489249857938e-02 7.112430769098603695e-03 6.366274157239255882e-02 4.163357315497827338e-02 8.788620289030053823e-02 6.228555243305453071e-02 2.081556613314186968e-02 6.512376612021630873e-02 2.663117926569632740e-02 6.575041269372552954e-02 5.959798822288546460e-02 9.591318174581202338e-02 3.500155539471557636e-02 9.569529271453311448e-02
8.625451274853468409e-02 2.284105479913059109e-02 3.290202009843688769e-02 4.982524742840390569e-02 7.359083815131726991e-02 3.227613321438397003e-03 7.350548614131065250e-02 4.901191612760231325e-02 2.586405652971446659e-02 8.874447729919550387e-02 5.375014022600031055e-02 4.604937495796353891e-02 8.324550122674978514e-02 9.981022956972612770e-02 6.002442980051253540e-02 1.608280282033683686e-02 8.584657039975244347e-03 4.165393184100932289e-03 5.119496481994396941e-02 3.548056951391371366e-02
3.386755462912637710e-02 3.420681290953248715e-02 6.859772703803740379e-02 8.543352498642098336e-02 6.064911618441102409e-02 3.623205102433475072e-02 1.239704464713807866e-02 3.202850856373345989e-02 9.261492437924441490e-02 4.592444074505558360e-02 7.633973290743466256e-02 1.022530901415348720e-01 7.813721630927548956e-02 2.029766974364529894e-02 9.563254710663622593e-02 5.810036376359942883e-02 9.112985379355841020e-02 8.323867978266139001e-02 7.617915698414225167e-02 2.977566626786628048e-02
4.869333994894251005e-02 8.449278478203847698e-02 1.035541928884700508e-01 2.666780943945318283e-02 8.638488285858691995e-02 7.974695373904826246e-02 1.982108419581241066e-02 4.436119069991206060e-02 4.137181782742779118e-02 5.254217493309752685e-02 8.179478976362802856e-02 1.002463532318974004e-01 9.465087429417441689e-02 6.060025429913577788e-02 3.644951931995735195e-02 3.418638365896800591e-02 3.700534215536049887e-02 5.230351144373592692e-02 5.037900363826171291e-02 7.083078653097507615e-02
1.005950992770238660e-04 4.050780925018563489e-02 7.094272935422921145e-02 6.624689368546975154e-02 8.299267752358846376e-04 9.177824951871592363e-02 7.324898583289042586e-02 3.031026552162389975e-02 6.335212440038141823e-02 5.761744108928161523e-02 4.778783458331870709e-02 2.254252100387547919e-02 8.934219174234750080e-03 1.373746983247725768e-02 4.198459189768913996e-02 2.212004692169454445e-02 1.266778337845690661e-02 3.210607833540623374e-02 5.271702343516688344e-02 5.246706145724479992e-02
8.686206066400498083e-02 4.429401812807362560e-02 2.388790678816082522e-02 1.005412199404764756e-01 3.166189789918345127e-02 2.618298358588832392e-02 3.056645790162346513e-02 4.680536997490808426e-02 8.760739311642561089e-02 4.259789120165664161e-02 5.924752738926460094e-02 2.864601750031322766e-02 5.295340072540645482e-02 1.031962950127235101e-01 2.829778728158910059e-02 7.313630430519607595e-02 1.235131307608746884e-02 6.392300388997118610e-02 2.635932891653603241e-02 8.276824219888814782e-02
4.794470144829272168e-02 7.261087414482082780e-02 6.824848568488856015e-02 8.132519820628286711e-02 5.173001743484403891e-02 3.352518668274539343e-02 1.251270014089251453e-02 9.730344670042549715e-02 5.286911231772353781e-02 1.833545233053208642e-02 1.021282695237023114e-01 6.252235463152602292e-03 1.984637548291550650e-03 2.035818722534873081e-03 8.046864596972420902e-02 9.387644155085969611e-02 7.228784108486226156e-02 5.239701303145782169e-02 2.079084661157984838e-03 3.785422979452365833e-02
7.262055120073448999e-02 5.771966139965573062e-02 7.735494092198813565e-02 3.903620071238968897e-02 7.395661152589837195e-02 6.083180226949860131e-02 2.672590351264008540e-02 6.676656624666803264e-02 9.848054513218158779e-02 3.603531084356108565e-03 5.064190045925290318e-02 9.216501467522741908e-02 7.302673293634565077e-02 3.710553428580862928e-02 5.496870562237746172e-02 8.140278317217199133e-02 4.186258441917563994e-02 2.733014275644655294e-02 8.661552989796117430e-02 8.787891525797847381e-02
4.773986698287129016e-02 9.002764304895843894e-02 4.383160858660851283e-02 4.749194891141771818e-02 9.402648884133658902e-02 2.353518410697243157e-02 2.212752929089190686e-03 4.940852869965806776e-02 6.330535438684743721e-02 1.766766650681441883e-02 1.673412059424641066e-02 2.641065876629533973e-02 8.343018352332516596e-02 5.439493295606389472e-02 3.796680103409501295e-02 1.538125688475883157e-02 6.209056121846824594e-02 6.303091215194991936e-02 5.859674678162144629e-02 2.615249688429780242e-02
9.141642744410662103e-02 4.063555828655468515e-04 9.611465701813019791e-02 8.786252977528581642e-02 4.926379486712682831e-02 8.537857125361290878e-02 9.721043636144417743e-02 7.935489789585931097e-02 1.016839711536673824e-01 8.199442700521315797e-02 3.665003884802880280e-02 9.754585826823553019e-02 3.540784094558414169e-02 2.740771160676940682e-02 9.309721593617291402e-02 9.092520087236757864e-02 1.006585436759752095e-01 4.178038804454378002e-02 4.207465128033441304e-02 4.804580042444242527e-02
6.183381584654588925e-02 1.003430469103195888e-01 3.651939195530433391e-02 8.019213163671846945e-02 9.581984933531375453e-03 7.759411174997526972e-02 1.164269873280850739e-03 1.929623722902162886e-02 8.931703629774759724e-04 8.462503927031239659e-02 6.924959218201616473e-02 3.475261809596573437e-02 9.487039974753552762e-02 1.001724766326895361e-01 5.601678425403065070e-02 7.044066986383139273e-02 5.353125537561288783e-02 4.209331068144452070e-02 2.927173190665401797e-02 9.277847128685702549e-02
3.804059379322765472e-02 1.011691189738379293e-01 5.383665253890095731e-02 7.732268949648929413e-02 2.441491589862156142e-03 6.767336813211066726e-02 7.698820014989284088e-02 6.567015434188358536e-02 2.251828506444751229e-02 5.829747859992365222e-02 1.610418483752425450e-03 4.297539261056992216e-02 8.022530062101634885e-02 2.469829560189851225e-02 1.318318550671782226e-02 1.660642622964901907e-02 8.428201607558273578e-02 3.969759884432503411e-02 4.513792580566763218e-02 9.327617106962466514e-03
6.384671156658430768e-03 3.950807976737713556e-02 9.017116327724628011e-02 6.239239803072869212e-02 3.751549014614681543e-02 1.036883131479762604e-01 6.108498003647618024e-02 4.824853542451192079e-02 5.206110616208661085e-02 8.315511621835962319e-02 3.235562940551119093e-02 8.626427846002790445e-02 4.969794866574803877e-02 4.741784875262341353e-02 5.472178557950032468e-02 8.369238247746529913e-02 3.908170886486076606e-02 6.627023081288194173e-02 1.741349913650650991e-02 1.671088807802513163e-02
7.961230230122434692e-02 6.108686334767574055e-02 8.558943761212904622e-02 1.928616551332918219e-02 9.550498873383711507e-02 1.972475975249755474e-04 1.121252908409581250e-02 8.271386595349417004e-02 7.732724782921346351e-02 5.392135779327074385e-02 5.932942590598301591e-02 2.543402046568812164e-02 7.321520987871377173e-02 8.374511805886278304e-02 3.182689897369760101e-02 1.461753133769545278e-02 1.036123254935721744e-02 1.082829356569507939e-04 5.389581704083961505e-02 9.528918404221906058e-02
5.211355129448471020e-03 7.812493014381637069e-02 1.031504299399816915e-01 3.238588115012765861e-02 3.650965102830729114e-02 1.529118710959816510e-02 4.251556363698199420e-02 8.147500747858438253e-02 3.861456879852557394e-02 2.051253078583520698e-02 9.687731704391180920e-02 5.156941198703753754e-02 1.858073771438786825e-02 1.340760441707522163e-02 7.182665016390828768e-04 7.726017674804885882e-02 6.556063992240677984e-02 2.265751671276505091e-02 7.875599552190162833e-02 5.225624613046565836e-02
8.306160466853913793e-02 7.134229084227184867e-03 4.689137958450069477e-02 6.139918762957918136e-02 1.943709607192339872e-02 1.592595803008602096e-02 7.536067685622974133e-02 1.650804865011727685e-02 9.960566959549992105e-02 3.979359043982078764e-02 2.040258324528712586e-02 5.876902218061091226e-02 2.060584552327052871e-02 2.210190236772125935e-02 4.134912653740110272e-02 1.000478760782441828e-01 8.498903270605094595e-02 6.677502415096489563e-02 7.386419310991229614e-02 1.780590352318700206e-02
8.040124542636442606e-02 4.597967680230019560e-03 4.324921507709453272e-02 8.578159689927292164e-02 4.027023993470756069e-02 5.148033109712094740e-02 3.653852163435254707e-02 7.860008621005469542e-02 9.005744985033473093e-02 1.718552018827993952e-02 9.320360024061726326e-03 1.035698305939494052e-01 3.268562587254146556e-02 1.523990478931882761e-02 7.860899810199779847e-02 2.738109719215343907e-02 3.258307207731164085e-02 8.450854128021934464e-04 2.431854024827794294e-02 9.919347273719367197e-02
