4.084211726363274342e-01 9.819797672419440515e-02 3.602749846708275944e-02 1.604015898469426937e-01 3.899502107869345924e-02 4.230045098257999292e-02 1.495047892039734483e-01 1.393280125578825468e-01 1.458506270326082599e-01 6.569375584449343997e-02 1.364782259690586752e-01 1.094776627396515101e-01 1.219558976184071108e-01 1.706458158210975573e-01 6.146629854896593081e-02 1.039803840640629445e-01 1.366412553913441685e-01 1.000025673275879018e-01 1.269068865605000040e-01 8.020801949156126931e-02
8.117714437383720394e-02 7.335391276966626850e-02 6.190380933275422756e-03 5.410863406554882772e-03 3.083407953824792228e-02 7.523830472938305286e-03 1.425958591494302409e-02 6.524942284073504024e-03 8.491427718592901852e-02 9.125706265120694938e-02 3.173268711003654485e-02 8.069536699600678153e-02 2.017702452420121889e-02 1.469760505199931531e-02 1.782147439741152070e-02 5.350616242616199059e-02 2.266196272171892845e-02 8.888201982486673702e-02 4.055201448999464636e-02 7.743280410351328913e-02
6.001402586430821390e-02 8.232740485052282564e-02 4.861770361759104597e-02 7.985379858861908764e-02 6.477301350816926095e-02 2.799196636670337000e-03 2.628148143806962114e-02 6.036410983145368281e-02 4.854101459695118331e-03 7.678674216328085222e-02 6.595022505654806085e-03 5.917569030021383597e-02 5.115298033900440161e-02 4.185923167876691442e-02 8.744420780315796671e-02 1.393717270875262544e-02 3.023603859688988454e-02 7.563622433306128878e-02 4.446047382914555812e-02 9.596898601730957656e-02
2.248992493407399318e-02 4.644509882078952379e-02 9.995618253743757120e-02 1.006070783434757782e-01 9.833949649455958619e-02 7.237150083544788282e-02 3.914591695305477681e-02 7.917787134054901643e-02 7.154481283545562065e-02 8.115763064460336518e-02 2.983686326125668115e-02 4.969007677041433618e-02 9.392256193370484424e-03 5.145670498994504849e-02 1.367375346412358188e-02 2.128174632481600811e-02 6.921581816784565244e-02 8.477015103703657017e-02 8.672022313252964951e-03 9.870064008254343831e-04
6.489939989633665418e-02 1.483457062929075324e-02 5.745685766688714280e-02 4.596739045818181574e-02 8.342229884234657333e-02 7.797859122389859399e-02 7.009737208106257313e-04 3.560665908405710040e-02 7.044501617605650190e-02 2.674400392181425570e-02 6.670456793395847239e-02 1.417542812510451562e-02 3.063552349842390762e-02 4.559227008794154018e-02 5.101082797944376385e-02 8.344562479456862913e-02 9.561898859979012233e-02 8.804297045818469669e-02 4.624952709619008229e-02 7.849395256182244152e-02
1.017218636358116907e-01 4.557680422522508712e-02 3.738106465097923437e-02 5.573398105471889796e-02 4.741962002146608152e-02 5.079681289945880973e-02 9.228232067278442641e-02 1.034568578958368484e-01 2.982311888179688814e-02 7.227351791321032226e-02 1.020033994968586460e-01 3.116430761967036930e-02 7.246296710639242925e-03 2.360618914915629807e-02 2.387587664735001114e-02 1.041997144149298393e-01 9.716584019931190364e-02 6.239253131988306555e-02 3.546777778504808798e-02 6.329267732806860558e-02
1.087668332102450716e-02 9.888262034114167487e-02 2.712607219676449466e-03 2.121452262790249864e-03 6.083811336282975157e-02 9.912633795304208462e-02 2.952604785016108273e-03 1.022234350167200712e-01 9.641337966850178085e-04 4.153947702856768120e-02 7.414134548497888777e-02 2.543098261416273931e-02 6.294720810971292380e-02 8.756010450880541418e-02 2.269742168585351348e-03 4.356213732079915191e-02 3.807097175681019990e-02 1.911362887878088543e-02 7.534462160091158489e-02 5.947533099813394342e-02
1.072523090856836690e-02 6.896248952219662109e-02 1.726616301765159780e-03 5.629053036200530602e-02 4.549744033667140614e-02 1.722861533478379364e-02 2.620808176335865172e-02 6.573918177470600144e-02 1.070797023680457732e-01 2.975513323537939958e-02 4.368828729578386888e-02 5.293014544161508961e-02 6.219095702444222412e-02 6.080645537120380265e-03 1.026723881611616568e-01 6.260997722769205687e-02 8.858082563939861931e-02 7.278938900045024175e-03 1.026407546545666932e-01 8.803304713669163339e-02
3.068358929081255876e-02 5.369335706733948527e-02 5.969866072748039598e-02 1.969190667091542946e-02 1.056976338482820410e-01 2.734915757399235866e-03 7.239152132147833041e-03 7.290522329419220349e-02 6.239125729724058489e-02 7.656094733807547459e-02 5.920370572868492720e-02 8.973451764157870658e-02 1.054347289992520059e-01 4.444095190799614986e-02 5.959781904894461552e-02 2.429001610755291557e-02 1.024248233773748795e-01 8.329272214369629057e-02 8.554168919115957836e-02 1.043600722390804758e-01
1.265127137347352333e-02 3.925198899673842945e-02 3.927678468322106514e-02 9.517513549298193751e-03 1.873721541252735840e-03 8.690053070447227579e-02 7.484078238837352237e-02 4.690333263299273359e-02 1.001071061919341088e-01 1.073851648398961300e-01 3.041900655811840409e-02 3.205233914720060501e-02 2.731906155363582334e-02 1.055371208754300322e-01 7.784368861969448439e-02 4.442074941921315967e-02 9.901326115993017152e-02 6.621972950039642369e-02 5.683971009213481529e-02 1.025664883733685556e-01
6.410773987671784802e-02 6.893931225603351642e-02 1.352027707035140421e-02 7.305368975672382748e-02 1.885557861004318395e-02 6.882881944260130225e-02 9.703636412427285585e-02 4.345251689172421015e-03 6.339746061874236560e-02 3.332444929545048257e-02 4.765638751702427900e-02 4.227189469246012826e-02 4.611626346292255207e-02 2.867691590662176798e-02 6.442075745919760565e-02 8.770856549272929015e-02 9.837282410866547699e-02 2.436819860719102379e-02 8.401293958058561606e-02 7.706931273693846951e-02
9.965316874068623487e-02 1.163786730348775715e-02 2.831730740977255606e-02 6.892689477346268523e-02 4.482871722172483697e-02 6.209010975637677815e-02 8.559954437927609627e-02 3.249345771512940351e-02 3.946982463194596315e-03 2.216484176530861619e-02 2.707381570985955416e-02 3.400703043628711120e-02 2.875424486460903539e-02 1.004811836160934835e-01 4.983177807461750680e-02 3.878950639548008755e-02 9.286171712400406730e-02 1.064387022052939134e-02 5.065447809999144846e-02 7.982400034502831754e-02
3.377074225060433532e-02 2.776831186410392074e-02 6.319140944352769074e-02 9.989881175042335248e-02 9.868281304255563033e-03 1.033352462789354775e-01 8.515998623914619592e-02 7.634454426078167259e-03 8.165355060904545825e-02 2.858314805725092542e-02 1.483996988849315204e-02 6.658180554955561194e-03 1.940814170690052104e-02 2.620995775862703606e-03 4.516060532010530287e-02 8.857709557837309400e-02 5.075769358342968607e-02 1.054302442286672581e-02 5.829048631966336769e-02 4.038774857873474872e-02
8.562685925997020383e-04 9.846427538331194163e-02 3.301163161449414962e-02 1.657782708362676464e-03 6.198533639870812406e-02 8.813653872533737388e-02 4.633016336769934379e-02 5.155967330683326744e-02 3.639855615298543540e-02 6.152891481472797658e-02 5.585345441051646487e-02 9.228220769131240120e-02 4.951658869448303385e-02 1.076294593544889350e-01 2.682229854267370248e-02 4.918673892986276386e-02 1.220591365150272252e-03 1.026780786726569014e-02 1.950969663126920356e-02 1.076689790001555437e-02
7.011909565395045563e-02 1.077628311889011342e-01 2.664764651545332291e-02 7.009524069792819057e-02 2.091662259961597423e-02 4.649396105984802269e-02 9.484500313240774860e-02 4.704025920643281622e-02 6.837652846136131612e-02 1.073036750982331727e-01 4.474691161522690447e-03 6.559689045743596902e-02 2.763808027709894685e-02 7.264563494956001455e-02 1.664684291613764688e-02 3.562299367760177887e-02 8.368468071769850913e-02 7.758246014536494817e-02 5.949920298212328651e-02 6.673641448421049893e-02
7.587020952495923676e-02 7.501165444181816244e-02 1.030988339986393110e-01 6.888637471663945633e-02 3.190275726434983056e-02 1.076377616284913408e-01 5.963845682872417203e-02 8.973020683968242761e-02 7.746942630543730834e-02 2.453071553762399895e-02 3.522396511618154646e-02 8.639157580506295550e-03 4.028640713344994184e-02 1.030289934953891179e-01 9.257478003128975785e-03 8.715681146439857585e-02 3.933948550484752532e-02 1.633318516031495235e-03 1.057782537200771533e-01 8.067589311184870937e-02
5.171246205160129339e-02 5.156135040068896003e-02 3.499106119766204337e-02 2.343281802607567656e-03 3.474390540111290532e-02 9.375889996432144879e-02 5.821471143257837821e-02 2.400856549660878789e-02 1.007173700222151608e-01 6.399661611083620749e-02 4.798146971343573292e-02 2.441842764642769212e-02 8.773191749110223481e-02 2.710211136555430028e-02 2.567070969768896985e-03 4.799458402775269583e-02 2.470926940259285040e-02 3.868042211005622705e-02 9.753596610322977367e-02 7.397403566432517175e-02
6.106025681517155551e-02 2.930272766080960559e-02 2.650062641236513791e-02 6.032194777338455854e-02 2.089773754389214616e-02 3.549254001390401980e-02 8.440612950876472120e-02 3.178528948192530651e-02 1.074010821678574312e-01 7.596837384928278869e-02 7.066117268498349480e-02 1.155198663374566032e-02 8.931413680553476619e-02 2.944767824764212005e-02 1.682845241860250057e-02 3.792643476053016854e-02 4.686424190122756572e-02 4.827485952547330011e-02 1.894285147741884071e-02 1.064863020017593059e-01
2.562878419161382371e-02 7.925377005832119626e-02 2.653966468933238385e-02 9.998887596930793042e-02 7.984283558573682105e-02 7.845845091050143716e-03 3.938624692314673242e-02 1.054415467828911518e-01 4.049478208965239662e-02 6.239920207159102561e-02 2.037536632313482685e-02 8.864111893468677283e-05 1.046405474381221501e-01 9.820235278270827983e-02 4.289435678191507589e-02 8.724461032241427605e-03 9.437475865893116267e-02 1.394069225318900901e-02 2.907711385764507467e-02 4.782317939336015733e-02
3.114972510966287911e-02 4.719476791672760907e-02 7.232400876108438124e-04 1.016248767298873062e-01 9.035585467602028076e-02 3.524013747501240912e-02 9.145096282405340560e-02 4.772476786073931096e-03 6.061439778627330383e-02 6.082249728081748352e-02 2.957256291775771373e-02 8.892747254291967149e-03 5.040507662480547824e-02 4.774990257000876967e-03 9.253962230840569181e-02 5.919869454649134138e-02 3.508672417833756663e-02 1.555656358558131155e-02 2.000246353730293636e-02 3.966388218909262103e-02
