2.748207826745177051e-01 8.653181022776458564e-02 2.601472416557757891e-02 9.697467796885908542e-02 1.609922256447591793e-01 9.508165327305997949e-02 1.100369733898706737e-01 1.319725358622684808e-01 3.641950476549487420e-02 1.055430019544303100e-01 6.953528087206041486e-02 4.321202513907885373e-02 1.163956978406003873e-01 9.398378538305091068e-02 4.000440930245074966e-02 5.278488196434399232e-02 9.137263689754328289e-02 5.775675810733339743e-02 7.362129738284931002e-02 8.709404614913153486e-02
2.845314747953037182e-02 4.197718714669729234e-03 8.901506199503410321e-02 1.740662707669150475e-02 3.616206493147510609e-02 4.215691829940770852e-02 7.902573612226558575e-02 8.542546626913320729e-02 5.367378129550257060e-02 4.722371634149147637e-03 6.508854867156599680e-03 1.551451292028668306e-02 2.796922801587271856e-02 4.198590895499228204e-02 7.242936685922633788e-02 7.651861606957277573e-02 5.866192854083107644e-02 7.301309827220162085e-02 3.089308478068943098e-02 2.772807205428058641e-02
1.416530671230504905e-02 5.089522215040388764e-02 1.593894594454181579e-02 4.375214842359440026e-02 9.569315818201687418e-02 7.158557516174997304e-02 1.493126902779634557e-02 1.742994056408500234e-02 5.924199136769004760e-04 8.302620457335641024e-02 7.309994976060983640e-02 2.154584479350302173e-02 4.117471665766801042e-02 8.534887106177169169e-02 4.886356714019016861e-02 2.537335015458264120e-02 8.432619501391103167e-02 1.173726881702231821e-02 1.692375755458092046e-02 2.990078748730161731e-02
1.664270902318108064e-02 9.432843276855859549e-02 9.722975635628049174e-02 2.886213484955959738e-02 7.253706816996316475e-02 9.375020084493426720e-02 1.252082173310130678e-02 2.523337749345452505e-02 4.712251713137727456e-03 8.908079796860485233e-02 6.532730827874329294e-02 6.532100307294562425e-02 7.599976251104273439e-02 3.134623907602246407e-02 1.874963665051543457e-03 3.413177578725776901e-02 6.837920594384115647e-02 4.435270325425491600e-02 8.723346348322369437e-02 5.964439440645361024e-02
4.852764146487181102e-02 6.026978285764831439e-02 3.177054142104942386e-02 2.988238151381406374e-03 8.881064332402724415e-02 6.962221359800312148e-02 5.422684874048794290e-02 6.350784339668252843e-02 1.333081523640495918e-02 9.035359136247839151e-02 6.803423518965141803e-02 1.605960978952876081e-02 9.135201721582170142e-02 3.209961937299019713e-02 3.948643616072527313e-02 1.034839968503020692e-03 3.954779045271140936e-02 4.272559386652974821e-03 8.804524668071789240e-02 3.383548808938748736e-02
3.751722498515535492e-02 8.920569859241100907e-02 4.714420572764904671e-02 4.949437572021753162e-02 3.346693365310120932e-02 2.418558843827588525e-02 8.511717073109749399e-02 1.800625660552067700e-02 7.401702429856599208e-02 7.807256545924341762e-02 5.650471346148414065e-02 9.988360939746221412e-02 4.968379654166893422e-02 2.432847722398209442e-02 5.803870597690931332e-02 6.317056204992949064e-02 5.298137537184475360e-02 8.257656871217386452e-02 5.273659777323831677e-02 8.606221342293127186e-02
2.373294453489214334e-02 9.056852729023062709e-02 2.531773750741511675e-02 3.706185400988664530e-02 8.442744420953013362e-02 3.610747697587946264e-03 2.008140379717948676e-02 2.556293558578481926e-03 9.128297771510919534e-02 2.064892784505076989e-02 2.717624187476781750e-02 2.245258165852226460e-03 2.250374867020630415e-02 6.643485719505211329e-02 3.807434816567500935e-02 8.244590426700437735e-02 6.587822305391999311e-02 1.443184337935406007e-02 7.886173091354477249e-02 9.658304151692269357e-02
7.641323581171775847e-02 1.145898680689727556e-02 9.032232492831754334e-02 5.733268572463721263e-02 3.275178786737861086e-02 7.548778095210445516e-02 6.194158502524469562e-02 4.774899113111797256e-04 9.671771450410870941e-03 8.179426978824411165e-02 1.910525601755967001e-02 6.473601154834905669e-02 4.407390359679446562e-02 2.402123674447259605e-02 9.328969782295783164e-02 6.845689632129636770e-02 2.996979653817685371e-02 1.462205939389414969e-02 1.526854463241568254e-02 8.157172226812928195e-02
5.651441055976465233e-02 3.019823630494381655e-02 6.889962630256974557e-03 6.231702390113180723e-02 4.966610818126093729e-02 7.238434951300259934e-02 6.814360380200167044e-02 7.339879103660594539e-02 8.663665854083069107e-02 8.970128802667244605e-02 9.472257167326839089e-02 4.350825445556481125e-02 9.364556676233935784e-02 8.816433526503780760e-02 6.030672929880640659e-02 9.815741922404368214e-02 3.128886312000741382e-02 6.103556905702353652e-02 2.492122370921539057e-02 7.954558536084715969e-02
2.412979300053018708e-02 6.019620696478455990e-02 1.550008536431850617e-02 5.303488704654778924e-02 6.554441740968962316e-02 2.064090533417972662e-02 6.330280200768839682e-02 7.624557063483423935e-02 6.658873752536509372e-02 8.007295823040959382e-02 7.194184075540298318e-02 1.523641420376668082e-02 3.535733495230556495e-02 4.397706043347983373e-02 7.778178684440187340e-02 6.207650114429990457e-02 5.922418144325569678e-02 8.175679727667740926e-02 8.323650800172241460e-02 1.807914217498965068e-02
6.182349503019234777e-02 8.992227109559219889e-02 1.527923338137372571e-02 5.055808957830196931e-02 3.046514695143373239e-02 7.534716278140546342e-02 2.226082362820958115e-04 3.578613657022499533e-02 2.040080330705387399e-02 5.567642676097415283e-02 9.707915456674803822e-02 8.138812238435230717e-02 6.082981207580404753e-02 9.125092437806757439e-02 8.285445235587614310e-02 8.140867294920858810e-02 8.431016277495298472e-02 8.532220890346703390e-02 1.908372838455056966e-02 9.606218889090928359e-02
9.024624808100797924e-02 4.428818543738333169e-02 5.091138820637748641e-02 4.912346612352191944e-02 6.368079135609855390e-02 3.612541400941937653e-02 8.038305894769509630e-02 9.576308556255608284e-02 4.036114755505249116e-04 5.634198891125161840e-02 5.610807731129230369e-02 7.396419266804961368e-02 7.857368083506172107e-02 1.438247809246180446e-02 8.395926889578733676e-02 2.363018905252414412e-02 6.724570288630658810e-02 8.335181249210249499e-02 8.524031241341595289e-02 4.982112238198978249e-02
7.716510567196514792e-02 5.240448823153445734e-02 4.240406840952259948e-02 8.284252472996372907e-02 8.374731928634782108e-02 4.998665345651654227e-03 5.181664345625319745e-02 6.892918447848625507e-02 7.056059331073886998e-02 3.449905357758455138e-02 1.104237736296528362e-02 3.634051333959810448e-02 3.504163686884085444e-02 4.647688686845789091e-02 9.998567819382997435e-02 1.543009027968288496e-02 4.687473352967467394e-02 2.933131923491860953e-03 4.009153097294783363e-02 8.978768665233508028e-02
7.727783474951582798e-02 9.014855195506933649e-02 5.043227998165833448e-02 4.772810229665691573e-02 8.447813361004027910e-02 5.325795508957940211e-02 2.809202912304751415e-02 8.297691146997283884e-02 7.098706131088672669e-03 4.170763548203258037e-02 6.578043210374809324e-02 2.637412978269644548e-02 3.507759524094759135e-02 6.920201390224177407e-02 8.482213669748840321e-03 3.361483827229727606e-02 4.422592048560573114e-02 7.051514604846237377e-02 6.805759413786167944e-02 8.684853606983081176e-02
8.868932520864113156e-02 7.006979008185301727e-02 9.984514106517380916e-02 6.852860822350768932e-02 4.000886242189515690e-02 7.571505203754909374e-02 5.054863823120447214e-02 8.126793679588668884e-02 1.081315977069845571e-02 5.699556323301274707e-02 8.280952242642805605e-02 3.545429858145339452e-02 1.386740091825967684e-02 9.861216590998800324e-02 9.714031716328008770e-02 8.596778146872768867e-02 3.033476916512489741e-02 5.669868893064351767e-02 1.257791961561863930e-02 1.686646600452857900e-02
8.168199789708679992e-02 3.718648281363123864e-02 1.873474238297211450e-02 1.729607033886517917e-02 7.810083719116961420e-02 1.953005289331193398e-02 7.966465983122587857e-02 9.829989431611131645e-02 2.220714164884074471e-02 6.401046908013395542e-02 8.769572470676141596e-02 2.027800109344689641e-02 5.655454184701918380e-02 4.230720980604270320e-02 1.921535752090656329e-02 5.848579411111774068e-02 2.036518717952260499e-02 8.268167724846474387e-02 9.654657019374526805e-02 7.797129836728239338e-02
4.234222510642998705e-02 1.781153069925808449e-02 1.808222245045765231e-02 2.557414607918334637e-02 7.856509087153099036e-02 9.139849845251665772e-02 2.829056835250590846e-02 3.533234601755225190e-02 4.695925286008525990e-02 8.124472606582137935e-02 7.313852928034916823e-02 3.508661167356010718e-02 9.970922402164919540e-02 5.369728752835965097e-02 7.838582831111229332e-02 2.723787881812689358e-03 8.022657295490691343e-02 7.117492562280007540e-02 2.362116749253347081e-02 3.504879014081076910e-02
3.098724357121727252e-02 1.685693162475243589e-03 6.268675370721059348e-02 8.649449605222897519e-02 5.361264196349300321e-02 8.660103232715662958e-02 9.870698761009695510e-02 1.786326733139909214e-03 8.677801230124338600e-03 6.450833902396328756e-02 7.269663637904608122e-02 7.031975194555339925e-02 2.857860936698102330e-02 8.804574895220512731e-02 1.985109511293260687e-02 1.589007978194893062e-02 4.449677145287141145e-02 2.517442930557275624e-02 4.344819318730690910e-02 2.908779898463997871e-03
6.990837305871176743e-02 5.671384381970377003e-02 3.191887826416434093e-02 6.808434632816870447e-02 7.196164653600906069e-02 5.435674710380401786e-02 9.310354643606764957e-02 9.782301761402178997e-02 5.960075245106066788e-02 6.618988008485635066e-02 9.056511412477563985e-03 8.480033006454122668e-02 2.378866349467011546e-02 5.474313293933729535e-02 4.009221750322511379e-02 3.313873230883449678e-02 7.456461269706091133e-02 8.540758420988324440e-02 1.964617616805040129e-02 9.715822169915977469e-02
8.630823188498545906e-02 8.843137871249898141e-02 5.540027739462081297e-02 4.031347265848133493e-02 2.660205247551685956e-02 4.509002311507063349e-02 2.232026623452966485e-02 1.558555882847159103e-02 8.225247105459029817e-02 9.884326715360748639e-03 2.684697504094771953e-02 6.880830966464898668e-02 1.557280696861613849e-02 6.651441224443198352e-02 7.660076227291510997e-02 7.798626104674606652e-02 6.463968924943248873e-02 2.355734418380871567e-02 9.043386925784902344e-03 4.806949061498721337e-02
