2.861148395035376657e-01 4.798554808925719478e-02 5.653509961057891220e-02 3.204503498562840530e-02 7.266320907925191697e-02 1.270242439209627316e-01 5.532214539044515156e-02 1.470639179125869667e-01 3.579977287590747903e-02 1.010428866316565172e-01 1.903010213614294774e-02 1.529188351651431521e-01 9.101893943866740111e-02 1.167985143158926237e-01 7.448611797841737936e-02 5.070534717548441650e-02 1.418803224837784649e-01 4.993425830579938107e-02 1.500308950578056466e-01 1.246675488621094841e-01
1.270312256734426083e-02 9.818959307704036577e-02 6.691887861737820520e-02 3.964769252779894171e-02 5.037629919077912799e-02 4.572489401001338799e-02 6.795852647167077709e-02 7.100144158149009066e-02 7.853933961534925734e-02 6.394170137930292597e-02 2.722726447186205739e-02 7.872391222490358886e-02 9.085850952092451582e-02 9.716090504331637012e-02 8.873637259558977974e-02 3.484690829367975001e-02 4.867708074473963559e-02 7.990907858591295154e-02 7.569947173382692018e-02 3.315545353494869091e-02
4.741530676699443753e-02 4.282814803606959514e-02 5.854352162618182975e-02 9.308583173117257470e-02 4.227011077268521405e-02 7.615821216280632688e-02 9.698051337764307389e-02 4.181322784532325726e-02 8.692426941563985432e-02 1.330594869762962221e-02 5.335771844908987482e-02 4.018944863921363603e-02 5.389731756183518963e-02 6.253797189332643836e-02 4.426342378813870326e-02 9.188388965146782050e-02 6.432302981457642399e-02 2.531520634525328411e-02 2.983075447345154979e-02 5.976586554562086928e-02
4.316175404566128387e-02 5.510227061020759459e-02 2.450547876962443430e-02 4.211982322648773203e-02 5.270864735690938829e-02 1.698300362328012542e-02 5.897221551242851079e-02 6.072559625024218782e-02 7.542701480202690378e-02 2.464825806656388910e-02 5.844210951426177802e-02 6.021148648048853247e-02 5.401695230928641595e-02 1.813070247792253342e-02 5.978880617145117260e-02 8.840049370021287045e-02 3.778065593953661367e-04 5.630079011364256397e-02 4.940471219591099916e-02 2.059165858832981075e-02
9.628267489318054206e-02 4.113347815217069381e-02 7.321223887748543047e-02 5.625164902021340119e-02 7.077453051321498656e-02 7.252717805099904991e-02 1.264693850087702555e-02 4.538038636708216500e-02 1.447462920366341527e-02 3.264543151090476547e-02 7.230943093905066454e-02 9.800166052368934622e-02 3.474898644551965149e-02 5.334630516266557904e-02 1.429228762947069159e-02 6.414460703244315165e-02 6.681512928325637757e-02 3.771775554331602536e-03 7.973646908765347208e-02 2.310586194197589149e-02
3.237722129821801742e-02 1.658905686672064103e-02 6.475616097866643273e-02 4.037944898961859375e-02 8.364491811227144080e-02 8.278381232932699452e-02 1.432743163141175780e-02 1.924619231083617502e-02 8.133175921397792218e-02 6.494458760216618998e-02 9.669365250218978081e-02 8.582787524814405877e-02 7.149468218949213416e-02 6.907591303543229866e-02 9.909848042954105818e-02 2.133454065303650588e-02 5.660153396486309468e-02 1.023035869929996879e-02 6.927480845003140819e-02 8.539224582637197636e-02
1.241184605346633621e-02 8.684599269745346684e-02 3.678637593915486809e-02 4.689214940827710065e-02 7.836907461393384164e-03 6.911366367082051598e-02 5.165115114960440457e-02 8.695615096915432565e-03 9.239372885062775709e-02 2.829584645429946907e-02 2.799042720751283853e-02 9.835116387356958312e-02 7.305562323314745976e-02 7.581129787034503187e-02 4.204205407416744533e-02 2.570230294446446129e-02 2.161411185997917997e-02 8.880925992644209122e-02 7.569506262491443316e-02 3.010420278953619688e-02
6.545065765244525990e-02 6.548261659020393477e-02 6.961742492533913584e-02 3.020971754760201286e-02 8.322260353481109041e-02 4.241455302543611916e-02 3.944995837157772543e-03 6.157744050301747901e-02 7.171330195739762658e-02 9.046238079486469685e-02 7.503954848413363354e-02 3.618406556020580672e-02 4.271962192843470167e-03 5.249642627341487983e-02 8.345395929232543586e-02 4.287988457809011576e-03 7.553488656393127221e-02 3.946807387468115325e-02 8.952978076369239036e-02 4.365697389652456462e-02
7.870381027301935617e-02 6.883731681467236685e-02 2.932724831563593426e-04 8.564343473160679343e-02 9.302196447368203669e-02 1.425596004638289907e-02 5.903366167059669739e-02 5.792223936560117470e-02 6.586100432765626400e-02 7.817354380542942960e-02 3.297355368719714214e-02 6.288097157249038227e-02 1.726737985758700772e-02 6.118347150031883119e-02 5.402578263014162080e-02 5.028937936291624777e-02 8.204770005362600760e-02 1.580406523775422858e-02 2.566348977755558355e-02 5.933996979017770734e-02
7.175574965272843442e-02 9.514715486121799737e-02 7.642068906798807348e-02 6.411907303473506070e-02 2.979799131067049217e-02 5.837188182437519357e-02 4.011576141306708032e-02 8.445457925169848334e-02 7.244645092510536288e-02 2.564064496029172611e-03 2.441823090327806256e-02 1.671229472065014626e-02 7.814406180227989607e-02 2.723158064802264772e-02 2.658615404918340808e-02 3.881722940717591275e-02 8.915923068190506617e-02 4.030118017522484053e-02 1.292608304031361843e-02 7.140978613414515619e-02
7.070836534708105359e-02 9.971297560629908963e-02 5.004694533444420390e-02 7.337484443621848651e-02 6.098206937014774565e-02 3.504920554268732558e-02 4.032846116464355174e-02 2.222214712898107434e-03 3.979700652031983865e-02 9.707157666255776529e-02 4.262434859662750375e-02 3.857822289247936354e-02 2.091779187299885878e-02 6.233898264782351817e-02 1.726205499854900280e-02 2.065178936551588518e-02 4.589807126614699195e-02 6.422554375758324219e-02 6.844677398141690849e-02 5.220928634367837801e-02
6.315762129803927094e-02 8.040789311527689331e-02 3.844669563246651267e-02 3.879753169475102376e-02 5.194124323611766514e-02 6.626651673129876907e-02 6.154997103722006924e-02 4.919890488215195382e-03 2.285723369335677241e-02 1.171586706590358601e-02 8.281296398787731106e-02 2.504145111795458289e-02 7.628195112648804288e-02 9.698951203392692372e-03 1.034436365504604050e-02 1.190240639051625207e-02 4.235186227374850010e-02 5.735453166014730514e-02 7.789791037920910932e-02 4.246104339181835940e-02
7.425096204653849896e-02 6.489517379000007968e-02 2.528094871014331668e-02 7.404265127980982908e-02 2.557742918612072869e-02 3.510765828911940195e-02 7.207852534355969898e-02 7.109601780918106684e-02 5.353613164751302306e-02 4.266165255584286956e-03 3.860381709565111064e-02 3.476517994186206773e-02 6.306531199452584946e-02 8.286176306130021985e-02 6.938046064171762839e-02 3.888374597917211573e-02 6.770019809612567996e-02 1.500811496960881113e-02 5.946509700929406006e-02 1.818576855516189708e-02
5.831173334895712115e-03 7.450568909742949671e-03 8.024034711965517819e-02 3.268990052842302152e-02 5.599318806200911935e-02 1.848845689727427605e-02 7.401701769626738148e-02 9.031033387957854153e-02 9.942103594821560808e-02 1.660842032980913707e-02 3.878025400809644030e-02 6.982547575292401276e-02 1.491674104628416646e-02 7.938286014993389469e-03 1.264645477567036963e-02 9.107567883856736157e-02 1.530137333997647758e-02 4.866372748677422200e-02 3.626512217364352697e-02 2.551539723190220446e-02
7.678205512876608296e-02 6.548960104766328449e-02 7.038630183492820824e-02 8.621276396154660404e-02 6.855028393672280528e-03 3.802677764825849321e-02 7.360010865534753755e-02 1.197929484904044529e-02 3.091692127516084895e-02 5.624917465097367848e-03 1.034097780496254920e-02 5.957958159641051771e-02 5.164449769028212067e-02 1.265105562338002601e-02 8.316661818917692184e-02 8.074017848260443830e-02 3.354138416994078414e-02 2.353000504913271840e-03 1.683563954056321865e-02 2.468759797273166814e-02
4.623650109526355849e-03 5.005802004429302232e-02 9.762674612870329838e-02 5.254520176981719581e-02 6.609275418317950984e-03 6.839816401522259837e-02 9.560404711226674901e-02 2.477830734415328515e-02 7.854406976979468047e-02 4.796670527939146667e-02 9.540474992048701697e-02 5.357724395781993457e-03 4.300093108003164716e-02 4.082948726407684137e-02 4.250942006978765397e-02 7.058880256083091553e-02 4.163169141723868649e-02 1.027791559072697286e-02 9.104345508919365650e-04 3.806615423268754766e-02
6.598423854556531576e-02 2.783005276315490134e-02 1.330123520210542247e-02 7.672097692038382100e-02 9.438069368618312582e-02 6.517562663402202972e-02 7.845833285409253843e-02 2.622883423663423599e-02 8.266107497712713026e-02 6.793366360073049837e-03 4.222060754813947159e-02 6.857263423220073817e-02 6.882608754114108440e-02 2.606911040186404849e-02 9.684814410803563312e-02 2.432406686948649505e-02 8.695234683283348254e-02 4.484729331562403720e-02 7.450934823760241299e-02 4.637113052603344943e-02
2.587641827998891225e-02 9.020417414230862130e-02 9.788329985857713300e-03 3.253732984742552237e-02 6.310053279948443783e-02 7.693882019406267370e-02 4.076414055624155708e-02 3.538371731841394568e-03 4.390525710292358247e-02 8.274905456100722922e-02 1.203974159078423714e-02 6.132889432716297912e-02 3.062804398419109037e-02 9.305661424044213426e-02 4.837879545266329795e-02 1.489212911650120846e-02 7.770415457489115996e-02 7.747323594480844122e-02 8.208490614449698297e-02 4.904945429743012841e-03
2.695718335235222293e-02 8.958930023876093829e-02 9.925074544103696869e-03 8.343030611574753230e-02 5.948422741476858816e-02 1.147897646106562676e-02 1.707076700598653130e-02 8.857779574537361089e-02 4.740071796904204299e-02 1.944027327369061281e-02 9.425049839323154655e-02 1.380772570273236521e-02 7.730268499906753354e-02 5.848032580229722832e-02 8.847096947673355194e-02 5.991265037888296452e-02 4.783149675374980675e-02 6.045838030328666568e-02 7.132560857532866359e-03 2.093762786060398076e-02
9.813487625804880043e-02 1.340429667497437111e-02 5.153851336642589070e-02 5.852382409744416938e-03 8.182434360241833127e-02 2.430558216747813471e-03 3.496376527533430478e-02 8.183449552391604265e-02 2.449615906151936251e-02 3.034044368794841585e-05 1.959624757841920209e-02 7.819936028390496452e-02 9.852269100850251371e-02 9.719391808196557736e-02 3.598706315757632668e-02 2.645620172463340053e-02 9.964762427110096521e-02 7.408691329170251361e-02 5.253722049115871345e-02 1.097933594670064215e-03
