2.915949437748628914e-01 3.395304507998971044e-02 1.075367970957265273e-01 2.425433549329155530e-02 1.448566218715919562e-01 1.661468770917147730e-01 7.061224241960945003e-02 1.278633193490273379e-01 7.159442873222915393e-02 1.022817537836610557e-01 5.400314147008734855e-02 7.513325502064802097e-02 4.883241008564488672e-02 8.223255643177330987e-02 5.361002976797493713e-02 9.948113844559736130e-02 7.159487741067048494e-02 6.523360569888343730e-02 1.655591052103655703e-01 7.154898251948034471e-02
1.011064967356452987e-01 5.731818052015430487e-02 1.048948238644333980e-01 5.089897709513379817e-03 4.717249127363558336e-02 1.690760332810085573e-02 3.515051111101375608e-02 9.373656421451052878e-02 5.388486031086534706e-02 4.921597603652414638e-02 4.453323049271185746e-02 6.345689915875128706e-02 6.079765333764560603e-02 9.300748905120206911e-02 2.924025403236346979e-02 1.021866764996809396e-01 6.326902751557983429e-02 1.552199402188216004e-02 5.958300691355573192e-03 1.959653417536074901e-02
9.321529421855269393e-02 8.255721240706542785e-02 3.788839598328520852e-03 1.836084427921952367e-02 9.096907516590595384e-04 9.402088929441059992e-03 9.151934037638626007e-02 7.592299475498029415e-02 7.845296056973884158e-02 6.086211387685210028e-02 9.526399400804830275e-02 2.258836147859320451e-02 1.047306390483145194e-01 7.731759295400617016e-02 9.147261408933161919e-02 2.657634458751512857e-02 3.935468206992448481e-02 1.418100814195911259e-03 3.755430938599305796e-02 1.433646481724899432e-02
9.341573505187551751e-02 8.338574849356465701e-02 6.460754025114467947e-02 1.725867738212664634e-02 5.114475637081983966e-02 6.353189305138649823e-02 7.710737971878868502e-02 5.696174235445697343e-02 5.221384382188366119e-02 1.134577706902725053e-02 2.539259118980694094e-03 1.026008409613507200e-01 9.146821117878892182e-02 5.026708095851888103e-02 6.254001285480470518e-02 6.968230165573485735e-02 8.811813947584026807e-02 7.053876536516184848e-02 3.670623144079127737e-02 4.517479275206024575e-02
6.079505482496813142e-03 1.178545301075839633e-03 5.474577325403842676e-02 2.653020968179909192e-02 8.261054945879621469e-02 3.748139832151060197e-02 3.975124966000286725e-02 8.257858785133123658e-02 6.412407970712860616e-02 9.708746292131392730e-03 2.333812495689183142e-02 1.069728357836774724e-01 7.161050862044013310e-02 2.873800213939816522e-02 7.771266286112792077e-03 6.884720724639231682e-02 8.857564083061669757e-02 1.014749880028620183e-01 7.641794708598280417e-02 3.892835514241066441e-02
5.430889100769554362e-02 3.826154360391817444e-02 1.030498333851425086e-01 4.611288684424107105e-06 6.626602626052231770e-02 2.656002483111268714e-02 7.446789562818213358e-04 2.861153955299995319e-03 7.942830751030721670e-02 8.578421090340411503e-02 1.013867894453646806e-01 1.068159866391187179e-01 8.505247321627094903e-02 1.042361619227813035e-01 9.274157523510008494e-02 3.890051903053327875e-02 3.801544593098134250e-02 8.587284816261224127e-03 9.222941090871172864e-02 1.124133265648484883e-02
8.223091085593696448e-02 6.901189704680439629e-02 3.538764003784975604e-02 5.494774333654758175e-02 4.708314322166154420e-02 9.055590744000034664e-02 9.793352152040782355e-02 9.433526440349156161e-02 8.726837545262056128e-02 9.595440914452201681e-03 1.289686485141000594e-02 6.838010795381792295e-02 1.064420573430144706e-01 8.487598897029317857e-02 7.070803036014555558e-03 9.298380176190518265e-02 7.275404174989952288e-02 1.258231303329246722e-02 1.239948523830693497e-02 4.388793478920433033e-02
2.601999581968467493e-02 9.252055315918614534e-03 1.000606308951817458e-01 4.088352682385631466e-03 7.889115932840506940e-02 6.193959566443114212e-02 1.000161644392397742e-01 5.846126013643205416e-02 6.672639934675504703e-02 6.605850155527431822e-02 1.683885372851557163e-02 1.031945078567991086e-01 3.459427394582903492e-02 7.780129905943715396e-02 4.771530663214055244e-03 3.366563028385741868e-02 3.302231267590368530e-02 6.578258606262352148e-02 4.072886498175186387e-02 8.530148129254415401e-02
5.881696882114771652e-02 8.099954642705307906e-02 7.029620180934563478e-02 3.589134226323938137e-02 9.153989249319677279e-02 5.389847137320219472e-02 7.513646247529615074e-02 8.219455240782007344e-02 1.029230259680079390e-01 2.809420846365391980e-02 6.391603271581886014e-02 3.509147170661452292e-02 9.049548668863036105e-02 7.968641172595490249e-03 8.900048135870622379e-02 5.370667996799386584e-02 3.837677730268952703e-02 8.785503349560841446e-02 4.351490142943471168e-02 4.337403724386828391e-02
5.334386165224638127e-02 1.051656186214205979e-01 4.787656595641372193e-02 7.173156678456572843e-02 8.347334744310395960e-02 3.361654639439158598e-02 4.051901312275861533e-02 3.610456095660267983e-02 9.295294667226858265e-02 1.208399421681066732e-02 1.016294728321574525e-01 6.451239326459867751e-02 6.319239954757359390e-02 9.710019737541691898e-02 3.639727901883914318e-02 1.227774678469323961e-03 2.794495709461313621e-03 7.872092912808134613e-02 3.183452972231801126e-02 3.493302452206507869e-02
6.448289617014811570e-02 6.450495163463415560e-02 7.220157900312844379e-02 9.946622434632156062e-02 1.052113270104194052e-02 6.223683371772463502e-02 2.447515391118676789e-02 7.679033283965536194e-02 4.342107542780922896e-02 4.112997218666362281e-02 8.150010665875465077e-02 8.433788998487252997e-02 1.025777604633828777e-01 1.883707584667644944e-02 6.756900571364847508e-02 8.064819564933956367e-03 5.654322236147472924e-02 7.816684764640513539e-02 9.853121631360825528e-02 9.127967121367995540e-02
6.858931181905490726e-02 4.542146193919915920e-02 1.058963786548750528e-02 8.617736987347603128e-02 1.072639427972216647e-01 8.955123972571631119e-02 1.819184483781899689e-02 9.061281213957537994e-02 3.412784319284203199e-02 3.909797427097928824e-02 1.855887998473491896e-02 8.728714852015082015e-02 3.216832513438671465e-02 6.077423159825618565e-02 6.021297959627985169e-02 5.781670998287968821e-02 9.690656562121061079e-02 1.547983659478052026e-02 1.752918442340207703e-02 2.261274659055248146e-02
4.275564984701060028e-02 1.075855675561919467e-01 3.285952381254602511e-02 8.792495704416593283e-02 9.524714025986145971e-02 4.248833563147156461e-02 7.449219529938495843e-02 9.159585681910129007e-02 8.160573746480016821e-02 9.705870151421325254e-02 5.686244498207749382e-02 1.077878542552080099e-01 3.269941112564783009e-02 5.164353389680288037e-02 7.366608432188655187e-02 8.239066592379712395e-02 3.529596024336154741e-02 9.446393654264545470e-02 7.992876646636014326e-02 8.283203607113705236e-02
5.410091952369518870e-02 7.003672270711024106e-02 9.632645272164398753e-02 7.066980395722705088e-02 7.567272156115822934e-02 9.114560424867694521e-02 9.345657284534317211e-02 5.329677828094024628e-02 8.126008139983003156e-04 1.436814478449845948e-03 7.681201592019813729e-02 8.914699740827801422e-02 1.173781579008753399e-02 4.532014683752009360e-02 5.056979372347172874e-02 9.127800788574284840e-02 6.364201257945600529e-03 5.932676411702171582e-02 9.865906051710264524e-02 1.069459939957070060e-01
9.589088397471441649e-02 7.204914163514733461e-02 8.034312898149087445e-02 9.555515243714816920e-02 3.222268711096538257e-02 4.490325858139944393e-02 1.577966144094573517e-02 6.939266941295510471e-02 4.611727541467350311e-02 5.446992170735270866e-02 1.307880129913994299e-02 4.639474076741752911e-02 5.747623668512092353e-03 6.337728885047343164e-02 9.464794010008199809e-02 3.331336684338766924e-02 9.537930367048437497e-02 6.110264577578073547e-05 2.727220187974476948e-03 1.138279118853825767e-02
2.466654597249070061e-02 3.653838489070213025e-02 5.468652105687785148e-02 6.690560808055151520e-02 7.292722405435289601e-02 5.556053566852404979e-02 8.906876884607732581e-02 4.769970472959037672e-02 7.509481210284320307e-02 6.413640582926787015e-02 8.502269178457250165e-02 5.640724589170743181e-02 2.754286121720004449e-02 7.346794907548911957e-02 8.310301500575920097e-02 1.061719313014687777e-01 9.156175673582482577e-02 9.079648907037740635e-02 1.000525675492219407e-01 2.550648548791489140e-02
1.037581489514787236e-01 7.799874358907592058e-03 1.411744023050143758e-02 9.055965524614599527e-02 9.230437261281669581e-02 9.891576728958820230e-02 7.473045802010329364e-02 1.041010993854920852e-01 4.250204825721611707e-02 1.602913579181247661e-02 7.531705890736281606e-02 4.604643905165017870e-02 3.922397313602512224e-03 1.039403578044009180e-01 1.598887813280323866e-02 1.014633040227383570e-01 2.601452483533010437e-02 7.471070918204818223e-02 1.707793856752995096e-02 4.470782125557205139e-02
4.642594762465091646e-02 5.692786320800438324e-03 9.915113721960100435e-02 8.573715027567423153e-02 5.655290734171478095e-02 3.077799987092185580e-02 5.247125327075976599e-03 1.029346740465596904e-01 1.028542199642259874e-01 8.171838675788682671e-02 5.023428112795909339e-02 1.005595220683521140e-01 9.902197406391104184e-02 3.960402447121068314e-02 5.457105786281647719e-02 9.466704678974270648e-02 9.174293462927940457e-02 1.192168370687956939e-02 6.476829131316167928e-03 5.077230828817705377e-02
3.917842343007772732e-02 4.837799433655159270e-02 1.050099024789387936e-01 6.083875987983049932e-02 2.060895403327689390e-02 5.923150938379868891e-03 2.032310836170496057e-02 1.012469265755822634e-01 9.489318272223887241e-02 6.517649233912978235e-02 9.690065058695890299e-02 6.032978389882275028e-02 9.426712176551382306e-04 7.466122237442172904e-02 7.108793653649976563e-02 1.416227805662915312e-02 2.076773234875867874e-02 1.040477511104000441e-01 1.162022327894042702e-02 7.583945120180379806e-02
9.270954636780268099e-02 8.849819484485281496e-02 6.057168706337913433e-02 4.233404742596336839e-02 9.294386307883886755e-02 7.462705516519077542e-02 1.396058365776049054e-02 7.545379900683432672e-02 7.250714178849392011e-02 6.250195654285431446e-02 4.142162231503541264e-02 9.997869849842001833e-03 2.657873423947813840e-02 8.595961844721532186e-02 8.213495917951413317e-02 8.565136800097221392e-02 9.594302721225900221e-02 2.445467754869487184e-02 1.814786056818118443e-02 3.253105118383989303e-02
