1.918045595815215942e-01 1.200676086079662114e-01 1.069000906773795168e-01 1.397264706224942976e-01 2.602641415765283295e-02 2.891751332417829418e-02 8.592352176194645308e-02 3.440314359995940569e-02 1.104840105771918712e-01 1.401813110675148299e-01 1.286068771061728011e-01 6.606272132604845693e-02 6.618557507340711021e-02 1.374335276087457203e-01 3.249267357893277641e-02 1.180531262684034466e-01 1.607315336892991553e-01 1.282820631031970082e-01 5.726312875165914112e-02 9.328581251246942374e-02
9.642895010901607333e-02 5.568588130856401419e-02 9.301391752646648997e-03 1.207770740759225338e-02 1.444345695910247487e-02 4.202858577863810910e-03 4.885307654464574045e-02 6.060532471811713728e-02 5.382358869779559074e-02 7.974922997979394176e-03 5.420789260063420267e-02 7.734109131258241898e-02 9.761776542413107272e-02 3.642636503368829048e-02 2.907757180598134067e-02 3.733675936239718579e-02 4.538242495943522331e-02 7.116872054129909364e-02 2.576817905045562102e-02 4.950941093943306628e-03
8.948357053576033726e-02 8.660387341347980383e-02 9.137377031760768320e-02 5.084412951560505350e-02 7.436671860350528573e-02 7.800991388170636087e-02 9.475683789004196722e-02 6.748717474097129521e-02 1.657587291837859730e-02 6.528111659932094024e-02 9.402152588337982231e-02 6.554554721763619640e-02 1.966597430693341197e-02 5.771373564053905447e-02 5.665046381662267733e-02 1.679982176180126047e-02 1.658774074011664171e-02 3.303359690473940680e-02 7.514398298084991323e-02 7.348725156034603689e-02
2.505565581235867992e-02 5.415698989628510429e-02 9.462067203728696807e-02 5.852397956131391576e-02 1.317095584961514075e-04 2.688795162643005388e-02 6.256905905886044061e-02 4.309825888589982612e-02 9.061441727022448434e-02 7.453627737882756454e-02 3.234924755158809229e-02 2.015894325948820731e-02 9.522422937408150934e-02 2.523138115595355974e-02 1.884353048457739974e-02 5.068071368684901566e-03 3.502543646202327388e-02 6.916320912446952129e-02 2.630102898394540839e-02 5.725602347387082416e-03
3.290186766946565783e-02 1.101510476254350529e-02 7.122418724768965481e-02 1.951337764527515464e-02 4.997212828285116371e-02 1.938211573744629337e-02 6.775977939516963922e-02 2.586252755897174016e-02 6.041594028986570220e-02 6.654763997894272420e-02 1.563567512633154064e-02 8.638605009809009749e-02 4.068749656996138025e-02 5.036738868951920467e-02 4.473665675099580685e-02 4.527732173135499277e-02 8.689811463434758687e-02 5.007633076330592070e-02 7.039684115224861816e-02 9.714066493563561222e-02
9.897349405088151642e-02 1.708260193471998825e-02 6.316280157650222549e-02 2.940748587907241612e-02 4.650845405493576022e-03 5.658336150607084364e-02 7.030102132177784569e-02 3.468893164208330243e-02 1.393620439431024829e-02 3.241275008841981026e-02 1.940075040817440533e-02 4.225366616458649249e-02 1.796678050443234562e-03 8.936657097864988963e-02 8.646672361205681723e-02 8.009034564036203452e-02 3.420723409094467149e-02 2.034584407174563556e-02 5.050448236207064762e-02 9.947615966856351855e-02
7.716262808003149232e-02 3.193130988758829253e-02 5.526316486745817130e-02 9.778952307462823734e-02 7.358211344763707085e-02 8.391772646488783460e-02 1.450499245147071105e-02 7.547957116115344874e-03 1.856251225398539845e-02 8.596346189819475958e-02 2.649092742994380023e-02 6.248365742982520121e-02 3.376303757639621816e-02 1.603801669744225888e-02 8.228538219829228950e-02 6.612021453879415867e-02 1.950260835628453426e-02 3.769256226400105603e-02 7.581674530947472845e-02 5.615803551217854461e-02
6.435849257024602033e-02 5.594575490035376408e-02 8.992425478562036945e-02 4.224079934436841821e-02 2.461228998366854492e-02 3.648112295087486967e-02 7.131947256057115381e-02 9.970047627158405701e-02 1.936146753868520781e-02 9.036445725138342322e-02 6.351700031993955109e-02 9.779745092140565421e-02 6.212852146793119978e-02 6.257443372517480784e-02 4.338235315157973337e-02 5.705178306818297490e-02 9.523402020281708513e-02 9.377911584353550156e-02 2.779863359329849681e-02 4.759297601577821418e-02
4.248305820730190890e-02 9.303649051895894473e-02 6.113629231986807133e-02 6.940938917143699149e-02 2.232782428569289948e-02 9.266909729727380862e-02 2.725336429658847814e-02 3.053875966488493049e-02 6.211512201649014436e-02 2.465553342466611161e-02 1.166757612324785878e-02 5.966368900385804475e-02 3.736974839653885855e-02 5.512539138690987495e-02 3.073904369940403530e-02 9.078659924383478130e-02 3.542816178142317585e-02 9.366822445041733669e-02 5.911722423414399880e-02 9.155168266341129346e-02
4.557735442237781376e-02 1.445663222001003544e-03 3.518182939276361110e-02 9.072784579035068908e-02 5.469191735567673768e-02 1.755169844229441736e-02 4.901268066212915303e-02 8.640247023838998688e-03 3.208914039732781165e-02 1.541539268297080836e-02 2.766346814522060646e-02 5.375360219956807489e-02 7.477215635319083009e-02 5.188159490448517736e-02 7.948020865570904966e-03 3.887021464685563865e-02 7.480391717416494390e-02 1.972731437337390745e-02 3.794262921758859153e-02 1.099320184839408521e-02
7.541038948212058779e-02 7.070395889489898555e-02 7.803115012209385637e-02 5.745516472832748467e-02 6.386248144545385308e-02 9.128516087634713783e-02 2.081976264868198520e-02 7.008413771988411534e-02 2.765227255635630682e-02 1.490443083231247738e-02 9.208670724514260442e-02 4.571553337657009719e-02 9.237957192457318945e-02 7.379530621884123655e-04 2.144631942724317675e-02 3.196073530164316584e-02 9.415735292932148059e-02 8.406291196931200971e-02 1.109603026154270047e-02 5.984455368883600385e-02
6.945250825159288155e-02 6.071108114126144706e-03 1.966311274243941545e-02 4.440242043686973977e-02 2.829587340044448229e-02 8.125209629011945212e-02 9.805242279455018972e-02 8.057318644591843215e-02 1.729564252945802252e-02 3.328061149071528252e-02 1.793446054694942601e-02 8.690713782426499889e-02 4.053836823037742371e-02 6.564027139298085622e-02 3.759220455556416818e-02 9.353190144673090289e-02 7.196018940287429722e-03 9.859132984154633794e-02 8.486357107731427873e-02 9.253513061200141498e-02
2.399986682346387859e-02 4.103089784867283707e-02 1.125064479483506340e-03 5.187906085243604304e-02 3.744270223104347040e-02 2.247297461016199011e-02 9.600153535215701084e-02 4.265554197287691135e-04 8.986194233868827208e-02 1.550537415115282912e-03 5.800254284747044520e-02 8.622258173923044722e-02 6.764001462853803937e-02 1.488449971021601516e-02 1.725826103573558853e-02 2.936065000254495499e-03 2.118817528156125278e-05 8.996123383382445549e-02 2.849749708177670357e-02 6.694264558912761676e-02
7.191448895362451306e-03 8.571423554738588635e-02 9.849221012347764148e-02 6.884190158719009911e-02 6.361188007908512299e-02 6.481767241529588774e-02 1.260435868075265864e-02 7.399562551864589943e-02 6.871488009529343188e-02 9.792045315538151773e-02 2.647320360718715890e-02 2.485110703924288400e-02 5.730417708835327389e-02 8.393222963337057529e-02 4.802060323926973795e-02 4.218291619355026001e-02 7.190246735211203513e-03 5.327256533363460694e-02 5.674523290166361145e-02 7.266532722775394249e-02
4.496130372887398308e-02 4.117472527507105851e-02 9.135642827058422510e-02 2.713034998126962177e-03 5.005524422712098742e-02 3.227366188953062487e-02 6.100291354895648766e-04 6.856933826068627169e-02 9.987582745539121121e-02 7.462347166129783271e-02 8.174582184318331113e-02 2.765679393852940246e-02 5.222181268252219788e-02 8.947123224777076000e-02 4.520068480808367428e-02 4.514767998046584352e-02 4.035447370599131584e-02 6.353670673587359652e-02 5.221336471626922965e-02 9.755899249962013409e-02
2.577743701424129244e-03 3.983432528292762259e-02 5.433339398239074580e-02 3.559672145907145924e-02 3.720166699898683899e-02 1.149531314847247569e-02 5.754592034212968610e-03 3.948087252471924047e-02 6.465065185853413610e-02 9.630393089357809633e-02 3.290443398885878421e-03 6.254280434803823063e-02 9.368030418729304809e-02 6.236712641970707655e-02 6.584806248317244537e-02 5.210491887646832160e-02 8.758487146830200298e-02 9.864494921925590076e-02 7.564256079110032865e-03 7.909188613278392288e-02
1.696954867591357261e-02 3.631446443497273607e-02 3.601000461421329651e-02 4.986570039888316673e-03 3.835605083389415342e-03 2.286800296051497844e-02 5.275572635979822872e-02 2.090825315117757210e-02 5.403757238020445025e-02 8.138760168733895350e-02 1.786514863275441220e-02 6.986678661580601746e-02 5.223139944719054628e-02 1.383745955102885263e-02 9.724094870427195392e-02 6.776239266682444751e-02 9.784609842761925191e-02 2.672302569696252336e-02 3.722872536883915784e-02 2.651809858546827579e-03
5.727884670474412548e-02 8.852946047450982459e-02 6.872098953069883526e-03 5.507206321462154025e-02 2.806975767545405562e-04 7.663614765864834588e-02 7.634009654144502388e-02 5.526141523376260078e-02 5.596814563467161774e-02 4.971942647620423289e-02 3.572589451383957615e-02 6.533163902795556532e-02 3.628812287636384859e-02 2.864103741526457039e-02 1.279517580225553348e-03 7.858848043827549104e-03 2.209902529498487811e-02 3.542049492049047926e-02 5.590087840969307220e-02 9.131209714179337744e-02
8.605189521819338327e-02 3.259800169321339786e-02 9.203457987266888685e-02 8.477556482927967041e-02 8.229234447817697362e-02 6.418308664610479497e-02 2.629862595714093157e-02 8.715268616946883484e-02 3.487523377944345276e-02 8.129900198389519717e-02 9.712060992042961804e-02 5.075519802098388267e-02 9.959823880339091495e-02 1.835990946663397169e-02 6.741766277192208501e-02 4.967249007169713404e-02 6.626986171725524066e-02 1.888656547830487586e-02 7.259527043684936565e-02 3.327553690015137150e-02
1.582853475623919801e-02 7.831477223341720695e-02 9.220700526667341412e-02 6.664226922113530849e-02 7.582572063103037996e-02 9.975025160779377176e-02 8.165112422415742033e-02 6.553422096161179433e-02 7.127684782867278745e-02 8.213629888653367628e-02 4.614532440137711355e-02 5.279723762504559548e-02 8.367282299908186671e-02 8.818360337243649760e-02 7.900137039966839692e-02 8.072571508700193688e-02 3.234244224721929267e-02 6.499978299593535402e-02 9.733704121236333440e-02 9.997479915573516396e-02
