3.141777047350270413e-01 1.081835339830356513e-01 9.285504397727542547e-02 1.163698264565135587e-01 1.300703207200703537e-01 1.020936519725839375e-01 7.662254820446730286e-02 1.516699593613357600e-01 9.794848374768169719e-02 1.446281163408546511e-01 1.462777667744674659e-01 7.630599632977733138e-02 3.906987407218587283e-02 8.464667744598328158e-02 7.511489614381211544e-02 1.408503123149871528e-01 1.558188111452802338e-01 9.869002949428995475e-02 8.622924685321078919e-02 6.743703031023669248e-02
6.967383612622173039e-02 2.716259362897505136e-02 9.987406964411511823e-02 3.891078476509364503e-02 7.644611366420479837e-02 1.830447986309703332e-02 6.763941184951925700e-02 9.200627934275293351e-02 1.265226868123063911e-02 8.574940796445818664e-03 7.721655024648318988e-02 8.991070143153521987e-02 3.029173355837168347e-02 7.475576553285143144e-02 5.003651950289837030e-02 8.577503223302491986e-02 5.741423177409776596e-04 3.707762294298412586e-02 4.150198568110052832e-02 5.446908660316434475e-02
2.036383379982941236e-02 4.535333970024880978e-02 4.362216541194349761e-02 9.627551403128764779e-04 9.701584565079829359e-02 9.003624426551093060e-03 6.422240005904931992e-02 6.863729668185292176e-02 9.436826215278069918e-02 9.275482191622908337e-03 3.638445169077061253e-02 3.575095717168624149e-02 8.004519090853712271e-02 1.049650413895438818e-02 6.543479783821727624e-02 6.482719766268582595e-02 4.204464461083898263e-02 8.432790306872661734e-03 3.096635275914084995e-02 6.133542122389237794e-02
5.842123973736496056e-02 4.426354722126482621e-02 2.617950672654911879e-04 4.328899816679374069e-02 5.326722994094665320e-02 2.134325105568293454e-02 9.735290688264601477e-02 9.706383349558958540e-02 3.664427249821864546e-02 6.476261318865028649e-03 3.391772109717607758e-02 2.553403388721186065e-02 3.018899572423790201e-02 6.713083431901667973e-03 9.203237686775529725e-02 7.936067826391568492e-02 8.223576020483858162e-02 4.712025064038460193e-02 7.498925796310919323e-02 5.237853539736743447e-02
1.402854488133870037e-02 4.532778767612377635e-03 4.600853407333748563e-02 8.370005127368930486e-02 9.176583637190856291e-02 1.914933703958785621e-02 1.327926262213041664e-02 2.073104891900467983e-02 1.009803695616662278e-02 3.383780570264973558e-02 5.670436399337228095e-02 6.443052005214633393e-02 3.341887868042184989e-02 6.180405223205120979e-03 5.120687185124226520e-02 8.233832989898741406e-02 4.336856512565967492e-02 1.816151447771309144e-02 7.962207047058457443e-02 9.950706599982489520e-02
4.090062455991081564e-02 8.896931716373633614e-02 6.257443494660155925e-02 4.537039713329347329e-02 5.076076181428453016e-02 3.881450572513868436e-02 3.928191288971350469e-03 7.380332696307945195e-03 8.507021266899177092e-02 9.282575151031115246e-02 5.575399747058733951e-02 4.878443354420358702e-02 7.933817545148813544e-02 6.362436238214118356e-02 3.039809120774998943e-02 8.700570498006100773e-02 1.192749345333834511e-02 5.584931012349730189e-02 1.278413693681777069e-02 1.093916271915920148e-02
6.859287655492717073e-02 4.793951252075918934e-02 2.700934490753104100e-02 7.096822408832859086e-03 4.259776340824781432e-02 8.014388636682448497e-02 8.678755579019266364e-02 1.247258803501904989e-03 2.159236029111799484e-03 1.501010105490043801e-02 8.652146629084651874e-02 5.347189800202234791e-03 7.042027524131448668e-02 4.737963101171868696e-02 8.848875073374914968e-02 6.285913971482544327e-02 3.740674230517027077e-02 3.274672486371882352e-02 8.588971481709264943e-02 3.419629367107812623e-02
1.897185047012948239e-02 5.565870731577676755e-02 8.598170622243833661e-02 6.172272129350647035e-02 8.709854467649055798e-02 1.189810296327037387e-02 4.065614991654651483e-02 9.371699680871367621e-02 6.620490758056586655e-02 6.829814632766875726e-02 1.866713623165622282e-02 4.092976471827541179e-02 5.121452582680199872e-02 1.386088756207498607e-02 2.701123162975968203e-02 2.011291218509636720e-03 7.146181835549247907e-02 5.598793015434011533e-02 7.228439724831729751e-02 4.096305788129046832e-02
5.212931505090237505e-02 4.561939023093217194e-02 5.099102049038321122e-02 2.990387846219729959e-02 1.693938245506034987e-02 8.363603793026285968e-03 1.290746851511353002e-02 1.552226309645944428e-02 8.072639756405376732e-02 6.202033045364008235e-02 8.295825788137441148e-02 1.057692853723775188e-02 9.678205340071675822e-02 8.149831015424995051e-02 4.005917715014909591e-02 1.159417080309608356e-02 9.221431134075280811e-02 8.331785587516005870e-03 6.431940964762697388e-02 5.662468608372010076e-02
4.632668724260953497e-02 6.773935504568322219e-02 9.014468874591639869e-02 1.345453798504493530e-02 7.839580217645482352e-02 9.887749518055582998e-02 7.761293131801563772e-02 4.646672548846140366e-02 4.429832519303517069e-02 5.960599086798182289e-02 6.957901211451545352e-03 5.437208942693035063e-02 7.831110786796008361e-02 8.784086447019023858e-02 8.185510309623200351e-03 8.029842313994361991e-02 6.821077077851146753e-02 9.020221547239003212e-02 5.447545728348267974e-02 5.620290210052578811e-02
5.295617296144200514e-02 6.947417969366576074e-02 6.717932570315529595e-02 6.356352335411813437e-02 7.752240704622083423e-02 8.943461614591785222e-03 5.645438645717951870e-02 2.513656686541214727e-02 4.582075463674570998e-02 1.229135633180589247e-03 8.332370157376681186e-02 8.598885196978844903e-02 5.190352324628655367e-02 7.092364295836418170e-03 9.472988708720173068e-02 8.778478976448900184e-04 3.418310449794411537e-02 7.551648903893218301e-02 9.189115354421781290e-02 9.310376718111543215e-02
4.380985022436023960e-03 9.551906176164466633e-02 2.612179211569501044e-02 3.966147066658431974e-03 1.343888944621810660e-02 6.861778442086320651e-02 8.388905297563226116e-02 1.765326530880095965e-03 2.538073997342200905e-02 9.410212873798945443e-02 6.305084223616036487e-02 2.009209824937090508e-02 7.162526039006676670e-02 5.372111221429987094e-02 1.339378908078844334e-02 5.692393053233057304e-02 6.259954480159278523e-02 9.814861221258863733e-02 7.753124830769746179e-02 2.208603854463454808e-02
7.908637885653546640e-04 4.775460235724037633e-02 1.872076419406249956e-02 1.648031859712049269e-02 4.263076780081989647e-02 7.109354736381304218e-02 2.484768773047894147e-02 5.799217484462890898e-02 5.301051299522982485e-02 6.471341146690534965e-03 5.686870106514285012e-02 4.773456252283948820e-02 5.187908862023249412e-03 6.184472708925095596e-02 2.286380003353061241e-02 8.451061181722929402e-03 8.125164865163574113e-02 7.651179308772182441e-03 1.434396540988836085e-03 4.862364762768816434e-02
9.177461602729693191e-02 9.582573039254664582e-02 8.325595196381505025e-02 7.948552734779135154e-02 9.554635117123246035e-02 5.839816344466870757e-02 5.377099822634126558e-02 5.211733752930367697e-02 9.078198506144406765e-02 8.473817370080231892e-02 6.119470000323309899e-02 5.888902303058946019e-02 7.301939482521606350e-02 3.937133899876933685e-02 5.881959383814117613e-03 1.562497207382976955e-02 7.415441439371620036e-02 2.557795332854406745e-02 7.832253316482816474e-02 5.254825408494506744e-02
6.568566260881403274e-02 9.647392748603467183e-02 9.951358553217691527e-02 3.739842036773466383e-03 5.324274361230374453e-02 6.143764950730823404e-03 4.215340756990346854e-02 6.412852808710371721e-02 3.637628185824870637e-03 8.604531757436795908e-03 3.448159911280199857e-02 3.210807792652664583e-02 9.690439004504938780e-02 9.622948386490939865e-02 9.830760101230551218e-02 9.658760737816242392e-02 1.269870051940880096e-02 5.637971169657725323e-02 5.008020609685253505e-02 9.059859015295480822e-02
4.026164986748436564e-02 2.445900877385438765e-02 6.482605478833018686e-02 8.545288571292597446e-02 8.309540031299174345e-02 4.443841425573401976e-02 3.504334587027113646e-02 3.230979460811851667e-02 8.864694933928089771e-02 5.074374135974779598e-02 4.908042881623264631e-02 9.454297825539575983e-02 9.649219362365946823e-03 8.908989976223103194e-03 3.831311534697713628e-02 2.845149834056908203e-02 6.661628078345153969e-02 9.546342670710555867e-02 6.029443921272523849e-02 8.587175415773796311e-03
7.836163650603321373e-02 6.513021551928299679e-02 9.914742121876574110e-02 9.713231715852260750e-02 7.698623109164237643e-02 5.446934219758569479e-02 1.538639207979253243e-02 8.520451962972020767e-04 4.559504801524967565e-02 8.918796421817076769e-02 3.773524471301752808e-02 3.038846712091743119e-02 8.489334849525470572e-02 6.511097183349623396e-02 4.300926183376566070e-02 2.136819730648424967e-02 8.788011448025355443e-02 5.534969929706402836e-02 4.610006699587948509e-02 5.648742743896607854e-02
2.378621143017937284e-02 7.343228672553003822e-02 3.913347457519660705e-02 1.670851612263685171e-02 8.892759688641470317e-02 9.453683511909050791e-03 6.480607093479455461e-02 3.232102611937926265e-03 8.707314967421743435e-02 7.053045728094907429e-02 9.207670140786794466e-02 8.093206880821823823e-02 5.003698321817295208e-02 7.051962659711813464e-02 5.453629219727405136e-02 6.292971325570413665e-02 4.884953566584927798e-02 3.351104853083686219e-02 6.509750937822493533e-02 9.835278994532971331e-02
7.633861674067195235e-02 5.124921326004208688e-02 1.787346175188590097e-02 7.044676914472287887e-02 8.246553190258965049e-02 9.489567807598008053e-02 1.849826672124145130e-02 3.143352505896807036e-02 2.491361416549539229e-02 8.315843165236165568e-02 9.708177292557701454e-02 4.926267861793252184e-02 8.672795035091247773e-02 1.230617011209486113e-02 6.769001013108169595e-02 2.086242492905333867e-02 2.830456526845959511e-03 8.048411054137749598e-02 2.787954640730829978e-02 9.093567879674102628e-02
3.431745672101505027e-03 8.075502097675754665e-02 7.202148719217203732e-02 4.991272924285020118e-02 1.576152491966202954e-02 6.175749255251930525e-02 1.248263310706813206e-02 1.291332662186430759e-02 8.153570729131806583e-02 1.416836276721705756e-02 1.994082951337232748e-02 4.322924089039813927e-02 9.438164354316377902e-02 1.079645584121909953e-02 9.316925608970499928e-02 3.710851680315409989e-02 8.349552296684893335e-03 7.407599435966198687e-02 9.248641715109631734e-02 1.956613285276311009e-02
