2.661468548378141952e-01 9.319240104284896853e-02 5.977155619097924977e-02 1.598820029910006379e-01 1.461891089729418503e-01 1.398883708106540835e-01 1.043999443887694278e-01 9.518713757417705812e-02 1.550611271842503025e-01 1.257232906645500137e-01 2.694930816113968314e-02 1.560464985664325177e-01 1.303392196578244955e-01 1.163044874471952511e-01 6.849298031357853311e-02 1.816776478653520099e-02 1.611370606138216865e-01 2.725749965227236213e-02 1.477075481522800993e-01 1.416952206111025403e-01
3.587529051126357033e-02 1.880433455813813534e-02 8.583303586686837072e-02 1.644989061223323806e-02 7.125134798247152734e-02 4.975061328955998619e-02 2.960357895896110342e-02 6.060344131322288608e-03 7.138105872764639870e-02 3.508659133465935262e-03 1.510307349315320388e-02 4.523501364766065180e-02 3.483007973045673666e-02 6.324881321087962721e-03 8.094231810310602293e-02 9.304601659341076025e-02 6.251532280781320339e-02 6.365385989197672872e-03 7.516252846824614253e-02 2.476170542975689864e-02
9.210427586633379571e-02 3.608767034062859702e-02 1.056725498883638592e-02 2.967910096034343664e-02 5.021692598192373236e-02 2.413665283427402983e-02 2.400095246310748540e-02 1.355713375640620923e-02 1.026908934933705962e-02 1.052131042250502718e-01 1.051950787721491615e-01 4.358829043401626913e-02 4.664329724119109510e-02 6.630417065479803432e-03 8.885472002089173094e-02 5.243848213135614972e-02 6.707183509134087562e-02 5.101349770992083532e-02 1.032053039448576626e-01 6.765753647337191534e-02
2.657699746194972911e-03 9.070745705426497274e-02 3.098330228657942761e-02 3.933706405549700080e-02 5.578453543602653747e-02 8.256540275263657414e-02 7.250390143921160713e-02 2.207053402018427021e-02 8.449244771033227741e-02 3.187887184986490374e-02 9.033254494753560626e-02 5.687991583561482350e-02 8.830184687393649590e-02 7.503701133444869165e-02 3.054567838745534530e-02 7.458156949013358683e-02 1.932517967964111558e-02 1.337518590781670499e-02 6.085312196006390645e-02 3.713202672293967194e-02
3.885055232633744665e-02 2.262177949713676389e-02 7.598746311445227219e-02 9.892769859257273535e-02 7.856473278115602699e-02 3.674226809741416161e-02 1.083166322595589988e-02 1.057316132548498239e-01 8.735822613486095289e-02 5.427518848765615356e-02 9.751884521059109301e-02 2.370101810415523730e-02 8.612003146307282975e-02 8.853841331362480305e-02 8.475899888416786598e-02 1.014144475129880596e-01 2.533266403129853794e-02 2.227930827960468776e-02 3.182570804726956443e-02 5.964154350988783160e-02
3.253318826608843362e-02 1.066239589327970805e-01 1.751882138650670551e-02 5.327188784399177618e-03 6.650279441794962852e-03 6.623325399329045571e-02 8.075301751303681774e-02 3.599037537067156095e-02 5.836542867758456876e-02 2.222236504272105326e-02 4.822178739357284999e-02 4.895646713218806956e-02 8.898393193566668524e-02 9.238009834096204409e-02 4.653912869449718798e-02 3.080901639234715286e-02 3.912316417857476802e-02 7.650521293429493608e-02 1.015546291614152080e-01 1.338444346115413288e-03
5.698160466688569764e-02 6.029510782010569919e-02 5.463454459984323081e-02 4.995482070686991377e-02 1.041299321306401598e-01 5.605996481217951494e-02 5.596802830086736180e-02 6.347232962178030180e-02 1.779586907687924838e-02 6.687207797948191423e-02 7.053863822235008352e-02 1.332815280586621860e-02 5.246052692264298323e-02 8.479811262075553913e-02 1.018940716822331338e-01 7.817743643739315240e-02 4.907185102495313644e-02 5.057594318281119494e-02 7.726686943898624163e-03 5.001986374592585355e-02
4.682267947539064945e-02 1.047420212325032157e-01 7.307868391337726463e-03 2.763972402824535490e-02 9.199806150050876541e-02 3.502765734200873754e-02 5.840350187762545497e-02 8.425277957615011359e-02 9.122993498143010249e-02 5.012514734933122551e-02 3.519780300010345864e-02 1.135425173205381480e-03 6.018499868484861876e-02 8.092810944700810916e-02 5.639920479696782819e-03 1.059510395192745646e-01 1.472117808106542490e-02 1.090698550781747872e-03 2.618395710743022867e-02 2.370266375589559840e-02
5.291665375066804261e-02 9.070834983792450124e-02 2.570332727493202657e-02 3.644510684286153546e-02 7.077866012206197877e-02 1.013963748172716089e-01 2.381775079949778173e-03 6.898973668051143482e-02 7.341307017862687412e-02 4.125906984868500660e-02 6.634248206714105610e-03 1.071904190250805994e-01 3.439913041832721053e-03 7.043443478955442941e-03 2.518827791767778990e-02 4.431572567796648182e-02 6.511401546360470749e-02 9.047949528028094435e-02 5.434032102622692040e-02 1.051314987117595579e-01
5.676111071880748926e-02 5.030147140989076754e-02 1.022765952236782266e-01 1.007932116345703483e-01 4.496413690317966477e-02 7.444130274072376097e-02 4.743406264357124397e-02 4.386187222664053587e-02 2.923568843463061201e-02 9.397052667587583660e-03 2.254788410581643962e-03 4.182219516404740711e-02 1.721404584852426894e-02 2.817398878323217754e-02 4.660636467121577649e-03 1.271114470751665178e-02 6.770931311044052492e-02 1.894479470246766828e-02 9.402833903091364909e-02 5.448760364624728736e-02
4.564980421329214999e-02 8.666297742485644384e-02 2.800587611594576587e-02 2.927396304155214721e-02 1.806346018172244605e-02 3.071960111374355193e-02 4.395960727341993030e-03 9.054207342300829575e-02 2.603069894499776202e-02 9.620395525804206760e-02 3.755150911155533035e-03 4.622541013600079546e-02 9.477208390196098509e-03 1.048144274230672635e-01 9.926852524744968209e-02 9.400254192588805568e-02 5.027764361207943955e-02 1.247739074315286877e-02 1.912368546921519585e-02 4.459908651305855010e-02
5.809859356246113021e-02 5.322743268942097677e-02 7.316318974821985066e-02 3.593780370806723412e-02 2.244499554603808164e-02 7.390013057372282756e-02 8.249943110677682157e-02 1.004247472082356041e-01 7.017811540278424964e-02 1.102874989718394608e-02 6.228452719603792126e-02 2.293546847278342057e-02 6.375977581708519581e-02 8.911912086561797619e-02 1.075793840103303617e-01 8.741547350605323452e-02 3.041318032710711022e-02 4.766047244634383229e-02 9.562343183555091497e-02 1.023979093606873642e-01
2.308576258891055499e-02 3.359582516804811292e-02 8.840536440497083481e-02 3.689105331913483665e-02 8.787676157953917822e-02 1.507491727241812686e-03 2.246611134831589737e-02 7.561388229441701192e-02 8.253651363932845708e-02 3.710566906658750719e-02 9.588912736797132463e-02 4.689450339994344352e-02 7.313999738961990404e-02 7.392487976563950902e-02 9.877090086513980183e-02 8.015049855693051617e-02 9.473990881530286456e-02 7.840768880196474777e-02 4.249706393684946071e-02 6.462074331519974957e-02
7.054713663108980182e-02 9.390337349616950657e-02 8.300400872559504650e-02 1.136893297029228055e-02 9.450085588128413761e-02 1.031525141285411368e-01 5.599430580959711273e-02 8.821878469688493318e-02 2.605829983833247987e-02 1.921860333267382329e-02 9.660481452416788684e-02 4.620287273035689375e-03 1.907214702017075289e-03 7.345061173115684239e-02 6.314868852773540542e-02 3.267859695256763314e-02 1.030904821375775160e-01 7.452024045791731666e-02 9.119328012602080646e-02 1.891673389342553606e-03
7.413539606975133589e-02 7.362019278208006834e-02 5.830120796897667740e-02 5.012976688346874876e-02 3.628882295187101786e-02 7.185387645818579194e-02 8.934942261767155058e-02 2.265871234106439560e-03 8.616052469473566011e-02 8.862048290281150653e-02 7.089042569946489569e-02 5.024828054536371186e-02 6.221115895079654123e-02 4.325793827317069712e-02 7.144781897489571598e-02 9.081599864453061832e-02 2.995724885258630940e-02 1.002267393572762316e-02 2.596943512142314142e-02 4.970133544809257620e-02
7.915827967757486927e-02 8.674525927814712156e-02 5.745758543950098274e-02 8.302092449366203775e-02 5.445157443800818786e-02 6.215116685231618539e-03 5.641021706666083518e-02 7.303345679600457829e-02 5.443682124540886319e-02 2.233102141582250441e-02 1.326322332045611757e-02 1.074166584765815086e-01 7.922790877897846473e-02 8.001085375310283687e-02 3.607246825509780735e-02 7.374789732508932327e-02 1.425226728669609297e-02 2.813689848379408165e-02 1.969173475951249350e-02 6.490845701086958575e-02
6.903339404244915323e-02 8.271549557244485540e-02 3.289030191822907984e-02 7.826023317095399945e-02 3.082752258026549841e-02 9.507878794309604364e-02 7.156890775851602882e-02 1.001482213641448071e-01 1.130154253294900907e-02 5.796183219924428559e-02 1.028019084266463545e-01 7.508479487047486911e-02 4.027468508089729338e-02 5.852989219989727238e-02 6.653578749367844436e-02 7.543015442127939951e-02 2.535077774258279182e-02 9.466878106768911172e-03 3.545095105163535015e-02 2.862491867759068415e-02
7.248632354883348047e-03 1.011279418645948669e-01 9.502546218410985734e-02 2.160387415241255687e-02 7.262953055876758025e-03 9.685787878108557958e-02 4.081998969305465630e-02 1.259836795145220269e-02 7.419545061938026542e-02 5.364990762738348906e-02 8.119162542682929751e-02 2.234967729298809741e-02 2.166291979791176367e-02 7.713758408208166995e-02 9.858171866428605545e-02 8.617895254330446009e-02 4.120158207987967974e-02 2.863811614561112204e-02 8.597083737877736498e-02 3.338289949033818732e-02
5.545178207801271242e-02 3.300258204409672186e-02 1.048422373723022771e-01 8.762529374768800172e-02 4.085469933844899926e-02 2.082456124616213072e-02 1.160344359951573839e-04 1.319403037535013014e-02 8.190615860532017567e-02 1.014000180215904046e-01 2.484400017879342948e-02 9.318628356643270105e-02 4.194195013296069668e-02 2.163987700344273055e-02 9.444863505666138692e-02 2.554527733308949167e-02 3.905108211187273415e-03 2.820529170688992199e-02 1.059887449822002059e-01 3.873135752903187484e-02
5.391608373227801954e-02 6.548613751028423049e-04 1.590424792378861488e-02 2.916541378754584565e-02 8.894935756490035539e-02 8.131956611615838437e-02 3.292404899643883859e-02 6.884078469079515927e-02 9.460925280039765919e-03 5.307057968625890354e-02 8.727882542555778778e-02 9.621119064298618018e-02 3.777681670468743813e-02 6.746683438292859492e-02 8.779155749021907984e-02 7.186876413809600850e-02 1.631113019565063466e-02 5.948009568955808096e-02 1.671286679788595159e-02 3.450215392361274253e-02
