1.821552329592993069e-01 1.215386418938743385e-01 8.645519617627145381e-02 4.336952322169437130e-02 9.057539236324527177e-02 4.761518746590105017e-02 1.483814046738725911e-01 9.833582666094814462e-02 9.053814455704921327e-02 8.930458576434906204e-02 7.331151882103929818e-02 1.408337971007472822e-01 1.184286384607322884e-01 9.169335464834256488e-02 1.603129442216188333e-02 5.526593076105597302e-02 8.847023026599809548e-02 6.887453673608506799e-02 1.275850527819554492e-01 9.254551030769539444e-02
4.395609914263309825e-02 5.018782787193502154e-02 7.982812443687085924e-02 4.409311243530257551e-02 5.045422881288531836e-02 5.343697663495225458e-02 8.212785914789955122e-02 3.573340880638180977e-02 3.993913440635591533e-02 3.932360747851360028e-02 4.164056672761639981e-03 9.825394291815091330e-02 6.477919256040830243e-02 1.134135676907414153e-02 5.897402144500396570e-02 3.393603346400878712e-02 1.254236120647176517e-02 5.118385977957397304e-02 2.855634424351073675e-02 4.751471765541694092e-02
6.041802028893039633e-02 2.366279919357820033e-02 5.227203306913183467e-02 7.341012433068916376e-02 6.409104726309138023e-02 1.255076460323104742e-02 5.670644574793654025e-02 7.651981870334523261e-02 7.646411661898377954e-02 2.706665322600614390e-02 8.068977332388103940e-02 7.856302952072330426e-02 2.286124829597302455e-02 5.277861091762320322e-02 6.233021870201550796e-02 6.883005032622248331e-02 3.167841092732377739e-02 9.454876811130222269e-02 3.418054764731503353e-02 4.526413584384667010e-02
7.636975476552454456e-03 6.740260632679931363e-02 4.366982164734083821e-02 3.754625817073348193e-02 4.409177712463169252e-02 5.572726742857534582e-02 8.735327285784165452e-02 1.908739703123876405e-02 5.722653545098237843e-02 5.920320266672888382e-02 6.041840441247620097e-02 7.339374719712558892e-02 5.938812471066388238e-02 6.708814522697116589e-02 2.392602157070129743e-02 9.132922434368018205e-02 7.502614817346694998e-02 9.485069759316545890e-02 4.648194304500914698e-02 9.818209060973628888e-02
2.241519129801572679e-03 6.980708254063566764e-02 7.286304813878215214e-02 3.184131369152898294e-02 9.916006066108074002e-02 1.246772223506712601e-02 6.002350902115469178e-02 4.241304158659864429e-04 1.047996432579311257e-02 3.080072343116327035e-02 4.880988461227814268e-02 7.809586622000495859e-02 3.481544425940097474e-03 7.508092888862823167e-02 7.680190699528782750e-02 2.275946837881905049e-02 3.596429733052386533e-03 9.745300894485769971e-02 4.345284173957389418e-02 3.734321741856321680e-02
9.226013896866437636e-02 6.732599475993832072e-02 4.103904691939313371e-02 4.391729514390385614e-02 7.819443231621073243e-02 1.483043639021087816e-02 2.887099693060571001e-02 2.638110200159915486e-02 6.988204639955618303e-02 4.218721006255791300e-02 9.039365894194650863e-02 9.719630644108424519e-03 2.237525197888712552e-03 4.985235245505319907e-02 6.325840042451137679e-02 2.760909062354642909e-02 3.681834702165440870e-02 5.477094093405487224e-02 9.813436424549849824e-02 9.745330918101521855e-02
7.242578538098967678e-02 6.638363441160483047e-02 5.967277191603557324e-02 4.908054925767285637e-02 6.180945177961192499e-02 1.845704181336135438e-02 6.391215193892438307e-02 1.331629528229401165e-02 3.546180649181766148e-02 7.818775336526277708e-02 6.861982685561067441e-02 9.668359477222487897e-02 8.126453501792091361e-02 4.721123854732283548e-02 3.911192784825920365e-02 6.115361438445589271e-02 8.852573171182205602e-02 4.115641424284627314e-02 2.733073908670924455e-03 5.227541875726426923e-02
4.278592326187417166e-02 3.593506741548304489e-02 6.839043920034093777e-04 2.294994003034993638e-02 7.425918257537422913e-03 9.716890405871847491e-02 6.291005881029654301e-03 6.351995498545915525e-03 1.702336965970292423e-02 6.203071892878411764e-02 6.641797383667423504e-02 2.569088635746744759e-02 4.577995998443817882e-02 2.871857225904703853e-02 3.814621114232042039e-03 1.140975995370960977e-02 8.184571535848585155e-02 6.091963616926198560e-02 4.874830372682238677e-02 7.818467650689123194e-02
5.155112111658049362e-02 4.922740023180593311e-02 1.943262706504047740e-02 3.497780650035185041e-02 6.989447509999167918e-02 9.822641724490913107e-02 9.536739589089035518e-02 8.395120610433276509e-02 8.073430554585959984e-02 7.372553669923756492e-02 1.166174631159510103e-02 3.144662787432848244e-02 7.572338770588475654e-02 7.452050786658567794e-02 2.641866998044289927e-02 2.236933276203561041e-02 5.702630527589170467e-03 3.030999913964005539e-03 7.204612608016440489e-02 4.688526835890709926e-02
6.247627182232164122e-02 2.940064711752046409e-02 8.771819801350412560e-02 8.032909911553831606e-02 6.029395156739067452e-02 1.686997535992335040e-02 4.290334971297419392e-02 3.243873013893794517e-03 7.702993980959468856e-02 3.131526344136933288e-02 1.535517130660716406e-02 4.772298991274485230e-02 2.380622241112899731e-02 1.296942826103161285e-02 1.585431469867996240e-02 8.759009680516532947e-02 8.646421902195869369e-02 6.496895970914702556e-02 8.026996818792498864e-03 8.258307327138886267e-02
6.812515987422430863e-02 5.025306921588748588e-02 6.287117759049325183e-02 2.291737074303545809e-03 7.651970006185077056e-02 3.722025463174255533e-02 6.254514748165777849e-02 5.743686776734680498e-03 6.457603166245233506e-02 1.179280742633529583e-02 1.071660890896380947e-02 1.728075668135137244e-02 9.899464351794046157e-02 3.487062263496959469e-02 3.525956402180575877e-02 2.741413786517687967e-02 4.726192852919620935e-02 5.272830120694754069e-02 3.701790757709512436e-02 3.221381814235224975e-03
8.241075229752910236e-02 8.243259570882881249e-02 5.042935853115761147e-02 3.139167478149241012e-04 5.498048534761849210e-02 8.368220850765965835e-02 4.980365598254471449e-02 1.976312328575800109e-02 8.795859297810048813e-03 6.989839015600822492e-02 1.876286246312665329e-02 5.544596501148964240e-02 8.859152128450692443e-02 1.070216383383697581e-02 2.339504784725810003e-03 3.664853570023608731e-02 7.600598846459788449e-02 9.743966505017634394e-02 8.234801520419995913e-02 1.665769065415934058e-03
4.132957290761999497e-02 5.023480992018566904e-02 3.565404810733189406e-02 2.844058943193910130e-02 6.218678815581442365e-02 1.349351070359183780e-02 8.709773378386112541e-02 1.327495594560234096e-02 8.907159328825701994e-02 6.214960924000303977e-02 3.080015001008011913e-02 5.075378128092659230e-02 9.454273589373957121e-02 4.991922668964719062e-02 5.504235058880793674e-02 2.036422004741542807e-02 6.800076494467773014e-02 4.181636573148056479e-02 5.977615405356914713e-02 8.551757105342527865e-02
4.815979379073773159e-02 6.632268170916276462e-02 7.038207643753842391e-02 2.165962808663286776e-02 6.758835609109296871e-02 3.415645750035678670e-03 7.872434311190727729e-02 4.448956493573193172e-02 8.532091132667782296e-02 1.192338853082738383e-02 2.337465301467581830e-02 8.873905624975862716e-02 7.766603492094986683e-02 4.660012975856883677e-02 9.388759610709593306e-02 3.502668224160602334e-02 5.976534113996413711e-02 7.558859360455466581e-02 5.146418380851242036e-02 7.148687343894513657e-02
7.525271914737424739e-02 7.820844275104632537e-02 2.635331107736446285e-02 3.868793132714515304e-02 1.168956350680346902e-02 9.195402905525211501e-02 6.121121060415693482e-02 3.155872248660390039e-02 5.015836447702103768e-02 5.832028733630623130e-02 9.559351398317791904e-02 8.842307918634717545e-02 7.639035509822596215e-02 6.044125098077407499e-02 4.914452641269195787e-02 5.997420659330857107e-02 2.464034488130885381e-02 5.455718213965763536e-02 4.210547225415890715e-02 2.388465737343760387e-02
3.606403101004710537e-02 3.882113516982756141e-02 5.673493894575213498e-02 3.142747260956487571e-02 9.326955834834078918e-02 2.618489045265539814e-02 5.200230193127626521e-02 9.286567577969598308e-02 5.110560002340580957e-03 7.363225415165704224e-02 6.632073359971014936e-02 8.194301127226512327e-02 7.932682155105785782e-03 6.628595093889666501e-02 4.867926575852813548e-02 8.085634517613435324e-02 1.347919428469265303e-02 4.346255117901065557e-02 3.434595625074252784e-02 2.093123923868643946e-02
3.902172450840962065e-02 2.823812066357858294e-02 2.189172623912595539e-02 3.824515439978157932e-02 7.422978464824670289e-03 3.575052212162210807e-02 1.092103800040377173e-02 2.261097797725082625e-02 5.138298916907449443e-02 5.682806434060876793e-02 6.986650013985377938e-02 5.849540116536290635e-02 5.111205316080425463e-03 1.081243985670259436e-02 4.810727798610101025e-02 1.868525121931797692e-02 7.129289515290394841e-02 6.620974030274216771e-02 1.720678835956079844e-02 6.236471507458354879e-02
8.841922653126677023e-02 7.943608646868355327e-02 2.026055704249507799e-03 7.233028897334611851e-02 3.577258838897279247e-02 8.281019635009657931e-02 3.602498139259834725e-02 8.997886618706797679e-02 2.174793541986587420e-02 9.039087021898541130e-02 4.940067215845723265e-04 7.383787372572019059e-02 8.115722140819503494e-02 6.876646524092581980e-02 1.931925694696612350e-02 1.671764367779910929e-02 3.162397953483869067e-02 3.086565566858480436e-02 6.219510188748576113e-02 4.969887962544537047e-02
8.521393833797809292e-02 4.299534417350051735e-02 6.748866875814781008e-02 8.806979082480353993e-02 3.908646147653516254e-04 1.656237976675432183e-02 6.422308288117777042e-02 7.257114406326559478e-03 7.593543758584921088e-02 5.915967416776291704e-03 1.462306433528162176e-02 5.973833326995497267e-02 1.299604634113795711e-02 7.857019178579791041e-02 6.673577713201221673e-02 4.611990148916544213e-02 5.619323519651087118e-02 3.941956798186372485e-02 9.659873935998493366e-02 8.459183927076719539e-03
3.120645282193794737e-02 2.324403196971799521e-02 8.568474538996281864e-02 2.370481339751469296e-02 2.812972015077197692e-03 8.504704695196181607e-02 2.382479815875682139e-02 8.464183623576264359e-02 6.069368444197353885e-02 8.207253728705965479e-02 2.216456090811451743e-02 8.320121169898142544e-02 4.651062710284309398e-02 2.310172016855605113e-03 5.080703210835418870e-02 1.159930339134758286e-02 4.506241156713517576e-02 6.697730427722430047e-02 6.546290790169710661e-02 9.571070441491708047e-02
