2.932779537110752344e-01 5.966562874926571031e-02 1.464038041189648642e-01 8.256832185568505067e-02 8.471860966404534676e-02 7.711602367109507417e-02 1.534552448577017336e-01 1.161556902717489348e-02 3.950089842900435244e-02 4.562071623233217299e-02 1.312954171489239541e-01 1.265284096047471218e-01 1.180648215708127446e-01 9.117643729042512746e-02 3.227466816782712661e-02 7.004640156525801520e-02 1.241979125146720764e-01 4.676400866127311540e-02 1.730659561111801970e-01 7.691214624451905846e-02
3.211886721907595416e-02 7.652526730017603085e-02 3.293035788245048112e-02 4.517362095534242089e-02 6.615817848968909287e-02 3.244207357063653291e-02 6.252875229591602080e-02 4.022150862114316772e-02 3.098330349036416964e-02 8.960393987282978812e-02 6.237229496338485973e-02 8.052303441670587147e-02 2.820881877833758544e-02 4.942799929517273372e-02 8.037888035420838115e-03 9.096112451009131031e-03 7.437909464555857164e-02 2.709514453113797197e-02 7.217500202007845478e-02 9.481839143500658817e-02
3.520749441175254069e-02 5.279210992152302828e-02 5.483111597777146480e-05 3.720690881721832460e-02 3.174052967767959643e-03 5.803528039992046639e-02 7.405193807559520836e-02 4.774686704780331525e-02 9.392349999501808933e-02 9.635762202799162679e-02 8.981133472766839043e-02 3.893833567801040924e-02 5.066805274240773760e-02 4.672616691605654959e-02 8.360071080027869916e-02 3.681613507505063915e-02 5.608616909277375218e-02 9.177118293316599562e-02 7.621010715553150350e-02 5.443754514991995530e-02
8.821568623192194147e-02 4.363952456736275472e-03 1.817425173947076131e-02 5.635364744705598922e-02 5.014416898655557620e-02 3.751691680268797596e-02 6.067215997834526919e-02 6.964129549047706758e-02 4.211897691415658618e-02 3.767117639687335429e-02 3.404022466508963701e-02 2.304496265205098482e-02 5.197709920354116886e-02 1.850744844113336868e-02 7.126829448987356819e-02 6.182017148386514255e-02 1.858829172520582926e-02 3.461776016369830927e-02 2.098033639754362176e-02 5.589663254975794221e-02
4.788238034970043050e-02 9.334697846392892712e-03 7.451762859202824829e-02 2.556621564106975782e-03 3.804668291872989605e-02 5.735150672816613504e-02 7.067271383743584101e-02 6.922820790372745392e-02 3.663161799590527318e-02 4.467174835569233393e-02 1.231923460922878036e-02 6.875955033515052106e-02 5.282134278108213676e-02 8.365706168386538577e-02 3.848215869858934157e-02 5.302691410154103391e-03 1.597907005466072880e-02 7.851364740186446423e-02 2.630069215039370148e-02 3.570682142769496942e-02
3.913864055088809440e-02 5.568357647455723924e-02 7.605096061570854049e-02 4.280124009307645361e-02 3.772501167497899210e-02 9.379389980399027715e-02 3.338458149259459357e-02 1.740482699556323773e-02 2.611585997319509998e-03 1.828043728016087721e-02 5.998416624686023213e-02 2.065611754588837778e-02 6.929490193321106994e-02 3.987844060215198910e-02 5.710481836160679475e-02 3.123115297374005200e-02 8.661617116486766688e-02 4.323323679591402346e-02 3.475989243704633719e-02 7.287876131712787975e-02
6.739739897004459745e-02 9.775553723202201617e-02 6.733829398727396442e-02 8.522147491659509688e-02 3.275849106801827920e-02 1.004982449884755935e-02 6.390239559308935613e-02 9.278864239944480119e-02 7.189830862924610766e-02 8.063712035918463306e-02 1.367324874657588341e-02 7.286438567416953383e-04 3.035690143461515847e-02 9.052459919155306234e-02 6.217997349141510255e-02 2.710575819765354000e-02 9.922071770770785060e-02 4.067211300792943768e-02 6.521788060449859592e-02 4.363941066930730056e-02
5.324772509716860225e-02 5.924725729412053804e-02 4.295418378940801113e-02 8.712180361747440260e-02 8.912898477391634211e-02 7.259890409028631197e-02 8.642259578861760660e-02 8.201958356532512706e-02 6.965950210679772506e-03 9.984445165493280316e-02 5.917468484004813345e-02 9.779462434817499938e-02 8.044615122176008992e-02 4.025160902509859057e-02 8.282481043208629601e-02 9.780800457656560476e-02 6.501806207070540133e-02 4.405716587670514134e-02 2.724299199208262204e-02 5.727056779737859510e-02
6.522621253927869678e-02 6.393592578342754962e-02 9.647488263971670808e-02 2.201021698863855555e-02 4.427182202217560397e-02 2.628935204059744749e-02 9.287997783739286584e-02 6.544552145067866755e-02 9.629764422822922887e-02 9.438703199094440610e-02 4.800296365687202471e-02 1.220974296619270483e-03 6.794909304475842127e-02 2.404783845037381657e-02 5.908192414301983997e-02 4.904364227110013380e-02 1.162789825131788080e-02 9.436232167024566353e-02 8.710631310021985096e-02 8.714750848624046309e-02
2.130177021298673701e-02 2.190328786332913780e-02 6.972345142096456061e-02 8.252620038965174931e-02 2.239919130205787756e-02 8.999406013903912815e-02 8.883211173799142324e-02 9.080157497016257129e-02 7.853531649148996763e-02 1.816227294200322209e-02 1.010796510821475661e-02 3.079487706293284818e-02 5.737819592062393115e-02 9.483247277734146996e-02 6.974184934669851177e-02 2.412090678530096760e-02 5.386988229702963787e-02 1.338321261769422933e-02 5.494478849740400822e-02 6.987430949213900566e-02
9.200741852052819747e-02 5.009523462868005483e-02 7.682221071487549402e-02 9.451588171036703900e-02 4.911753326463805247e-02 8.706117850486391752e-02 2.043254237255478709e-02 2.441444678948945235e-02 9.074632447185859707e-02 3.859207450857296551e-02 2.376773898754796013e-02 7.471305551497307851e-02 3.868447011699993957e-03 4.608530077854531420e-02 5.999938259832016119e-02 5.912062954233514994e-02 3.867227500048410482e-02 2.193735871859521513e-02 5.672752123487868892e-02 6.285314400787329892e-02
6.698759898631648224e-02 4.656655555390304402e-02 4.391446416947047265e-02 3.366162911070424979e-02 8.528810858021563038e-03 3.731278465626552965e-02 9.715414573681417643e-02 2.176428844176436870e-03 6.924333199627846769e-02 3.630393232827657662e-02 4.799482415579998940e-02 1.156940813443107022e-02 3.300873280600270798e-02 2.076956812130759111e-02 4.150662463871630792e-02 7.896016634188164282e-03 9.957597872663913330e-02 7.308223099726621208e-02 2.052839004918852878e-02 6.005503031981815343e-02
2.050167956682722586e-02 5.703007312395526329e-02 4.456304768197207056e-02 5.626478167518562945e-02 3.609360779523018009e-02 1.379174778996019625e-02 2.069383237876021298e-02 2.791211446879102859e-02 6.399075990516930879e-02 7.045132578153968927e-02 4.004784952163548128e-02 8.337223631681878189e-02 2.906578880974093615e-02 1.669776164866154785e-03 2.373321159500602073e-02 1.478788949830046710e-02 1.225506887232088483e-02 1.867654698611942443e-02 9.916523714972885761e-02 2.606911272429623949e-03
9.513293681998981344e-02 7.371566736596146807e-02 6.395959855598776223e-02 1.612539500151703026e-02 5.529594220775127522e-02 3.769454618092096809e-02 2.701166365613458936e-02 9.724644939605023297e-02 9.885305217117737464e-02 9.437164474671698444e-02 7.547369028960884685e-02 2.462190103604352739e-02 5.694659285812750382e-02 1.869594798418533488e-02 8.256881165454749150e-02 1.012765685774174099e-02 1.820100828307973442e-02 3.419862224011104707e-02 8.508284939867062288e-03 1.364954876207338276e-02
2.984847411612833248e-02 7.109838096728172963e-02 1.666803899002167189e-02 1.813488201312618738e-03 1.933807846755825066e-02 8.111121849177857501e-02 9.906353696466957404e-02 4.772854541443621867e-02 6.499803891934134714e-02 4.098188196622336993e-02 8.949147331208769096e-02 1.972670585426775786e-02 9.760262644284681266e-02 5.468655255765676737e-02 9.176022783638906888e-02 2.112018141158391801e-02 8.005279612654696286e-02 7.254218645230807450e-02 5.250610390276242573e-02 4.832544421861295625e-02
9.660792560762121450e-02 2.048834620720026145e-02 6.443808016691142393e-02 7.608791386913402177e-02 1.003382664626360082e-02 1.687626912389562570e-02 5.162513349604337665e-02 6.203736160426261137e-02 5.894147160808800578e-02 4.424964377648466299e-03 1.362555319189517888e-02 8.626287348270532396e-02 8.818963834512492939e-02 2.951007835398700152e-02 2.345318643087455218e-02 7.720299308900524515e-02 1.894900466620524915e-02 7.610611624568386357e-03 1.576297343248769453e-02 2.542085596310119863e-02
2.601277765043291668e-02 8.056214407086484397e-02 1.424765003051140649e-02 6.527480552833364591e-03 3.530875031022021743e-02 8.494004719123616001e-03 8.172718914694224179e-02 5.624395335466159107e-03 6.844181822044322072e-02 3.351777966842387629e-02 5.166821992252279561e-02 5.903143938527215945e-02 8.044516773834159418e-02 2.406384260182470422e-04 3.268555890058621322e-02 9.453045184747481400e-02 6.221299150116640919e-02 2.752702486346397803e-02 6.350795618925202113e-02 9.919373187746610698e-02
5.850309150550291742e-02 8.878224215540293784e-02 8.757163130909216553e-02 6.485109221582206762e-02 3.144773272771098777e-02 3.626464609488157242e-02 2.286814848681920781e-02 5.592352277698695723e-02 3.636699275560591887e-02 6.858845949336719872e-02 2.656835058300921568e-03 9.859417967852342202e-02 1.651197583107592154e-02 3.217079513279349351e-02 6.117084196999007795e-02 7.682406470088846973e-02 8.704532997728398058e-02 2.278353282360997753e-02 8.824274164141318599e-02 3.415068047004114066e-02
1.328490816723161376e-02 5.425595098777670489e-02 3.150505212302123857e-03 1.158719539315787930e-02 5.875295266863503341e-02 5.539886549770645097e-02 7.702408907831551077e-02 9.398857302695026728e-02 6.938373214277029910e-02 4.658557299022657999e-02 8.219453875641377638e-02 3.321336274800962274e-02 8.164060025673136600e-02 7.551070520364567412e-03 2.483639742547271226e-02 3.515877807942280504e-03 8.344491879423299174e-02 1.620331064780042990e-02 2.477927256276699769e-02 2.250569187527330650e-02
9.105515441980910341e-02 1.011302934268809616e-03 4.423061776614754109e-02 5.117179607571129690e-02 9.653429402218521860e-02 6.212070959863394415e-02 4.545527108415872708e-02 8.330936616898435010e-02 9.064191690259722212e-02 8.335476060501141593e-02 7.387005006822841557e-02 3.998277467967589760e-02 1.325387660580162885e-02 7.532090089861691318e-02 8.835245892013052216e-02 9.720486135061334743e-02 8.123711188615669043e-02 8.125547140175214123e-02 3.525915830722370359e-02 7.016457507848011810e-02
