1.562459764884997215e-01 1.427642380389302079e-01 9.817665106199259528e-02 1.135616453869009307e-01 1.036724068793499071e-01 3.156973187537254200e-02 1.405851342625717981e-01 6.271249862181219048e-02 9.797946702103524363e-02 4.472708088079908884e-02 3.377890282478911155e-02 9.276080311935822054e-02 5.987812638569711687e-02 1.338567478106227893e-01 1.730453999829372758e-01 1.274725551043409122e-01 1.395572687742568374e-01 8.055089069528809098e-02 1.248288862712746972e-01 9.763567512663115511e-02
3.213672093876760588e-02 4.940885617709722677e-02 1.251710203519795913e-03 2.806230765108786059e-03 3.441927272066305082e-02 7.538661732071892663e-02 6.214155276577799925e-02 7.444931837474792757e-02 5.460352398592965839e-02 9.629049620610292959e-02 3.510334759375340757e-02 2.143327078254109175e-02 6.337693607034523835e-02 6.503354263295609006e-02 2.602859244273956346e-02 6.116063072192823302e-02 1.596240084831221026e-02 6.125886166830629698e-02 7.020244879699141793e-02 4.154154373941459227e-02
1.974782831602253305e-02 2.164136617720455874e-02 2.513023966700031128e-02 5.649861887871682198e-02 6.606413820014968297e-02 6.578556852384449816e-02 4.215500165215751993e-02 7.827207321786212868e-02 2.352503012798446043e-03 8.285283954323653666e-02 3.497756647751714548e-02 5.504570677984469557e-02 9.930911139335672766e-02 8.635715961534629059e-02 3.133471870401523252e-02 2.513721288879156284e-03 6.686500891418314940e-02 5.822120455295275859e-02 3.996410626630340218e-02 5.753476517152630865e-02
5.312464098481664565e-02 1.350393858064620305e-02 6.367934619721243861e-02 6.330722852800511891e-02 2.154573216374026240e-02 4.571163135756087931e-02 1.067257513506139101e-02 6.125422689458626113e-02 3.691009010342601732e-02 4.109842633744888174e-02 4.952916606061178589e-02 4.645625278358450627e-02 9.489819267375844414e-02 8.865687038187741731e-03 4.749174401378153387e-02 8.574685648265152615e-02 1.806190118157150609e-02 6.104388460209508871e-02 3.235738140640172927e-02 7.547040496906340379e-02
1.734638019731031891e-02 1.105081620240789923e-02 8.844915137928927029e-02 6.733205165841858741e-02 4.970940871933787059e-02 9.408952361320993552e-02 9.880362664060669819e-02 6.163489231994453976e-02 1.824643493187697724e-02 7.191082287600132628e-02 1.354671146732231574e-02 8.218194760380928554e-02 7.268206469575556883e-02 4.775929779625320143e-02 9.057098338089503153e-02 8.662449221402765409e-02 5.065303754426669913e-02 8.199619948755990095e-02 7.812721016070734922e-03 3.305089564052186152e-02
9.799756483592625411e-02 6.267159880889647261e-02 7.596448044509007680e-02 9.811413496196824680e-02 1.419278663737181395e-02 9.795075959173632496e-02 5.166747820390951706e-02 5.316186971756334256e-02 7.187906621693665454e-02 9.139309855041322095e-02 9.072885701486471666e-02 4.226881173904661892e-02 1.242048098012763641e-02 3.091407206809258096e-02 6.440796781293399442e-02 1.545253155924761895e-02 2.064444483341025885e-02 2.354716695696304138e-02 4.440999415345578405e-02 8.096540545915514864e-02
5.112587207916641230e-02 9.151916456178276968e-03 2.566688868717471872e-02 7.450365623518399871e-02 2.854708305535763602e-02 9.871315062152688502e-02 7.769763122220184337e-02 1.077271883642773147e-02 9.905610264762335082e-02 6.511203154699918803e-03 5.909078517088093424e-02 7.477033663685028753e-02 5.926445872128786180e-02 6.832768572616455816e-02 5.036480381631713854e-02 9.433694929464392365e-02 2.302886229099489201e-02 2.336565154257929169e-02 1.391346663291165298e-02 5.410869200431540904e-02
2.413684993358256037e-03 9.902056005433428065e-02 3.192602060087510601e-02 3.550861958394094936e-02 4.654649231223284729e-03 5.933627355987902002e-02 4.533840764566341580e-02 6.077058052570575436e-02 4.356581686107664775e-02 6.648442185923509294e-03 6.244914140390964152e-02 1.772216646543366483e-02 8.922216106049707385e-03 4.465259875858307304e-02 4.315179872456771648e-02 2.774326888382476833e-02 6.316632490234529163e-02 4.492474625825268464e-02 5.684407857990121660e-02 5.608006588144331950e-02
9.535169495869949552e-02 9.481792207501182901e-02 7.214090405851888987e-02 1.111925922267164094e-02 7.541659770671678420e-02 5.729643300807581163e-02 2.666009601632363113e-02 3.528385603779082835e-02 2.786198431052844260e-02 1.539370009357165017e-02 8.835903900077826667e-02 4.755350142902908112e-02 6.864616270147613775e-02 4.495613870904394821e-02 6.275954075452498671e-02 5.509676256737618127e-02 3.898586641911328237e-03 3.085549699683422242e-02 5.900349718213801498e-02 5.519798602071902816e-02
7.816006595122203249e-02 8.859974607171880456e-02 8.085020583997423738e-02 8.040471605578006220e-02 7.155286158204597624e-02 3.638419697904787115e-02 7.483183777582262663e-02 9.936138878948275882e-03 4.399387237001844975e-02 8.688338262117284438e-02 6.763402475848190321e-02 2.521726570107650847e-02 7.151936342756569365e-02 4.330540118241624215e-02 2.044963965650591423e-02 2.910306828570868865e-02 6.568789719235558489e-02 8.099501480629872630e-02 8.312306709996018783e-02 1.378791296748516082e-02
5.575441591755632420e-02 6.961317160473126653e-02 6.547770919655389321e-02 5.091634044377679053e-02 5.732346470855621823e-02 8.060847803965476288e-02 2.049917405298762492e-03 4.938430376803755462e-02 8.752270657690548739e-02 5.512528160089307655e-02 6.568800177037641130e-02 3.148550279292857551e-02 9.468262673476099400e-02 9.516374888427026058e-02 5.112944893890204734e-02 6.611791538202470286e-02 8.323593506545547138e-02 9.952731290192123881e-02 1.629412508666250314e-02 8.854035745758553899e-02
5.876538741451364789e-02 3.060674915145987843e-02 2.643984896448060840e-02 7.663847736357920493e-03 7.514018076076212083e-02 1.418783300562024424e-02 6.892909501198256350e-02 5.251022467539076533e-02 9.193142529586662351e-03 7.965152609084087676e-02 6.137696768148517834e-02 3.955428901210246428e-02 2.308345629522699088e-02 8.909536552237996843e-02 9.842122348150629529e-02 7.105215788732870130e-02 7.506112143958741656e-02 1.891966351194437554e-02 6.747272130483358832e-02 1.785446906666505670e-02
1.986601227225556418e-02 4.756749494454920457e-02 2.637648934256916697e-02 1.300983543940640447e-02 5.432029328154032444e-02 1.883723577282807662e-02 2.956398262628975523e-02 3.285712072456886679e-02 5.573497836963342555e-02 8.192978376186094147e-02 9.142773886120227067e-02 1.859958854549754667e-02 6.898288179199840719e-02 2.032637638480208273e-02 9.968610838215083425e-02 6.906989027015612848e-02 1.911397231708477154e-02 6.335436036652013214e-02 1.498538315185422680e-02 3.699825532125846500e-02
5.731770754702925769e-03 2.843992505841681784e-02 9.494275647363052684e-02 3.017720558492427430e-02 6.295123480348915890e-02 7.303130069359410614e-02 8.640048202427040580e-02 3.253978660851775465e-03 3.388882598832821183e-03 4.185494348715748658e-02 4.019251734223954625e-02 6.738443148610050171e-02 9.604172385962066183e-02 6.292834736979567578e-02 7.551200158803533791e-02 5.792353714706828527e-02 4.225235665930696799e-02 1.308737042112161422e-02 4.812085877036044457e-02 3.352465517341030043e-02
5.891429814747082411e-02 4.209982009049806177e-03 5.422713876162436192e-02 5.944712580988734119e-02 3.499459468821993630e-02 2.177793035020164636e-02 5.617883776035743904e-02 8.173638762461693519e-02 1.405935851352842041e-02 1.758903707096810473e-02 6.409422450383293890e-02 3.523067794138725478e-02 4.854162560069172350e-02 7.484134923954920138e-02 5.061534325843861787e-02 5.686823062230128741e-03 2.369895567385720339e-02 5.820348928975012381e-02 2.255211991947644531e-02 3.234461273615327898e-02
4.448701368389575139e-02 9.816510797697043655e-02 9.399747132853351894e-02 4.701507648101667380e-02 8.171546224284775839e-02 5.336041939019756097e-02 6.762297676748130204e-02 8.020341463288722939e-02 7.047759350211184326e-02 9.393608429557276374e-02 5.334738656902289489e-02 5.257822950647838417e-02 1.047593461365550239e-02 1.720477608323357430e-02 8.173098040157593391e-02 4.884684367951350886e-02 5.050493071487503066e-02 9.737972066414585237e-02 5.426866220881654788e-03 4.858086143355242609e-02
6.205940150262562183e-02 7.846970475392395228e-02 4.739910467608801636e-02 4.297169896204706963e-02 8.892308174955721595e-03 6.595134034279824531e-02 3.811188847679858674e-03 4.775021443651811248e-02 1.355341640392260412e-03 2.812713274944927955e-02 6.141016121838810404e-02 7.122492373377260766e-02 2.550660061968092196e-02 1.082280084688749290e-02 6.128230848740828796e-02 8.899200064125072085e-02 3.209000857389399108e-03 1.270746686527398674e-02 1.316839242456465699e-02 6.310175884169018368e-02
1.428699639743606989e-02 1.399366742823863335e-02 2.509597804899549311e-02 8.437100198330178824e-02 6.700030489921937615e-02 5.390694035799314943e-02 9.684409971602515876e-02 9.232121855937558061e-03 3.583797826516729040e-02 3.533433330955994267e-02 4.830005478236099221e-03 4.538810236491999661e-02 8.161485691231007769e-03 9.610674290028076161e-02 5.325147040334785725e-02 4.710234059226356407e-02 3.089015895253964875e-02 8.839053812363877050e-02 4.261418956199605756e-02 6.742834346101139742e-02
1.126212232545777993e-02 5.894026138545011007e-02 2.720963667059207725e-02 2.567487125766261535e-02 4.428229890567136895e-02 9.144630987470059313e-02 1.859267893693336213e-02 2.367617519302044407e-02 7.555327257257682741e-03 6.461626623667741931e-02 3.698910490850915167e-02 7.190659443010512242e-02 8.322180483477460700e-02 4.820292813580440150e-02 6.171027016459888076e-02 5.795330264568263057e-02 4.451037498210964893e-02 8.783198939569691888e-02 4.877084435155465414e-02 9.434898795406286565e-02
7.302490668929617623e-02 8.541333966764266816e-02 7.003211059114962389e-02 7.792764449062999921e-02 5.502016473615041481e-02 2.186211852605137937e-02 9.900676221484033812e-02 2.733994948281237829e-03 5.240069434008080146e-02 2.462101004749644995e-02 4.588304369305917091e-02 9.567640407460432234e-03 2.230562543182299656e-02 4.251969646614395248e-03 3.719718671621485145e-02 6.167372856056264029e-03 1.070018212269379168e-02 6.140967386001065093e-02 3.635186454392615174e-02 4.434891377015273695e-02
