2.845365282203285995e-01 7.409025791927027760e-02 7.808506598560355227e-02 1.702207571819651655e-01 5.559515874275697267e-02 7.484322897220418991e-02 1.340998640864110858e-01 1.431063024787724847e-01 7.367942895217451105e-02 1.246736787149453352e-01 1.291492132531364689e-01 1.069790231869613695e-01 6.096313310483510162e-02 9.566541688602181459e-02 2.730017442052673493e-02 3.764512383116337679e-02 1.653082551134282818e-01 7.001218311410017936e-02 4.125076184818106395e-02 8.271600265394513096e-02
7.899785882216259561e-03 8.605210505579763414e-02 5.917647947326432067e-02 7.808595965812485662e-02 5.534624956095538645e-02 7.000715168191644355e-02 3.670437003529434389e-02 2.125836628628711283e-02 3.410051424684020643e-02 9.284523505397873633e-02 1.622933857949473632e-02 8.632454135645292737e-02 7.876685475273666193e-02 4.042968341658217946e-02 6.582727129125633125e-02 8.663122016438784545e-02 9.869329421638409205e-02 7.740035588950134465e-03 8.771956992429784383e-02 1.303973465794722175e-02
5.134245871343138395e-02 6.736510230602632716e-03 6.839612556746903216e-02 1.183678045989632402e-02 7.162647797022492213e-02 8.046296751343391673e-02 3.261121231195023701e-02 6.347265814463040612e-02 7.604893242167531930e-02 7.749307064359961528e-02 2.331743863707028824e-02 6.766630872314850775e-02 6.779496862636487375e-02 9.109685467557372684e-02 7.245745149666017737e-02 3.997869049256015661e-02 3.019112476308996248e-02 8.658338080998102815e-02 3.858961337923205726e-02 6.094587780138770866e-02
2.595467874137488348e-02 1.583302629139372517e-02 7.014047908575586632e-02 1.408074699179266004e-02 3.547966594540289537e-02 7.633641172615222847e-02 2.121852703775672921e-02 1.602244440502986755e-02 9.070195863639826661e-02 9.627825402485226669e-02 8.365400266065305124e-02 2.614956890600690642e-02 3.777450469932346760e-02 9.006949926569256248e-02 6.385091161346986843e-02 1.296654151654552667e-02 9.928877844573202882e-02 3.964205049624991428e-02 2.952697071547847468e-02 6.114964475604517391e-02
6.950345687446855825e-02 5.927777058199373145e-02 9.859167815203156993e-02 2.992584138475058719e-02 8.345970329691405898e-02 3.981579912681863093e-02 5.950473396867331233e-02 3.142553088805181277e-02 1.114151817700816983e-02 6.890889591656849944e-02 4.618677661406910689e-02 5.209000703746810568e-02 1.620569264482179042e-02 3.724061373886889195e-03 6.421362025159149667e-02 2.514641683866752908e-02 4.706525227868710998e-02 6.432355857012862776e-02 8.540397513814144970e-02 1.236184390968226958e-02
6.126533959001589924e-03 3.237002827086269546e-02 7.271617753401794781e-02 2.786464585075104639e-02 6.383395741637565290e-02 4.930398742067964440e-02 8.615682719841713522e-02 4.370524457083629910e-02 3.632767486045396232e-02 1.582885670838796209e-03 7.145619701356691056e-02 9.993355605467552083e-02 1.117765350130082297e-02 3.616581970865480333e-02 5.865680854548942919e-02 4.465437265092386115e-02 7.428882289562793728e-02 5.583052057247109290e-02 3.969910043386404297e-02 9.787831252721714004e-02
6.531734304213332454e-03 5.212087856253085072e-02 9.860260218102800955e-02 7.643142391387205969e-02 3.544946061526790121e-02 3.867530948676437680e-02 3.383904183248248598e-02 6.720388648786961017e-02 5.661905244488864286e-02 4.183750186266343984e-02 6.016013660145085734e-02 6.407186790083641351e-03 6.586149505297332618e-02 7.765162007904617691e-02 7.649050505429910718e-03 1.422042309733514455e-02 9.086314334980902241e-02 4.028763789762690450e-03 6.949806944903037798e-02 1.322071838165751571e-02
1.285900618688105151e-02 1.975301656593145966e-02 2.350844661150288881e-02 6.536431136660257601e-02 6.484017811021465516e-02 5.110387740852776611e-02 3.654449986253157506e-02 1.103437863834719895e-02 5.195612026907104426e-04 5.455185497400419359e-02 3.794342000002734472e-02 8.948831132756827900e-02 9.855002434686600810e-03 5.881564472886338657e-02 2.315762956853381280e-02 1.235073570387690278e-02 7.590708773830354139e-02 8.598786883064321596e-02 3.435944351682964498e-02 5.737785427689604673e-02
3.227208967142509988e-02 6.915831283102170067e-03 5.776704016136408049e-02 2.215287834998164174e-02 1.189279462205968842e-02 3.065214953000555687e-02 4.798692711503189934e-02 2.171932256443672923e-02 4.814873025782480387e-02 1.022462248922902973e-02 2.658703030218632218e-02 6.893153839737565028e-03 1.254863730200576205e-02 8.183929165874954947e-02 1.879834488134965106e-02 8.640512543427687764e-02 3.276906004878719220e-02 4.101441564630841502e-02 7.696445387793157678e-02 5.531707595811194422e-02
7.630294052666508620e-02 8.425627271415774000e-02 1.420639518908931725e-02 9.724232457730365431e-02 9.098276898390005030e-02 9.237546885189731882e-02 6.842548344186234754e-02 6.279161076878259085e-02 4.071323356087393208e-02 7.650724890823812352e-02 7.804497005064904569e-02 9.259801013875053333e-02 9.790217769844761220e-02 9.883233599577201378e-02 9.749904466552852811e-02 1.858351367899534548e-02 9.424462328607258188e-02 7.935325968927461893e-02 7.729584437452152908e-03 6.078955902054204025e-02
6.996220372985040466e-03 4.054016780988254492e-02 5.374482205809158475e-02 8.299954109348200992e-02 6.896594895781614498e-02 6.092829633831819969e-02 5.613506211376802224e-02 2.706356838508716667e-02 6.995160608085758402e-02 8.124585434814546314e-02 1.682579863305040321e-02 9.385532457087691904e-02 4.158332489462624230e-04 2.647553927931032419e-02 6.773473939562960067e-02 7.589273302799948856e-03 2.427033151054465432e-02 8.978388915725876718e-02 6.354190748959642754e-02 7.676225162977879518e-03
1.862245400923024860e-02 3.185484651645539150e-02 4.768600618159455490e-02 9.509535233968899326e-02 1.822614623593887860e-03 2.064494589802490232e-02 3.260035570542284961e-02 8.146498473357205450e-02 8.554333484009983557e-02 7.166176229086936023e-02 9.889919649417683312e-02 7.909738946374084145e-02 4.920698454950427764e-02 2.105962318249242696e-02 1.258691790945143515e-03 2.653077566466367776e-02 4.055727346913706732e-02 9.811110722706174042e-03 1.920789112450110858e-02 1.256326272819735523e-02
6.925724177161902972e-02 2.603991563064751713e-02 6.589074025307048443e-02 9.222480122594811647e-02 4.659189284899842298e-02 6.155054302051914811e-02 7.004954569999120861e-02 2.972458323337641428e-02 8.019344463126419631e-02 4.630828214263139897e-02 2.614649915862885671e-02 3.255632262366157242e-02 9.179744681204238949e-03 6.725749551117359004e-02 7.880623306425849073e-02 8.752530940801640791e-02 5.205507139467115130e-02 3.721483825655858176e-03 3.109693906198918167e-03 8.889008648532958565e-03
6.397674045245389796e-02 6.813181988123583055e-02 6.542552741067433897e-02 1.369605773838734712e-02 8.307150962359446944e-02 3.436874617419582306e-02 3.815960071996937764e-02 2.032085307793610879e-02 3.735699178130872516e-02 2.037865795347109169e-02 2.919073254179236493e-02 3.233146788967875690e-02 1.477770598387021656e-02 3.726708405274983121e-02 5.909413798924000732e-02 3.590046710824562615e-02 2.797179337886986084e-02 3.290279691266856377e-02 6.146596168539311678e-02 6.947503037109063750e-02
8.949037594321881950e-02 2.497491643057990832e-02 5.837350872621743098e-02 3.029332476576797328e-02 5.786804002663747948e-02 5.436963234854069738e-02 5.164007436445139550e-03 3.677440908467057706e-02 4.457281087387009871e-02 5.588289238886871152e-02 8.526596517003429132e-02 5.017725923199068197e-03 1.631690403209567000e-02 5.081095657060458182e-02 2.244016473506360576e-03 5.587378766419648368e-02 1.790692336007963098e-02 3.095084065641146021e-02 5.005438615179456235e-02 1.453143077438334881e-03
1.899280107934773337e-02 8.713254470696153720e-02 9.268858779277470983e-02 4.975306732079867733e-02 2.622712223783988522e-02 4.785829182822054495e-02 6.386547369403250624e-04 4.889090447791093891e-02 6.382203683888136581e-02 6.751158702285454949e-02 7.988663055238569288e-02 7.916949778282109107e-02 7.726404550065602006e-02 5.322949910767341836e-02 6.011531929279360226e-02 3.071406580426963226e-02 8.538815442669603351e-02 6.340070203135060589e-02 7.072056281893668306e-03 8.704623557814886170e-02
2.751129248507433542e-03 1.851503263832840127e-02 5.049707761530480843e-02 8.313579073213102355e-02 6.920945661793953541e-02 3.746671962258615179e-02 8.304732964283427499e-02 4.337833895635526127e-02 6.478597473133002049e-02 5.555879971862465183e-03 2.568099222725339636e-02 4.597403464129123235e-02 1.717839845121083172e-04 7.619304552486527715e-02 6.250263678595062433e-02 2.269381252862715664e-02 5.979785686746930638e-03 7.053791396002728753e-02 6.616577715756555289e-02 9.089266717160840447e-02
2.842734422955939342e-03 9.550937105373163982e-02 4.891587760885223596e-02 4.786567727082322726e-02 3.016564911249160208e-02 2.752312659974544273e-02 4.054492169775204824e-02 6.536874714830695487e-02 5.060374665880836009e-02 8.311679870709876017e-02 2.479230226194939490e-02 8.014950342348325929e-02 4.018901598291360622e-02 3.165098791465250500e-02 2.397263328307832828e-02 2.887533678963374525e-02 8.011843864685919137e-02 7.603041946470967538e-02 8.397012932605747715e-02 8.259845554946781965e-02
6.557436107137182280e-02 1.143268345823894583e-02 7.847624325236109144e-02 4.306033680301438876e-02 1.630142790326747498e-02 1.171077934297528635e-02 4.166464287969774694e-02 3.407957063271815912e-02 7.458385516929104397e-02 7.617786464873003982e-02 4.008719267549862297e-02 4.895723240452773406e-02 4.819669279677565865e-02 5.135959073248927420e-02 1.212919323024758134e-02 6.644813108014843706e-02 8.127255626421001078e-02 1.674801445000398056e-02 9.441062429593879979e-02 9.152707497830347635e-03
2.908873078652769728e-02 4.447394720252151323e-02 6.612472646767590667e-02 9.438991315915365443e-02 9.268958377803843129e-02 3.313142921066843799e-02 8.418161997531470320e-02 6.667283677194657532e-03 1.159322612332818261e-02 5.624033857444929452e-02 4.064286795710863459e-02 7.617731362496653336e-02 2.435565514968201020e-02 9.481425919104162492e-02 6.126670730555749261e-02 6.192729732815961674e-02 2.657416658959593780e-02 4.446026866634895935e-02 2.653963087319007041e-02 5.824226127832577045e-03
