2.326669259553592606e-01 1.288523492727468578e-01 1.027626317807433382e-01 7.342056982907266272e-02 7.013097522587739829e-02 9.453079977434362957e-02 1.264634196497952667e-01 1.350997396124964667e-01 1.384283980502134803e-01 1.314227818378583545e-01 1.662570112966803293e-01 9.442997949193243645e-02 4.060136643750325569e-02 5.678942488189456933e-02 3.339254020847390314e-02 8.519028228585764917e-02 9.698204791917831857e-02 3.838353349417017446e-02 1.501675486997290365e-01 9.543226600163609574e-02
5.074415085328329300e-02 8.829877528278513854e-02 9.749602192161276049e-02 5.489508400894897028e-02 1.887485138549259769e-02 4.645903177068166912e-02 5.528666806380555521e-02 3.756413802315324013e-02 7.513382758952685814e-02 6.559658162491907585e-02 5.809726528668174295e-02 8.065368732826670717e-02 4.920076951247165375e-02 5.645682663817300218e-02 6.593137453224272304e-02 1.605519981343829158e-02 5.404004343125367454e-02 5.011689365769220889e-02 3.694926699110223645e-02 1.376650523477940345e-03
5.484883579928320763e-02 1.844400159484700305e-02 6.332620151218168458e-02 2.789999397139618711e-02 7.445290781103508504e-02 5.002642877451068254e-02 8.243481358327200970e-02 5.926534149239492955e-03 4.048045433978775774e-03 7.544564555463678657e-02 1.642097915650275741e-02 5.039001427285871165e-02 8.083672758767811162e-02 4.224572703862707057e-02 5.267624000906193787e-02 7.988812656680882585e-02 8.888994709175543352e-02 7.261285211096361880e-02 9.645140464798199198e-02 2.245999574710601243e-02
8.308850398506802126e-02 1.390530637120875913e-02 5.456369718156528492e-02 1.054193394519845756e-02 7.771344335605515075e-02 6.687455081896051534e-02 7.401006571712893944e-02 9.838924460259440563e-02 9.062436589206324111e-02 4.536810814937201203e-02 3.122124175977114818e-03 6.427356807803281946e-02 4.853841600407108464e-02 3.235572544147270746e-02 9.668990803750479590e-02 1.117020848957932591e-02 5.825626394905795286e-02 1.799570994077956052e-02 7.070226376550835246e-02 6.961805165148052255e-02
8.431684942417876083e-02 8.946271022704908871e-02 1.205528672940680071e-02 2.044881586987567015e-02 8.774243642535572638e-03 6.224538020267164629e-02 5.481840318810421442e-02 3.727271671763950078e-02 1.597025122698863056e-02 9.118063950089438929e-02 8.589076723943865621e-02 4.265067531524903421e-02 4.276848263647367587e-02 4.103571163145787459e-02 2.098318597790924805e-02 9.218005536439950742e-02 9.251358263867100196e-02 9.136994984816300402e-02 5.167081901794302878e-02 6.285343440098029033e-02
1.461248727897868126e-03 9.658816270490763745e-02 1.538485170326434753e-02 5.967168579757521629e-02 8.033442994109202262e-02 8.350914224515346151e-02 7.419264022926564360e-03 2.028036076214206895e-02 6.248725115099336425e-02 3.434156079524650768e-02 6.757203801033995205e-02 3.580635716375313304e-02 4.101304933271197189e-02 6.370093569047123594e-02 6.649619705843849704e-02 5.731779756689490274e-02 2.315649235230772540e-02 4.282807340819228328e-03 4.898755529048757357e-02 8.552293163851044933e-02
8.997689899971313132e-02 5.297516480997049165e-02 5.658437138293568452e-02 3.018514659310733705e-02 8.805729356335892377e-02 7.088481053701721490e-02 9.255644505070886874e-02 2.341354620233078443e-02 3.950533569753966745e-02 6.198409035330174760e-02 6.324830375437266727e-02 1.100241706081941419e-02 9.846295156134313165e-02 5.214307299635981274e-02 4.030840081395788144e-02 7.825429683773604816e-02 8.460118177259685901e-02 4.609869500251574659e-02 6.029171208604245475e-04 3.353959779117339501e-02
3.492492441975183354e-02 3.193871948300197605e-02 4.461625213807095952e-02 3.542386619265092129e-02 6.408234767138466098e-03 6.048374575260462988e-03 5.510767208358388625e-02 2.304701889838474405e-02 7.970831012172973837e-03 6.200140602485403746e-02 8.419090237189433279e-02 8.173414768260073293e-02 7.749391290360080342e-02 8.345517290498638552e-02 2.905429089802347153e-02 9.244041598333282983e-02 2.289815386638387532e-02 1.403148059898022895e-02 8.631744037579767992e-02 6.523872460520541150e-02
9.756543944421106063e-02 3.687630994271232782e-02 2.646261098427609218e-02 2.756857020498019312e-02 3.998881835884277036e-02 6.104381704117293334e-02 4.539921063850071298e-02 1.610068273970492042e-02 7.657692457438936007e-02 6.685613395818247595e-02 8.085541961072043038e-02 1.154061174675005165e-02 2.686519192523639885e-03 4.498774977823780802e-02 1.473903122075475094e-02 3.042490223282319495e-02 3.771074815474387276e-02 3.519924384293171733e-03 5.383930831367235437e-02 7.437412671845636258e-02
4.237311594310742141e-02 5.897421595864996841e-02 6.786490437117676314e-03 3.957738484384572264e-02 8.806584501113262631e-02 8.583770915196249629e-02 7.013458703189488774e-02 6.926436663470290911e-02 6.713507897149299797e-02 9.428259054386366189e-02 1.710574251335912274e-02 1.000743993645690846e-02 6.853608496253520144e-02 9.954843154661241478e-02 3.465990945537269358e-02 2.395739776313014074e-02 3.801764376002092494e-02 4.105257311391073000e-02 5.905936396862440652e-02 6.722166055840066157e-02
8.857664138644270879e-02 1.799219899664906627e-02 9.586906110185303143e-02 2.945355228894386279e-03 4.404614344742643905e-02 4.754958974011435496e-02 7.575555442939008177e-02 8.075476153745263230e-02 2.170165552949943153e-03 4.258764929572522728e-02 8.827509369502806180e-02 1.603270546311847886e-02 5.631363416737859146e-02 3.490239790669036335e-03 9.821351482103267416e-02 5.883771671196150882e-02 1.164781103543799379e-02 4.360295967970444914e-02 7.620996232523970237e-02 1.432175564572745266e-02
7.726124393566319304e-02 3.113568401827415677e-04 3.852174579081003858e-02 6.174659046173852639e-02 6.497870132402693011e-02 2.069035431135695172e-02 5.919768005764947105e-02 1.341291044670116575e-02 2.271777325097769362e-02 6.151374043855781931e-02 6.896707867904368350e-02 1.728041052859129525e-02 8.568226026979662568e-02 5.705725284104213278e-03 4.873075283203699704e-02 2.415798984470160157e-02 4.082561755993086017e-04 9.203459541801871369e-02 4.648140330965178264e-03 6.521122434295646697e-02
4.640916481936663285e-02 3.366149946374609458e-02 9.315125171061872100e-02 4.391157396421360715e-02 7.708498469862144764e-02 6.306911203446027847e-02 3.710034683959759910e-02 6.896814378229097764e-02 3.614765412422232815e-02 6.284262484580659114e-02 7.079754435913890309e-02 1.981460905214993667e-03 7.133010748671815560e-02 6.919996091122837534e-02 9.772058127021183982e-02 2.936426255814469574e-02 2.503459328047387411e-02 5.066536312147573717e-02 7.010768708226342016e-02 9.967016943283438235e-02
9.502724728677974797e-02 6.229829925991944850e-02 6.693956550564843233e-02 3.217653498547463908e-02 6.021932266716564786e-02 4.667714636816663876e-02 2.727326252953521379e-02 4.882041128455701096e-02 5.643734075231485181e-02 4.615575479795071268e-02 1.415454299158958040e-03 7.372129611962173479e-02 4.851944426249912845e-02 2.852118948755285807e-02 5.445795913667422078e-02 6.898405369364835060e-02 8.941673753750933873e-02 5.547450837950029107e-02 6.775781034534665570e-02 5.361695050531854051e-02
5.576414569253432263e-02 8.354232339890735326e-02 7.726350968198048008e-02 5.757811909127766303e-02 8.914443112288078508e-02 5.083643838701291939e-02 4.424790396572458179e-02 8.051393150759598993e-02 4.748633581248898339e-02 1.637549189915210590e-02 2.204682416893860575e-02 6.850827504721335171e-02 6.354929635099713925e-02 5.161008984612547312e-02 5.185515325705804257e-02 2.735343088852987270e-02 2.883895739938341363e-02 8.959030312560523068e-02 1.712939815666456728e-02 3.135606583574979123e-03
6.494872445377630754e-02 6.813086065395353164e-02 2.836269344384743235e-02 1.600893815096820008e-02 8.793962714515050905e-02 8.443303205691345126e-02 7.831879788856903335e-02 5.541290693884090568e-02 3.689865990224375919e-02 4.839223892493774853e-02 5.617072741224241744e-02 8.843079703038481121e-02 3.456378970473461651e-04 8.604931495233986150e-02 2.872702772319054784e-02 9.310276298285929952e-02 6.987171073301018387e-02 8.522925536269487790e-02 5.226179723359702239e-02 1.070822859690727727e-02
7.387148775908018716e-02 6.217703103291882111e-02 5.548487667043422618e-03 2.529355000342050838e-02 3.990200921879499124e-02 7.754653637947291067e-02 9.746838876749354397e-02 8.242616310480727071e-02 2.924711488605237497e-02 3.516725743698514289e-02 9.661067250163557496e-02 6.863440339129209256e-02 8.871421675962239128e-02 9.270322595183985714e-02 4.952592101762261223e-02 8.424977480719608725e-02 1.769415262121138907e-02 1.065100171919054588e-02 9.769805552652209568e-02 8.886378292360273823e-02
6.883201315464818060e-02 3.176293926633456943e-02 4.223756525158456343e-02 1.910093252650611056e-02 3.424767335429046520e-03 8.331789273171047450e-02 5.613233299964229955e-02 5.007255997481940141e-02 2.119933473653448294e-02 7.007020588113470339e-02 3.895510115933548123e-02 2.431098188342084576e-02 4.224016977220105412e-02 1.045994186582046605e-02 2.741806028521261152e-02 4.946308551917178581e-03 4.642008126608453827e-02 1.850697544537628289e-02 8.574503433719518619e-02 7.556638487889248690e-02
7.125320884277851208e-02 1.960630925417972386e-03 6.271963562052175478e-02 6.649799625209021348e-02 3.852696603328518293e-02 9.534807360286398636e-02 3.029957015622358751e-02 9.074745489471203533e-03 3.345509629121589529e-02 5.180859510676149443e-02 3.318461895857645338e-02 3.762447114049264490e-02 7.292855719285696106e-03 5.982150723376748053e-02 3.935034470614984063e-03 7.199441341680255790e-02 3.968807910550636864e-02 4.679243366095328649e-02 8.744953113484042750e-02 2.899997132704156336e-02
6.698502574700147816e-02 9.918658673633501399e-02 1.006911057891847310e-02 7.925220642971247953e-02 7.702231359768459129e-02 9.637502500846317766e-02 3.280400623891060324e-02 1.186624676930581046e-02 6.181221622995811821e-02 8.331603003821624887e-02 3.386409800063401587e-02 5.853031219593105711e-02 7.874498291073107198e-03 6.465930159880327321e-02 6.569871934663704116e-02 4.778758846349882156e-02 5.692447346841775918e-02 8.406054914599292438e-02 2.891709113315548210e-02 4.282951235075472228e-03
