1.980736438232310326e-01 9.697988613393054846e-02 5.526619406664182166e-02 2.370335819884324818e-02 8.523901412148462975e-02 1.231245667390549470e-01 1.055836148156269749e-01 8.769922242841021731e-02 7.367911631275694817e-02 1.031083948918554427e-01 9.415941093735963330e-02 1.322342932887634603e-01 4.931971344071865715e-02 1.185016427835704350e-01 8.990968526417790485e-02 5.266757218018294079e-02 9.178839975561955966e-02 4.735382640826042711e-02 7.591601271062049794e-02 1.054445104045806381e-01
3.074669427751946030e-02 3.569681448823509851e-02 8.342212917973869379e-02 5.539582133004727210e-02 6.195970724813368996e-02 5.710034560582091800e-02 5.683066339730480799e-04 4.289153819133306733e-02 3.747122448213888873e-02 9.938614512824839320e-02 1.612081400171438972e-03 5.915607774959479731e-02 3.196254851042116402e-02 1.198089938009405664e-03 5.244179741976329407e-04 3.393639633640326697e-02 3.026916058711762864e-02 1.686714642649197668e-02 8.614229416137955675e-02 3.039762595996154011e-03
6.684771050719062746e-02 2.845289216425128881e-04 4.393350333769116545e-02 6.502472030119092750e-02 1.620197568656372988e-02 6.495492695267683636e-02 6.094380872140077454e-02 1.984514967725440476e-02 7.252371864990496408e-02 5.700001755009660720e-02 5.839635351888657067e-02 6.890929335383709498e-02 7.720642104343511912e-03 6.890885090278165391e-03 7.425235466278305718e-02 2.282821212754374690e-02 4.107232430358370712e-02 9.166624754554837662e-02 4.366404649895523626e-02 3.984421940757348901e-02
4.633699509603977224e-02 2.591944508091281827e-03 4.822739482708204850e-02 2.124320470372973585e-02 5.900171574903140259e-02 1.586138154395622113e-02 3.328571925952714811e-02 9.695118635385875649e-02 1.657601555586709838e-02 2.212964616224595560e-02 4.686094858387066658e-02 5.511795689801048115e-02 3.765238173285928580e-02 3.751735778042963182e-02 4.703500847263739071e-02 4.237221035729874657e-02 1.282668874107205717e-02 2.719041106162678467e-02 9.330190427911300155e-02 9.156904102817531310e-02
8.371721291638120621e-02 9.516873256229524403e-02 6.286474381645435101e-03 7.165153541418918526e-02 1.343144405829212011e-02 7.302213380930816511e-02 5.993102944114893360e-02 2.879582548136354683e-02 3.238033540706208857e-02 4.086363921788378761e-02 4.255569928484579517e-02 7.944977042363843278e-02 5.959859962667318073e-02 6.415000274905510724e-02 5.642349302284521001e-02 6.672876339658471989e-02 2.366997651966765842e-02 5.585315185249217773e-02 1.191349623568316307e-03 5.532221788757890613e-02
3.680315498725696133e-02 8.123114970975313376e-02 7.364974823569296614e-02 7.223779453291548358e-02 1.272845788737562295e-02 9.660272580208011106e-02 6.741488458338520950e-02 2.036195906447101425e-02 8.051496309054351208e-02 4.407568941451558975e-02 7.732000872100935895e-02 1.512424980111444321e-02 6.600224822497798016e-02 2.805783402311292848e-02 6.472700959969486523e-02 6.570748647007585048e-03 9.786920830937294313e-02 4.410633429584009946e-02 1.038410040402119178e-02 5.005184407627806531e-02
1.599334592109030728e-02 2.684492561438598518e-02 7.031157733233438234e-02 5.339609829534963659e-02 8.795763598572249597e-02 5.767755003954714438e-02 2.057449193475502369e-04 3.754525417628033074e-02 8.684645957290747231e-02 1.820391789083030190e-02 4.027487549905103825e-02 9.346782006184820024e-02 1.847732877152456071e-02 5.193908472904943535e-02 8.843630127842469490e-02 7.677003974521838525e-02 4.203842085591087685e-02 2.658483071901275585e-02 9.893304217202630868e-02 6.644216770440075637e-02
7.792245993273850049e-03 8.830543215709887872e-02 4.690254444205880363e-02 3.964598749851139248e-02 6.269247424365223531e-02 3.518928190310939563e-02 5.319343745251941397e-02 4.890692317428743663e-02 3.231613030745128512e-02 1.474771762720326201e-02 2.504851804750554342e-02 9.871719451013273583e-02 2.243646011849983676e-02 9.397405261503861962e-02 8.199215145598948845e-03 5.049252769321085910e-02 4.786336401959227077e-02 9.237224651127255715e-02 1.931507669237188252e-02 4.968233963122740265e-02
4.970774058111435134e-02 5.816285222345152217e-02 3.345205100519579172e-02 3.950750296547094614e-02 9.130353509775362975e-02 6.078619042345665552e-02 4.459880310619082633e-02 3.897411320038873112e-02 1.708073069382445505e-02 5.742365926356801653e-02 7.964157233284885340e-02 6.187598283225715333e-03 6.013783131513673885e-02 2.510132050123185105e-02 3.199514399662306812e-03 9.242351531504945650e-02 9.093030250119377156e-02 7.557250200104904947e-02 4.440918784985561918e-02 8.858327924779230145e-02
2.379972350025482200e-02 5.309486921735714904e-02 8.934314634122024479e-02 9.105169805348285739e-02 2.206823858417226308e-02 8.552150314010341370e-02 2.551267747568701852e-02 2.032071902754975165e-02 6.822167392695170640e-02 3.022878199967980045e-02 6.429359977159665451e-02 9.149918696276880536e-02 3.686496381162716190e-02 2.917482731561531553e-02 7.489551357657453674e-03 9.461325527226654986e-02 2.939221459995099497e-02 5.056035577949047517e-03 2.994581024141333009e-02 8.971744682187028641e-02
7.475507842180140194e-02 5.503410943858649124e-02 2.573584866271226915e-02 1.266615604008508589e-02 2.076222031407536431e-02 7.900510166272152468e-02 3.139413235663989638e-02 6.950038091631233206e-02 1.988703483951564932e-02 4.008511930975782594e-02 3.976529371354436959e-02 4.150754663831163205e-02 5.390114541944850818e-02 9.452593442120060807e-02 9.027126760782233639e-02 6.279815256929364986e-02 4.093654372748015829e-02 4.935472849472506696e-02 5.504652496585569349e-02 1.917306834697765291e-02
7.901960727191693554e-03 1.412134255636325955e-02 3.173692708941155266e-02 6.182187001853911568e-03 1.099282532661820591e-02 7.790143098010507416e-02 8.311220893621544537e-02 4.788632795025269534e-02 3.585558069823110289e-02 7.464396050234131663e-02 8.904406561105154827e-02 6.752785919869758180e-02 1.246264069217001280e-02 9.581258630521598263e-02 2.919705457135191116e-03 5.506068349184394667e-02 2.839892165854637426e-02 9.307641095707011591e-02 9.472878160563259764e-02 1.736259220937305323e-02
2.593285747910576561e-02 4.733629925020028939e-02 6.462072044939161375e-02 6.395711032153321429e-02 4.222518388816168949e-02 8.869480734774896902e-02 8.554655897511515006e-02 4.992580825677681022e-02 2.795961208002230303e-02 2.358991664645482267e-03 5.621458694498146502e-02 2.583540816457778957e-02 3.447516179263183933e-02 6.594046684336979380e-02 9.067580284351697828e-02 4.880540188044329292e-02 6.122497741641372282e-02 7.887419989502176057e-03 9.412359105651252333e-02 2.052799061754155899e-02
3.373312572030997408e-02 3.630681364935872679e-02 6.816848120045997106e-02 5.587328399445879064e-03 3.691355681350496493e-02 2.658275973174111309e-02 1.038092872346805390e-02 3.132366274112324822e-02 7.130719780863922774e-02 9.558991195105938365e-02 2.207113742863441377e-02 1.761091988411538425e-02 6.637689602111251919e-02 7.874897521054138871e-02 2.440290789517673975e-02 2.707184429647482501e-02 3.864702484544890997e-03 7.569017267149103119e-03 8.338163943393062105e-02 1.170793282990718713e-02
7.237917000052618288e-02 9.204379488652968122e-02 3.408187204913024765e-02 1.273070867504371220e-02 8.769937381463160930e-02 6.449324448363269457e-03 6.322265363959392315e-02 2.976238580991109883e-02 8.452476288804827709e-02 1.444830101620292462e-02 6.071451108641402750e-02 9.435966168161571965e-02 4.835281783247816212e-02 3.451152580730586922e-02 7.074248718536553515e-02 3.907660639988015661e-02 2.137066685118593767e-02 9.983235780552347782e-02 9.919576143371233723e-02 7.851437178869324907e-02
4.388860981325022614e-02 8.115815463780498562e-02 5.858978715079814908e-02 5.145959472485318875e-02 4.293585198501945893e-02 8.421803192951411721e-02 4.490422002707201987e-02 5.794994094507566413e-04 7.141369427231381191e-03 8.832481716025636365e-02 2.956541079716562548e-02 3.229899753215117325e-02 1.966761809019235314e-03 7.158241511773373589e-02 5.959709919844388692e-02 6.973023098849756574e-02 7.081527498860014369e-02 1.350604542815178090e-02 9.800876696294175128e-02 4.201069724178529280e-02
2.115646465786059915e-02 1.449517701160796300e-03 4.304619789148583786e-02 5.074338078365503435e-02 2.730763792083597263e-02 1.341008136461536819e-02 7.446204102809597658e-02 3.901170232480510175e-02 3.274346237555449124e-02 1.542345277629801961e-02 2.821117426387994773e-02 3.206059502572768116e-02 5.640475063390648636e-02 3.877541534296678055e-02 6.156882033391012504e-02 6.686192079678297817e-02 8.895778564003926914e-02 9.638422196025536737e-02 6.888152572447091282e-02 6.968066228732062127e-03
1.338604928306053087e-03 9.649357863700326610e-02 8.831295300509203750e-02 5.738574114735489617e-02 6.592042783358190161e-02 1.221589270937287891e-02 6.814109373251826807e-02 6.143693394356281035e-02 2.116237911659452076e-02 5.466964624449460741e-02 5.064009871326236381e-03 3.660463242953163748e-02 9.832169260373116448e-02 8.315358300141835468e-02 7.251061108876098726e-02 1.361773678245150644e-02 8.495974895944236049e-02 8.034612365259102829e-02 9.135111597485657750e-03 8.594486253680911486e-03
4.534326020108908617e-02 8.797950185504184450e-02 5.955865364462761824e-02 7.975991610649180164e-02 5.892101420245566060e-03 1.292325704734289572e-02 3.970100548028774462e-02 6.423856760408384881e-02 7.641117870162866810e-02 1.420956991946147399e-02 9.512592060242984482e-02 6.655831105204609854e-02 2.461780622990059758e-02 1.512721391994809083e-03 7.478903479734895499e-02 8.062935674145578144e-03 1.814087292431374593e-02 7.245329547477231090e-03 5.191256557970846258e-02 6.325249496580807873e-02
4.212468491069840809e-02 8.558235157432959872e-02 1.957324983377943875e-02 1.040446096521097097e-03 4.702971393365658337e-02 2.007264973728572956e-03 8.878924909644925201e-02 9.012704943823797443e-02 7.070518877594825224e-02 5.999204499020776432e-02 8.159637738109931648e-02 5.203728618912058235e-02 1.676134995654463694e-02 2.707499583468682414e-02 4.490122810136248227e-02 7.644993563635744949e-02 4.299713950723080963e-02 9.328325097653050735e-02 8.191872355197432620e-02 6.571539958986204188e-02
