3.213977092983334449e-01 8.692520142037112041e-02 1.317753845526332124e-01 1.074061296663532256e-01 1.700111093547602148e-01 7.432142297806616782e-02 1.041274584603450459e-01 1.388776210562104318e-01 1.397278716417302280e-01 6.603356438743293588e-02 1.539180635180600887e-01 2.155685498824320978e-02 9.426677864157993747e-02 6.099650679503959561e-02 1.296744480048477310e-01 8.800530303890863326e-02 7.981887523875112744e-02 1.053645694722365050e-01 5.572357419081942070e-02 1.538783954027092560e-02
9.930744279697657426e-03 7.309091325374500459e-02 2.074040867098075891e-02 3.907181016781665489e-02 1.674830868642156537e-02 7.094453767983231740e-02 1.675059121252652633e-02 5.512992092192130211e-02 7.435913956598034884e-03 2.313970550940778331e-02 7.804381277129779360e-02 1.855903796147030660e-02 2.748143363717870866e-02 6.809546125593378407e-02 9.460173748351704062e-03 8.715201783233297861e-02 1.002277755811381843e-01 2.100650720132648738e-02 3.618379043143089835e-02 4.976355048826949096e-02
6.567722425739813685e-02 1.002725154554161419e-01 4.462907846449971905e-02 5.334096230315635984e-02 1.531668755796672908e-02 4.937743193633684774e-02 6.886598627640554138e-02 7.808466274725514578e-02 9.102596149648232993e-02 5.051436266153935817e-02 2.529343486082224687e-02 1.397696373224813216e-02 6.013469557072162464e-02 5.982581617496189608e-02 5.650287048085703839e-02 1.919263523183302803e-02 6.743892956824312779e-02 4.782284631993227210e-03 6.337945589682532355e-02 3.340001012997576013e-02
2.012218216676318200e-02 9.269675112418983287e-02 1.231195503556018443e-02 1.008267142612205014e-01 6.427619848883023290e-02 6.376290395099162974e-04 2.696241158172692567e-02 8.171699548548008729e-02 9.068769185256418675e-02 2.613774334902694424e-02 6.680729995342211958e-02 3.667194296879425913e-02 3.877391559688943279e-02 1.003400041290644466e-02 1.001272002201617217e-01 4.641743578349609434e-02 1.488775330851428540e-02 1.118618185391234005e-02 2.365645869564702783e-02 7.531228422340868756e-02
9.270114592640470164e-02 3.033328325831308528e-02 8.514442741565371453e-02 4.926481200216686895e-02 7.585299186883726064e-02 2.023762970719728341e-02 3.719161679765246864e-02 9.797545836379693840e-02 2.319680012050738885e-02 7.115083778073071075e-02 6.404404607565400420e-02 4.982374582480283282e-02 7.939917024078731178e-02 1.314033455829720538e-02 9.171003934189300710e-02 3.788806891523971432e-02 1.580828534954797915e-02 2.789910924296886210e-02 7.392535369485937063e-04 5.446241668314505402e-02
5.637899730190010922e-03 7.599203039894014688e-02 7.315931801965287751e-02 7.660356201750147254e-02 1.539902529523259032e-02 9.001622855767947573e-02 1.799522541574594819e-02 6.962680371706374272e-02 5.076908978374578690e-02 1.892102014356910125e-02 3.406105038158861731e-02 8.635543851181534669e-02 9.069017461426399918e-02 1.036024599935502777e-01 7.391819347990899458e-02 7.285293638202998412e-02 7.804787381628507104e-02 5.884654890064287130e-02 5.094771212353944867e-02 2.481846182531037559e-02
1.732845008608496513e-03 9.524272103371031473e-02 7.419188590027710195e-02 2.468315360820356325e-02 1.057928700121072048e-02 6.395271338249300386e-02 1.740676787175186868e-02 5.381742556779428588e-02 5.368796713769354717e-02 3.965457580240040747e-02 6.383761485197417263e-02 8.934509051575545424e-02 3.350425454415147802e-02 4.113171403682658323e-02 6.376466502255404012e-02 3.934534216725505545e-02 6.172167295334440862e-02 3.612924647887111318e-02 9.875864240519062476e-02 7.684149496628113474e-02
4.880169459215202843e-02 6.795111517441092264e-02 7.630602797855665087e-02 5.897335917063869365e-02 2.720884148751153211e-02 3.394721422810244305e-02 9.107763549588986096e-02 2.348045002240481752e-02 2.514414240995572342e-02 3.369718664802053964e-03 3.434320972459056764e-02 1.003875266544414918e-01 4.507995639109561858e-02 4.847892482013303750e-02 4.871344542816195139e-02 9.408025979176297404e-02 5.933032892962254723e-02 5.869496463085028398e-02 8.115230384098227889e-02 5.990103337173503795e-02
2.841683727878309765e-02 2.991458151466659318e-02 9.944483691006449078e-02 2.955208531734623487e-02 6.323435684429291881e-02 5.625495699103909286e-02 5.809252452589749871e-02 4.930119808402875364e-02 3.055352201702188006e-02 3.783400077663769817e-02 8.635389539066277986e-02 5.531906190385565275e-02 1.017458552997769772e-01 8.309766023613925079e-02 4.386303814350438028e-03 7.100614156393490750e-02 1.790955905023859304e-02 1.350213357406018040e-03 7.985090142001892433e-02 9.145945325088385147e-02
1.606088267755107456e-03 2.648618802123811622e-02 9.141186786840746481e-02 1.879764006292466982e-02 1.246506023562324317e-02 3.808136872036613219e-02 6.424126269512246690e-02 1.603001562677298930e-02 3.810429428944984293e-02 9.513399721468475401e-02 3.370655488359620977e-02 1.566697919481685811e-02 3.833964203521349895e-02 9.339270589282462620e-02 4.816846715735323414e-02 9.382360877106296626e-02 4.362021789975710495e-02 3.605090999250112893e-02 7.491150993112311030e-02 5.404431723095660944e-03
3.206878026252540925e-02 4.270374293873779870e-02 8.498797543244461516e-02 5.905251289057661390e-02 6.273013895898689463e-02 1.250921257555969715e-03 8.099203979838495715e-02 7.805010439022160018e-02 5.878667115822572981e-02 1.285131576635005317e-02 1.104363526492576665e-02 5.172869913167034255e-03 3.235668544278930137e-02 4.764296481509934511e-02 7.269798023711195045e-02 5.965540762528132729e-02 1.285170821823143107e-02 6.870098602085566997e-02 6.676546599862187570e-02 6.848177246983963573e-02
2.616883809152796211e-02 5.091372854716138402e-02 4.254303856247951265e-02 6.991423729519530283e-02 2.902201072420413502e-02 2.188724719877056107e-02 8.481741209634446887e-02 6.608379936196678850e-02 9.063963632300993389e-02 7.804488566165751484e-02 2.056285074244813826e-02 5.002073927445792323e-02 3.602296661996851057e-02 2.526035211328560987e-02 1.203509638857901652e-02 8.017522697988387070e-02 2.505003317882414232e-02 1.581034547257474665e-02 6.240118159175019052e-02 7.232398431594748434e-02
1.004614622338039914e-01 7.719958045950787995e-02 9.102031425855174052e-02 1.581985959405748932e-02 4.252620770087504887e-02 8.122950856494109972e-02 9.358967355844600988e-02 7.914411610336506697e-02 3.162523753104950347e-03 3.997635257855240709e-02 5.647379015251718926e-02 5.702723159002647674e-02 6.519540782302407633e-02 7.614078432556486975e-02 4.101714319135873338e-02 5.501593590192181693e-02 3.211959923882163476e-02 6.590797179107650561e-02 8.869095272196873825e-02 7.158851933881374419e-02
1.016230575758680643e-01 8.346442536751120037e-03 2.076470828975632288e-02 2.794872938166057669e-02 5.819700406259960962e-02 4.526008693170670977e-02 7.819538688096878964e-02 7.709019464685580580e-02 1.803306835622553450e-02 2.500571516724233584e-02 3.358207135234150126e-02 4.378648867381711163e-02 4.869963092462020054e-02 9.702359090114207052e-02 9.448391500763916873e-02 4.793796482268905534e-02 5.058117159568408655e-02 5.708731054489551288e-02 5.274834737829481486e-03 9.520664962683311749e-02
7.388410360665086758e-04 5.381020041981925128e-02 5.699007081598955748e-02 8.657814961450430169e-02 9.743362039536640484e-02 3.307817642905049038e-02 4.365762471071064563e-03 5.234563165878897834e-02 8.994845941093868036e-02 7.786470069103376863e-03 7.692182724953487705e-02 5.220709814487724948e-02 5.387704463373287761e-02 2.112563456700601930e-02 9.231843970545906830e-02 5.072519398171323329e-02 1.551658543076594315e-02 3.808434617336155584e-03 6.880292969853483986e-02 2.223655375787568153e-02
8.791131882818005450e-02 1.071520298275161279e-02 8.435255692236653946e-02 1.006806571976113229e-01 8.111933367744669776e-02 1.898887947951123992e-03 6.111460247204483429e-03 7.406672051028854314e-03 3.390876834988269112e-02 1.834849818857278020e-02 2.370615711616426424e-02 9.431624529922372907e-03 4.943646211314935146e-02 7.858423538682939025e-02 1.015209551029261636e-01 1.614908381092112349e-02 2.176217909178505480e-02 7.938315772909231016e-02 9.480637794618565484e-02 1.032796175504768071e-01
7.288507069857678988e-02 1.671722109809802709e-02 6.131157570347477853e-02 5.593198834560633020e-02 6.312571423548392346e-02 9.264285384406135970e-02 9.581044154447873606e-02 9.622001733007413959e-02 8.059138093827238059e-03 4.599070419261895581e-02 8.952987943980895980e-02 8.341484817005484498e-02 4.978936699017588036e-02 4.225058864240876198e-03 4.017722354199682044e-02 9.578441804121938519e-02 6.557319634427749566e-02 1.954346371273039604e-02 8.409840215385412654e-02 8.481156739602284389e-02
4.865360241068700242e-02 3.167955823987850944e-02 1.971432949812077298e-02 8.524419969359385563e-02 7.967475270289300915e-02 9.144402035128182393e-02 4.861273565646932748e-02 9.549242450050590691e-02 1.863349026871664871e-02 1.378870341208537041e-02 1.851205593493009463e-02 5.492799871170805232e-02 7.222707721423242411e-03 4.357732765799270797e-02 3.415749354882120087e-02 9.942496644568180053e-02 3.197244244370311961e-02 6.344613645717853134e-02 6.235635210888652857e-02 8.516395062654004769e-03
3.406532795244226336e-02 3.679064083369215643e-02 8.095837503905053967e-02 9.863403502391615563e-02 9.320151254540361141e-02 3.505781097805673457e-02 3.957426067482742310e-02 1.431937075708705764e-02 9.906096829478332894e-03 4.032776100414051795e-02 1.216730311492554735e-02 1.261509400736319370e-02 7.543771358126730164e-02 2.561751510219912459e-02 7.925290956501504502e-02 8.387584886653942640e-02 6.912594203576474805e-02 5.262285581265098433e-02 4.279711964343776986e-02 7.744330692207374023e-02
1.890929377041098217e-02 7.956147932749016438e-02 3.428825452967391302e-02 6.231386674603082987e-02 2.858926477495403462e-02 7.198759227433718100e-02 1.780736467902381548e-02 4.847205089949747220e-02 3.149045444763357710e-02 9.463312990709774400e-03 9.188864588773308639e-02 7.824604699980065858e-02 6.982564720575021311e-02 2.298416872565008442e-02 2.373532874610647520e-02 1.056743317251004032e-02 2.524933758286231761e-02 6.474450453312814713e-02 1.912949741736826720e-02 5.427084067435934862e-03
