2.912194829573423460e-01 9.879898903006059663e-02 1.499750117762186086e-01 1.282710187405830260e-01 1.084144573202578399e-01 2.160854542116537325e-02 1.280786999443204732e-01 4.374749915793577082e-02 1.002999305028689642e-01 9.389453820155209407e-02 1.621353633770364899e-01 9.792153248549312350e-02 5.109422936127323150e-02 8.980911578073288992e-02 1.224663729164606057e-01 7.428400929634708383e-02 1.189741337457307785e-01 1.329484266605052423e-01 1.253288790697192068e-01 2.439599422091094649e-02
9.026037617537266411e-02 4.027814345692302261e-02 1.022058425101868423e-01 8.115086704554154429e-02 9.930689354995645216e-03 1.059533366263393644e-01 1.450615510806187690e-02 9.502870056829711143e-03 8.109517856887095422e-02 1.084896701918184291e-02 2.294340635202520105e-03 7.558372515390175683e-02 9.242936090935659167e-04 8.106347604817407126e-02 3.119256986715381735e-02 7.181733778786873745e-02 9.549747192649538086e-02 5.081379040623736770e-02 9.895844580199507357e-02 5.492355307065233810e-02
9.281939692087384786e-02 1.801063636273128946e-02 9.738668543956921497e-02 6.660222398013065925e-02 5.488503584947442698e-02 6.227623578074158867e-02 2.647882695070703785e-02 2.087551597282623350e-02 1.929004407252424280e-02 3.542921747885590528e-02 1.122179415207535426e-02 8.971870531049461195e-02 3.615971617999173132e-02 6.271345900135275042e-02 4.522562342065221397e-02 1.038779467822342900e-01 3.977476986886886029e-02 5.944521903483483694e-02 6.208906906141812773e-03 1.557002687446522315e-02
8.965572184551087731e-02 1.306202077903016517e-03 9.651302904521510961e-02 7.943604929475521492e-02 4.851739849469021044e-03 2.763147072542635613e-02 5.657237152043317896e-02 1.424820765802308972e-02 1.250447825312888013e-02 2.597405863829139322e-02 2.168418405342524211e-02 2.431723685932491927e-02 1.302260438068115166e-02 2.070984191172858119e-02 9.278904173908845976e-02 5.178682256792260796e-02 1.009364595416042086e-02 1.236005589873104792e-02 2.198399881684930460e-02 4.810083867206219749e-02
8.638559066018447474e-02 1.244622493866497787e-02 2.069825859472830543e-03 2.491328459498961135e-03 8.938576531779650336e-02 7.481569178483291060e-02 7.646917532288526054e-02 3.334611906408659759e-02 2.477643891354789837e-02 8.018697539596734980e-02 5.285943543868477229e-02 1.963041871003245314e-02 1.014776813648817499e-01 8.874057624274653278e-02 4.465473139637513023e-02 8.272723589202196637e-02 8.185325053598230260e-02 9.398068228063259644e-02 5.776884318408483099e-02 9.211151522468286057e-02
8.084220601913734428e-02 3.083176195464040759e-02 1.773366679585133832e-02 2.844922702209555423e-03 9.055625646891836411e-02 1.108399225026079557e-02 6.162497997738989805e-03 3.926501485055174101e-02 8.971439367524614017e-02 6.450656463587585432e-02 3.068177734381914018e-02 2.825532367226888525e-02 3.160392347621240883e-02 7.207228242332797130e-02 9.503390635370242978e-02 4.523992067828525032e-02 5.689885847106882638e-02 5.244271892030830107e-02 8.402730681411792191e-02 7.972987117400510970e-02
6.898248607146881262e-02 6.708907273253618408e-02 5.367032730547759839e-02 1.086709748992355576e-02 2.709425784462591094e-02 7.062615592328788661e-02 9.738977187038409811e-02 7.690218884644361985e-02 7.446513842037223718e-02 9.527086697388728598e-02 4.201473321254510507e-02 2.648238117063129310e-02 8.353561130835546189e-02 9.820372748145182740e-02 1.314824400937393729e-02 9.237928609566420368e-02 4.678449717781187067e-02 5.964968073381616415e-02 7.492619432471317453e-02 7.045190204737962480e-02
5.888054454079163363e-02 7.521835489685670117e-02 4.747771815093239367e-02 3.253906706409315577e-03 2.933106968630656494e-02 5.455745026266672210e-02 3.412562669566491375e-02 7.985184996571573213e-02 6.850916867110468100e-02 1.032647873725460741e-01 3.011807804107674916e-02 5.937221882259356188e-03 9.703304562997154548e-02 2.320107514120186773e-02 5.602724315598716504e-02 6.869962868471912731e-02 8.586727763587884144e-02 1.752588521816933129e-02 8.480014666203229690e-02 3.083482982593412774e-02
1.469074202600336235e-02 3.889434437218683427e-02 8.204248704793566313e-03 9.156453232057484848e-02 4.344879094566639344e-02 8.790412195457582289e-02 1.053725347314494604e-01 7.487377750063692328e-02 8.809395395521420202e-02 2.068265652155322834e-02 9.182840161450268879e-02 6.825665534584662852e-02 5.945196259047794834e-02 1.011165787295117829e-01 7.651714610722366861e-02 5.744635040408128251e-02 2.548924012181167514e-02 4.200907514865254155e-02 2.875818954379556758e-02 1.216896298044103410e-02
3.136926644598808656e-02 9.163125681602830863e-02 2.195949947782633097e-02 2.445930291265314971e-02 9.175452661801268561e-02 2.492156218568018083e-02 1.695381622365328689e-02 1.066330795028881534e-01 5.347179439732436396e-02 5.599044903157383152e-02 4.388674456758898113e-02 7.206555634103262165e-02 8.789457539227255034e-02 6.998962450361986701e-04 7.858389900920687010e-02 1.186871276670393126e-02 6.784380875791998222e-02 1.463551700976820080e-02 2.804421486315480938e-02 1.519550977803290487e-02
2.438725667596225791e-02 1.428444745579717477e-02 3.305266979971563379e-02 8.191418123760393910e-02 2.342479306671054265e-02 1.039208844808430093e-01 9.960813530886966638e-02 9.073999739997092029e-02 7.294702389984654423e-02 1.365296299123887509e-02 6.722959041426587734e-02 3.056598859946178109e-02 7.119816076046935061e-02 9.008911624173426835e-02 1.047666517233712402e-01 9.687446102919919366e-02 1.495281242042217906e-02 3.601681333759313569e-02 4.041304731525845184e-02 8.402965143616401844e-02
3.438079999064136416e-02 7.082743907133475826e-03 2.828832928461488469e-02 2.499434649623877638e-02 1.047837614876429707e-01 1.777844871492164150e-02 2.841315079488538134e-02 8.122383961109452821e-02 8.876567581773908699e-02 4.122515668687139721e-03 3.338250554161217160e-02 9.496391704985626681e-02 1.124736756239668768e-02 1.007332228256185430e-01 2.403093030713105566e-02 1.040208599606449319e-01 5.982784746778130325e-02 4.958589227075874822e-02 2.869609050388201646e-02 8.304355994305501198e-02
1.768011711441035312e-03 2.054480110636590709e-02 8.219346574905320169e-02 7.139828482322502223e-02 8.047660056933561568e-02 2.017729925779405617e-02 6.374243798751259849e-02 2.745382480249801936e-03 2.008804367723444201e-02 6.020513195878351986e-02 3.265541932073694111e-03 5.445181227182280259e-02 4.512331209845066304e-02 8.123645809419997865e-02 9.213981417902292193e-02 4.144547124908421441e-03 6.405365781523592039e-02 9.046576808909541356e-02 9.592890903629759658e-02 8.711948680308498338e-02
6.297824184999915864e-02 5.850993636457119118e-02 1.203706937466775088e-02 3.335267406394462619e-02 1.412387326008411777e-02 5.143417769536032247e-02 5.004123411745406425e-02 4.314529634529673530e-02 8.416430359239546188e-02 8.270889808595001391e-02 6.807356583841216169e-02 9.754956362478026111e-02 1.607470591328325968e-02 2.299195967569849300e-02 7.395869381556155475e-02 3.934973109290158116e-02 4.361816671910202087e-02 6.871621102996819386e-02 6.108156742033075265e-02 7.752339584933195214e-03
8.369786356951641748e-02 2.926394848453970146e-02 1.967585347289752679e-02 8.364785789657749882e-02 6.022992029340837328e-02 4.254747430383354345e-02 6.972428827684758190e-02 7.896464733447727813e-02 5.630299513761376218e-02 1.733307172243540514e-02 8.819516778546451774e-02 5.305080923979511170e-02 8.430936704570973772e-02 8.235805553556227454e-03 5.791216406597059912e-02 4.726032753320982133e-02 3.482609166395451289e-02 5.466310465440640809e-02 4.378871335092812678e-02 6.813353402629067357e-02
7.954494891075476748e-02 6.029552601667879930e-02 8.368002207969865713e-02 1.006457309013579493e-01 4.074335430398146052e-02 8.686331184120632543e-02 4.425398817976979038e-02 6.321346161354143844e-03 7.075786468952127706e-02 3.210395165074782925e-02 3.135179310593048246e-02 1.191903914757138847e-02 5.851611482418531129e-02 8.326051091927301473e-02 1.009815313538556802e-01 4.393697610986632002e-02 5.922324440109722615e-02 6.573856614968838497e-02 3.127842050109528454e-02 3.312907213023177228e-02
1.032566055121399845e-01 7.480146684195772104e-03 8.713991707236606876e-02 6.882974034961000798e-02 4.366468598081491015e-02 7.108696210894106804e-02 4.716885711143774945e-02 6.674964311511788484e-02 2.506870892357876413e-02 4.358787700897119241e-03 3.848759819811593819e-02 2.798475102533483014e-02 1.018255324376421134e-01 2.570982325287932482e-02 1.016199212512326755e-01 2.975789792667489844e-02 5.204155148285155574e-02 2.076342800166275718e-02 3.672571420915486662e-02 8.761421145777646691e-02
2.715703666118001250e-02 1.027351900117311478e-01 6.540123952689244624e-02 1.827170218729281051e-02 5.933657660004140744e-02 2.159160386827102714e-03 1.084362249026631780e-02 1.017517016785627199e-01 1.006352445740449353e-01 9.659866134910967406e-02 4.316446741572858153e-02 2.098684862172685989e-02 5.516093006393376491e-02 6.931909119888945980e-02 9.961251730620053479e-02 7.419239183194496767e-02 5.579819572922220527e-02 8.153390231191966209e-02 1.933805427506214702e-02 4.172848210638536309e-02
6.627738645746665547e-02 3.743453590122894359e-02 8.898708674922896356e-02 4.889155263286288668e-03 3.467475975925909948e-02 9.149798924655580187e-03 7.480250309986707924e-02 4.237589537327287464e-02 6.765578753277102543e-03 4.036080309379671410e-02 8.294345162917028669e-02 6.788149607784740858e-02 8.559050784607995233e-02 4.431173843150555680e-02 2.907838545836673172e-02 5.995288020596734740e-02 5.429624931615199823e-02 7.951872572404827810e-02 6.158729641240313218e-02 2.536338126348062355e-02
6.876522293714418255e-02 9.082252989995213965e-02 6.180396936835685917e-02 2.218123059310545681e-02 8.695900221334353086e-02 4.447576836726400799e-03 9.152440680703879949e-02 6.394843279034261030e-02 1.668391573652453982e-02 8.313176512884125346e-02 8.352797491892498261e-02 6.020135235323880590e-02 7.449157539218689839e-02 6.146662836979484290e-02 2.538028079101571979e-02 4.342888296482300126e-02 9.813085240631916339e-02 3.700067924050965545e-02 1.023909429850834198e-02 5.294401822556314002e-02
