2.864579749838084832e-01 7.389687683418884323e-02 4.410896833233911990e-02 1.221456975806453349e-01 1.150550222381271637e-01 1.143757918058747325e-01 1.410180662915743732e-01 1.597565786254346309e-01 7.480311320387132701e-02 9.034717116946094917e-02 1.046853739414807388e-01 8.734123298727683449e-02 1.108702390110724439e-01 9.411614540549784191e-02 3.418822265073252764e-02 1.100569867699515703e-01 8.447683406969033748e-02 2.128950938271820942e-02 6.227612898781615530e-02 8.199631865889149551e-02
3.249197157465188307e-02 4.944287273255630610e-02 3.546582185925233749e-02 9.558564785822364074e-02 1.904315859449443385e-02 1.937698358274270866e-02 6.760884142281146925e-02 6.634042117102749436e-02 7.496336189612060052e-02 3.120284042604725382e-03 1.020139251187928420e-01 2.121503680025271787e-02 5.333628599853496022e-02 9.133023188486402710e-02 7.543799608986341554e-02 2.180404830480539569e-02 7.455159804925030886e-02 4.287752122618498397e-03 8.265781558349094560e-02 1.028644133987559849e-02
3.366328299752013170e-02 8.933648697693511234e-03 8.202040624747859721e-02 3.868958793795846535e-02 2.917167816514640299e-02 1.889238451599023830e-02 1.018139766075459862e-01 7.444243624219469557e-02 1.004402986137881981e-01 2.164756598795288325e-02 3.487015900657959577e-02 3.013156827889552219e-02 7.018151315819635971e-02 3.981256585555001393e-02 5.512891550342038927e-02 2.497819240497796411e-02 3.975704758430351204e-02 1.886532525166054880e-02 6.893558313497326340e-03 3.552568615300018967e-02
3.199288986054192596e-02 4.414678754375291753e-02 7.018711479439981860e-02 1.021505794975032105e-01 2.993932942746909201e-02 8.303416484487599614e-02 2.658869138917827057e-02 3.218343938575331936e-02 4.363620582307971285e-02 4.795453582801257469e-02 9.617758124852333890e-02 4.219382917349884937e-02 5.561153680309739722e-02 1.734818485165068661e-02 7.986309372325149647e-02 5.478273620004848327e-02 9.186486780461695922e-02 6.856456590300374909e-02 6.307003535834845853e-02 8.246531891767138953e-03
6.265385326202789484e-02 7.690925437281795340e-02 1.006680293236670160e-01 3.091013908494857562e-02 3.496786793876834054e-02 5.664936951252914216e-02 5.735141175120244544e-02 7.019106381725592758e-02 5.200750399360058035e-02 4.607259121206109392e-02 6.607783539845721310e-02 8.077777247291045848e-02 2.861223601525792262e-02 4.734403093352863856e-02 9.799192658164085357e-02 8.908265719038670205e-02 1.337262761553171045e-02 4.601702559728862441e-02 7.864529751587868989e-02 2.564059283951720253e-02
1.582762206362968785e-02 4.727872714072002547e-02 8.941654384100977682e-02 2.095403238471880633e-02 9.240376065984985676e-02 6.059697089209699350e-02 3.160765215426534960e-03 3.382564061606759681e-02 2.779428206320024020e-02 1.488845336209839929e-02 8.706580546977069068e-02 9.596607860880154717e-02 8.503210926636156630e-02 1.874654987916248364e-02 8.526833276562716113e-02 3.131555344469665048e-02 6.232348688942698778e-02 1.067772996753597013e-02 1.347551656485306698e-02 6.813965285995340904e-02
2.874877517686864892e-02 5.071563589084152057e-02 6.436181182038112902e-02 4.796630133305422594e-02 5.284406405725625838e-02 1.668587282355591186e-03 4.123552902101002460e-04 9.665141548205764821e-02 6.821629733283426922e-02 5.977991639005622582e-02 9.923969751029226155e-03 4.964663584157633786e-02 9.730821288958559079e-02 5.064509511463675950e-02 2.647382227283325701e-02 2.809767599185136050e-02 6.979003014031504026e-02 2.923425776425193565e-02 4.416760751664329521e-02 6.080425995507245107e-02
9.696343841696275501e-02 1.422314399732308929e-02 5.256229104457745688e-02 7.746846239994989447e-02 1.035353832122405116e-01 7.610282612638846755e-02 6.888849886973756609e-02 7.917730513706082440e-03 1.484598364142030065e-02 5.614935479327610307e-02 5.077946355674683998e-02 9.549510326705253072e-02 6.174467004312965239e-03 5.544265730388899666e-02 3.122236937200802837e-02 8.018767103918540435e-04 7.195218519309359850e-02 8.664219521055313566e-02 4.448837895343239410e-03 5.113275819884786910e-02
7.303089108506759242e-02 2.022174608789476316e-02 1.021154991342980850e-01 9.142550733814702735e-03 8.951437669293640931e-02 4.734712464327513887e-02 5.695992332869557334e-02 9.487878604753090250e-02 9.304570300108007397e-02 7.205794105043707035e-05 1.913280250332992025e-03 5.860414563779262759e-02 4.451571569141775896e-03 7.981590175312641700e-02 4.324584493688221620e-03 5.100464640251432119e-02 1.103222339196918700e-02 6.601348613403757414e-03 7.030528083892591262e-02 5.584545986780077576e-02
4.782302533430192459e-02 2.766003082781319164e-02 2.141480585883667395e-02 9.409485377769252756e-02 9.550293482590116456e-02 6.887036838655292981e-02 6.363686843214227951e-02 5.844937742591896357e-02 2.924390480298999853e-02 6.403870913817427679e-02 3.260169355786603218e-02 8.940417666993945300e-02 3.514665579760525328e-03 8.004893283472948318e-02 6.540632398637037659e-02 1.015485542944472158e-01 8.774140309727798681e-02 4.229335032233612346e-02 7.278426790788083967e-02 4.664505871981961677e-02
7.137940779084492315e-02 4.359170465166416208e-02 1.482569180975999365e-03 4.466585170003087302e-02 9.010533706653890695e-02 8.127355044698923725e-02 6.337219691020314072e-02 8.894387953725801932e-02 3.733166751903437951e-03 3.181324088725031446e-02 8.236178167923272064e-02 2.852835501762419120e-03 3.254246507948709705e-03 7.504381059953399435e-02 6.666541196270772685e-02 7.213156413069767015e-02 5.944694960673246181e-02 2.525325202937455174e-02 9.774477289697064419e-02 4.145067434872159312e-02
2.943228131118433982e-02 1.202599590557086899e-03 8.507165409756083096e-02 4.995443813655437576e-02 3.849222051379525694e-02 1.235537478372821484e-02 7.437638471743092394e-02 9.987000916374254300e-02 9.503846711109575907e-02 1.009814779359971028e-02 9.787986312934460198e-02 2.798541677794561325e-02 9.724608099133784378e-02 1.106074043181451416e-02 7.778643267576190734e-02 8.128157234272470610e-02 8.966186700868240822e-02 1.691001827704711330e-02 2.851015675474347782e-02 3.291921711706188858e-02
2.212292751943971750e-02 7.887199995172682054e-02 3.277363025456406925e-02 7.965552976269719976e-02 4.751993823581436051e-03 3.751663025008361574e-02 4.617478036624320797e-02 6.924251725940094859e-02 2.431543383425284477e-02 6.388830078639266830e-02 1.131401923566602123e-02 4.253866965710090958e-02 9.729187757782109883e-03 6.875960969858220528e-02 5.248035891321636837e-02 4.418286686607188207e-02 7.829667205755982962e-02 5.303215928341854096e-02 1.816409787355914573e-02 8.606186599998645603e-02
7.538922274273042456e-02 5.309280314933653017e-02 1.409511527442759400e-04 4.707961771754051034e-02 5.330216463225892140e-03 3.368910526152644330e-02 5.318118990293878995e-02 1.371304890919484119e-02 9.022625177741262770e-02 3.052706688459021211e-02 1.793490020238007812e-02 5.471104619159138788e-02 1.387473136924238966e-02 6.044783547692568482e-02 8.862949681425204285e-02 3.875320800214532985e-02 6.887930769048929147e-02 9.971520054868697469e-02 6.040706574010999697e-02 4.469655327130226535e-02
6.245492541212981086e-02 1.826292223804295081e-02 9.196387410318394157e-03 1.222420646867349719e-02 2.212244056907246639e-02 7.472871985782311710e-02 5.348604583116011585e-02 3.926968528703889821e-02 1.778453763951131847e-02 3.967267955083799563e-02 2.093125412586489473e-02 1.014280144620881841e-01 5.685890032617930967e-02 1.574300409069807546e-02 6.383586028771959242e-02 1.508617847630059142e-02 8.776486863102375691e-02 6.284693043013772629e-02 9.275941150416805447e-02 7.217615504482781386e-02
4.169248824181798208e-02 8.314343352737761650e-02 4.565739253724525326e-02 6.504178584122641271e-02 3.375773981544593488e-02 5.382810109436154955e-02 8.896809663845309246e-02 2.174188394732549240e-03 9.177215203430869050e-02 9.923235181503382851e-02 1.043162169375740217e-01 5.940371869903886617e-03 7.005006957099615961e-02 2.373744494779693459e-02 1.645338495398706094e-02 1.166584696503928688e-02 2.170982636178071801e-02 2.479500870632958889e-02 6.203427042156918481e-02 4.342356509470433196e-02
6.717873244037045333e-02 4.752999135753132459e-02 2.816089322201256046e-02 8.777727981062495577e-02 4.016969367009932262e-02 3.929694754266890161e-02 9.078614229277730263e-02 6.533762364803512301e-02 7.195252227055867755e-02 6.779379440479885166e-02 7.269795901289188844e-02 6.517982796774689225e-02 1.011818281749142512e-01 8.977476113268184621e-02 9.004789449576873495e-02 2.391356023862680966e-02 9.343938541539878462e-02 7.854718089334482289e-02 1.027527184941878363e-01 6.889191868270694297e-03
9.874161569135174454e-02 7.080814609833104012e-02 8.302493939070737516e-02 8.657529903739963686e-03 6.082552495448946550e-02 1.339228574518283414e-02 7.428139274340037068e-02 8.448339126780332609e-02 8.796664950192596699e-02 4.359459780659603184e-02 9.531959941852702345e-02 2.502658399225749994e-02 9.047687832425380106e-02 4.720864828679032649e-02 5.146991101992854506e-02 3.178648567912988748e-02 7.673263134169176769e-02 4.854842397784767810e-02 3.305211049635549403e-02 9.536304651042288444e-03
6.958790137630371797e-02 8.343123067360651290e-02 5.403864466365338598e-02 2.806389923773252443e-02 9.455584782770587449e-02 4.334349715136276426e-02 1.067253394305651276e-02 3.487110376029323860e-02 3.832213380224477189e-02 4.709632971817885594e-02 7.622762155684346952e-02 8.505660276061524725e-04 6.817598882111000624e-02 8.259350691372494349e-03 7.065544613817534292e-02 5.442154786043963688e-02 1.741516546965539425e-02 3.474008457119463766e-02 8.677146474528017739e-04 2.622015316062480464e-02
5.839294628539057688e-03 4.054705602475978943e-02 7.775690325294007388e-02 1.941755525236110768e-03 7.567006502797785084e-02 3.222255732320496863e-02 5.834264675888804763e-02 5.442065037508424241e-02 6.965665719757073437e-02 1.980732003963934368e-02 5.562005262356266300e-02 1.899889312713997367e-03 7.245523908883680364e-02 9.958420882749724479e-02 2.502923369599236586e-02 6.550762617196068116e-02 3.707560173175870888e-02 9.898949274049799463e-02 1.896405561283449545e-02 1.010347747761995707e-01
