2.204961410401967692e-01 5.526119912687502828e-02 5.695715765774200801e-02 1.150645144800083730e-01 8.941252777747157876e-02 1.020245773751557450e-01 1.082373316179418843e-01 1.119298229976442294e-01 1.193067226158423949e-01 1.547652395584641349e-01 4.212190109334922050e-02 9.219752301586009446e-02 5.800897373858183992e-02 8.409552404786482804e-02 1.500216868942907955e-01 6.395783206075110472e-02 2.215343598671894176e-02 1.098995961240481489e-01 4.632449045040511193e-02 1.305183485031471691e-01
7.336726076680952224e-02 4.307438117781881015e-02 8.973482400997664921e-02 2.643091743342412814e-02 6.828253347010282415e-02 8.740614431805637796e-02 3.007996406802342440e-02 1.071800012336015032e-02 9.110827963372242211e-02 5.591632050708150031e-02 6.654441015372387913e-02 9.238226272618003942e-02 6.027461673159612010e-02 4.125630151795681155e-02 1.190720281575329345e-02 6.592502656332971389e-02 1.825423051203237806e-02 6.819107382041843246e-02 6.991349008380864927e-02 7.255102535892714311e-02
9.029683372497632199e-02 8.034420428546446002e-02 9.050475749933440534e-03 6.403822327193586794e-02 8.993856246584919223e-02 5.714974637032550764e-02 9.529286263344530217e-02 1.579209638270628879e-02 2.735984108162764494e-02 4.563840209490459959e-02 5.419729256019986674e-02 8.618465096140655313e-02 1.930513718638329421e-02 3.452644748475497665e-03 5.168833140487838484e-02 8.834052534434415349e-02 3.738126570614238448e-02 9.700653057327028594e-02 9.534116771031245219e-02 9.478591870183795953e-02
7.450882840461461876e-02 1.721619225313858470e-02 9.270445692316146846e-02 1.265552002223269178e-03 7.669887309170653721e-03 7.244941747327192372e-02 5.435214288983148019e-03 4.389804466786715459e-02 6.977304109234760965e-02 3.622930825583357134e-02 9.678216035938637385e-03 4.524858704092653977e-02 1.232229683190574389e-02 2.215474615475641201e-02 2.377612397775253142e-03 4.452275803990102254e-02 8.151466005251081781e-02 7.892656253418389722e-02 3.605734226655150920e-02 4.889734096167509814e-02
3.248540301891912618e-02 3.059658466526059620e-02 7.064167481947944416e-02 6.510581333524054215e-02 6.906060433128879961e-02 1.922213087692235117e-02 7.205473553927566055e-02 9.165660063564318172e-02 8.228342591703612097e-02 6.988170982172437276e-03 8.573660115765488476e-02 1.148362101641494694e-02 6.375845246489764140e-02 4.706904473030087965e-02 1.464498895246972923e-02 8.205402373025227902e-02 8.853650810907632077e-03 4.208524104285484013e-02 5.718315549915875540e-02 4.791896965525326707e-02
7.251940008639042035e-02 4.476452287337302771e-02 5.168476784229780914e-03 1.642427035033796820e-02 2.135313272561180364e-02 6.698825585258567916e-02 1.303469415519108512e-02 3.310730184651433650e-02 7.475698670505052934e-02 7.372024642720513554e-02 3.705657368449466471e-03 8.610298597498991513e-02 3.192294087027993527e-02 9.527613069732599567e-04 7.218021344385761691e-04 7.661388724820697438e-02 9.731606695687369801e-02 5.886954450907760233e-02 9.177459494247770799e-02 6.639627470813604104e-02
6.212463562904077530e-02 8.506375932909459800e-03 7.275961214909322516e-02 3.919976475138018529e-02 1.226580976419149385e-02 8.820721112036278289e-02 6.494181554915802457e-02 4.536097432129404528e-03 9.896568401079831878e-02 2.242299153203479792e-02 6.395919177257522459e-02 1.939138230984525230e-02 5.482785870895071773e-02 9.302519641923968907e-02 8.583218579429859052e-02 8.740908530992615166e-02 6.788527965108658024e-02 9.538614917847899194e-03 8.438199553643371820e-02 7.284639288222302667e-02
9.123957027483323157e-02 2.096267662374861132e-02 5.984184286779936635e-02 4.335705816062841722e-02 3.135216870050074739e-02 8.675192740542375658e-02 1.297104104589692601e-02 4.294585595331162214e-02 1.731989119589433246e-02 1.345975688124536641e-02 8.064894136264350033e-02 7.270247002682236892e-02 3.422425076626949697e-02 9.947105112821544304e-02 7.936617710827337246e-02 4.206565537918857678e-02 9.690819232496146463e-02 9.902453492836799098e-02 3.326948378093892711e-02 8.760083735573909181e-04
4.905946995855665904e-02 7.857539336998731194e-02 8.068049258652076894e-02 4.766763754545128018e-02 2.500265730471516040e-02 8.541569463078095559e-02 6.732001152537789301e-02 5.125496037381156722e-02 1.990695609988624160e-02 6.130728010277572415e-02 7.247715169385197942e-02 8.841910173563229114e-02 7.281001636342462890e-02 3.848795570833452029e-03 7.425852946456998338e-02 2.870736849427951709e-02 2.658816268955449535e-02 5.247399643579697681e-02 1.113455465494853774e-02 6.730974464495838305e-02
3.642109743071495626e-02 6.772089447082307867e-02 7.733244329190075428e-02 2.422735621903494840e-02 9.696726149654824600e-02 7.478504352494508810e-03 9.484757473282501294e-02 6.689885589968765089e-02 8.683800156594852215e-02 3.276295246115891457e-02 4.524725453685371490e-02 6.960716960181590092e-03 2.365965376891542363e-02 7.828384505159671769e-02 8.785582962535593010e-02 8.916329872942080348e-02 6.385101252964842100e-02 3.319897794107844885e-02 5.106326007325225069e-02 5.618690224468778083e-02
8.996345589479773364e-02 7.375842489233204458e-02 4.800128651644296890e-02 4.549936904526633713e-02 8.608777965881610206e-02 2.399159467122151737e-02 7.700976992530456089e-02 4.584607970527304621e-02 3.229115689679034479e-02 4.198921768192927229e-02 9.551765440483372949e-02 6.659591584390212732e-03 7.134204910692273915e-02 5.500150951777760255e-02 6.211754721709751570e-02 6.368568744007098437e-02 4.019205111380474808e-03 4.784822527385716034e-02 1.330700433522069570e-02 4.728115401749075769e-02
7.967254727608791276e-02 8.405184083481646862e-02 8.115552144334330087e-02 6.492725089344701661e-02 2.709252772728007116e-02 2.688703826269412019e-03 7.306998989828480950e-02 5.892209655904473431e-02 1.208671266862365590e-02 1.941880437481410468e-02 9.611625570681056607e-02 5.593377224018930560e-02 5.537821667451803265e-02 1.521949672972180458e-02 8.434728577977709807e-02 9.346979331592172868e-02 1.370547530826771165e-05 7.330632943778030153e-02 9.041000806217247901e-03 7.617184417312909683e-02
5.080583090657132816e-02 1.211421869384876615e-02 4.082152346037756785e-02 1.158926176144943303e-02 1.543992580376243352e-02 9.878006320041242405e-02 7.442755330053961449e-02 6.214632650300316169e-02 1.539174893910766513e-03 3.141418207900194270e-02 9.725380636986758962e-03 1.682347415121263762e-02 7.686884126384198324e-02 3.995740305954242205e-02 3.426463581278258591e-02 8.954645099765526362e-02 9.494854392832556556e-02 8.436886345093076722e-02 8.295983175674687127e-02 1.296535185111993317e-02
3.171920221952769653e-02 5.320010219436870774e-02 8.379434139856700714e-02 3.227106377006031673e-02 4.532220508714637774e-02 4.729176692622352740e-02 8.995643677758628776e-02 9.972429438026036985e-02 8.480634324791010148e-02 6.918449531611374492e-02 4.637336058982924336e-02 2.971837080283206214e-02 1.691437933950935488e-02 6.221113185102637028e-02 3.962204174913835919e-02 5.851073535418813143e-02 7.557685439598281485e-02 1.041203150101385234e-02 6.504220695225171323e-02 8.737182984692373755e-02
4.729289015650034456e-02 4.107988995436743368e-02 4.456468340931516586e-02 5.659415017923846020e-02 9.015172161009382679e-02 6.886889540303365188e-04 2.503179038855038105e-02 3.186931604184847083e-02 1.302350181835947376e-02 2.027261812941064806e-02 6.832175314736591010e-02 9.127274929675577297e-02 7.056398553000987200e-03 1.977590686381630602e-02 5.310773551089155442e-02 2.601543685401178779e-02 6.303443521075959011e-02 1.288223456365309577e-02 2.291348386326763891e-03 5.316051284890047773e-02
5.874858323041805275e-02 2.506288969543335465e-02 1.330088383982721591e-02 8.503899286412312797e-02 7.487543127469653559e-02 9.072936335434103605e-02 2.212664769569169451e-02 1.386952838221642420e-02 4.853005683929212388e-03 7.720160542196329023e-02 2.600332457100775971e-02 2.671053441321185121e-02 1.677783049435338514e-02 5.184833554570511538e-02 9.210140911173103628e-02 6.771802636897143735e-02 9.643517012701877111e-02 1.941905877502037026e-03 1.493527000142498389e-02 7.207239067682262579e-02
7.887888199097393971e-02 6.075443753318926499e-02 9.954063290588463508e-02 7.646014045742448306e-02 1.368962081808280419e-02 6.516040246704202926e-03 2.611799141415657374e-02 6.326884935025471612e-02 7.663413645266670127e-02 3.495522344799352477e-02 2.507253117216823573e-03 3.054337715082622307e-02 6.502247777377233307e-02 2.949130044900272196e-04 9.341598077990972970e-02 9.393513200523792572e-02 6.399216932565628124e-02 8.437681705899791051e-02 3.812323960995855909e-02 2.950266401995086524e-02
2.341286872282753034e-02 7.788913056801993751e-02 5.947894004567987752e-02 2.892392640236171250e-02 8.932367163940936605e-02 6.986072323606472290e-02 1.927930238015646003e-02 8.628609126442765564e-02 1.100123952850983258e-02 1.150123305191948046e-02 6.805338608382446863e-02 5.506876831067221423e-02 3.743435550530145595e-02 9.494717224328601268e-02 2.937005485386562365e-02 9.165251594534364055e-02 5.601291749388947810e-04 1.537452527581578687e-02 5.329774023397886723e-02 7.845611766533390485e-02
5.559996497934264342e-02 9.098392459807398691e-02 5.309028806023374097e-02 9.915309074291964175e-02 1.882790235099833856e-02 2.450933512711557516e-02 9.360215124879917026e-02 6.950127557277484269e-02 6.649717365462992635e-02 7.614203823541199068e-02 4.378445343150231400e-02 1.317016181723307255e-06 6.950442107718246901e-03 4.476878802190083217e-02 1.580714173060518077e-02 7.367788556201201877e-02 4.548479034404354776e-02 7.541338902346528955e-03 7.659935862989340760e-02 3.716956813224004189e-03
7.051477630822224063e-02 1.151920423691654748e-03 2.294885170636551397e-02 3.307854629726540013e-02 5.694564137131811338e-02 7.656052936255175467e-02 8.896178283885100568e-02 4.194301781031015836e-02 6.295283732474322991e-02 6.851581922803644253e-02 1.515789947963260866e-02 2.540430531036048933e-02 9.090258025172215373e-02 7.120761414279574986e-02 8.022506559462429243e-02 4.210871693472970079e-02 1.285716941907588673e-02 1.355593826290103603e-02 6.206753519526395091e-02 4.411870696919226176e-02
