2.708588315533059787e-01 8.118200617892221138e-02 9.042841755343630772e-02 1.086040909995653614e-01 1.624011274624244661e-01 1.282886229260209454e-01 7.138712671863077508e-02 4.747834563958118481e-02 1.269508674086960442e-01 8.603955866717113987e-02 3.969632333560273174e-02 1.112410492128420580e-01 7.875314134539349031e-02 7.742011933448293692e-02 9.345247519522850710e-02 1.248519601002859858e-01 7.242268310360609751e-02 5.375702852007074872e-02 1.321937508906549930e-01 5.656408982089847909e-02
8.867360474741181608e-02 4.850225491418722751e-02 7.869957196624660645e-02 2.702348104599712475e-02 9.708120797969477245e-02 4.699908761621947317e-02 7.088719535959313311e-02 3.211948632050096869e-02 2.556341106934263696e-02 1.508861212776628838e-02 7.849447359770279908e-02 5.159825883993456735e-02 3.592922523170651028e-02 1.541532500037172751e-02 9.870368065919317424e-02 8.886960120505629779e-02 5.935015750545458331e-03 4.027863039605701634e-02 5.664376731896967471e-02 8.323392415712323189e-02
8.181946549104380725e-03 2.323384743674183905e-02 5.020945465139096259e-02 2.360831932443010692e-02 6.411815312550799006e-02 8.886957011093445102e-02 2.349216853194105101e-02 7.803181648685630911e-02 9.318954723675081098e-02 1.793410145543714723e-02 1.601206631919496401e-02 1.549128228613083635e-02 3.050898936650610349e-02 2.928412510017724957e-02 9.498491870825019612e-02 5.554681121161006430e-02 3.438145594793797638e-02 1.598529682409998223e-02 6.311666292255369709e-03 5.109164557536443468e-02
5.726725789405671257e-02 2.859667585011981331e-02 7.511983169128269577e-02 6.184915858089591600e-02 1.938285682372320462e-02 7.980316925060325361e-02 8.278234637812265095e-02 3.644992161347206105e-02 4.991264180294885389e-03 2.786509789168278850e-02 4.322041025564041933e-02 2.571196396543954515e-02 6.434965478717809273e-02 8.816168795725098928e-02 5.956187711480509864e-03 9.908078845415398128e-02 3.486782269205861845e-02 8.112799831305798903e-02 6.906121265204136217e-02 1.663838236940989868e-02
7.015795566269966699e-02 7.784392967094660998e-02 9.430960954782489913e-02 2.296147708990096264e-02 7.004238415415579844e-02 4.921109344810468272e-02 6.575162740150734819e-02 6.204715923170739389e-02 7.157092794337548136e-02 3.799518505604902036e-02 1.736017530832032613e-02 6.042780655965965253e-02 7.152848139878655032e-02 7.128233434428714321e-02 3.442731470855763670e-02 3.063611603170159070e-02 4.362312894960540706e-03 3.382126836052690155e-02 4.325888365041568456e-02 3.898201378332488698e-02
9.474122934920713168e-02 8.044733987269343800e-02 9.297158832037037690e-02 5.045071602117635196e-03 1.952491639291810410e-02 2.241886385734439754e-02 9.554405627024654957e-02 5.860585405476697457e-02 1.014026871219714243e-02 1.847144045938687792e-02 9.884872631462543469e-02 7.019163422651437945e-02 8.095073203432334719e-03 2.217861889093221406e-02 3.048756385696768309e-02 3.491420697869888207e-02 2.958359767213240149e-02 3.005267141084965246e-02 1.765043528681139659e-02 4.958903783237714191e-02
1.076682507678089484e-02 5.071294004324070764e-02 3.968216868525442967e-04 7.647429327492527573e-02 7.313432926164245562e-02 1.534976499799772798e-02 4.314560918741026235e-02 4.266048220494096654e-02 3.929499513086349982e-02 4.648423960510909142e-02 4.938392277494786653e-02 1.215650892857863576e-02 6.735024950243055641e-02 9.201960906404552110e-02 3.891901735398324569e-02 9.968818071553141313e-02 2.236724567403716377e-02 4.828304782088524427e-02 8.689984112707647979e-02 4.844622092209328879e-02
1.699387251144871686e-02 6.931477148847242642e-02 6.253862402348613070e-02 8.011460414077997694e-02 2.125323872989759617e-03 2.400866095100154946e-02 2.049571699377518430e-02 2.408751884953497235e-02 1.473525738542881373e-02 2.836764312687613254e-02 7.322113688751337446e-02 7.186091771750541257e-02 2.889616328510320742e-02 1.159767772804141256e-02 8.367355989656255488e-02 1.580810499145390846e-02 2.850472880488845798e-02 3.861373660272304081e-02 2.948334318741537008e-02 5.660675077088132140e-02
5.482305453262253936e-02 8.852623985682846197e-02 7.878458210472515100e-02 9.354666284703788692e-02 3.079693920795168079e-03 9.178801443713306696e-02 6.029376845682532515e-02 4.203596447068890657e-02 1.487340634027697374e-02 4.970120084645324350e-03 4.798339077201018571e-02 4.365327746940676074e-02 8.908554026676002158e-02 2.193362138287381635e-02 4.234500017442893033e-02 7.777263046771797084e-02 8.714064796847981187e-02 6.103820518679995560e-02 2.539757560440215889e-02 9.052668959882487210e-02
7.672929231910797197e-03 3.423812921726072933e-02 4.375010251316190785e-02 1.864112931539717646e-02 7.297178953293215198e-02 7.391529539512171898e-02 9.047398244856702521e-02 5.203470469357820982e-02 8.750423960102375609e-02 3.374386772597091216e-02 4.401996450543615297e-02 6.062138003526118535e-02 9.093137825428088995e-04 5.987117744119005436e-02 8.980851030128192414e-02 3.838394146404026236e-02 1.173878865044308828e-02 6.980189926503553577e-02 8.851337658197068470e-02 6.075098416505313875e-02
4.991793848211881213e-02 4.516275210599889761e-02 3.428203787190348129e-02 6.726173556049020417e-03 3.367303026830094359e-02 2.211200365062500339e-02 1.832485634226583768e-02 8.252560217458079772e-02 7.904044886755394461e-02 7.859508081893154530e-02 2.848042360973766091e-02 3.254831935226747824e-02 6.613643084656775639e-02 8.877223388444195618e-02 6.064202506954163158e-02 8.653848756239142237e-02 8.159262669933331491e-02 3.540421395819006584e-02 5.037571714492668218e-02 3.098629719557368864e-02
5.029716884628637752e-02 7.546483087586100535e-02 9.196427445656525645e-02 6.075419548039263928e-02 2.602953469841448250e-02 2.163448398535254905e-02 2.041416230097927928e-02 6.563408926128709575e-02 9.552442477396799747e-02 4.087700102285205667e-02 3.673502433783065735e-02 3.812389379292957514e-02 7.911792827271836061e-04 9.574164776875171423e-02 3.674538204589307411e-02 1.189309067725543602e-02 5.090157163479805402e-02 9.726278309061983651e-02 8.373353505295064170e-02 9.386563932227946772e-02
3.214732494224956799e-02 1.820765849162920766e-02 4.924026512407689987e-02 7.586912561820209622e-02 8.518600747317085775e-02 6.198882057756636282e-02 2.743582842033143350e-03 1.880744832784360387e-02 3.800431227817036017e-03 1.705344791781985420e-02 1.134855756078393535e-02 9.380078451978640652e-02 8.661512510712566484e-05 3.702078664855890100e-02 9.398718215102597195e-02 7.856429462717384737e-02 6.754937180612427539e-02 5.119354245331834280e-02 6.141677340221751713e-03 9.196538386545521915e-02
4.855733422220425560e-02 9.251334272828094785e-02 7.303852074823906360e-02 4.698529354851366940e-03 1.179784671240039634e-02 9.049428032622165372e-03 6.943748083960195328e-02 3.784040935805411954e-02 5.759312551254654189e-02 4.131164520168667531e-02 8.582965271892950771e-04 8.920355977814920651e-03 1.681335910060171093e-02 5.521735773309038170e-02 5.866183407016541118e-02 1.263271995557607719e-02 4.117494998849335897e-02 6.089847620492885860e-02 9.926779653262185824e-03 6.255446259721020308e-02
4.543783553985442092e-02 4.419611928619231883e-02 9.228397403078997252e-02 4.408824170618538818e-02 9.601601931074045526e-03 2.894476487200941042e-02 1.321577157922838690e-02 9.966495404749571574e-02 8.372344506742368520e-02 4.904021721975387882e-02 5.688188733753676840e-02 2.520943642878724703e-02 9.744127363732313363e-03 8.734388470005302607e-02 1.687981640817620699e-02 6.128965991389856600e-03 5.536878426639512546e-02 2.961427727590765224e-02 4.113641030425155970e-02 7.260855409304235730e-02
3.539838492058378083e-02 2.214090236450988458e-02 4.802288137558318598e-02 2.980361636072806006e-02 3.031392323731331440e-02 7.843659735868926952e-02 7.480333562694718719e-02 1.623837574848474748e-03 7.929943036284567426e-02 5.085618679610511006e-02 7.904766164923979210e-02 2.183412283744350438e-02 9.468204415474435268e-03 3.661760223838483874e-02 4.545820848932642655e-02 3.540819479069517300e-02 9.743262121941304033e-02 3.324254086581698159e-02 7.305482221385284532e-03 4.493635099781056845e-03
4.521964058557412236e-02 7.180549694765755997e-02 7.054712228132080376e-02 2.227605551018119277e-03 9.403667629654750837e-02 9.300600048040086332e-02 6.660679450820841674e-02 4.964033440168755945e-02 1.866550790517603961e-02 8.568409813451600965e-02 1.159816676361489357e-02 9.284330731608754494e-02 9.266113709390599862e-02 1.132122564119784208e-02 4.558717537683239229e-02 9.617105914611154271e-02 2.094133147174529613e-02 2.600718166311245805e-02 6.050380213356587600e-02 8.635311170323813068e-02
8.752828927078880328e-02 8.386808885930630009e-03 9.950723775661492188e-02 8.301205817488609140e-02 6.143549052323835080e-02 5.909734181177115492e-02 2.649219535570821599e-02 2.255969899284753291e-02 8.146787034289204241e-03 4.376137746910743753e-02 4.792172415729703538e-02 8.209859359574284143e-02 1.642782040468349124e-03 7.735189149335630621e-03 3.926419929120852914e-02 1.525942236929573974e-02 2.493984090643945953e-02 5.018151703636045124e-02 4.508597680624196191e-02 6.888493650244813249e-02
2.619967921686084181e-03 9.623581216025500762e-02 6.864515753299844925e-02 6.832738371196664384e-02 9.336907771552978297e-02 6.043404447408773708e-03 9.710560488209916963e-02 5.000237043724132212e-03 5.219068922628226220e-02 6.544160584124268654e-02 5.179954311676954193e-02 3.231956296515207244e-02 7.893743364590108391e-02 2.488632409813243060e-02 8.123307485713594789e-02 7.582844130508589742e-02 8.738384132764655254e-02 1.403610938849107065e-02 2.956217574424125152e-03 7.347225297549063450e-02
8.147944050247112047e-02 3.657198734746017893e-02 2.152833425859793787e-02 4.330125545153418708e-03 9.851195388363340188e-02 6.208265441432331277e-02 7.661922586506630939e-02 5.645176174096493832e-02 3.553482519230127118e-02 8.508561556255310465e-02 4.176319521247802424e-02 7.753736348783386856e-02 5.067120842903810596e-02 2.767512616184648888e-02 5.610208604660486126e-02 1.994985290978935899e-02 7.674619909523507089e-02 6.503280820827589404e-02 8.542003475079665287e-02 8.595884133772596636e-02
