2.038403194704674626e-01 1.280497628421394807e-01 5.211037211891366566e-02 9.548564466052382460e-02 7.214342007670827839e-02 1.672048106787353272e-01 6.595837463785023114e-02 8.928029676065321607e-02 2.179202409583092144e-03 5.570133612845791504e-02 5.509772441876301108e-02 8.696861882322810822e-02 6.271931314904710675e-02 2.602932470781171154e-02 5.095909052165034647e-02 8.918339814789193187e-02 1.150597694680041139e-01 1.126794446016864994e-02 1.719834502347236116e-01 9.526756403128593120e-02
9.832578004254910464e-03 7.789047599353689233e-02 6.458732936308676786e-02 1.178850016453577600e-02 6.970625546089663505e-02 3.905349162524821699e-02 9.127245556770136048e-02 4.503080011964594176e-02 2.065183983700618134e-02 2.766637852590578955e-02 4.452781851418081971e-02 1.266577186875510533e-02 3.431488647644161116e-02 5.624593082462534671e-02 6.330344658799529067e-02 9.228383082736507648e-02 8.763494602221004459e-02 5.999203718790011020e-02 1.310574349066516778e-02 7.496696193102170280e-03
3.930558579813363956e-02 8.985087430290186750e-02 8.950144577816472602e-02 7.056495563467869714e-02 7.980937983232960775e-04 2.367272349321460079e-02 3.486265024911099769e-02 8.477286486802048868e-03 1.829852532207226767e-02 4.731779587888912397e-02 6.825003391684493492e-02 3.577323155074585426e-02 1.067643410982548405e-02 4.321510218624644017e-02 1.183627432955921578e-02 1.791540291733124610e-02 9.479121388733202647e-02 5.399875567264943860e-02 6.190545827491311659e-02 5.451560551546753841e-02
2.813220912934014800e-02 8.940300122496339097e-02 9.665813524904774690e-02 8.437110167558158069e-02 7.495245910134684664e-02 8.289838517676620389e-02 7.746656325081324734e-02 4.345245373008141399e-02 1.899012115107230614e-02 4.712122833924973359e-02 5.251571005239729500e-02 2.452974779995181764e-02 4.923625570565701159e-02 1.270704441675367738e-02 1.354539818260908079e-02 1.871710827720136569e-02 9.513509973493577965e-02 4.061966191251220604e-02 7.306880783439207577e-03 5.025735423018375114e-02
7.126511404850533610e-03 2.512164733569115585e-02 6.865761998561774326e-02 9.899786459663972860e-02 2.791345200172965640e-02 4.446427381111808796e-02 7.205445814458949494e-02 4.769772508528224292e-02 4.557009477817624415e-02 7.256243643633535079e-02 3.629582392973555033e-02 5.619923188184516860e-02 7.814795932374471454e-02 8.970728409114837876e-02 5.755908749082973286e-02 6.707400578209307684e-02 7.204164984909826319e-02 6.567793148164358542e-04 5.328306128727210850e-02 1.331328727896281643e-02
2.784574811784703771e-02 9.337129688731005128e-02 4.185205891534014150e-02 8.805059827640152048e-02 8.605851576322502694e-02 7.666626463436619632e-02 4.074496277406876310e-02 1.788763218913547171e-02 8.580736407760372608e-02 6.841529853320514609e-02 6.925486218492908630e-02 6.407434216590446319e-02 1.409197793172554253e-02 1.508304880156532447e-02 4.434789091439193115e-02 8.702731186678969166e-03 6.204344179425372308e-02 7.964352235529395529e-02 9.902853277519163555e-02 7.297059637768568696e-02
8.183119191572862938e-02 7.146053672563601900e-04 6.972946878387739633e-02 9.497270169544203694e-03 4.917941605645401865e-02 2.066048208464809147e-02 5.753493770612305019e-02 1.766670441544763298e-02 4.200224865676919356e-02 2.204023466084551602e-02 9.800462846943283624e-02 5.134522949458846658e-02 4.080661536515323151e-02 3.446578438740090233e-02 7.484002139576141632e-02 3.743304492168311043e-02 7.418851936739957048e-03 6.815476019898057680e-02 8.043702201616244329e-02 5.080256273145886126e-02
6.307650291558207500e-02 7.254686098346688206e-02 6.696002136486792211e-02 3.404514917048966777e-02 3.573205021303144102e-02 9.235436931039948949e-02 4.631481443202232345e-02 3.306007260254353181e-02 5.583679385858462269e-02 8.980631750508988320e-02 3.934230896305924985e-02 9.915345564079552920e-02 6.811062369920542481e-02 7.815078495681337944e-02 7.976646021894667760e-02 2.462647569335172509e-02 1.373006607677860341e-02 5.607638560537328565e-02 2.765209493204134894e-02 2.787079839049848642e-02
5.405151536999184408e-02 1.643537046452469078e-02 3.362246217369675716e-02 8.353602041172719650e-02 3.065835807047856409e-02 9.185687341331183475e-02 8.138552298905554760e-02 3.529117633732677117e-02 4.046340177132657333e-03 9.883036263363219331e-02 6.125810030086273339e-02 7.798367873674172564e-03 4.907330964076255658e-02 9.745860672292458449e-02 1.439509755223861154e-02 1.684682304207390027e-02 9.322014190022442914e-02 9.356498309095977184e-02 3.303215753418590334e-02 5.561903911742804157e-02
5.052224232242608082e-04 8.971903701017251709e-02 5.273429275374427738e-02 1.313941161381306823e-02 9.190955882407378374e-02 3.427708579300205172e-02 1.477385625190797032e-03 8.048845572028984208e-02 3.905746117614247725e-02 7.785471209836622442e-02 5.686538079753653691e-02 5.513605874045457433e-02 3.820771292620572801e-02 5.373061097780210127e-02 5.397566198049367353e-02 4.042060066280959291e-02 3.181270508367306515e-03 4.138435332360001356e-02 2.428378687987167370e-02 7.020077542563350759e-02
1.084386500459545537e-02 7.721153652404767059e-03 9.732305587547074310e-02 3.290742491674059252e-03 7.280004163014880403e-02 1.186358039282131625e-04 8.404508433205370652e-03 5.451378338669113366e-02 8.939998004420945943e-02 3.443012508975819980e-02 9.923369474058632567e-02 1.511259348644898928e-02 7.358592455007727240e-02 8.805844429767323289e-02 2.918172609844075366e-02 3.071344141900171978e-02 3.301856324290806249e-02 8.918136960844226524e-02 2.051730801445460564e-02 3.475416671227331972e-02
3.102451597003482928e-02 3.485776213250869893e-02 7.489290392057285084e-02 6.137323338394918074e-03 7.870585019361553414e-02 1.695013938067713166e-02 2.710582224698252635e-02 9.936858106051447981e-02 7.848200566161017688e-02 2.286085107630652161e-02 8.608390152019083918e-02 3.008095949425787508e-02 2.027532047871745402e-02 2.268112928562109401e-02 3.021735514792078976e-03 4.258875847306545226e-02 2.073553698454949634e-02 1.733179306036950612e-02 7.667187946146533650e-02 1.613358659718856433e-02
9.908329756723904813e-02 9.469624365515116882e-02 9.487450136903781417e-02 5.395615278066384635e-02 3.409260295805544017e-02 3.313116110599575309e-02 4.473078123942456075e-02 5.150868883634503181e-02 2.782168358031059802e-02 2.504683996303373045e-02 9.488717100072820154e-02 5.723067939384829557e-03 3.205888188640326070e-02 2.117421734622838836e-02 6.070139291420678651e-02 3.999873874887794299e-03 4.730032481957632817e-02 3.570921721043510827e-02 6.571353731979588664e-02 4.489141066723226908e-02
8.989571507307729525e-02 3.560962383395240710e-02 6.896239461810278748e-02 1.682238723531550781e-02 1.023908319349817880e-02 2.214349830250961215e-02 7.342894969475781408e-02 6.732267939041929050e-02 8.909702915555733904e-02 2.388199109666890030e-02 5.334297159421493018e-02 8.936240477233901858e-02 3.943649455116818303e-02 6.350017592575152303e-02 8.608308291846984706e-02 3.146442799556967845e-02 7.040531475911220027e-02 7.897606394796240215e-02 7.069896197660552328e-02 4.873349261845359021e-02
8.322862030167069158e-02 3.061088452403602084e-02 2.460742545756360380e-02 7.415164458553484550e-02 6.213846043571694816e-02 1.006242311396636849e-02 6.971301926849982240e-03 5.597043399579815226e-02 2.723545586281915856e-02 2.832137172515288015e-02 1.349202992502296361e-02 7.640911969073181653e-02 7.484271795730516874e-02 4.643865124193994470e-02 2.361314273178259995e-02 9.971394450438300638e-02 1.648930971595366154e-02 6.610469139886496204e-02 1.578611867250734498e-03 5.159548793642250442e-02
6.493835290476063227e-02 8.371079966113120774e-02 2.908325263335396343e-02 3.852632404332156230e-02 5.426616768366659266e-02 1.566972397511640080e-02 9.260156941139476017e-02 3.541719228305905548e-02 2.881229867149810719e-02 3.205479705086259484e-02 8.265081042661007182e-02 3.236788809870216194e-02 6.971175529444027796e-02 2.454811586792709013e-02 8.193151805958402700e-02 2.221269461430974701e-04 5.630006551719789892e-02 8.171293258957613992e-02 5.069325980288746925e-02 8.092427341307245614e-02
2.145743427223724409e-02 1.611307948213305460e-02 9.233882897541456636e-02 3.912126033877510317e-02 6.634394547811517558e-03 8.064869559480200567e-02 1.132342713063964196e-02 9.273916109054475276e-02 4.581565149102321405e-02 7.372504679389624282e-02 1.949837243942614817e-02 5.350042937793660081e-02 4.199931368770585399e-02 1.897948548383081649e-02 8.508847770836142077e-02 9.082244373212371158e-02 1.685332906511065668e-02 6.493813250249151625e-02 9.672430772774210164e-03 4.387405966037005722e-02
8.847902220482187219e-02 4.313992780921721559e-02 8.537355330403463560e-02 6.697687746220878924e-02 7.593064648279429507e-02 3.040665855019933014e-02 8.705606378274705071e-02 5.628831661751226151e-02 6.427400389068549380e-02 1.700484832778924663e-02 7.479657076434083340e-02 9.394288256320257324e-02 2.944048104985948211e-02 4.221510290996940973e-02 6.932398871805323451e-03 5.129286540602718235e-03 9.036421811348829825e-02 6.715601381580538209e-02 2.143267230805621232e-02 2.912796150652571456e-02
3.897618119214503463e-02 8.689989489014926169e-03 6.477117793391150291e-02 6.576131834972445689e-02 3.900753461594054505e-02 5.928823588705259967e-02 9.792020239018647820e-02 9.925512315505054250e-02 1.978495394028316826e-02 5.110433285693897348e-02 6.061811542067510605e-02 7.237547221024108468e-02 5.928674573994885399e-02 4.347906291593078842e-02 6.534345972792691970e-02 7.008626787002723846e-02 5.129436801666675816e-02 5.858604285112926219e-02 2.211486339595047923e-02 8.379007969858430493e-02
5.346336807454133214e-03 8.008035627194108608e-02 3.092635613848893072e-02 2.816563194318203595e-02 2.920709629174359639e-02 6.614767856123561496e-02 9.013799387882269476e-02 8.615855379786298285e-02 2.756797356842845270e-02 1.218646745801621467e-02 5.368673360611079387e-02 4.309691894465487311e-02 3.440867001053817681e-02 2.265489110952532276e-02 8.933793715286375559e-02 2.119388364290819560e-02 8.540354560725033073e-02 5.364813626244940847e-02 9.488896563612805868e-02 3.727582732217490230e-02
