3.168175830084188904e-01 1.232020395632572596e-01 6.704927630830204155e-02 1.594605014724156389e-01 3.609415184878361771e-02 4.579449202041981082e-02 6.741029633298727120e-02 8.568022727205257261e-02 9.927453997192242641e-02 2.702357426039244878e-02 8.645023868315254711e-02 1.158173652158953487e-01 1.565045247973290143e-01 8.362422738124322685e-02 1.210548275638789611e-01 4.757229242141988029e-02 7.539982195492682393e-02 1.472488062322224733e-01 8.198233013840357242e-02 1.809104006622608632e-02
3.771924332809958869e-02 7.762235767595865310e-02 3.013574651386488265e-02 5.944619689812096625e-02 2.511666170076606516e-02 8.364240957377216956e-02 1.146877936706346482e-02 8.693103694360498901e-02 7.514487574885979349e-02 5.368591242012235587e-02 1.702297599410450626e-02 2.958490904333466436e-03 1.171873248944342930e-02 8.692205373489858555e-03 8.344775813964468159e-02 9.047175342618593574e-02 2.066388467211352151e-02 4.114826507290667013e-02 3.283916573407368727e-02 5.250840658026270646e-02
9.508242186032696275e-02 7.298142945536734497e-03 7.523668831375164567e-02 9.507013003182115951e-02 8.526331544281225139e-02 6.692894098792477597e-02 5.250041304348584742e-04 2.719541231357269946e-03 3.510550381484877497e-02 3.500218342384239095e-02 9.971677381947138818e-02 9.582910983400891314e-02 8.471251977786500853e-02 3.239555134839435663e-02 8.904464218968369260e-02 2.124187687418776019e-02 7.476764139139875642e-02 8.919699458380114798e-03 8.603177146667162489e-02 7.475335230695509536e-02
7.454598451787348978e-02 1.314680059992501347e-03 4.082917032818778220e-03 3.164249055383581283e-02 7.145716909147713236e-02 8.633231068237101624e-03 5.887639777169254712e-02 6.164192269987184281e-02 4.097532983550270652e-02 4.773073649613852887e-02 2.410364440645306264e-02 9.150361535776402322e-02 1.871779339239365613e-03 3.375974934813952277e-02 6.967089125912848124e-02 1.341764926286870404e-03 4.470309215189102736e-02 4.406597296158531324e-02 8.774119625418842078e-03 2.397500874893822298e-02
6.291324514267158940e-02 7.357050776370713252e-02 3.284434411236303395e-03 4.171104827538213433e-02 8.580871065468083370e-02 3.970411246685617151e-02 2.190228036026940078e-02 7.023869211758813902e-02 8.016663959425263108e-02 2.627630943367995769e-02 8.545869431954047912e-02 8.167855471155675839e-02 3.837767445170994773e-02 2.647114638126111391e-02 4.535603316541497732e-02 3.960737871097811530e-02 1.358531124210184994e-02 4.266360133440240399e-02 8.631276703356180469e-02 7.748443346224774542e-02
7.403177503276169025e-02 7.410647971664806322e-02 6.638613167708219687e-02 3.640555677574262156e-02 4.443783360876069066e-02 3.142195118248314323e-02 8.541004998866826015e-02 6.524987771061351027e-02 9.580709691316756371e-02 2.100313841096897172e-02 4.101350286804117395e-02 6.678652483768841852e-02 5.162220404528994853e-03 7.828038494234562661e-02 2.015753554443842216e-02 2.808614568646442683e-02 1.960188391158820473e-02 6.345848177677231028e-02 8.894890674499526806e-02 9.786490805075753752e-02
8.675697285276856574e-02 1.065645480080587050e-02 5.812104771398084874e-02 3.381417218037500311e-02 1.212141051614086355e-02 5.519488459028077179e-03 3.922567440985801762e-02 1.028533806478919635e-02 9.609415722302878937e-02 9.602104517703248521e-02 2.815591621298385583e-02 4.333656143431286237e-04 4.102384367062721776e-02 4.538374909167797004e-03 1.474889720268143280e-02 6.627621027251807961e-02 6.191660382212385572e-02 5.011853241595552039e-02 5.666020987671702841e-02 4.014607865435028400e-02
1.749978703877308559e-03 7.619510281930985673e-02 5.094447002520197804e-03 8.370739343344021921e-02 6.619095360943470785e-02 7.709613525542222123e-02 7.480904040915802022e-02 7.979213070570170818e-02 2.098489921933639757e-02 1.219255870717926918e-02 8.274817436664106199e-03 3.635813944567111572e-02 1.438886164374237990e-02 8.803774976418222639e-03 9.125086523096143098e-02 9.531512202652436816e-02 9.987771389711980197e-02 4.385696974741087883e-02 3.751993213222696438e-02 8.692763042575199495e-02
1.068668215096905266e-02 2.677543928238491910e-02 6.924385567855619039e-02 4.666846492727212692e-02 9.853436878494681306e-02 5.467062324891530656e-02 6.703018184580121497e-02 8.894982337825260710e-02 7.925823057055848830e-02 8.589110893898861676e-02 8.559632068903548496e-02 1.243208703469165372e-02 7.137752241455752600e-02 7.170114360454170332e-02 2.589295916408962742e-03 4.270468052576512769e-02 6.856800506501500858e-02 5.371171492276799464e-02 3.505233479502806171e-02 2.706013366896623668e-02
6.930695550976238850e-02 2.640116081661799882e-02 3.342926882926094273e-02 9.684536146451061533e-02 9.230457678721581613e-03 9.232080979801143839e-02 2.268427518015203592e-02 7.654456078367681549e-02 8.720116001389187355e-02 9.562873120762435675e-02 8.365407837267703137e-03 4.356022800607547985e-02 1.120339428394884207e-02 3.712311622316736420e-02 7.579017484965747120e-02 2.687159220796141515e-02 1.432624449282963314e-02 7.457264279807158947e-02 6.788939449667365233e-02 8.515962282719619081e-02
2.398874465826799154e-02 2.982202905397768680e-03 4.609957056007563635e-03 5.014555248255882225e-02 8.104498916618108062e-02 8.783003368736229388e-02 7.659783198609314281e-02 3.078624864950058049e-02 9.112411511016829668e-02 9.276071086830262264e-04 5.710134858730889218e-02 7.228081725926040202e-02 5.252618598842517805e-02 7.983550421819474163e-02 3.853852760768947117e-02 8.629334450498589437e-02 4.866555312581777315e-02 3.950672078444394941e-02 4.557399308826143303e-02 8.816804229859563635e-02
9.651336208745267542e-02 1.780115401969612973e-02 3.398402324195124585e-02 2.453020181252385523e-02 4.416278096668018599e-02 7.724603701608373507e-02 8.454986043424467246e-02 8.179666609859821691e-02 8.557621054843445041e-02 4.260148983802756334e-02 2.708419063077478761e-02 8.596220934315100537e-02 9.682782127879319134e-02 4.425215788036271358e-02 1.509503931181330888e-02 8.972374804840634044e-02 1.510606978522821553e-02 2.511080503561007385e-02 5.369886557923382597e-02 7.484454421444645955e-02
5.518361391770343349e-02 6.756301854692767228e-02 2.607114265939902698e-03 2.815949465754944564e-02 7.502604458435192109e-03 4.784142021222967389e-02 5.924249695119741116e-02 3.466429444857544069e-03 5.447608498731534854e-02 5.230708436157221336e-02 6.893423383415103745e-02 2.633977631405866326e-02 8.790345951235187250e-02 1.796867015198682152e-02 9.975842240391073756e-02 9.151455327672053733e-03 2.594323343301287166e-02 6.709137584235409790e-02 2.489245933175184000e-02 3.492354300064659522e-02
6.813789988965235876e-03 6.048784331254182522e-02 5.143342590246955531e-02 1.828969201732319125e-02 3.913074580934117544e-03 6.760394367081065670e-02 7.550081772052828766e-02 2.376631050953778232e-02 6.168890685855368816e-02 7.490454200706576048e-03 8.108323300619088569e-02 6.991613865852734644e-02 7.865283161499496412e-02 5.050907662726757119e-02 8.366481344106330154e-02 5.007943130493740930e-02 6.939176331468566161e-02 5.272787167439727668e-02 8.277363695384832437e-03 1.638339042728315098e-02
3.979815648539239414e-02 6.675294015212652338e-03 4.221468650735338279e-02 6.648987728016009235e-02 3.169672382751929224e-02 6.696079676481291043e-02 3.721596751639434653e-02 2.707048570118785261e-02 8.447673640831798378e-03 3.626407608133719318e-02 2.427879364112236690e-02 7.329033487212645304e-02 2.685881464641429878e-02 7.449739645984730652e-02 4.069155304428576092e-02 2.762667659472991741e-02 6.696434348640802059e-02 4.059974693641474341e-02 9.015394861619763223e-02 5.978698475908938298e-02
5.299163053632706399e-02 9.683122995752059536e-03 3.464116982266089023e-02 6.863090482679594373e-02 1.272684280203898594e-02 3.456332001856166070e-02 4.316005839855761167e-02 4.939144261555625248e-02 7.813796350374768718e-03 7.272246220587615106e-02 6.805721034883514819e-02 6.898513503587604123e-02 1.370855446130880969e-03 7.691645476783674773e-02 7.222706912828195935e-02 8.955435370638754888e-02 8.884917423286281535e-02 9.243689283192897677e-02 3.510488250564491181e-02 4.517392980040235706e-02
6.977708520789253910e-02 3.772996628069241742e-02 9.369328361517011150e-02 5.241133165160251350e-02 4.649269945019096628e-02 8.245672089939432015e-02 2.395649637059745971e-02 1.335211801188684877e-02 7.222829881420397835e-02 3.726992046351691734e-02 1.428097536883966671e-02 5.402716429564864697e-02 4.905986474915577378e-02 6.917866133721935207e-02 8.770135268816414698e-02 6.753914734061021441e-02 2.364056447258726726e-02 9.373534057097682171e-02 9.191879486792933762e-02 6.348961310570640226e-02
4.878445999334121708e-02 1.287707352452605210e-03 3.837912705974111383e-03 5.424104515577676811e-02 1.665738762349252763e-02 5.673516447136966317e-02 6.012615309832450988e-02 2.991178578581615843e-02 2.086480259888817690e-02 9.058839662977029306e-02 9.336462313592623630e-02 9.909684670678922669e-02 2.020376484881415691e-02 5.468427086953210614e-02 7.236921023228948605e-03 2.034660467919890969e-02 4.751324188843863983e-02 6.809107368829218909e-02 7.994945766675357057e-02 7.520364069402435403e-02
2.160909829388346550e-03 2.388219879140988239e-02 9.306475045170315222e-03 6.713711061823948723e-02 9.618765457910430361e-02 5.779755340550978698e-02 8.662682612778901947e-02 6.439140689951945717e-02 8.149287133353906587e-02 1.047051833405273670e-02 4.352974077129134062e-02 4.638912848896464824e-02 9.185107091608112062e-02 5.504372120903009563e-02 6.272630163929270031e-02 6.096058614147912419e-02 7.071536446294812706e-02 4.323178661552765090e-02 8.778364512817783682e-02 9.904638262813023064e-02
5.429848738900927563e-02 6.973823524096210702e-02 4.054067020311648284e-02 7.972854560147980829e-02 5.020244517677220630e-02 3.665925998172462480e-02 1.894944794399722188e-02 1.857616874422091113e-02 9.230106638963235521e-02 9.568437788880646000e-02 3.300208779582210900e-02 4.099165837068868140e-02 8.160008125176958227e-02 1.912708075434729413e-02 7.223038551175815780e-02 3.244580740054116286e-02 5.736798365867804700e-02 5.324230935635603651e-02 1.962136506276912495e-02 1.550332462676993345e-02
