2.233153451850155569e-01 1.317603133236864565e-01 1.062376578001809485e-01 5.893909152739644497e-02 9.080737527716706281e-02 4.996490330213511355e-02 5.531666179571341491e-02 7.857227909826774992e-02 1.112370223210044362e-01 7.256396220330219027e-02 1.033238419504969308e-01 6.758307999298282520e-02 9.347406117765331979e-02 9.972238999889619648e-02 1.139304462854072025e-01 1.124016730786939894e-01 1.027341350671170939e-01 8.880872244659002157e-02 3.774322331449237594e-02 6.659241218246106375e-02
2.040410754467833140e-02 1.094884812627214959e-02 2.604716078874216509e-02 8.487291736421399835e-02 6.533236440507773912e-02 9.786694412239507757e-02 4.458765447032428386e-02 5.813435828083621942e-02 9.478725123371839478e-02 4.682617415045216280e-02 5.279356305095972424e-02 1.744168946201643186e-02 6.919709015218268588e-02 8.905709655745025488e-02 8.245803039643444243e-02 9.092855281633428766e-02 8.883545480909599279e-02 3.988951334380552716e-02 5.765786116552829195e-03 5.693929526755299453e-02
4.673606162306832845e-02 5.488081692598361511e-02 7.661714644784090034e-02 3.313455704284205133e-02 2.765926488814307582e-02 9.544922923062877651e-02 2.896091392444774190e-02 7.714571185424888566e-02 7.947046254823597611e-02 2.409191468765526159e-03 2.709147247483033663e-02 9.839937694181788430e-02 6.579563704042909467e-02 2.053034838650783650e-02 5.219820975481730824e-02 6.985380374694001582e-02 7.401330665435058853e-02 8.421067887486587134e-02 7.433891640502425513e-02 4.435944166383604115e-02
4.549755751860906638e-02 3.104610061941647306e-02 6.253616348822933768e-02 5.078107288211243520e-02 9.823378747437176706e-02 8.001706241077541359e-02 1.417548019490508932e-02 4.987383146079481938e-02 8.778204705879877334e-02 6.951379385661841936e-02 2.133893770835892933e-02 3.870697926550148438e-04 3.136879124723412991e-03 1.911764229604972012e-02 4.424928328252532295e-02 3.045346487045380579e-02 4.003166704873972054e-02 9.754279634897983220e-02 1.709080258009509912e-02 4.011867294206603041e-02
7.936878897818678419e-03 5.456664012690826647e-03 6.023201270550149720e-03 3.245832726578834568e-03 1.633732052815696154e-02 8.764827122284167549e-02 4.968565314541439210e-02 5.414839634491966369e-02 2.462753665476592746e-02 5.065350336272922416e-03 8.589105613825914753e-02 1.117846934643234105e-02 4.073177707792587088e-02 1.387618145950867549e-02 1.275848430590376115e-02 3.383931311415781101e-02 5.588899330887664961e-03 4.512656406471635823e-02 4.255031319391933131e-02 9.947446250610637863e-02
8.834147488853762165e-02 5.855920111155432650e-02 2.563901839251450307e-02 4.672552669091933203e-02 2.021895070029831182e-02 6.127655520484485280e-02 6.988085769643001544e-02 4.134453253944659311e-03 3.855321646773066102e-02 9.079111816513306399e-02 7.577115823268104622e-02 2.908463160430986572e-02 6.638778913271838056e-02 9.668227126200402283e-03 6.930466639149997221e-02 8.274166744682854777e-03 1.992076143801303767e-02 7.724677617534353447e-02 5.597176108616602752e-02 2.983500290132959018e-02
3.855224487027054947e-02 5.706335533480021843e-02 5.668238051767560647e-03 2.552967076665180191e-02 4.616581337165444332e-02 2.979662009153419971e-02 4.974848747966532925e-02 6.918485009911452821e-02 3.667744230756626866e-02 2.106088013838426642e-02 5.947659840886862503e-02 7.987458146342742149e-02 2.376922281693971684e-02 8.352863892019279923e-02 2.077178394985387463e-02 7.885856187400294703e-02 1.106979132617401732e-02 4.549139952234081824e-02 6.009695598421404411e-02 2.135947139437333053e-02
5.068970675614556387e-02 4.871016649962695011e-02 7.113669706581708663e-02 7.656868332686643519e-02 5.677168463886755195e-02 7.414383666554336116e-03 5.406785653333524844e-02 7.329370664921538991e-02 8.091423995677349962e-03 9.287038667444019735e-02 3.608722217964090845e-02 4.464201853237825812e-02 6.920333815407628264e-02 8.723648651556507871e-02 3.355647728127086893e-02 2.066514395598858730e-02 9.157646970300585554e-02 5.765355180089392489e-02 4.551092563400993551e-02 1.956353442379878127e-02
9.971882896254812001e-02 3.438177030573049547e-02 8.432336902814738244e-02 2.138038581828251294e-02 9.321022003724377392e-02 4.105830293201168102e-02 6.053799018310491997e-02 3.957534192289269281e-02 6.786539794896664923e-02 2.964539046342053175e-02 6.754285820157480968e-02 7.944623468541006650e-02 3.929688586668422107e-02 2.585988099675034027e-02 1.162938676414702194e-02 2.422926846530124717e-02 1.022273084129362609e-02 2.942279822237660325e-02 5.068441018206307908e-02 8.874487325040662788e-02
9.616647169311556831e-02 8.086326916719216440e-02 7.172917076693913208e-02 8.779908534820668464e-02 6.463094882863164303e-02 9.204632835549340919e-02 6.899534700903740825e-02 8.254208217181722984e-02 5.826068400115311935e-02 2.513770771220846974e-03 6.295429707204396041e-02 9.995916106245278376e-02 4.813112596838975410e-02 7.561352044973823627e-03 8.264161724607936577e-02 2.755831869391171113e-02 2.092298921050558466e-02 8.412474396641222985e-02 2.339102042500972381e-02 3.372380084320514282e-02
2.021399427655129477e-02 9.778929470749832265e-02 6.633739709264228901e-02 2.223130981042921450e-02 6.895237745579951838e-02 2.790191194588637069e-02 1.524320455800966083e-02 5.251603584836972774e-03 6.511891424956411933e-02 6.282672851704539096e-02 3.017202352216678124e-02 4.240607739573176715e-02 7.697396140248603802e-02 6.121696743180282674e-02 8.904768578161287307e-02 6.095388486305475251e-02 5.748884735499474458e-02 8.623574286952202794e-02 1.427399629745276267e-02 4.717456311065526715e-03
9.793810866336416510e-02 6.522651799593194577e-02 7.212032779743342281e-02 3.932124652134499215e-02 1.533230843392346943e-02 1.334501002615894397e-02 2.314285724183594642e-02 1.162324508289013306e-02 2.288688480128985361e-02 3.632479185182915099e-02 2.224243175882602286e-02 2.325082011931000128e-02 3.892668694111284244e-02 9.871503897973368802e-02 7.482433502183663543e-02 2.956725779521344327e-02 2.310501680325579774e-02 4.366117027252261473e-02 5.701776720179632663e-02 1.751729092403220278e-02
9.324261160354101186e-02 5.389272293448461870e-02 5.174106536095460229e-02 2.310367175083619801e-02 1.609294483904577695e-03 6.443057560661201444e-02 4.306054447020622039e-02 5.934966995709684001e-02 7.440598576179244250e-02 7.257752339903289669e-03 6.678388801361337390e-02 5.074366080207722007e-02 2.559695669417932917e-02 1.081747129167378620e-02 7.181433250291525960e-02 6.181585296594086648e-02 3.972254213541390883e-02 4.959021058969769608e-02 2.338269231891544619e-02 2.020322920321409102e-02
1.201298239120467473e-02 3.467528577523304456e-02 9.852161435460915495e-03 3.790087270332447716e-02 9.654601004227869598e-02 4.705662766221715976e-02 7.995439597268261256e-02 1.746462781430874189e-02 4.568388670202919166e-02 4.746082766146608733e-02 3.327079547517668850e-02 6.906297046359073655e-02 9.242984082925166656e-02 6.982795387861683023e-02 7.221229835829345856e-03 1.310881222834662380e-02 7.857483735466026797e-02 4.673341012528785948e-02 6.677670514690309256e-02 4.213587420348877122e-02
7.059013331675209613e-02 5.994792655519686625e-02 8.282780243828917477e-02 6.922421498827856234e-02 2.643474946715670612e-02 9.784104620488959236e-02 4.778469399583057386e-02 7.927405084680794189e-02 4.928838281511585540e-02 2.023517178419499685e-02 1.887969863029641607e-02 1.104510591471443738e-02 7.796429117843570178e-02 7.628786019561191456e-02 4.935685751469438831e-02 2.338454645875046728e-02 5.911806030694530256e-02 9.416625161668351618e-02 9.329150011111097748e-03 1.918572875184293425e-02
3.022397284417152261e-02 7.665137542154581984e-02 1.952363335397844409e-03 4.866956269197739160e-02 6.615961499395270340e-02 1.798799713630445593e-02 6.792519599321745344e-03 7.807228942098749791e-02 6.114652212722548885e-02 7.763712659170109165e-02 3.345144754393987452e-02 9.876860510086865608e-02 9.281240357794402762e-02 6.593166503266346956e-02 2.727268829227934635e-02 2.216997205906502677e-02 6.422273184739102532e-03 6.015402824015456812e-02 3.425427335682699331e-02 2.452784334918150025e-02
6.145469767915476972e-02 1.191229562211877473e-02 4.173055633697826672e-02 3.443513823058429874e-02 3.509768977837526144e-02 5.560153755245511933e-03 4.323495974342879411e-02 2.245107201878892081e-02 2.611688152865151644e-02 7.267337211415783593e-02 8.024138531360612558e-02 6.128173002963076960e-02 6.326626537626103830e-02 1.039665012602419836e-02 9.899431197616292977e-02 8.805951198388632661e-02 3.072232776756475200e-02 9.487067054895868823e-02 9.639962322130452010e-02 7.182664260113429122e-02
7.734940553733597735e-02 1.698667396134533394e-02 1.076718127720526288e-02 8.876668757649390507e-02 4.757318981799112806e-02 2.875700469392655778e-02 7.753578705251217007e-02 5.447053315460054224e-02 7.165909023106013798e-02 6.770411721744093447e-02 9.051669457960793974e-02 5.691088217251952242e-02 5.994817522534456877e-02 7.843922373167237783e-02 7.037733705745764790e-02 2.973233631271560151e-02 9.600439933262761016e-02 1.040367092456128198e-02 4.434443427511944313e-02 9.369292464778541940e-02
3.966767309509591777e-02 7.609004829018270466e-02 9.384587952012074519e-02 4.919210119957551086e-03 1.796193181923717505e-02 5.451335640145808098e-02 4.323843912721286875e-02 1.901649514586636544e-02 5.327165277655476067e-02 8.409018075659249747e-02 5.110003557406888469e-02 6.524653729717787287e-02 3.768872613752805348e-04 4.333078754634300811e-02 7.587571898072936749e-02 6.616970231929535096e-02 9.055929839627677169e-02 5.368005246546190407e-02 6.726322054900944758e-02 2.457336937355650980e-02
6.899962197340296643e-02 8.174781286798940561e-02 2.273956196297059057e-02 3.281913837324340610e-02 3.341001336603476729e-02 8.292564115789825829e-02 9.786971473369310975e-03 7.807784950904562982e-02 2.679100081370059533e-02 2.403419839282816810e-03 5.072270951158674990e-02 8.871251046629331782e-02 5.579146695453410937e-02 9.280735358686789671e-02 1.875377303233016942e-03 1.373611186563589159e-02 8.048488949927928848e-02 6.017772335045102131e-03 9.772180969144853013e-02 6.748066627934579120e-02
