3.346788353953797923e-01 1.694625700787454892e-01 9.818705086706569496e-03 7.116911926292150692e-02 5.603012091972494474e-02 6.809165893800253611e-02 1.001141166729841436e-01 1.240185102575259435e-01 9.157770608522353140e-02 9.982070210251940690e-02 1.013935347745187204e-01 5.175208378530400666e-02 1.084780621671511402e-01 6.045463660528171967e-02 8.764599740090672775e-02 4.351069834894680244e-02 4.649175811195976893e-02 1.399212452004951479e-01 1.017947215922800075e-01 4.926282771780297193e-02
9.581145937160889803e-02 4.984787177603322572e-02 6.363592981998812681e-02 8.978287807954324351e-02 2.588742551623435511e-03 6.857215839654340339e-02 1.858206352066932299e-02 3.551276885893739463e-04 3.671773581036714973e-02 6.238425167872278104e-02 5.449830606990331561e-02 4.665216665450991340e-02 4.409388959535703867e-02 6.304019581201152078e-02 4.971688282470726472e-02 7.421634282713070185e-02 1.833677254159282732e-02 2.068140263102613476e-03 6.870860299342282373e-02 5.648885573429057727e-02
3.151395041626180865e-02 7.986764247272893497e-03 4.448785355802086644e-02 4.502786795677300724e-02 6.062921122662479761e-03 5.355109832292919564e-02 9.164828217254473997e-02 8.881896050110943408e-02 3.199611588138138313e-02 8.208938104419444270e-02 2.965522135826880248e-02 1.949373916196700529e-02 7.942163903722389284e-02 7.781318284782429151e-02 4.604356809384455712e-02 6.460596936837337614e-03 5.968949715504369424e-02 1.041245376692816541e-02 5.127502694559835789e-02 3.758417645639083177e-02
6.815297739769102248e-02 4.261447128040665722e-02 2.193696923794552500e-02 7.212097712025559992e-02 6.116515415605822126e-02 8.107737234804818227e-02 9.195134874432105143e-02 1.429364447019685486e-02 4.770616102649093832e-02 2.010776700482140925e-02 9.377912620493406015e-02 2.255933256507390919e-02 4.586200439471552898e-02 4.198370250274598148e-02 9.329980604675444655e-02 2.677428343986498933e-03 8.773663077100242458e-02 7.225751656271871270e-02 7.392865782992491530e-02 8.438823392034180970e-02
6.301139259555152417e-02 6.458312480594909089e-02 3.343441764284373757e-02 4.767216570712044105e-02 4.871356110524670963e-02 7.566261216729029682e-02 9.419793751867612530e-03 2.021087149637175451e-02 8.790107793854662344e-02 4.593343021928891767e-02 3.956549290357456311e-02 4.223845899003056403e-02 6.653536457385671177e-02 4.471177732972794749e-02 5.984570937934592660e-02 5.445360239672569769e-04 3.019008633997150026e-02 2.847884324453094085e-02 5.233174662765494034e-02 6.754548656338943413e-02
8.701651329848102134e-02 3.307150337313864708e-02 7.179660615133137691e-02 2.557184362952594908e-02 4.417825358336135988e-02 8.082081336308971631e-02 4.403715610346863735e-02 4.828194650067066385e-02 6.192774157318170491e-02 3.283628952388247674e-02 4.964537890352549443e-02 5.987226894439412472e-02 4.988988493888211334e-02 9.871596112917617460e-02 1.772186439295315649e-02 6.468840705223133803e-04 9.438941389161936701e-02 4.408938717307198107e-02 3.034627758287006261e-02 3.282124891769662434e-02
3.955420923087369506e-02 7.991986417709368018e-02 9.228560677755001662e-02 8.190094333617293706e-03 3.690919539294773566e-02 2.693844604237340123e-02 2.757943249431906926e-02 3.943312901619089317e-02 8.548137367023504740e-02 6.932467090874126769e-02 8.500964101318038424e-02 9.922803698745397138e-02 3.186080961368694536e-02 1.963253169863268463e-02 4.725532332763119486e-02 1.718570466448052919e-02 8.460114336923275219e-03 5.603486945340294123e-02 6.791411807683800372e-02 3.467378717556646173e-03
2.495679979410604654e-02 2.305004662520470163e-02 3.294572617147328852e-03 5.097240339827763256e-02 1.312367770138289777e-03 9.384334987223449942e-02 9.486129614695119894e-02 6.552188295470807132e-03 1.386731332666373342e-02 8.178828774688229981e-04 2.721952133756059405e-02 3.885079960040271202e-02 2.672694561363396851e-02 2.445092740427357025e-02 7.019686263954047489e-02 6.745843402839098168e-02 8.590841930819916039e-02 2.317759238560757051e-03 4.549209624795440970e-02 9.343059305936863429e-03
2.432422577614512527e-02 8.399344963636912187e-02 9.549010618026616826e-02 7.770179870342841522e-03 9.949492018884853461e-02 7.186525977612268730e-04 5.373024320486944477e-02 7.385496931960415512e-02 9.842881820150838068e-02 4.032286756729559773e-02 4.311533719510634438e-02 7.794529103698263905e-02 3.578279173759635334e-03 9.489648325696009926e-03 8.088900847551577789e-02 5.842523217641204525e-02 5.760497877694530783e-02 9.931452687333078289e-02 7.530024767838106210e-03 4.824593249567799003e-02
4.765222135528582315e-02 9.388574241977117041e-02 4.372746220614486673e-02 9.391431705238909022e-02 4.020149944086653937e-02 4.142995721172374607e-02 1.515895208539141947e-02 8.422844626224430808e-02 9.635659738987607803e-02 1.695797288707744446e-02 2.464425245352228760e-02 9.331618439506055018e-02 5.567349693529240195e-02 2.409388853673917474e-02 5.982973569042324136e-02 8.979337797687675371e-02 9.938815133575557015e-02 4.794432192211352250e-02 1.894049639274105953e-02 6.315610792849547794e-02
1.278660755229290603e-02 2.210470272230584746e-02 4.956613294980657947e-02 9.614277689882412548e-02 1.183999182931393460e-02 7.666247015351149163e-02 2.366045769232549834e-02 4.541236611349308561e-02 4.221562333078888139e-03 1.358414049838045992e-02 4.063421008843681737e-02 5.060394233616553189e-02 4.859593161352885465e-02 2.506161620532242409e-02 4.181501924595251718e-02 9.120800657444178006e-02 7.632484448528979726e-02 4.024180341554318974e-02 3.878660743445594503e-03 6.732585998093661150e-02
1.022858103107765482e-02 2.593522761073616817e-02 7.375299836833455747e-02 7.229908893078314247e-02 1.918984661782484683e-02 8.956230111432011975e-02 7.552614193619021365e-02 6.179290844454723985e-02 2.122515395765707524e-02 8.969790536226784905e-02 3.651825145319468474e-02 7.887940387896329175e-02 1.600987992350053762e-02 4.824890474118937009e-04 4.888045507874934359e-02 3.644561886486442914e-02 4.683485987247074794e-02 7.079872313428924036e-02 5.381231465254632251e-02 2.767332059964937654e-02
4.040466666526031786e-02 9.869425721026424403e-02 9.084024244963816164e-02 3.631584738986475686e-02 2.950315493528962371e-02 3.825150139566731167e-02 5.895550708126226502e-02 4.639324458471874579e-02 5.721251614926177453e-02 3.369472150933428174e-03 2.355023920737541257e-02 6.190404872635343891e-02 3.491791444997948551e-02 8.211213675923711985e-02 4.580262029844466704e-02 5.505060573474124253e-02 8.922689061554264778e-02 5.072380268626828365e-02 4.093880327983793338e-02 5.692027915607076466e-02
6.135595123030553044e-02 2.214568421953762301e-02 5.903196873675242923e-04 9.219145643358517273e-02 3.648910863220911419e-03 2.436950249303072857e-02 4.866290400725151871e-02 7.552562988603639393e-02 3.828801713430181330e-02 1.046587446002959082e-02 5.311917265962645684e-02 3.583702218533236020e-03 2.823355755291007130e-02 5.445448735178307770e-02 7.517756307476577970e-02 6.486109288903080250e-02 6.763659293332709155e-02 8.018164731003463858e-03 1.575864894411469624e-02 6.659547988812568320e-02
4.029259918026054099e-02 5.172973412770544288e-02 1.675101410064533392e-02 8.068204018402093045e-03 9.846484177551211026e-02 3.462760112266810575e-02 5.446679309613786102e-02 1.397748477522133860e-02 6.394934475798134954e-02 6.929082633930404300e-02 9.825276904503325859e-02 7.961214112602055248e-02 1.636388534984944965e-02 7.946333190514699371e-03 2.012683872553878983e-02 2.149529070963851398e-03 5.622089305819891886e-02 1.896300212438566460e-02 5.474346888648001092e-02 1.725969620249498057e-02
8.810424308673164839e-02 3.106284381010647813e-02 6.887702390507668970e-02 6.971449399097827404e-02 5.892900744606077712e-02 4.416710792546241215e-03 3.645035355627673779e-02 5.901617225443067660e-02 4.627100598857852159e-02 1.466225447867909419e-02 8.878405591806522168e-02 6.792625702205883076e-02 1.147023346815183656e-02 6.134085132592964618e-02 4.998653402241468729e-02 2.012286078169860451e-02 1.336518547605085663e-02 2.228092080681757375e-02 1.105183365357683724e-02 9.454258577765529969e-02
1.404196858887452179e-03 9.609243320421324841e-03 9.632408870334441264e-02 8.136557380935537098e-02 1.331263788088755777e-02 1.139456010963172533e-02 1.943802596303745300e-02 9.072725494211913988e-02 1.303102122439362548e-02 5.247248300188523274e-04 6.968115664749408023e-02 1.256030329653342638e-02 6.132656644151997238e-02 5.053570453928846185e-02 5.928001117668799114e-02 1.861862751148821854e-02 6.306548817805461560e-02 1.478758685275157782e-02 7.144907774256978317e-02 2.122740430791864030e-02
8.436573287006199351e-03 9.350751138226749692e-02 8.879127909650598449e-02 5.314564144813638431e-03 5.852779797557086661e-02 9.615117984085030933e-02 2.732921953872508025e-02 1.126170176515839394e-02 3.707863424360658203e-03 3.125711921743112853e-02 5.249434292723303974e-02 3.442159329487082340e-03 4.367739621552978874e-02 5.334727962122443393e-03 2.982718663581813978e-02 3.632341723928688565e-02 3.452625944895825610e-02 6.513060337683322654e-02 8.872954504850377733e-02 2.115304781743784432e-02
8.102210137808045498e-02 3.630342056269968837e-02 7.567783238834294157e-02 2.140832632581412057e-02 3.416878767093994157e-02 4.771348310745196497e-02 8.765775164501904415e-02 4.912970616149471559e-02 7.192787496049646637e-03 5.214572130150069151e-02 4.999633596250921408e-02 5.719718590379954670e-02 6.652782701334646054e-02 1.163385337213778195e-02 8.189781877730295534e-02 6.988467695996447918e-03 8.141702854664124855e-02 2.724679782068950562e-02 6.025289251065736595e-02 7.009173748732915044e-02
2.621632985275337488e-02 6.131032554909607302e-02 7.390613842318716382e-03 3.053138752797313147e-03 6.670053444730250636e-02 7.713266571260356252e-02 2.052625366000293636e-03 7.950421795221607191e-02 4.104017306421389732e-02 2.284741807486770013e-02 1.884466611365507444e-02 2.592971016513068161e-03 9.206375371605601821e-02 5.767252607703026585e-02 6.163558397340221373e-02 2.186441562162078187e-04 9.561485031744192120e-02 8.163429276124899159e-02 6.569825222091238426e-02 9.003136576558805337e-02
