1.846278337488750088e-01 4.779175621374345123e-02 1.214951448775961201e-01 3.358464987080803099e-02 6.052399152793935810e-02 8.115991257750709842e-02 1.544509577211622964e-01 4.874274386528480718e-02 7.512681127169511253e-02 1.284352950064587273e-01 1.158423104950809940e-01 1.381402524661901610e-01 1.509710094235143241e-01 1.033430583501625671e-01 5.971613930527892161e-02 4.866997315246999328e-02 1.373992330247361116e-01 8.097395509230831401e-02 8.168465834407347137e-02 5.950900480335218068e-02
9.744326249540763429e-02 2.612041776081910557e-02 6.766247251273055374e-02 1.373256983101894813e-02 6.589580056478816505e-02 2.314279091029772945e-02 4.104200959133706000e-02 6.480663183054612142e-02 7.179143019716698049e-02 6.026129797498263468e-02 5.636529028474505237e-02 9.156772464603521455e-02 8.137144937327907279e-02 6.207313894989646003e-02 7.652266261898899719e-03 4.274308297307260335e-02 9.968646632973179877e-02 9.727604043430973513e-02 4.308904166408074332e-02 5.299447457112110849e-02
4.483763346927237964e-02 2.369089781335542710e-03 6.256644851098648596e-02 2.178007748698865959e-02 6.545572432396282170e-02 6.405208369019017856e-02 8.477556414642324623e-02 1.975949777948583785e-02 6.942876014822210728e-02 2.699846421425902351e-02 3.994727840982660594e-02 3.897530971961661594e-02 5.957121009896592517e-02 3.922432856173605625e-02 5.898345092506079163e-02 1.776849614939192065e-02 6.961874256296217423e-02 2.199153033256082829e-02 3.500022850733053303e-02 5.546302696062158782e-02
5.206569351251051636e-02 5.218541941935828099e-03 1.112720330720125099e-02 2.210806338296359558e-02 4.885276760955469671e-02 5.377813252360996027e-02 8.970082755879760228e-02 4.500959984064423387e-03 2.127851001435815403e-02 4.542918405665491433e-02 7.726432270676365094e-03 3.781072087813316940e-02 4.228213530801312736e-02 3.755701834113828186e-02 3.557619427823479480e-02 3.577784192453836807e-03 3.211170335911176649e-02 6.443291453726854301e-02 3.820584907606904695e-02 2.291489668347690466e-04
1.036609367308576404e-02 6.226804357258389211e-02 1.835292439508062756e-02 9.728424430583487714e-02 4.703599888546805725e-03 3.113159197278260459e-02 1.441482395793100037e-02 2.296697051877012730e-02 7.829904257943479107e-02 7.909686980260582922e-02 3.789142508496408379e-02 6.381229405704323676e-02 1.864832156932296967e-02 6.694797263224161465e-02 7.565079281100384190e-02 5.354765661851540459e-02 1.635771634185649928e-02 7.218036718608423358e-03 3.687742526325430564e-02 2.913658581831685135e-02
7.304988735579014125e-02 7.325837670019932912e-02 6.735358713443090339e-02 2.015480935327212952e-02 5.398647904514713297e-02 1.375925963108603003e-02 8.449758186184704034e-02 7.877298909097227297e-02 8.653069409690752889e-02 7.694777596052647384e-02 5.643339585860937535e-02 4.874917047516891776e-03 5.687452133754289721e-03 1.957162409775739173e-02 1.367173387582705339e-02 3.387278328026644119e-03 3.483111589586983942e-02 3.593670728758161653e-02 6.621271874761912313e-02 3.324801293895460891e-02
1.038455384510354046e-02 1.393763578847910869e-02 4.789421501977249307e-02 6.358391449342658264e-02 4.168832009666027100e-02 5.352950316699938565e-02 8.458069815455106222e-02 3.649747842268536227e-03 9.658873342400217665e-02 9.704831212360777448e-02 2.073960449604535239e-02 5.198652466153644292e-02 7.805714753513871146e-03 7.818746893088734592e-03 4.587981449798165384e-02 6.594241950170191824e-02 6.025837286009714383e-02 8.174882686467337123e-02 9.400328950375021198e-02 8.743140101621586779e-02
3.914765585337918324e-02 1.533089918056774852e-02 9.976770130151059457e-03 6.436708896110936162e-02 8.979377711746969193e-02 1.589706798675994022e-03 9.406059635614087699e-02 2.475837920921752922e-02 8.480637732571442988e-02 3.325049764882526127e-02 7.739188607108168916e-02 1.740613560969404144e-02 1.827542770175199019e-02 7.747097558538323936e-02 4.500977144422136332e-03 3.639577780472857266e-02 4.556096685852356609e-02 3.068011268938042671e-03 5.514707919404882031e-02 4.725368435010049439e-02
9.112198452066636034e-02 4.129180555408872716e-02 8.041283686910397077e-02 2.022971777440056920e-02 7.433434283129715381e-02 9.615806657584181905e-02 8.990639356178117825e-02 5.718587832500426210e-02 7.144674719335424029e-02 6.583169434843187673e-02 8.753207802748973199e-02 8.015164873583585647e-02 3.552409014665392026e-03 5.233589435159289455e-02 3.255453606421420537e-02 6.165655908621048287e-02 9.776715987196565871e-02 7.603791177004848301e-02 8.271369236381613532e-02 2.705719664278753017e-02
4.989832931132697630e-02 7.672657973389634956e-02 3.898025619144762643e-03 3.168006391102702601e-02 6.256230119958663960e-02 2.687345084724694980e-02 7.351971668325975318e-02 4.292901837389467151e-02 1.278500882937904162e-02 4.237154853677669447e-02 5.867882097715318435e-02 6.289012992560351345e-02 9.520335344826980767e-03 3.906691289187198823e-02 4.315578851069114263e-02 9.530632951225970206e-02 3.908458365607068302e-02 9.062748533717618349e-02 3.230017865268375310e-02 8.370107258913392356e-02
9.333727566307174761e-02 3.781735891507788383e-02 9.448626569838633471e-02 7.331581765487583946e-02 3.228067802463544661e-02 8.747641402276729039e-02 8.389633622695423509e-02 9.521158703767818032e-02 2.387496991075759370e-02 7.494678307571601972e-02 7.074934608078878306e-02 6.495445044478645458e-02 7.619542646963120558e-02 7.341148663545638171e-03 7.965750326220005784e-02 7.439755830292245353e-02 6.171455389212844589e-02 4.281457808384772634e-02 3.873592202965339681e-02 8.147571719030152759e-02
5.977404039382903239e-02 5.477299397254664637e-02 8.464360013287519635e-02 8.137827295705160613e-02 2.534834376037303771e-02 9.138293160531504866e-02 3.005924083631299551e-02 8.166236481203843767e-02 4.622008532904568062e-02 1.538162682832380258e-02 4.422612359451586622e-02 9.112283200210744005e-02 4.971540767975159147e-02 7.863917224869354516e-02 8.413081210418320299e-02 2.294354748727815002e-02 8.223612007752720277e-02 2.965970369281350008e-02 8.933740030343462896e-03 5.304665498026481241e-02
7.424607846849134996e-02 4.157265045312768387e-02 4.530677910276888209e-02 9.915236694100225401e-02 3.411002552438265056e-02 5.522172138822593196e-02 5.677096022791060931e-02 4.395769329085729565e-02 5.763134135256747781e-02 3.001216100808512706e-03 7.693980724612130284e-02 5.485204479692345342e-02 6.344335399928179020e-02 1.524858144649260394e-02 9.809506034730297586e-02 1.233427021402865378e-02 7.165467666387870249e-02 3.513147094370327322e-02 4.042298628440689490e-02 1.501375928019770337e-02
4.773035576326046039e-03 2.343752205724258970e-03 1.862129712615592445e-02 8.712446218296843181e-02 7.396053341298877704e-02 9.953714468152703720e-02 7.586987690943496065e-02 2.845627831187025336e-02 5.160683563341881414e-02 9.096382074427211695e-02 6.459404815760698415e-02 8.241148137676485019e-02 6.945822267487099244e-02 7.871343227865586212e-02 1.842412001887316908e-02 4.140821305669466906e-02 1.046621980483873962e-02 1.585382571925667700e-02 3.345551859216912977e-02 8.653977696240855444e-02
7.111240061176470062e-02 9.243960302838596932e-02 8.606063378977657496e-02 2.213576154970955598e-02 7.134828276216653893e-03 5.824018798653274320e-02 7.328753623683713359e-02 8.346449839718679542e-02 7.788861200784792660e-02 6.715215100159231676e-02 3.757362709914838922e-02 9.938464845438349515e-02 3.130158072876312175e-02 3.378536733244408286e-02 3.213911001059700789e-02 2.680441823556437703e-02 3.956432890256781493e-02 4.970539966690779021e-02 1.292605680564968933e-02 6.487008140394233402e-02
8.265397463235468756e-02 4.271433703949606420e-02 9.910180835132118005e-02 7.085226578833241085e-02 6.145538971637895531e-02 2.075163879827668367e-02 5.866740069060375623e-02 3.231423159826279229e-02 8.929645254427842627e-02 2.638470898046007054e-02 1.655775552311810131e-02 5.032588185429584526e-02 8.060631265770047682e-02 2.125333852825331965e-02 8.130694713087409375e-02 3.505894066102318435e-02 2.713293257162179353e-02 4.122160618901104384e-02 5.404616935215542789e-02 6.611204565328880622e-02
9.347376111137190025e-02 8.585197383762273315e-02 1.040027230003815048e-03 2.833333691278264871e-02 3.258060419207125386e-02 6.073203708313546162e-04 5.362080406056813145e-03 2.845605061527423096e-02 9.758945363894239167e-02 6.401121171195101045e-02 2.862661702766317040e-02 1.051362657814436385e-02 2.723013570208491357e-02 5.266991676280707163e-02 5.471302826425709226e-02 4.134946522495629856e-02 5.557153671640646664e-02 2.828260457561115881e-02 1.834645097649070453e-02 7.444590280987589681e-02
3.529521728047070595e-02 9.490935220660566551e-02 5.933668879777377614e-02 3.154555634623952554e-02 1.162965637397519493e-02 5.312020945818552581e-03 1.468176075834526449e-03 7.570206403454080024e-02 9.038620403681829618e-02 4.239577884758425480e-02 9.252414196461172802e-02 2.558860822202017188e-02 1.657745476140947208e-02 9.364306459428695800e-03 6.891270792228058883e-02 5.000075708241337458e-02 6.361653901956454936e-03 8.582264956490571681e-03 3.606583646520100661e-02 3.771592714515013128e-02
5.809576872716529922e-02 9.253856218752513907e-02 2.154499968716995506e-02 5.432914266841544493e-02 4.428385698784417790e-02 2.231406887245650575e-02 8.441286104916327637e-02 1.248114497576767803e-02 8.980311011420583078e-02 8.258803255154412160e-02 8.826680880877990631e-02 4.275384265809371170e-02 8.242267232006869615e-02 6.829747019124420004e-02 6.959789554612270945e-02 5.910428631598133031e-02 5.199741513871075638e-02 5.779750418640974829e-02 5.590780774415622656e-02 3.213606397784352087e-02
5.534433429627717838e-02 5.325692741534161778e-02 7.766206592645441727e-03 1.194923700266750134e-02 3.446473632713299706e-02 8.332384440538642689e-02 9.395867575152350160e-02 8.654870531772186626e-02 4.045396089135427226e-02 4.480745888324948883e-02 3.634190225246825001e-02 3.323486091040737250e-02 9.186530043785723354e-02 5.987090269933379588e-02 2.777586273182732976e-02 9.288995555949859650e-02 5.587082277565597055e-02 2.904822421552387748e-02 9.295942202804055587e-02 3.407014100275607138e-02
