2.473691684628883947e-01 7.686928148973108665e-02 8.165860755185287700e-02 1.502863916087391338e-01 1.122248466563725011e-01 1.460262353314243644e-01 9.615480519413438509e-02 1.489904241380465670e-02 6.741346261852819433e-02 9.207833151043053055e-02 1.037605832584387322e-01 1.229871236801839407e-01 7.731885808439052654e-02 8.651009382355229205e-02 1.256165644655543590e-02 1.067048554511250968e-01 8.459383571992727668e-02 1.514615233164578467e-01 7.114371818381512447e-02 2.091330878101903615e-02
8.536993548335392035e-02 8.968911953867450548e-02 8.708193615980394653e-02 6.407319952799869767e-02 7.865577989692730532e-02 8.542769525108034889e-02 9.825744988413676398e-03 5.616070575838897488e-02 1.946817331619571378e-02 3.852628012339291003e-02 2.071101160065196359e-02 1.939427589067739544e-02 9.355573281580254613e-03 8.092602979400574659e-02 4.250618913731496994e-03 2.914171325440032684e-02 3.911934875449114835e-02 5.666636506874244555e-02 3.157512187561067885e-02 5.829483372619279763e-02
2.372522976679090206e-02 5.933682223640255465e-02 6.125809979799598515e-02 2.022631179501341997e-02 1.341569619954803387e-02 3.914687746078316342e-03 5.289181455980921515e-02 2.336481523241727004e-02 3.838258828346888252e-02 7.500503428963045671e-02 5.749665114962077342e-03 9.453846378830792208e-02 1.379441956387078561e-02 1.831184574657907004e-03 5.355679415806771648e-02 9.155237921347561536e-02 8.523121479016122770e-02 7.281051921100716029e-02 6.939406867046853111e-02 9.558682374360324974e-02
5.528554529549785379e-02 7.142746942142066957e-02 7.093996754299740359e-02 3.469161831906641957e-02 6.904624442454039557e-02 2.817015839679928510e-02 4.462733853819664948e-02 3.581360539063105364e-02 5.557246078739389722e-02 8.813581005134907276e-02 4.090476047837050821e-02 6.046549257122644377e-02 5.788677158071651313e-02 3.038886625431598543e-02 5.317970627793031785e-02 8.464484355180877662e-02 7.830271596390803168e-02 2.314664588179251789e-02 8.545088737294796732e-02 3.291273133930579242e-02
1.267745755885201289e-02 7.110886641106366202e-02 1.684248653382578592e-02 7.689938976706836571e-02 5.467347106038192989e-02 4.386070731947783186e-02 4.093933801845224540e-02 4.538434588981456186e-02 2.886083450425081139e-03 5.027617422146890558e-02 7.999911370192278048e-02 4.249684822832134126e-03 7.103304661559267652e-02 6.965488717262499629e-02 7.626966337516476180e-02 8.349748485661682984e-02 3.222100064566268962e-02 5.012863117002486907e-03 2.955323205458136940e-02 3.087024455988868210e-02
3.280236174484479905e-02 7.579212447079293480e-02 4.992014249127763037e-03 2.207244664094509812e-02 6.814964083452482169e-02 9.248083736509629671e-02 4.005698410559533230e-04 4.861170586877938682e-02 7.251389068803090754e-02 3.439622595679414901e-03 3.250733387277570524e-02 2.210441617589925523e-02 2.358321707913000470e-02 4.649137938284250704e-02 5.421265465167843939e-02 5.082050702918622376e-02 5.087439586634313199e-03 2.481857459584859912e-02 8.007381146724890097e-03 1.609341533247335074e-02
6.301002727168461548e-02 8.306508533367427949e-02 9.318346511059620585e-02 5.015885532455721663e-02 6.993692539240863038e-02 7.069874865294253907e-02 5.714922009183065477e-02 9.801225509995775687e-02 2.540649177262143191e-02 1.716093734312752403e-02 6.235476233700887327e-02 4.873630660469566861e-02 6.089538483070786740e-02 1.197246764544304155e-02 5.934069693251375899e-02 8.540431305684986762e-02 9.287987913522888217e-02 8.876114064816144344e-02 4.279473945104399907e-02 4.839854064004139866e-02
2.734047795763637836e-02 7.313895502279602057e-02 5.811244304665466598e-02 9.138827822858010264e-02 9.824921318188795105e-02 7.572574040701174347e-02 1.809665480110657018e-02 6.871611571327655710e-02 3.576164202073067039e-02 2.087877087431112832e-02 6.040149854772196986e-02 6.309604316349450015e-02 3.588787680321416096e-02 5.156183365207412002e-03 4.439023716496845462e-02 4.130431189182646318e-02 9.567865104289663761e-03 8.498485901533964215e-02 6.199107904841721223e-02 7.876729604847915178e-02
4.801478179883650332e-02 9.513059598741567535e-02 9.199346468423856560e-02 2.330556755261753432e-02 2.996350234687409492e-02 9.366882342286503293e-02 1.619983416052383010e-02 6.112523921132496929e-02 1.523023417585261940e-02 3.075308247795294214e-02 1.797337748100334004e-02 1.534554934799236062e-02 5.149943666443093648e-02 5.765298737436552745e-02 8.736850635804963017e-02 1.499049220634107900e-03 1.347767418235938999e-02 1.579829412110922426e-02 3.760038254404807212e-02 1.218878947338731915e-02
6.993695954232548306e-03 4.791790978352505198e-02 8.915173109461721479e-02 4.448004788300496254e-02 5.575766948179366328e-02 5.613467267680558037e-02 5.259281838706288126e-02 2.491449968892553088e-02 9.978609316597929213e-02 3.310214328656763128e-02 8.333304787645756662e-02 1.138019829239119741e-02 4.088576256936014147e-02 8.890422920538543217e-02 5.461270300151696566e-02 3.902094777007484444e-02 4.714390263499011052e-02 9.710457242771025621e-02 1.492197478399535232e-02 8.763846850347138673e-02
8.574374623933915529e-02 6.085528620345484474e-02 1.520679312987938125e-03 3.802866677271463797e-02 9.324383238448595568e-02 1.175244324826956246e-02 4.302688586094539046e-03 3.475336290639753634e-02 4.930394856705081624e-02 4.951982115988984648e-03 3.832475652264921012e-02 1.430094394733770827e-02 7.435579883274090474e-02 2.504545983188301295e-02 7.114037568332144679e-02 1.057427694578567771e-02 2.435166035389644407e-02 7.629166266291448339e-02 8.344147129786429196e-02 6.613289432835930959e-02
3.475168384668122362e-02 7.930486740339072471e-02 7.303562740157577143e-03 9.141510265355101694e-02 7.142324218701233407e-02 9.691504154756988565e-02 4.054644379230712414e-02 5.297434734563184755e-02 3.760315157909357997e-02 3.672146172974945222e-02 7.805559458490057834e-02 7.593034268796654274e-02 6.932327365389527596e-02 6.142291132987297980e-02 6.905874609299013367e-02 9.902221279377078009e-03 4.950114030786011837e-02 5.697869717492196756e-02 3.658205653053336979e-03 7.852813247126590179e-02
3.440972184809674289e-02 4.664305543718155755e-02 3.974690169529987438e-02 2.055091296108225996e-02 3.546967640831110574e-02 3.385969015040880825e-02 9.705022951299521750e-02 5.394079432302766736e-02 5.830803294197736686e-02 2.599938041963533245e-02 9.579586401834956633e-02 8.160734210245726428e-02 5.838322080637547290e-02 3.872242908656730459e-02 6.753783494917479924e-02 1.166847727862708843e-02 5.306872134078283176e-02 9.055177956596671685e-02 8.848039416830566495e-02 3.914375764377303613e-02
9.131313935562514195e-02 7.232418234445518734e-02 6.512939883570327548e-02 9.794096004984244319e-02 9.355823812918862004e-02 6.758385148951595589e-02 3.180622274264378879e-02 4.818087818081382562e-02 8.546907076712728646e-02 4.531543623198317633e-02 9.620412128109662175e-02 7.862227171757528443e-02 2.660754661701614232e-02 2.653773372379354678e-02 7.326687270643511551e-02 9.286816637343198871e-03 8.714458069795028017e-02 2.454612795831724592e-02 4.241226763800640814e-02 6.868227092507404874e-02
7.364563688600645440e-03 9.173774587727562269e-02 1.164668653878284804e-02 3.910947895805400032e-02 2.090005328281303865e-02 7.111087335804405773e-02 8.157206701348372613e-02 1.861585968431005503e-02 5.611485873241595611e-03 9.458606790400883590e-02 2.000173442163952903e-02 6.256675556104034086e-02 6.240164357338924550e-02 6.229156758302716729e-02 8.424592467621702663e-02 2.309135122523001821e-02 6.643002343548229383e-02 8.856015676870299114e-02 1.629748862829155653e-02 9.202868959880881883e-02
9.474560864786886472e-02 4.282856044181797966e-02 7.075334613454374588e-02 4.842190171250562725e-02 4.171383468728265265e-02 5.249733478314710933e-02 6.115308239495149956e-02 3.860699513922444259e-02 9.097331266052499643e-02 6.478455865304155736e-04 7.733009323138122226e-02 2.367810484999701912e-02 6.526951987184652360e-02 9.484068667203059133e-02 9.951231751602249154e-02 3.455388273969809548e-02 5.592623938415074852e-02 3.914283689937765598e-02 8.841459284170148647e-02 1.915286009835242068e-02
4.103493641152920063e-02 4.807695555737423465e-02 4.219072633923690030e-02 3.146196795889751735e-02 1.412868965935032417e-02 1.400340509437237972e-02 9.296843873385693402e-02 9.615416370865301210e-02 1.725644639413751597e-02 9.595456846250052796e-02 8.184434497374601380e-02 2.109054470756832611e-02 3.346842371082047601e-02 9.361131579384254775e-02 5.324973999334208646e-02 4.414760280029148692e-02 3.720877834024077790e-02 4.915266659834987423e-02 9.552743258365366252e-02 3.335589149892775190e-02
6.618776023121369922e-02 7.565306538972289829e-02 5.921443258403518567e-02 3.542466805194757068e-02 9.111446069439560480e-02 8.708597705523514476e-02 4.640142750588264337e-02 9.898645335483868823e-02 2.211048551471042276e-02 8.050535395902658903e-03 6.319645977666625558e-02 6.931670619732036021e-02 3.661062335963952835e-02 9.079951467958927158e-02 1.774005207932952827e-02 6.890238652956147403e-02 3.119498981604442930e-02 6.761645045768119311e-02 3.053012965846253757e-02 9.474445795446494178e-02
5.721317128117996836e-02 1.468372144825984618e-02 4.016306541599926755e-02 3.070658952584175497e-02 4.508677494047637346e-02 6.167768587506621686e-02 4.273130727529872268e-03 8.307338745385614565e-02 6.211490373776286378e-02 6.811408134351782002e-03 8.252831201625550339e-02 6.002409052855063598e-02 5.685165749953605824e-02 1.133807706639137353e-02 4.870503866833778006e-02 4.741368733811671121e-02 3.801283544029684935e-02 9.900991713563005170e-02 6.028237541568105123e-03 7.635448658811913591e-02
6.297394346018875266e-02 8.687896504793177210e-02 6.726166535419242582e-04 3.574382101002893108e-02 7.923555889337911828e-02 3.784950086450475371e-02 6.653327815313780924e-02 9.496756037851154797e-02 6.703996526474008399e-02 4.298422561095970734e-02 1.977278882334371213e-02 5.585726056359283098e-02 1.537299272762546881e-02 3.540005420382259793e-02 3.056303725934630608e-02 7.018116469984521377e-02 5.285233651425315371e-02 3.855923206475928011e-02 7.532704349340160754e-02 2.972213872810979332e-02
