1.936579980873772699e-01 7.565489890707788323e-02 8.430829919749432966e-02 1.472285293745175250e-01 1.096289239527085263e-01 1.145284207683588962e-01 1.072191723044747247e-01 6.931545932659108344e-02 1.240607377109827769e-01 3.859423696654110114e-02 1.608110883788754775e-01 9.197562772107287232e-02 1.332797214305087574e-01 1.240647966614753794e-01 1.008875922435439332e-01 5.496158115855662857e-02 1.729192004951743966e-01 7.622097839031904964e-02 1.015359963279854338e-01 1.264456258422755330e-01
3.889881115089247055e-02 4.415431652651365807e-02 4.909696100034892374e-02 1.854747611181865527e-02 7.933102781095387190e-02 7.160494842767875512e-02 3.460517028880744778e-02 8.930027868075164632e-02 3.629655778694258761e-02 9.984761211534444946e-05 9.189709777734990370e-02 6.929342390932116680e-02 6.364353340199498110e-02 4.795115745800782037e-02 1.058430837770507095e-02 2.569989343883703412e-02 5.888343145991662558e-02 9.253892136451524753e-02 1.346552180514108167e-02 2.570899587923990495e-02
8.414687144190803603e-02 2.633200816582305717e-02 1.003477488077524904e-01 7.227236060812550211e-02 5.355293140482891845e-02 9.565070597022898302e-02 5.692164355810176712e-02 1.045029525148687133e-01 1.919813609878903010e-02 3.336046312716883788e-02 4.670781554757238302e-02 6.472028632825473082e-02 4.465910846848766824e-02 7.689900574066088623e-02 2.119300796276926691e-02 7.649344313540128171e-02 8.598304296489216181e-02 7.852368381983763912e-02 6.201743518674138894e-02 6.218432772145591342e-02
1.799787570049266386e-02 2.807777109954915848e-02 1.965196466300081837e-02 6.426351962080820157e-02 4.670292878475459236e-02 5.819994903682806919e-02 8.914347457164832622e-02 8.548890057480619531e-02 4.531795733924772612e-02 9.219225501923816735e-02 4.909147243261761939e-02 8.904802058179413227e-02 7.210085464716359770e-03 8.951070973122501884e-02 1.244184487654250229e-02 6.832953090124434248e-02 9.578361181558746329e-02 4.378567057354782605e-02 1.172087604842314904e-02 1.019388893011972941e-02
2.626841913777310661e-02 4.848480819631054844e-02 3.566280419071243823e-02 7.877475111428119958e-02 5.148712696888381457e-02 6.587170787712229303e-02 8.924367355512313749e-02 4.629935911292931000e-02 6.086542869046700915e-02 9.967597257924182275e-02 6.338232118451907204e-02 6.334892802718332383e-02 2.278398596476173890e-02 4.470244300061441967e-02 2.456430143398925792e-02 9.361792504821229988e-02 3.558133524499890871e-02 7.689908013148691324e-02 1.144547215685754772e-02 6.499257563749269440e-02
6.914009651477596302e-03 2.903224746173803383e-02 5.634224222349339811e-02 7.135682047883206043e-03 1.144414998798608772e-02 3.927312780225709204e-02 5.770820669705221256e-03 3.898250508803138142e-02 9.487881791041044566e-02 5.235296610270213230e-02 7.295137254213027167e-02 9.030333320605650471e-02 4.466375729438931685e-02 1.411173069706124668e-02 9.711762808913491918e-02 5.295766030104639283e-02 8.298905342578807853e-02 6.547146815946432163e-02 6.073692285147520853e-02 4.461574675344451291e-02
2.885256779440851030e-02 4.824955753203480358e-02 3.047682658880805726e-03 5.700347477081626341e-02 5.873323704703867221e-02 3.557067634963870933e-02 4.286857832354206560e-02 4.751393871145781489e-02 4.899020610198641379e-02 9.834073045214854203e-02 1.041391390796643363e-01 3.932735674850222629e-02 4.654121534063232479e-02 4.939364821900751878e-02 5.542853821483860466e-02 5.935314121453802438e-02 1.459665752654324203e-02 5.474533633501316859e-02 1.006735041970083649e-01 6.281755636684377420e-02
7.781993231297586189e-02 8.543698803911743689e-02 6.815299109055103499e-02 6.040031283496181264e-02 6.800557957628748651e-02 2.634163110244367931e-02 9.628040702084117441e-02 4.435735458689114841e-02 1.046020239442723293e-01 7.946348664511200532e-02 8.573557034669392063e-02 1.370977177969840387e-02 3.491469326771710902e-02 2.439562624188960915e-02 9.099967970151560948e-02 4.822258991905132436e-02 1.001230657232144439e-01 7.701810928531993561e-02 4.816878546151674018e-02 8.269812167232426514e-02
9.741518750957216255e-02 6.664840678835591559e-02 4.042530925067586156e-02 1.413871336772512532e-02 9.572913194786242252e-02 6.871893586821994915e-02 5.265413320668565350e-02 4.165600564182971380e-03 8.623125384448543373e-02 6.679688136700703827e-02 7.030804719307166828e-02 2.889379829258729993e-02 3.031279076822672447e-02 6.118973133564413469e-02 9.040338277666230826e-02 8.947478147839303675e-02 2.079756346310759202e-02 6.689015171617850031e-02 8.408531800158479527e-04 2.993681637702123952e-03
6.123326657187509042e-02 5.714622419705042700e-02 4.017391047817574917e-02 9.339595672490796918e-02 1.398581114696778420e-02 7.524939996243257267e-02 9.406567619809884373e-02 6.810846853150108460e-02 2.063040383070459394e-03 6.204266481589817278e-02 2.025817441997510276e-03 1.081706989011277029e-02 1.947710966083459130e-02 4.079265878593603400e-02 2.146502072969567326e-02 6.513379228947735466e-03 1.586562063007986023e-02 9.495199050332654017e-03 8.652001222954135151e-02 9.031443324357742164e-02
5.438470146074022432e-02 3.620707236504769333e-02 6.230265885451891777e-02 1.373505993628258877e-02 5.699520375703127917e-02 9.745995852898645118e-02 8.595036018568612268e-02 4.684950098773423000e-02 9.078826214421134577e-02 3.566361350523242213e-02 5.124491178223309490e-03 1.149050651573756306e-02 8.640303695430305575e-02 2.304744491715611174e-02 8.363286867848804262e-02 9.841486237289388816e-02 2.814927797148437591e-02 7.360453883823947496e-03 5.676003321502054444e-02 5.519232486077308569e-02
8.041985732960942046e-02 9.164111783777705023e-02 2.169432687268571872e-02 4.028679067847856093e-02 6.507991482170318032e-02 5.814876530512996106e-02 2.382156159963907949e-02 8.513830518686518745e-02 3.163623710706138514e-02 1.068819605047288505e-02 7.203858639505196504e-02 7.675304784710117179e-02 3.126799175031640642e-03 9.583690817018192254e-02 7.727670159272791162e-02 5.569063773582509647e-02 8.911676301322715710e-02 2.332718941220881040e-02 2.197667695670500049e-02 9.626377178851248939e-02
1.679901642371848733e-02 1.187984070539172508e-02 1.012253471783803316e-01 3.429121297425433146e-02 4.528964104724364503e-02 8.964048585521366269e-03 7.128446595012652431e-02 6.096329839465726430e-02 2.812496537307140193e-02 4.474688903992077998e-02 3.523224618054217328e-02 1.952608979718524138e-02 9.055133845613176635e-02 9.601750326361246923e-02 5.393575924925503307e-02 4.462500460202743768e-02 9.287172898670920107e-02 3.268321836131957842e-02 3.626938974436112045e-02 4.045585622254831148e-02
7.940460375668487170e-02 9.661757174108391577e-02 4.157054662397015148e-03 7.223284553172212852e-02 5.764427093502495769e-02 6.859145050708276292e-02 4.854946994677576677e-02 5.526616346568693355e-02 1.874322710410190884e-02 8.315617607408092027e-02 8.863942334245433763e-02 1.004973051835589826e-01 5.092253390111455003e-02 2.399647832178587389e-02 1.016710163982088022e-01 7.497264239549528142e-02 6.975508282315087683e-02 1.006872351382095132e-01 6.658924586758709074e-02 3.994982430291984382e-02
9.959571201899695969e-02 7.408249297902737285e-02 5.995585128897651384e-02 4.197797047225252515e-02 7.709210596469770471e-02 1.297545539247097271e-02 3.906646103089317368e-02 8.241414288298064272e-02 1.628754223431947215e-02 9.448751501766222693e-02 8.376819779830551455e-03 4.989731742131056635e-02 1.195579715177644796e-02 9.655528828367121452e-02 5.093242438499469282e-02 2.322166926253211791e-02 8.295632432877877993e-02 9.593813551234964265e-02 1.865654926696156887e-02 4.681193505760072870e-02
5.351271540125593362e-02 7.890270710165509307e-03 6.916838809636674523e-02 8.011703199840268519e-02 3.262060529717922958e-02 1.738124214057952532e-02 3.417130226811711941e-02 8.720383437709949837e-02 7.011952212756372704e-02 9.653515648578864239e-02 6.280303315023240407e-02 7.564221844186265475e-03 6.992028902170797922e-02 2.267632540560283669e-02 2.063007087154916305e-02 9.015162665753544136e-02 8.258901279241552540e-02 1.021182066352807061e-01 1.538622512839490572e-02 7.574286264561676252e-02
6.827831401955904156e-02 8.864438773868991983e-02 3.580575380246446560e-02 6.178710978436052770e-02 1.527872835207749400e-02 9.272003556914218403e-02 2.148160450212298518e-03 2.338176538178694287e-03 8.476174898268075408e-02 1.029310879447023763e-01 1.156869394986671969e-02 6.731542532652946831e-02 9.929586921278044098e-02 2.862455138740640365e-02 8.162275700457789773e-02 9.826745576957666983e-02 6.503114637355565837e-03 5.192182604559957004e-02 6.149324732793182971e-04 5.361716302289470937e-02
9.774556087837538154e-02 1.104816851409978935e-02 2.810640190756057751e-03 6.787565078788841688e-02 5.129169349448454290e-02 6.501308032344593757e-02 2.959474559309119984e-02 8.653953112500310796e-02 2.539072821298945723e-02 9.529420617627745727e-02 3.736543797513255938e-02 1.049188476622441978e-03 2.409330055027196840e-02 2.484784424978538422e-02 8.535116672247801406e-02 2.937011589451948498e-02 4.987292715860688896e-02 1.037566897882519351e-01 8.241678252522849357e-02 2.823471859525994790e-02
2.356720449999074804e-02 9.137993642403409444e-02 1.147585151669101682e-02 1.150418563046532415e-02 8.979095939708561791e-02 2.230406380523010726e-02 5.907231259471730500e-02 1.813587476620291336e-02 4.180881443072887588e-02 5.960080856168606389e-02 6.117744838909916841e-03 2.947563464796964725e-02 3.371848428438514733e-02 1.988593868172811377e-02 1.007957140352156861e-01 3.375090769844536764e-02 8.215751601074551547e-03 4.812317824500932095e-02 1.030524924395410796e-01 8.074442411393351060e-02
6.863231502280993379e-02 3.739431712394189478e-02 5.678716547090743860e-02 2.415139208694313394e-02 3.343126239844431552e-02 5.956738817405280231e-03 8.987057685413928076e-02 3.039668717948562724e-03 6.336449842893689122e-02 4.967128216331901519e-02 6.228705489497648323e-02 7.864859035988736036e-02 1.096369131166537517e-02 7.394957607757209062e-02 1.845573154711516173e-02 1.589054682081518857e-02 4.288056870240765026e-03 9.353495219987845166e-02 6.945691662750815010e-02 2.989996456282426052e-02
