2.563281546524738830e-01 1.630681768571520251e-01 6.072646685773402941e-02 8.750487293851734460e-02 1.423566360063344693e-01 5.205577101651377714e-02 7.249092043894839188e-02 1.106744562645731594e-01 5.639144701209722332e-02 1.638113817214580381e-01 7.665693347120630663e-02 1.225446667275395529e-01 1.615915501288636702e-01 6.018223255799322324e-02 1.168167127744701300e-01 1.227911277486875424e-01 1.559200510634980441e-01 1.267119160284246593e-01 1.807843682913951588e-01 1.607057130997493199e-01
9.581883747385036565e-02 7.454190709606316190e-02 6.315888049706744334e-02 7.182547965083023456e-02 1.032813179482675453e-01 1.063950337158804521e-01 8.963843594977165263e-02 8.943081433053871876e-02 9.670298891609097058e-02 9.482079082196251396e-02 3.411693353598535539e-02 2.742363888750555187e-02 3.848123816166790917e-02 6.073702684379356925e-02 8.656186625377310095e-02 9.771396812682668631e-02 2.696692929078594106e-02 7.138004291882893600e-03 3.576734857758286784e-02 3.608682608336978570e-02
1.254349007741895408e-02 1.080078931886112592e-01 5.704703585063701510e-02 2.658657598720552337e-02 5.536511297054769187e-02 7.709227226605069871e-02 2.733615776999143848e-02 4.038734130077668849e-02 7.444672149519433735e-02 6.693037768080720151e-02 4.484473124401217037e-02 3.431160899529064889e-02 3.873395909313131266e-03 1.039177760392270417e-01 1.014284200365462574e-01 3.294729238797865917e-02 6.778311606358819463e-02 3.499521657544545777e-02 4.964470882096897603e-02 6.327292984427998479e-02
3.450853770282120286e-02 7.225304473690909168e-02 6.308835567790659071e-02 8.439183648208316291e-02 7.718578295460633287e-02 2.044310360820437295e-02 8.388746140738904955e-02 7.297260204504102399e-02 1.421409150293550909e-02 5.720756179255498397e-02 1.301778840535743401e-02 6.173229447287074262e-02 1.056935442173223549e-01 8.540433227095843571e-02 1.083850646731882583e-01 5.427762767924081133e-02 1.083146769636173512e-01 6.276492919913070900e-02 9.169568735909881807e-02 8.089232745113068834e-02
2.231648028969887218e-02 3.491306368288431966e-02 5.941501932994655566e-02 7.627122117309334190e-03 5.280140680755219390e-02 2.380356720520526367e-02 1.229057383142713109e-02 1.011501910650303149e-01 3.755036173107938885e-02 2.088428854464342496e-02 5.464860846217346052e-02 8.938040317367022813e-02 6.435196911944121578e-02 4.660879176533833101e-02 6.072044654935703639e-02 6.569559092125493160e-02 6.724520781787328427e-02 1.818053591584039425e-02 9.695521489593750264e-02 9.750893644263812499e-02
2.588909857877041282e-02 1.780026790914017443e-02 7.594741402698981791e-02 1.977450230615555166e-02 5.916728845065492154e-02 3.274470217501809777e-02 3.825899686383352899e-02 7.985222311495035474e-02 3.490171644751112467e-02 8.705703814711046595e-02 1.038183408005790599e-02 5.299848780702519357e-02 9.273307867850791308e-02 3.546411804648130772e-02 1.076495073973866012e-01 9.958834966098206731e-02 8.879256698739099174e-02 3.416615745390380599e-02 1.938443422002646827e-02 5.213457334278165378e-02
6.866928975767076782e-02 9.993026706921738500e-02 1.035751175080406039e-01 7.765472802361560178e-02 3.332524149792557427e-02 2.661966938988177822e-02 4.884939724673822981e-02 3.563615706596477695e-02 2.589458210617694850e-02 1.077583960102996702e-01 2.532091894699515025e-02 4.900014414664068813e-02 1.084104078133182880e-01 4.234560697887590486e-02 5.437006108416406192e-02 1.802374249395540667e-02 9.681169368033994138e-02 3.717656285907534885e-02 7.079642982831180209e-02 9.093301674087178599e-02
6.244157831467049904e-03 1.074365127972318201e-01 2.298026281293025913e-02 9.911851446402766830e-02 3.585434801744483840e-02 1.878721387728462047e-02 2.059289569267352266e-02 1.048034203577679624e-01 1.269323611882099655e-02 5.556381714934133242e-02 2.730311144187796274e-02 3.521668324833684971e-02 5.487547750800238211e-02 7.136662568539799134e-02 5.611756333984283668e-02 4.283087365110826994e-02 4.700490041587455231e-02 6.236808494238878231e-02 2.794289277185456680e-02 6.885197522454125987e-03
4.147120858991346082e-02 8.725313931445495552e-02 9.863137810718280996e-02 3.374998945627125102e-02 9.316515924130505666e-02 5.269124633412685527e-02 6.600024266666904005e-02 6.226213145775099517e-02 1.015979703295520620e-01 1.866746629263468793e-02 1.666276742656303813e-03 9.446051684425539607e-02 6.215791793017254319e-02 2.021110044154288826e-02 4.605696157314462247e-02 5.352820932181437397e-02 3.793217114669746037e-02 6.258939377683803151e-02 6.856226265116331653e-02 6.904492374898812956e-02
4.054966653129483262e-02 2.632745975221630064e-02 8.832127769514570848e-02 9.261788315703861629e-02 1.013954332828450877e-01 9.106090312587690472e-02 3.120529637787708421e-02 9.428309179141194929e-02 5.015048109482135585e-02 2.402534234411509220e-02 9.486892402643773425e-02 1.232761340664246218e-02 3.704466355187318455e-02 9.746103535379987970e-02 7.792135265739204286e-02 6.983927831947496501e-02 8.708960765778001045e-02 2.249325714969524839e-02 2.355221528649189058e-02 2.676076682358654799e-02
8.676015950584950454e-02 2.541976104199223513e-02 5.660285658334270747e-02 1.039279903760701451e-01 1.079837167840987933e-01 3.028403857550169762e-02 3.835194616458626610e-02 3.510538597169571978e-02 1.002007853039216072e-02 2.818305896363642107e-02 6.109173051445728614e-02 2.485388161469233304e-02 9.874179978901326260e-02 3.728966209641790958e-02 7.795328936108131268e-02 9.333567810100580620e-02 7.972845835981806628e-02 2.786871444377407928e-02 7.322902453144072843e-02 4.942610168255477665e-02
2.589100345698877245e-02 9.485419990488797026e-03 3.675104928144022360e-03 5.019994063285221526e-03 3.977336285983777697e-02 1.068100953897816244e-02 3.114750300779882061e-02 7.360976055233907356e-02 3.417240622254143906e-02 1.035364786760870764e-01 6.034334911933377649e-02 2.333689451444426882e-02 2.665319983495182538e-02 3.635704153174047770e-02 1.055734970439514003e-01 2.318650781478702808e-02 1.965778906853305613e-02 4.151188110383010471e-02 5.328193319919387327e-02 2.500692326366252966e-02
3.301796829761537849e-02 1.073237514017085364e-01 7.005181645365526899e-02 9.702758618798448809e-02 4.145851435012012920e-02 2.387828460165829919e-02 9.840621695784577960e-02 9.185105441319674213e-02 3.221789722265002570e-02 5.052748869835999024e-02 1.731952783622780004e-02 3.808205825765635655e-02 1.771368769386238301e-02 5.749691794432527231e-02 6.977216641004713345e-03 1.021205593140305928e-01 8.492901528110297082e-02 1.059317977552520218e-01 3.610900831822377172e-02 5.849346868157323520e-02
7.509728745235519365e-02 9.592861705846754405e-02 7.130143320853707389e-02 1.101883809949993562e-02 4.534853047469503129e-02 8.230220051291957384e-02 8.128501709865655622e-02 8.155052291720250868e-02 1.048200041717731318e-01 9.503903034388222482e-02 8.328657578046325116e-02 5.556237804133801195e-02 1.566493871566881566e-02 8.569362141461296656e-02 5.135671788215341593e-02 7.125008674345553739e-02 6.268398013473444608e-02 3.641003195630265060e-02 6.832831466635541640e-02 2.498309745624701858e-02
6.055485187796476494e-03 6.089812037368108610e-02 6.613312489720459160e-04 2.930120082379262733e-02 9.161869609670218739e-02 2.539911753480747492e-02 8.049707399944885933e-02 7.751280577845849618e-02 1.900048573918972777e-02 3.351261696911332633e-02 1.034335986790240955e-02 5.381971524707064580e-02 2.814510940237290731e-02 3.820997293951875623e-02 9.619311844958504387e-02 2.947049028679173122e-02 4.297752534400310631e-02 8.702007374030629183e-02 4.572256448513863439e-03 5.329031040267517144e-02
6.076824663048099873e-02 1.007099833790623955e-01 8.249536637489029989e-02 3.048083547990716215e-03 4.731612282778685508e-02 8.380741385274957655e-02 5.409454374939635241e-02 7.995964372896567640e-02 9.572483223957355125e-02 6.802403102170231919e-02 8.666464163956349824e-04 3.821049755003044779e-02 1.142354782431454809e-02 7.042359400053478831e-03 9.793487033795207977e-03 1.067095490971729788e-01 3.583868354773025316e-02 5.294839450823821125e-02 2.384470028179502127e-02 1.909471089790193421e-02
1.380768506254803456e-02 2.230323825729417508e-02 1.762225559669896441e-02 6.935823054095302531e-02 8.152507511036612142e-02 6.736935698317514376e-02 8.392092221957720300e-04 6.140581930840344899e-02 1.064938610629431320e-01 4.831551697199241296e-02 6.710405739562148864e-02 5.636402386079381044e-02 5.934877136409219545e-02 1.958362612125406910e-02 9.587026234394982471e-02 4.941303192765384572e-02 8.055089723175139216e-02 2.077893989507477793e-02 3.380658618850693187e-02 7.932196732811378284e-03
8.156800160308010084e-02 2.593915853890123649e-02 7.457481127656988285e-02 4.078224039251113209e-02 2.734608251759771541e-02 1.918588158239207392e-02 9.860566307272115860e-02 2.066039145068352539e-02 2.082832629699614066e-02 4.468741565659481441e-02 5.880636919535920520e-02 4.513018684941093317e-02 1.129439144196911667e-02 3.116872649339477025e-02 2.564175082049534315e-02 1.605377561580480922e-02 2.509884387368007883e-02 5.281004299824840209e-02 1.963090923024815929e-02 8.742850798308506033e-02
6.527699154454968955e-02 6.341880217815183685e-02 2.403841094589996563e-02 2.640621878771898592e-02 8.123339787790764821e-02 7.880947657690137720e-02 6.400489892305642747e-02 7.712454653524467019e-02 2.635092572811427534e-03 4.216195398751494683e-02 7.558799631613186132e-02 9.288313527000108261e-02 7.000096739228979514e-02 8.456607013985351085e-02 8.725812453257535128e-02 2.541433713210715373e-02 4.500731050636026798e-02 3.151598087912375196e-02 1.939076985917794274e-02 8.103114177499198822e-02
8.013584468257727023e-02 8.227639824254335058e-03 2.044928976707960366e-02 6.083506447613716561e-02 1.008684286876817826e-01 3.027293294775432186e-02 1.032906635673394025e-01 5.322991250347635511e-02 1.010483637319498640e-01 9.824428555653380579e-02 6.478337957284885373e-02 7.410390948255821120e-02 9.570553548399461652e-02 4.968543463927208026e-03 4.958984116062542524e-02 6.126482845292201967e-02 8.811383713938478190e-02 1.033917379771301104e-01 9.231885658544687623e-02 3.651302501482096147e-02
