2.732373614235428794e-01 1.314671413184580750e-01 1.149904895834393537e-01 1.547470079710976942e-01 1.193835691444276592e-01 1.188258979314441299e-01 8.661964302614247324e-02 1.297508221282092644e-01 1.457837757040260085e-01 1.450873547967885813e-01 1.115900688601714902e-01 7.464069287447706869e-02 7.384204452866938162e-02 7.754175226637680107e-02 6.501693560690052776e-02 1.197461706246253088e-01 1.020437920358399086e-01 1.283139979230333294e-01 9.990649730057427069e-02 3.645429996331634587e-02
4.225382356865189926e-02 1.494840781209072576e-03 9.417838888428749222e-02 7.722732641427838829e-02 8.502557271054829446e-02 6.448586444581537458e-02 7.438960370716103665e-02 3.043711643779600795e-02 3.881105852723310077e-03 6.861033437301571059e-02 6.546589152626629271e-02 2.096837383995844503e-02 6.487358147332487890e-02 6.581470580637260870e-02 7.493389336224709485e-02 7.943021355379856208e-02 3.748024628219581017e-02 4.504286554102976750e-03 6.851191927239358437e-02 4.327275505288117469e-02
6.160005329937118246e-02 9.105859983460939944e-02 4.704065609113542573e-02 3.611017240565474878e-02 7.743128729184438341e-02 7.537010598954174689e-03 4.516513565450254453e-02 1.428043654419426482e-02 9.634571697534566326e-03 1.153713332293489040e-02 5.056232845171572399e-02 3.291778297146890492e-02 1.459846560047122280e-02 5.863651696838374783e-02 7.199831664718719937e-02 3.157890469510182905e-03 9.234941005717370310e-02 4.504723901179672613e-02 1.428812218694042180e-02 3.496805652008714432e-02
6.452315793708289504e-02 6.586803613123390355e-02 6.778379122546801527e-02 4.434678965314758220e-02 8.903883715692241171e-03 7.819319112786725368e-02 4.237156238406598885e-02 4.858197883859353278e-02 3.247761664075051596e-02 2.181768904288011734e-02 1.488549464554819214e-02 5.255835717623824621e-02 6.293700425783221863e-02 2.001150460678946530e-03 8.963973659990161214e-02 1.826419390496956258e-02 4.243830002671112114e-03 7.050632432808877359e-02 8.168869735608907945e-02 1.086890972133360868e-02
9.958810614805818640e-02 2.782599134901311486e-02 9.587961804556791034e-02 5.894717509039076875e-02 1.061463311807196025e-02 8.540624226440815536e-02 6.428302754531134422e-02 3.489431562709195689e-02 9.395509045675549953e-02 2.393202147687321230e-02 8.996541143714800737e-02 9.586601420353386971e-02 1.913672541386856121e-02 6.040648518956324292e-02 1.371879337738968196e-03 8.358852052913273711e-02 5.684642389393829154e-02 7.183298593180650893e-02 4.683280362209751857e-02 1.612055664931789575e-02
4.400703011340145049e-02 1.281980243699156786e-02 4.387734459916692309e-03 8.743336660353280554e-02 6.393812086873623679e-02 7.872361192838944755e-02 3.249823257861931408e-02 9.545273567940042170e-02 8.288384356883481130e-02 5.496198238915520062e-02 3.265679796767104875e-02 2.416711366567622296e-02 1.759635974232520890e-03 8.904949678144165326e-02 5.288949083516419902e-02 8.128186285824957891e-02 4.722571083883223692e-02 2.249160377308154907e-02 6.326435284771651790e-02 7.560419145349300818e-02
1.670244060264930441e-02 3.659957318962199502e-02 2.368071284563877388e-02 3.555907245979799541e-02 1.297158364733409612e-02 1.605679233192558626e-03 8.310632275096850596e-02 6.438541686151073862e-02 4.160247753063932991e-02 3.056072652125471287e-02 8.487583436022724803e-02 2.323669012716178799e-03 3.855443181903343147e-02 2.737656583339519514e-02 1.971522581161169393e-02 5.249610371567069861e-02 7.081386952381736599e-02 1.928419915389049250e-02 5.899758092444049029e-02 5.025389938383418014e-05
7.581012175668978836e-02 7.414563846352976995e-02 8.198733873907876335e-02 1.819848682957070363e-02 1.092448309727509642e-02 7.754141250461160650e-02 5.560394367421933604e-02 2.307102908939456798e-02 6.189205303701351100e-03 2.518489940966716148e-02 1.180073592569616005e-02 1.323771925164565245e-02 7.256945680675644383e-02 7.495412697827467940e-02 1.182633853954971961e-02 6.816531405541040312e-02 4.605327386753990671e-02 2.031403485226740413e-02 9.097921697777038019e-02 2.217175431017415384e-03
8.294736907983468743e-02 6.745732692634108518e-02 7.532413189315290136e-02 8.369533659148864491e-02 7.797139152554941055e-02 2.724169603151329819e-02 7.662209953962330344e-02 6.083783039772494919e-03 2.961488625542709960e-02 9.993089459440955558e-02 6.239465033888396545e-02 2.460770619807787357e-02 8.090605107003516483e-02 3.694629672158399741e-02 6.949768743532314108e-02 1.623397337662640938e-02 3.218357464070602941e-02 7.945049906494670855e-02 3.169323985399043891e-02 1.956271885272452618e-02
9.846568236236896698e-02 1.875570745416947974e-02 9.172328881443539417e-02 8.202724748631570750e-02 6.056261195570618316e-02 5.821153765344403569e-02 7.245235453217639676e-02 8.468187074422364735e-02 3.960009808064712117e-02 4.765348363102806482e-03 6.257848560732692800e-02 6.690091293533506622e-02 8.545314275813559179e-02 6.889294360943166995e-02 6.779003343507708501e-02 8.303122308936737583e-02 5.754023549274202287e-02 1.567834797390041043e-02 3.137021555681742541e-02 5.024464904894711259e-02
4.133789300875221479e-02 5.412530567998975750e-02 7.948845673206050844e-02 6.046547873427987607e-02 1.716564925246522044e-03 7.401813899637936511e-02 5.981014383296545667e-02 5.397089419680981687e-02 2.582532598091582740e-02 1.196464989227955661e-02 5.243253788290110073e-02 3.565041225055761570e-02 6.317332055662697177e-02 2.471222216489266099e-03 6.774115860380698628e-02 4.338154966336665863e-02 3.747255096444186695e-02 6.741657290315612727e-02 8.844669695521761854e-02 2.328783612753440244e-02
3.809209688596948418e-02 2.712474561965627987e-03 3.676195210986835799e-02 5.254006092629034952e-02 5.561537970263763508e-03 5.141541101601315722e-02 8.822189280275577472e-02 6.543582191763431567e-04 4.432608656391286150e-02 7.239645654665131935e-02 6.703603778865728502e-02 7.914398684972946685e-02 5.656680739123740725e-02 8.267724579383278760e-02 2.279132688074796478e-02 4.472951107268076376e-02 4.524152641791498453e-02 8.446010295187185435e-02 4.558984980963397965e-02 7.154487975185971904e-02
2.695663754772675835e-02 8.429556356723622371e-03 8.713343534743536734e-02 2.919134759246071534e-02 2.913413288818755831e-02 3.048086729329158029e-03 3.494599602408721140e-03 4.592044373034331189e-02 5.985322876318988246e-03 2.914695179555254478e-02 9.405174663703361193e-02 8.780480077950891804e-02 7.001407248343967382e-02 7.348963039135369968e-02 7.203131491724160118e-02 4.729551164502998617e-02 1.356151849491441658e-02 8.886125663367644423e-02 1.020634310588169891e-02 6.187433358273609907e-02
2.063932071061709561e-02 2.812421759672538782e-02 7.657136695155324080e-02 6.094604918863645582e-02 7.638666877885669226e-02 3.558920966955724657e-02 5.490376122178999840e-02 6.971295109030035964e-02 4.629219832679385555e-02 8.352448857158227546e-02 7.050852540036472993e-02 3.407413615603391982e-02 6.794916179125265639e-03 8.603100281722919629e-02 4.021534986824031738e-02 9.441279255393127123e-02 6.322812620956906604e-02 3.582906753618434609e-02 8.629631393552994467e-05 6.634923172201045993e-03
7.029466002445274031e-02 6.928768293562287406e-02 8.564110901060734138e-02 1.127263197694661299e-03 8.876847594715052414e-02 8.860739778700402192e-02 3.000565606564147350e-02 3.760476521759366364e-02 8.287518186498883666e-02 9.119694624582874373e-03 5.913919886047430685e-02 7.761441127161204656e-02 2.076289203833219313e-02 3.961456403907073764e-02 9.907284280749005523e-02 2.028028261104130106e-02 3.070352213590832671e-03 2.276464964821478532e-02 7.391869475688114810e-02 3.974728101236188471e-02
7.805926769177040647e-02 9.371922151565115211e-02 8.110802427677728244e-02 4.294956491740330867e-02 8.530300628961917653e-02 9.995139858770668573e-02 5.925636550566061589e-02 1.571398560765669035e-03 3.459236979889681457e-02 6.681743323210330432e-02 7.487999357444137527e-02 7.411396222225713482e-02 4.407470642210699341e-02 6.618997506781854057e-03 7.679125065906161618e-02 6.443680978790958247e-02 3.300460386851755776e-03 3.060465129109468836e-03 6.050881446294440608e-02 8.881869851230111967e-02
3.722813833282169471e-02 4.470047718058996200e-02 2.868813320024200808e-02 8.470316287340493022e-02 5.050690695520543977e-03 9.779234078659782003e-02 3.013553243684305091e-02 7.915205088171117787e-03 6.042067339627499659e-03 6.684066991147186686e-03 5.204905796271901836e-02 5.025667718640357967e-02 9.777241337321687653e-02 7.646667035884485708e-02 6.378448204285115664e-02 8.207511369589762240e-02 9.819433275011209272e-02 3.673729853401557638e-02 9.434268971163689566e-02 5.528817272569924030e-02
4.890616165135778376e-02 9.411587406497340380e-02 7.775897976791174004e-02 5.766417432667783616e-02 6.064719018815296903e-02 3.828586077346615713e-02 6.767477215373939037e-02 5.832283851680363645e-02 6.166526995636391340e-02 1.016398590089943182e-02 3.095422669219417833e-02 6.029952145037181799e-02 8.232828122062427201e-02 3.930351055198854499e-02 8.619842235062891156e-02 2.476956349037364932e-02 6.234911420204323346e-02 8.621890302647233773e-02 9.128637953264097382e-02 1.210294392972251047e-02
9.442246877169679919e-02 8.861346039870615643e-02 6.488082853799033434e-02 4.846328362899544884e-02 3.297097326337596751e-02 3.685288019814114691e-02 1.111478207198911619e-02 6.067813259959488337e-02 8.821224322210209634e-02 1.458229467331835331e-02 5.971659699366156648e-02 6.981321013431546207e-02 9.354360382105108770e-03 2.712324445501879122e-02 3.513494460150784482e-02 7.977920053135008349e-02 6.765678221758664179e-03 9.900883592695131075e-02 1.935202969227706182e-02 6.427912527636563123e-02
4.723093975640440395e-02 5.841414726416297581e-02 8.206918446700040004e-02 6.088253678835670035e-02 2.082619503052468568e-02 7.228514457187333597e-02 4.261723029138114044e-02 9.961866407874865603e-03 3.993645004743977961e-02 9.184391393555774163e-02 3.939982397635362343e-02 8.910235624309448266e-02 1.897326157909522484e-02 9.222488019462510289e-02 5.802391932077442110e-02 1.550040352153224735e-02 8.681759821195418614e-02 8.987155505471117189e-02 1.520202377234131097e-02 7.106925001720024171e-02
