3.587557226764418461e-01 9.743508122951916040e-02 1.002686152362008143e-01 5.268071427397542222e-02 9.509486666933755772e-02 1.435637003797617661e-01 9.870428157734101315e-02 4.567095070040851079e-02 1.423397832177929478e-01 6.338040593257908417e-02 9.184653737354264713e-02 1.494220044384767521e-01 5.996044755449601166e-02 8.935949855208280557e-02 1.327933248582037762e-01 8.649829343222195654e-02 3.429162659715934841e-02 5.808738338397988893e-02 1.510365928017916304e-01 4.077604486438199394e-02
4.792708631232761585e-02 3.880336642944516579e-02 6.821652004385640733e-02 6.892637289276024037e-02 3.104920509515092519e-02 4.807253972809455433e-02 2.002056778045895394e-02 1.242888971548811172e-02 2.208118301777096948e-02 5.007341375192347899e-02 9.051417550325131789e-02 3.974734673925553463e-02 2.756020059214997486e-02 2.684502751264281756e-02 2.973057059023800561e-02 2.133659119927118486e-02 9.506045709507638481e-04 8.272127921002009332e-02 7.614336300793700905e-03 3.135068102791316313e-02
8.203926558604990663e-03 4.973211293852546760e-02 6.371662049880645606e-02 9.382279243989620487e-02 9.080012741014953370e-02 3.184681117320973393e-02 9.116414233610045659e-02 6.170620634785472375e-02 1.592507470470756401e-02 6.924860541867980390e-02 3.804345787714186189e-02 6.690856126444626184e-02 7.772279365422005148e-02 4.547378008170913088e-02 8.310913209589222347e-03 4.132907497510331096e-02 9.665355886041911149e-02 3.077470487789456602e-02 6.502433340967504749e-02 7.170566844820133734e-02
8.343817285846494292e-02 9.890366682715676094e-02 5.153948462529192587e-02 3.576013014008231489e-02 1.947152781150550752e-02 3.126021549497447899e-02 6.672487296191684236e-02 5.155628038144480230e-02 2.317616329313405832e-02 4.422126347660196299e-02 7.292234304999217764e-02 3.091608265855170373e-02 7.876719978211889003e-03 2.034058598483811167e-02 4.081211668507190096e-03 8.723083617920392163e-02 5.654820127794946139e-02 3.872469947996826350e-03 7.637995756564969208e-02 9.528418261061474825e-02
6.370200110571304364e-02 4.830816940019633243e-04 2.909765045270791550e-02 5.883569368983244952e-02 1.784417478446657240e-02 6.179122656292998506e-02 6.839190342237913556e-02 8.881104357536548366e-02 7.487540744652815272e-02 2.335550241038839708e-02 7.756357380183732941e-02 2.185005875886901830e-02 3.468264824678180328e-03 6.166959742902283076e-02 4.791651137175370612e-02 3.740913390079420031e-02 9.837225002254124107e-02 5.042579142520921265e-02 1.632824526702573303e-02 4.425985086375592431e-02
5.511151634567798552e-02 2.036051461574964888e-02 7.226496453471254258e-03 5.999772304607467466e-02 5.535870624608557611e-02 1.458722466709583276e-02 8.366953035203864020e-02 6.915360290237668184e-02 2.050504976629488260e-02 8.384307612284590261e-02 8.939326614632539525e-02 5.195295207237959900e-02 3.744745635549791979e-02 3.753948135513083401e-02 7.218320479580955795e-02 8.487845071736277447e-02 6.572336455303588731e-02 8.948055384926990874e-02 8.076614206584444011e-02 3.916686958119254547e-02
3.710706489701790650e-02 8.255686304948607612e-02 5.559985197899356552e-02 8.598921796048406008e-02 7.615994150092242343e-02 3.405533757786746024e-02 3.263708877854222534e-02 6.247422371216929810e-02 4.470914366329923478e-02 7.374974374385144527e-02 3.736693602308597401e-02 4.863925246649099254e-02 2.636277414761423361e-03 9.769160967317025435e-02 4.772733112834770530e-03 5.270721379958340225e-02 9.119908794369355198e-02 3.077817824430893051e-02 3.150326745117967148e-02 2.349963746800628681e-02
5.378814058981440166e-04 4.497904253854687756e-02 5.145066905004803959e-02 5.590706301968592640e-02 5.386970342132253731e-02 9.476858161134066316e-02 5.677211996990621373e-02 2.403163931043313106e-02 4.479757430667330453e-02 4.438906492380578078e-02 5.618343827364548349e-02 8.846561591602325469e-02 2.217277467902698668e-02 9.303549836021651753e-02 1.294203420299379174e-02 1.906900300355040059e-02 4.253759227073003468e-02 3.786622010952218897e-02 6.393937100225133285e-02 6.381614204622920901e-03
4.617815742548007224e-02 6.934241817256134310e-02 5.458581974653517466e-02 8.960694008110620112e-02 1.834924392477912600e-02 6.671499471450230423e-02 6.905317842208642809e-02 9.913494787007370856e-02 1.654930441827813167e-02 3.966573295041062736e-02 8.209545009078589306e-02 1.240453235055768468e-02 7.450696544994897530e-02 7.223340538809679134e-02 3.802399993867988659e-02 2.250783841968550993e-03 3.555267319356281413e-03 7.511024987276598841e-02 9.365869828429183863e-02 5.050831624529411590e-02
7.594398679912141292e-02 2.623840907740572492e-02 8.867016664689808536e-02 3.051247289149649003e-02 7.321337632065183856e-03 4.237533822529888916e-02 9.958905193083805729e-02 2.408009490841768463e-02 2.650577657516103511e-02 4.774447649377283609e-02 4.497355661281396411e-02 5.632751500940071099e-02 6.513902929396915564e-02 1.935756807081120620e-02 5.515120612592764454e-02 6.368634727814140306e-02 5.073956826567972700e-02 8.993708426316342208e-02 3.993391008914592977e-02 8.455661675852736703e-02
8.920147015691307080e-02 6.968305689557682814e-02 8.281028701712915552e-02 2.943168250074479700e-03 4.475966515894513886e-02 1.939025390828175155e-02 2.886738595825297932e-02 2.693733887540128652e-04 1.727756756229826759e-02 4.621444090814417344e-02 7.985289845902794614e-02 8.048527422705920031e-02 4.932604955283529519e-02 3.932791317228201758e-03 4.227689772576485178e-02 5.905953015204504220e-02 8.162028074061833394e-02 6.374511219888617797e-02 6.758648837425017264e-02 2.351932287032742000e-02
6.214640266252851458e-02 9.088608121429088416e-02 2.334863262623827762e-02 4.683778833699889926e-02 6.740828927976369456e-02 8.726127563604946236e-02 9.659170063085892322e-02 9.642375481154658035e-02 9.149323719011831502e-02 8.493049922742899882e-02 4.556834905747842238e-03 5.507139137306156507e-02 7.680431195181591786e-02 5.880307568951026465e-03 2.579989913344796909e-02 5.676312934434274426e-02 4.867265501518217019e-02 1.574322013424508601e-02 8.007067916618169912e-02 9.510273757458137522e-02
3.661042830724530600e-02 6.608478571503405286e-02 4.548879792663135246e-02 9.664575267184451202e-02 7.087273480695703565e-02 8.648271712726568472e-02 6.456449015434118088e-02 1.576249104360424522e-02 2.535607018597627743e-02 7.929044561142252132e-03 8.139365780184194821e-02 9.371061371357265746e-02 1.264264085196487204e-03 6.254108287171399050e-02 9.629198963109676657e-02 2.102080659809702195e-03 2.159956315256379711e-02 1.144725730457179028e-02 4.906528970769760689e-02 3.087575299285211239e-02
6.160414524608748277e-02 8.234917876711735085e-02 5.477436162171583911e-02 2.817541898001818534e-02 8.411328561149905569e-02 6.969710167226789155e-02 8.521723652687415718e-02 1.544566328414211966e-02 5.376484453212726847e-03 7.722318018792830030e-02 4.475306972451443231e-03 1.667321687209666337e-02 3.119672854377939647e-02 9.285920732367831942e-02 2.160252410232522957e-02 4.350788793321420933e-02 3.665474043626504308e-02 8.381481566245163606e-02 5.675452274701107275e-02 7.372288241288682542e-02
5.140191523180170918e-02 2.582826491644679701e-02 6.399305892135088124e-03 3.418320112639895714e-02 7.425144345675427360e-03 8.189371510032161447e-03 9.684527454330198182e-02 9.904746838038393231e-02 3.582701941364401649e-02 3.956538921063695868e-02 8.251594529350692042e-02 2.234295529873409070e-02 6.025264729757672660e-02 7.188160195741520597e-02 2.274758599125850309e-02 7.309391181294755402e-03 2.592996296565213202e-02 2.255679376686582638e-02 7.540189586675115352e-02 3.157103157426044415e-02
5.611531124848487262e-02 3.401649709792736731e-02 2.475893308073821159e-02 4.719719548450246327e-02 1.313170423940913760e-02 6.991389868378382333e-02 7.151170568662755522e-02 4.307967744091439205e-02 6.260218771024386730e-02 4.024686247276908907e-02 3.497193297994592026e-02 7.614373665965654125e-02 7.414203388658401062e-02 4.208083702317974573e-02 9.405444652225816715e-02 2.205987126176171126e-02 1.299627507270131356e-02 5.769641506912653872e-02 7.304759462371410161e-02 3.498949933476620811e-02
9.787501117545226170e-02 4.067854726965372536e-02 3.407735757753708322e-02 2.663343835659469708e-02 3.596177681165985129e-02 5.523651534919223061e-02 1.414391170214935982e-02 1.986905233398050807e-02 5.923899549910780632e-02 3.517880174938310678e-02 5.698244934469967604e-02 6.065222527411321535e-02 4.029474957134585728e-02 8.720712920046685968e-02 9.801488080702247530e-03 5.634002710437795852e-02 3.820234795941373357e-02 3.702451814102288713e-02 8.005454173775489179e-02 8.507804279732967580e-04
1.709574896805823516e-02 3.567956194886794802e-02 3.792299741383169803e-02 7.685736771867357486e-02 3.579682069444223638e-03 3.981473795725936488e-02 3.095791483960796953e-02 2.482870931132106357e-02 5.481414495277291826e-02 1.482120866041096788e-02 8.171135269463043749e-02 4.211457267176622887e-02 7.425891029895206885e-02 2.204614984248991563e-02 6.952929234578791862e-02 9.717785604697715129e-02 9.179525717166009402e-02 5.299486231390206081e-02 1.554168574620641390e-02 5.288932887079304118e-02
2.953684688479482276e-02 1.318580060834534384e-02 6.014832969345314251e-02 7.550888888782104902e-02 7.484307392138092596e-02 5.073028596681319891e-02 2.793386704137863774e-02 2.099953739859499249e-02 2.581611522892503230e-02 8.712163065124711725e-02 3.273238415152952829e-02 2.018431516044108184e-02 7.762329925840816269e-02 2.573183967755979934e-02 6.170918997970924885e-02 5.856021519209217430e-02 3.695717850607734695e-02 4.229021135960292499e-02 5.141991097959282275e-02 9.237286400662747532e-02
9.112057168443866290e-03 7.692174293973634558e-02 4.760777347607078602e-02 5.515882814849584759e-02 1.632828354401504381e-02 1.499620878324992024e-02 9.348645740244442004e-02 3.714762630356296252e-02 2.939744849512246003e-02 8.494277126793725596e-02 3.493424715802675301e-02 9.223432496816763582e-02 6.681661755175410944e-02 1.679743244742341185e-02 9.829448861641683355e-02 9.711364281406713317e-02 1.494986021080023722e-02 7.410544936766791380e-02 8.970112353123494559e-03 3.768090351267025517e-02
