2.666901668408489523e-01 4.778554036374323827e-02 1.391438554291201668e-01 1.110420187749107945e-01 5.857759858649155826e-02 7.010423270835468290e-02 8.013115192918515706e-02 1.652740214373729088e-01 1.284406765410034401e-01 1.112774993080072328e-01 1.223975369353676734e-01 1.226835571619081106e-01 1.281543578429949759e-01 6.316528126704326618e-02 1.300421424133521575e-01 1.142157024941990451e-01 1.256760414463712339e-01 1.224385655180087878e-01 9.233673127617461618e-02 1.153828511358058195e-01
7.971088639298208600e-02 6.948290459208906339e-03 1.995227015837466519e-02 5.751581015758863713e-02 4.095675714378026883e-02 7.403691241177298710e-02 8.292832965365148912e-03 6.571650451618619992e-02 3.732950469514262608e-03 7.571439552883563184e-02 8.335436996818068600e-02 6.854151127953756265e-03 6.708914207139950181e-02 3.075084245698411767e-03 6.772111828074162121e-02 8.936601631642292209e-02 3.843035121815816663e-02 8.606656745172197587e-02 7.631437359403409060e-02 2.930510035376064984e-02
8.657478702850116004e-02 8.298648512288388235e-02 6.213268990275429282e-02 9.855537370536106290e-02 6.898173067908895673e-02 4.026204099250207946e-02 1.211622324762196175e-03 4.266113581807004507e-02 7.861903636222258851e-02 1.522987634280743678e-02 9.860315422455115386e-02 8.451044150661257345e-03 4.552625248572103600e-02 9.140838359256450718e-02 8.545894894107214368e-02 6.683538200815161701e-02 7.582728055423060623e-03 8.935840077592641095e-02 7.138075196830212521e-02 5.826323772864503564e-02
9.788692370425500916e-03 8.821717321919837762e-02 9.907909879852867807e-02 8.786900842238214160e-02 5.857436682292414126e-02 2.091640003673229942e-02 1.265562841018652747e-03 2.944187673147752315e-02 8.839089863592691776e-02 6.017018028838305027e-02 4.102628033754908421e-02 8.493937998284030108e-03 5.346279629484094326e-02 5.588505770043439291e-02 9.609689746433495994e-02 6.100715613809354343e-02 6.926452307239779060e-02 1.960202197186800173e-03 2.761939820654260233e-02 3.744172053133656280e-02
6.883401701035986309e-02 3.471206934932680437e-03 3.943261420211177648e-02 3.335785163035310044e-03 9.181859104752959633e-02 8.021746713274396923e-02 9.199041288782827674e-02 1.072308421855046150e-02 3.925556238821906185e-02 3.433607101401021933e-02 6.426709694933591122e-02 5.204585689571070151e-02 1.930567841898333040e-02 2.480707676053037908e-02 6.368276827099611515e-02 1.310807785427674579e-02 2.779540438438805883e-02 7.788694572076965139e-02 7.353177692906927299e-02 1.144279002912645948e-02
9.578161937247220425e-02 1.056818226808479283e-02 9.172736867930375571e-02 7.362794009187546840e-02 8.834928543347088381e-02 9.490513824048056601e-02 8.491343259194383819e-02 9.648135916334643972e-03 6.597956636765488214e-02 9.042888675401587750e-02 6.772803010300632726e-03 8.022655727929328684e-02 7.166762935006204538e-02 3.831183567558416048e-02 2.114001789946859042e-02 3.648426272541071408e-02 6.925797410966184897e-02 6.361536791573089988e-02 7.671490471100037012e-02 2.224771778349599136e-03
3.436015039023753576e-02 1.832105484337418627e-02 7.353185889561528188e-02 3.069403897854276059e-02 6.464765259008270482e-02 6.438272778808096231e-02 9.737281246456670758e-02 8.816286032696329586e-03 9.342069629962292121e-02 2.417647166490836247e-02 2.472980590756567246e-02 9.870841151888681830e-02 3.316928658914835432e-02 1.471105168513161567e-02 5.937502018204030702e-02 8.917735916919487804e-02 7.969974374651618565e-02 4.282097962852835643e-02 6.528943924832544821e-02 3.662440754050464570e-02
3.628624332004302261e-02 6.753461597998414168e-02 5.456845916433977067e-02 9.318005860642976021e-03 5.157200066487843682e-02 3.395404108767754309e-02 6.227983171596605111e-02 5.538949365133827296e-03 9.577875729371751468e-02 8.632281279058358348e-02 1.592381552308006626e-02 5.215727127862950646e-02 2.902858316164882643e-02 7.683050974111102494e-02 4.192526847733546794e-03 9.740557546959723034e-02 6.283819587429607077e-03 3.704603112240393431e-02 3.138013363799214972e-02 7.614267174904210773e-04
1.126171752987313937e-02 8.282119728053474739e-02 8.890743974222643786e-02 4.446380372702179312e-02 6.968247456544596208e-02 2.644973038277935798e-02 2.660211255268970718e-02 1.210425360420842693e-02 1.245191359945544557e-02 7.628607476393300946e-02 4.682557722975266845e-02 4.318649686929298959e-03 5.730625446306454596e-02 2.034212229163725669e-02 4.925917406872908771e-02 9.235095860637079768e-02 2.057556667527986674e-02 6.092868391695434316e-02 8.395563689217695746e-02 5.803794848202749324e-02
3.387847674916782958e-02 2.541309277539577360e-02 6.488853841223267416e-02 9.755072425783395396e-02 4.436920070892949597e-02 1.530522236076701376e-02 6.584671027521941944e-02 7.039147439850960974e-02 4.463519037103361176e-02 5.480275280210070848e-02 1.848091243202709764e-03 6.269518510884611318e-02 8.550473154780857676e-02 4.610089443799521292e-02 7.568975566969023128e-02 9.892125380166932880e-02 2.542625288108846249e-02 8.775653074472394843e-02 3.285719032236428250e-02 8.462513116589685802e-02
6.527553726698702430e-02 5.179274151982088403e-02 2.109788426648713522e-02 1.260043489755510206e-02 4.603015547411008074e-02 5.216846131943032872e-02 9.077034807439339492e-02 9.409545626661156015e-02 3.880281860654271470e-02 8.745274810066581972e-02 6.584568456063651098e-02 5.669162828522977815e-02 9.019279574942301592e-02 8.110138185952531220e-02 6.674279837477609112e-02 9.049467404652834085e-03 3.436631973254634931e-02 6.171916577069935794e-02 5.726205387182380785e-02 3.666178106583941471e-02
8.120517981163651033e-02 2.804814518860953079e-02 1.876404451843685303e-02 8.997217426999888634e-02 8.333186027865691070e-02 4.887429936838699057e-02 4.313496104879528670e-02 4.062802912031043823e-02 7.265407637940497765e-02 2.963347588099228894e-02 6.290246192278213522e-02 9.041335561789735908e-02 9.632946392304944649e-02 5.912465367449648568e-02 4.995927917505019883e-02 4.937147154789592318e-02 6.322812756067733297e-02 7.026644958316957679e-02 2.261051713388695372e-02 1.474592788377271368e-02
4.336490404167671342e-02 7.800820937649215192e-02 1.504132376234475037e-02 8.580716646232260103e-02 6.974152670301390911e-02 4.886119846730730201e-03 6.035241873772049376e-02 6.910918517199086952e-02 4.707592240376201717e-04 3.483334987141659816e-02 7.739598660101167094e-02 2.598487552861136404e-02 6.594741445362979626e-02 5.242004631045005941e-03 5.538237266613008775e-02 9.910237652873687964e-02 1.356917407014250967e-02 2.409139877398248919e-02 4.000427338066205041e-02 5.996461023788810657e-02
9.073354142492764951e-02 3.044370894704241659e-02 1.545705207436893873e-02 6.523000421818216099e-02 9.265190707736042919e-02 6.420238626410666727e-02 2.935614334779480805e-02 2.445520937076121198e-02 7.150685012536593665e-02 1.923261596543492102e-02 9.561791959094692595e-02 7.995914347526324184e-02 3.748108957808502645e-02 7.214581903028659260e-02 6.595829949992429442e-02 1.761661215577123990e-02 8.357222520733042712e-03 2.426910554025538819e-02 9.367156260293385550e-03 5.132010233175007818e-02
5.470354194633008510e-02 6.849511110322555052e-02 9.883929515654106546e-02 9.602694663012209531e-02 2.885268909203273641e-02 1.051359914814021905e-02 5.056567599326988738e-03 7.577134007353554523e-02 5.686700905296013936e-02 4.155704871745839052e-02 4.540585754817257069e-02 7.942544658908368138e-03 9.466891781201905443e-02 8.047151203647605333e-02 3.652292547285333063e-02 3.721237944300599676e-02 4.210058719987656156e-02 9.514483245209932882e-02 8.543390384558090245e-02 6.026705987386390961e-02
2.670841644118674557e-02 7.517650159641746377e-02 7.506301250979546813e-02 3.920373602649721012e-02 8.666130674995273231e-02 9.039122927745518732e-02 6.602705016512701308e-02 8.360817848352507242e-02 5.418122701301867489e-02 9.135413166750384895e-02 1.259063733013973153e-02 5.779172805079220432e-02 8.508544857827932129e-02 8.626657389474096105e-02 1.705498389896672670e-02 1.261112564074876735e-02 4.924384915423796194e-02 1.296403771657850257e-03 8.160320574880697286e-03 2.536701674237658299e-02
2.859100757627136558e-02 8.147734451097125852e-02 7.474447816261961530e-02 2.035354630565843273e-02 4.641506223510310364e-02 1.051639203820473739e-02 9.149087022034785299e-02 6.919665825326973274e-02 8.666126184921210673e-02 5.874388380941095167e-02 7.327842059339693959e-02 9.183735663503996005e-02 1.002562913322235875e-04 6.018144921884349685e-04 4.883012374167738229e-02 9.355722086340716170e-02 3.023289582657551211e-02 3.607604472687976627e-02 5.710008555475877545e-02 7.603454876921786343e-02
9.985601822762847635e-03 4.734064139247010083e-02 1.413821998165916242e-02 5.832881987181726818e-03 7.286317082255017175e-02 3.146404871680318766e-02 8.151254675529377713e-02 9.283884939597136787e-02 8.727346076517061846e-02 4.625003658531087747e-02 9.435793806476489021e-02 9.747266484509943540e-03 6.023746248750836557e-02 2.087221085708005491e-02 4.109359212641058856e-02 4.706584467736794203e-02 7.400801840262020981e-02 5.120659498347968075e-02 9.773333978119415257e-04 9.998424254426913071e-02
7.582322037676303417e-02 3.185311947719970949e-02 4.164923678717383920e-02 6.230785132610446031e-02 4.739426761235907698e-02 9.956230435160828840e-02 9.976095356623726484e-02 7.939470394624848978e-03 8.884312746254904858e-02 1.307253662741956340e-02 9.984620293958856863e-02 3.942615568873358844e-02 9.441532396091195656e-02 8.639372709877010670e-02 9.579734626872737913e-02 9.649469123526117909e-02 9.681136958738513487e-02 7.219980347235883944e-02 6.123075532974865676e-02 2.737997815384500891e-02
8.818968704129226399e-02 7.227882306421760938e-02 9.186689060091253467e-02 4.418339146054406710e-03 9.817396156220355163e-02 5.385022565759626373e-02 7.515480584189659918e-02 6.375611369683402418e-02 8.039479283463056569e-02 7.705871448047067751e-02 8.355476243954306978e-03 3.091105227230128705e-02 8.361297065966741271e-02 4.513699629507470640e-02 7.520428791673022806e-02 8.100811207808633618e-02 2.842527419378948744e-03 4.719954868327561059e-02 3.295105721674923549e-02 2.300327569222422597e-02
