2.760630465483988050e-01 1.400674666356531706e-01 8.746698038786894502e-02 5.990876049818918275e-02 4.228736791344404194e-02 8.970224400823345601e-02 6.439244871684539351e-02 6.167353269468674876e-02 7.553024566446665811e-02 5.537750234442504610e-02 6.359733147558455091e-02 7.173050959542784377e-02 9.423847332981064029e-02 1.277369156242196269e-01 1.260361273902773152e-02 6.700909578916966480e-02 1.267459536296348943e-01 8.659591332295563104e-02 1.313010485267430694e-01 5.524111770463958904e-02
3.430328497199441884e-02 1.905466639268865725e-02 7.363458922913017346e-02 4.905062811017318891e-02 6.922296458943734410e-02 2.090571189909267227e-02 2.395011105325474399e-02 7.710930980993761785e-02 8.572978628437316617e-02 5.157287854146228034e-02 9.794108293273369459e-02 4.792903195352384016e-02 8.805295344624042286e-02 4.527149951893846835e-02 7.657893688263195386e-04 6.122802550668194309e-03 1.231404492303457381e-02 3.282520219690460150e-02 2.499396126693507331e-02 4.773191685520864619e-02
7.554772516949133376e-02 3.037201417873757262e-02 5.111142185816413414e-02 3.078233931105693946e-02 2.342682456706233346e-02 2.515568087514259699e-02 5.512386229900888973e-02 2.041235597643915878e-02 9.473633883745714163e-03 7.707577805036358934e-03 4.102076857189928399e-02 9.736434600345750257e-02 2.055584220775741496e-03 5.481915185042334632e-02 5.515810328190277195e-02 1.458809714825055719e-02 7.085395719945042359e-03 2.852799791296944942e-02 5.888485006940056415e-02 1.837351941367970642e-02
7.851062596381663816e-02 7.133751468290534803e-02 8.723438676045658716e-03 3.101631262381299159e-02 5.929789347869138250e-02 2.912083445015589689e-03 6.440933599503592677e-02 7.617628020103239805e-02 2.213341180367897273e-02 8.099283083161512922e-03 4.322488089453763171e-02 2.063522068949035296e-02 9.396698915864921953e-02 4.255732081371221137e-02 8.114736875373484981e-02 1.458205930016142141e-02 3.759133661392222246e-03 7.819906787512563573e-02 1.667681553041777806e-03 5.935134048496910897e-02
8.102612515300662566e-02 4.646482360606346562e-02 7.664318811739395665e-02 2.445585362799718165e-02 1.235223750433471837e-02 2.690120112093279461e-02 4.977370466781480540e-02 5.162662466168277398e-02 1.805740000856564942e-02 1.537091802250495354e-02 8.081439193958685208e-02 4.193301845252725424e-02 3.753858475038299863e-02 4.426613749500947492e-02 8.232656843889935017e-02 8.417520975545714212e-02 3.546460188334472907e-02 7.441877957260786824e-02 7.016797596740406706e-02 6.491606806169958506e-03
2.655330664805899410e-02 5.022099362859952509e-02 4.326337700523703866e-02 4.104359796589331089e-02 5.456423678412089528e-02 1.066844830445512439e-03 8.282427572087103229e-02 4.219563898222825071e-02 7.800242125055262266e-02 9.105527067017020471e-02 7.561899324226892261e-02 6.415776989632195060e-02 1.099330401869199648e-02 9.868129124104371708e-02 1.603058732521491989e-02 5.677952596947767605e-02 4.178605436851404870e-02 1.950287265176595813e-02 7.327945868895983927e-02 3.021399322296725032e-03
5.088626915288462643e-02 2.762886629888559181e-02 7.517457328513171833e-02 5.074183497676666710e-02 9.285829945492334037e-02 9.159279349389988500e-02 8.419545218314065937e-02 7.146307146427167967e-02 4.967354031702080758e-02 7.228815396960844297e-02 6.102553447937985459e-02 6.459377355492257333e-02 8.837274376527355646e-02 7.381881874096146712e-02 7.077332027179225604e-02 8.634468437433533150e-02 7.712062928517761373e-02 4.062889260239788136e-03 8.164093965960939059e-02 4.022223505191060977e-02
8.309468706525180784e-03 8.142502659606404292e-02 4.299929529553170315e-02 7.152356307428786586e-02 5.082568107471040902e-02 7.351898395499731342e-02 1.897208362471501999e-02 3.382056007005778547e-02 4.690385492445253712e-02 6.676903991457433518e-02 5.918808392141886032e-02 2.960495531274206713e-02 8.438716338244578452e-02 3.051787135601558010e-03 6.695861121343570088e-02 2.922405778614045602e-02 8.597904823487761972e-02 2.440617316265008066e-02 7.442679174548261223e-02 7.687545120214331340e-02
3.031177850374660102e-02 6.814145893635184525e-02 2.644739790314112535e-02 3.177983252248765128e-02 3.595286201222169103e-02 3.589446265482586912e-02 4.961997611943646386e-02 9.720062586299241247e-02 9.900927313356043535e-02 9.392324628940400266e-02 3.321161716178371720e-02 9.602096883061350674e-03 4.320618081985664466e-02 6.783814442535449074e-02 6.342236762204664369e-02 6.096946351976814671e-02 8.642740649495130045e-02 7.320328494877359482e-02 2.332411607064396528e-02 1.970122979835943478e-02
8.079049092343570937e-02 5.533972792675449087e-02 2.746807406153015801e-02 2.830761807767523657e-03 1.851670190850280770e-02 8.802537260393576701e-02 8.166217524137130146e-02 3.645976680526896718e-02 5.977863622671564237e-02 6.321602372980099360e-02 2.530786971312584330e-02 2.796830545468336274e-02 2.346797344740003677e-02 5.048224160121337484e-02 2.381996756932384246e-02 2.900646128311533747e-02 5.010183509417474174e-02 9.719567537443852146e-04 1.012141556157111245e-02 4.717525450424048250e-02
3.851472471986296109e-02 7.986781408447672648e-02 8.761156106107363672e-02 4.750543947637947406e-02 9.646253600436058284e-02 5.079732294335909115e-02 2.809475596158797148e-02 8.213058643217141519e-02 6.811844683588728910e-02 1.631650775243599291e-02 9.830599059355921154e-02 6.649307679980963337e-02 5.116508299443350144e-02 4.288086425819476188e-02 1.542076685277369436e-02 1.516493325578738283e-02 9.408957721571158117e-02 8.135127419554116779e-02 9.034749112795069370e-02 3.548153003507325404e-02
5.519233138668980937e-02 9.416934234287409333e-02 6.314031279264918639e-02 1.860652250970096233e-04 5.614022192137761019e-02 4.423218059619238307e-02 7.543693182899627314e-02 4.257158269402926826e-02 8.017447939795641293e-04 3.442515662203222970e-02 1.552079026440881387e-02 9.611827040748911061e-03 1.976571310681224380e-02 9.060486387352291449e-02 5.197204783931393124e-02 9.854824507426508673e-03 4.989209551408366888e-02 5.421493151952994083e-02 8.927363181355679744e-02 7.662346178797029006e-02
9.406845708603205070e-02 2.781927785010137807e-02 5.857481686797301468e-02 2.806264739981309195e-02 6.201582483752968861e-02 1.070127243103623574e-02 3.624442674611929455e-02 9.119518384832978053e-02 8.463716888901173796e-02 8.751488466238543928e-02 4.041636089168396812e-02 7.146887866616906393e-02 6.737127775134292562e-02 7.354984768483655011e-02 3.891205498195632329e-02 9.713360565825443493e-02 1.663125964583875988e-02 5.400137883115777720e-02 8.908921453604383422e-02 1.561325963455091441e-02
7.392073744941740632e-02 1.431851968060358221e-02 1.568159880909250278e-02 8.798652549473388873e-02 5.476521091603205049e-02 7.685043486838491478e-02 3.684035056304942740e-02 2.138249488049307617e-02 5.478468974136249670e-02 4.465377964578061409e-02 1.649719195459036294e-02 2.563319651199007579e-02 8.637044491836692872e-02 3.156953447137266638e-02 3.010477788236897226e-02 8.037425157245703389e-02 3.123475796425578821e-02 6.185463713996534191e-02 7.437541080955863138e-02 9.941807927350872209e-02
2.030476613553145165e-03 5.208852919321841496e-02 6.357386044882480658e-02 1.825232308283061475e-02 2.450003538033075634e-02 4.305249583076486281e-02 2.134319349861222431e-02 8.857645787305684637e-02 2.472398522251689768e-02 3.498058211679905272e-02 8.770859117181223352e-02 7.410248492905278928e-02 9.842607907473055473e-02 7.569705647083022071e-02 5.262150253116248955e-02 9.012441651230218564e-03 8.601705738104026278e-02 2.259031492238837771e-02 3.554266615079684083e-02 2.306557609510083776e-02
1.322049467727897179e-02 2.562294213990211691e-02 4.964764998152703529e-02 4.868383029508616122e-02 4.599844951980385649e-02 2.303225512700075861e-02 4.651122825419160001e-02 9.130333409455759774e-02 3.176103068819172842e-02 9.034967228735441003e-02 2.589782594610870112e-02 5.088553270002678375e-02 6.611760412787737531e-03 6.444580566811947131e-02 8.078249486489436082e-02 3.379389976877622635e-03 3.917526565168904379e-02 9.923140267407255799e-02 1.643581106521937660e-02 2.797218445488376670e-02
6.649301667879729816e-02 4.155395635043196423e-02 6.484075719228499235e-02 3.512603169132029468e-02 4.470033083822926717e-02 2.052473586353237289e-02 7.321157866264783876e-02 2.886640624971483979e-02 7.744096100233638369e-02 9.699957341927453736e-02 9.450445207916076396e-02 4.938430830393587823e-02 4.870797318764105710e-02 2.331510777661435427e-02 1.084517647135281419e-02 2.642143374719940763e-02 4.196278402849978884e-02 2.038192782504474540e-02 5.436342293568081907e-02 1.662985360886817462e-02
4.470618996223191255e-02 7.404939479258128288e-02 2.714402357587576697e-02 3.998002921744880228e-02 4.192601390027409641e-02 4.595246071209479338e-02 3.852334574626992136e-02 3.265914208534181906e-02 4.796625236394161385e-02 4.742309725148633609e-02 3.117813655825678668e-02 5.589949014707030171e-03 4.370225468852399070e-02 2.293037523767313055e-02 9.146484210745032400e-03 8.875140518445137627e-02 2.945722595341203690e-02 9.196758608271073110e-02 3.927779063401903165e-02 8.165852748385681037e-02
4.894490433499631976e-02 9.419974399383225505e-02 1.157668146086724553e-02 6.573557662317100481e-02 8.009825186086502735e-02 2.716528461578717954e-02 6.389390967983854530e-02 1.878245277379124792e-02 8.082779416098562209e-02 9.928418452786366699e-02 1.279881478507190022e-02 9.847630337115254040e-02 3.008338588207124659e-02 4.679495175156100223e-02 7.662250809557358266e-02 9.445390098994432826e-02 4.629917701539934538e-02 9.845721188984833672e-02 1.943175852331419096e-02 6.857144266106146580e-02
4.996192474596455879e-02 9.754588020329578446e-02 5.428156484755974898e-03 3.761843331684065067e-02 4.538783178291211362e-02 8.172918357977346226e-02 2.231672344733570679e-02 8.834321683997292673e-02 3.019789380351072319e-02 4.453165434767976383e-02 2.082574367952559971e-02 5.923217846230588793e-03 8.867618391808940181e-03 2.803444474287830612e-02 8.926175634973087733e-03 8.071728186375276559e-02 3.682828475225039672e-02 8.942404006565640717e-02 4.577875711370762990e-02 5.527674460048882799e-02
