3.004388511540840301e-01 1.489339815139227030e-01 9.816294401410180503e-02 5.348127778453575301e-03 1.392883450595030492e-01 9.767773168236013048e-02 5.563659424295284116e-03 1.599055470638774054e-02 1.204905278634749582e-01 1.155508628382816427e-01 1.585171067014856106e-01 1.644433246184279773e-01 6.917422873385888071e-02 9.692367635724130626e-02 6.400409036034547527e-02 1.031406961505301062e-01 7.314642579307138737e-02 1.435811746021938284e-01 7.538613707226202165e-02 7.754365745582141034e-02
5.245255323966037039e-03 3.901134280616549294e-02 4.014520756939737173e-02 4.078295878908139160e-02 8.916323522930384715e-02 6.842560941567607524e-02 8.564056653229475125e-02 5.914874716042446690e-02 5.267625695770843802e-02 7.501420925466750766e-02 2.654584752265342837e-02 9.414820047774641321e-02 3.886425868650995180e-02 1.537070382271236817e-02 9.765122319918575350e-03 2.520417279822730061e-02 7.005308584850181153e-02 2.688483857265281524e-02 3.266661897887958299e-02 5.558462550188926488e-02
3.478917155686055140e-02 4.280931183736078408e-03 3.377179464735624581e-02 6.666409836855696769e-02 5.802192501375407624e-02 9.526853628808142072e-02 3.109180751202602483e-02 8.990143899468654165e-02 4.443428156586715083e-02 5.294890020553281312e-02 8.318702416006126810e-02 5.729213185601324948e-02 9.015276310619209366e-02 9.887815797283716623e-02 4.012384190005345574e-02 5.233644332187477322e-02 5.356174491678131200e-02 1.545079849708065438e-02 7.734463074124699189e-02 5.123715719238444016e-02
1.655297718958636741e-02 7.040751298252785617e-02 1.972379531548676054e-02 4.434891054675661054e-02 9.144207762621635316e-02 5.327466498503812681e-02 8.919843450742457464e-03 2.107032199269311123e-02 2.885630291637326234e-02 9.886806732323367986e-02 4.421132154495049926e-02 1.770358618371088710e-02 6.929344599148841433e-02 1.171169373075250757e-02 6.170348047680718900e-02 7.741852089166420536e-02 3.662792500825567867e-03 6.588193912535982022e-02 5.253801173877881842e-02 5.031299181517859265e-02
9.202390706467784842e-02 3.743210382417650611e-02 2.064765605681316216e-02 3.281911714526460078e-02 4.471217610065830739e-03 4.073393877304547217e-02 7.843728429804015800e-02 9.405874701856323239e-02 8.460825654233898596e-02 3.993306253100831205e-02 2.683673259167635231e-02 5.051776977196349890e-03 4.153674543739198366e-02 2.822160701240203004e-02 9.104332886906699174e-02 8.316033581382981099e-02 1.132674582393947138e-02 7.038187462779921591e-03 4.939845165865662524e-02 4.477778294503811929e-02
1.706282247240728522e-02 9.987696505918544632e-02 8.872561200150948235e-02 3.438241551245437705e-02 4.472908899291403763e-03 5.720484977617679850e-02 4.812899881094663546e-02 8.567209326022914850e-02 3.991897296575758203e-02 5.851537434584707514e-02 6.422784421870433857e-02 5.583306877376105481e-02 3.057297411103555504e-02 3.465707100690625098e-02 6.563026438094890502e-02 9.392250736197263472e-02 6.134783051501724316e-02 7.774400175055966311e-02 7.509167953736334278e-02 6.752679904949090983e-02
3.435877920128108803e-02 6.977304071904913418e-02 5.956560684750220741e-02 7.972634552780950845e-02 5.384933339404406050e-02 4.452137518336359706e-02 9.082912780506488537e-02 7.821409062474020402e-02 7.646102147814838601e-02 3.667375276986734045e-02 7.467891869374292113e-02 2.482438226832227920e-03 2.807754986826049501e-02 9.980946433515168470e-02 6.845941334431544789e-02 5.706175533658707638e-02 9.037933628344597958e-02 9.354722573763754601e-03 9.535168662428264441e-02 7.235489862435277864e-02
8.276405031061914719e-02 2.887125806360489946e-02 1.849056726571408904e-02 5.679365511726801319e-02 2.316571086797572857e-02 4.315018520797696266e-02 2.980405879453075155e-02 2.198318110123103838e-02 3.024434760154262603e-02 5.167003097651098886e-02 7.324966020144813017e-02 7.740312129299763144e-02 4.871181639308173189e-02 9.844922781436900305e-02 5.669252906760970101e-02 6.085846268274484883e-02 2.414416186778713114e-03 9.439441995876757252e-02 1.144495439465426437e-02 3.680022550010694088e-02
5.923812928493667890e-02 6.614618333968654007e-02 3.813173439994565952e-03 3.820081471869597040e-02 2.505952544893387535e-02 7.902951386284021162e-02 5.354340350200288701e-02 4.576006542361107932e-02 4.387822517252330107e-02 5.171706783272780883e-02 6.256511560833581675e-02 4.030298228272543096e-03 1.941227954706508524e-02 6.511014733046222025e-02 1.280238593965242651e-02 4.819662579454579536e-03 2.885528876403847982e-03 5.974961113946448271e-02 9.548417770197346888e-02 9.287638022807511926e-03
5.815278252691745420e-02 6.231021203046235206e-05 5.026234826897427871e-02 7.441279243526771614e-02 2.347439071029942814e-02 9.237189868574301188e-02 4.415317171446363903e-02 8.183312353245219412e-03 3.828857027300817950e-02 2.865400526523183625e-02 5.536739072071813345e-02 3.372210410234467715e-02 5.023031100807785060e-02 6.163629186134846755e-02 3.157429617958135148e-02 6.876166588093926557e-02 2.193880490037899630e-03 9.423662317692771406e-02 4.968955033103140961e-02 4.938642740188456393e-02
5.273557279858306912e-02 2.405505855471970489e-02 6.243865033854891465e-03 4.929181371438755288e-02 5.868969441225798658e-04 5.462615869017904691e-02 2.562439256431955914e-02 5.939424559961461320e-03 8.121913877585516806e-02 6.633055510802388088e-02 1.564600519831055650e-02 8.750876953483470444e-02 2.768881707389009295e-02 9.066757680080736459e-02 3.060112876950676561e-02 9.187261700683167776e-02 5.550979780663007485e-02 2.191177835250780748e-03 9.517541739967536052e-02 9.984696978577925486e-02
7.764704053241554271e-02 8.000319003352694691e-02 8.389461434451975230e-02 4.993962535588628016e-02 6.505546108046648957e-02 6.687067587019150661e-02 2.994805240047287292e-03 2.706789434032968317e-02 1.946470806333164619e-02 6.879802553120337172e-02 5.706152396849796526e-02 6.406057366264139574e-02 3.822563147736991046e-02 7.600952686411527326e-02 8.838592274874582100e-02 6.795648424993264158e-02 5.085708734525296731e-02 1.756121534942698889e-02 7.766009474599396001e-02 1.429196719489979166e-02
5.321214421429993485e-02 6.541018270851457761e-02 5.073297946180030382e-02 8.113756128456987848e-02 1.066727368529589264e-02 6.661342359333109753e-02 4.362218097712243850e-03 2.397145747523107828e-02 6.341980777849670625e-02 6.037912393610698342e-02 1.767700103854858568e-02 9.032240439637267970e-02 9.609915195041983382e-02 3.605274057633575668e-02 5.828332304094217819e-02 8.335939153899217524e-02 4.373753223717087579e-03 8.214519225905983490e-02 5.471278888073059093e-02 5.267149233945545017e-02
2.950269040744780275e-02 7.315445091811356715e-02 2.043400142063493685e-02 1.612339894502192979e-03 1.539793504483639129e-02 2.442726098773802604e-02 9.601085876628616400e-02 2.805953856298016441e-02 7.944702090636214520e-02 9.557649171790384701e-02 4.351682735259919388e-02 9.995820730331052284e-02 4.767500587770410331e-02 5.006759866652461810e-02 6.326075005174087995e-02 5.207355780901958692e-02 3.962354897973243556e-02 7.633259202069499205e-02 7.627787171570954428e-02 2.417710716988622985e-02
6.395174873657491488e-02 4.643451462848352529e-02 1.886140055395176679e-02 2.323723588843762053e-02 7.434613329441926155e-02 5.818728448417508775e-02 7.123150267559430482e-02 1.809636111189867960e-02 3.412664712474666739e-02 2.691653297126917269e-02 4.639360231460763762e-02 4.012778626836433632e-02 2.316936369644541360e-02 3.950141207015329253e-02 9.392864545277417043e-02 7.448890220519435723e-02 5.479228332058695000e-02 5.277267478155957259e-02 3.501024731293181369e-02 2.798872616945428937e-02
9.442173834539090149e-02 6.407383108978455255e-02 6.446107541628735838e-02 4.226910925883354403e-02 9.884732362921905269e-02 2.669950946506632547e-02 7.716071840301143292e-02 9.549024858461077625e-02 6.186838162843306260e-02 7.071136588794442457e-02 3.128860058013559903e-02 5.034634052896330703e-02 4.116002481784529488e-02 3.963383648051786723e-02 5.900082283709723319e-02 3.170926763235727697e-02 8.321445320305798088e-02 7.218345346421327358e-02 1.512696874338960180e-03 6.547674061703125103e-02
7.021359196562065863e-02 3.827273031361506234e-02 5.171103806532805630e-02 3.058367072935877853e-02 4.404397324761157029e-02 7.089917199671680326e-02 1.656746469208897343e-02 5.960773974897263378e-02 1.967005180066280084e-02 1.764841325192657850e-02 2.634799214027728001e-02 2.693066417893946588e-04 9.626926880810605935e-03 9.960895038232546461e-03 4.100406770042178822e-02 6.760291675970044045e-02 8.676856667071496110e-02 6.946601998480728124e-02 7.762243565160875658e-02 8.517845505417764862e-02
9.130447307822606162e-02 6.710518236204929265e-02 5.295240462531484310e-02 5.816001670564576592e-02 4.230408770719752687e-02 2.421548522713813656e-02 7.085018076117964581e-02 3.433028689458049454e-02 3.573820603659667861e-02 2.406920275290325498e-02 8.192779267344080241e-02 4.499041275416347518e-02 8.760425867723292681e-02 1.944326692201344547e-02 1.001238853437333015e-01 9.978783923627244923e-02 3.097521566149685421e-02 2.948467237329017304e-02 2.970677522632621942e-02 5.576521546429270837e-02
5.913957822806764630e-03 3.370521379332281492e-02 3.682253947300677052e-03 6.994691549402130837e-02 7.029743371731447810e-02 6.375329931387674343e-02 1.590601015043637684e-02 7.178735562885237009e-02 1.217496997403961709e-02 8.648151912686299903e-02 1.532640754913813623e-02 4.697746317124196214e-02 1.076926175986120914e-02 8.661725845616329023e-02 5.080944752174789553e-02 4.690094640468718545e-02 1.104021952241894013e-02 9.572053842493680187e-02 8.198008554038462015e-02 7.537559018815316592e-02
9.517084414696613814e-02 4.535893688290699305e-02 3.490765009221344362e-02 7.382270965440920762e-02 9.632642464570741192e-02 4.645068784248684857e-02 9.250071063398758453e-02 7.951020489470109198e-02 7.408955236612040085e-02 1.499921925739622353e-02 9.836262774547879784e-02 3.751345193035535153e-02 4.737678734140054332e-02 3.796793573655291021e-02 2.368793465291380365e-02 3.092806446345427313e-02 3.840623675519560382e-02 2.886291867370329237e-02 1.977525330800570733e-02 7.620370457824053589e-02
