2.489039375692071177e-01 6.270525227137527247e-02 8.614143242956828761e-02 1.058280235135528463e-01 1.678582872900550443e-02 2.122759337013149089e-02 6.769016247684200849e-02 1.053289026642546672e-01 7.150151368930729445e-02 8.798581012069728313e-02 1.574286773986366961e-01 8.265354655373485793e-02 3.274315361064142338e-02 1.638607301828818585e-01 1.384611042643444923e-01 8.303929507034414625e-02 7.388072188417890707e-02 6.682783804038971986e-02 4.810669137553785085e-02 9.525376181025693723e-02
3.257076454321222725e-02 5.645257569844359946e-02 7.231497087416012548e-02 9.260798691723233500e-02 3.740963706394007104e-02 4.021503060106935111e-03 1.193346996520051710e-02 6.339416394645701336e-02 6.253745319011247417e-02 6.730620521178364013e-02 5.357550196832917139e-03 8.000494835750358857e-02 1.916882084374258582e-02 2.540082796043814650e-02 5.642436352646829079e-03 9.541793206549532488e-03 4.299109362359070791e-02 1.289416271072397861e-02 1.500036382866962864e-02 2.745237872366582815e-02
8.534879034578374268e-02 6.931985792634708099e-02 4.142921506869941262e-02 6.237846963636128200e-02 5.478500825198007879e-03 3.930466736827310792e-02 3.716157897989191827e-02 9.890827685094916166e-03 6.440641828071855257e-02 9.547061258515480986e-02 4.358583449549218586e-02 4.786688126755468675e-02 8.619399316732277716e-02 1.855684157103276721e-02 8.278799117404965491e-02 7.328117039837547808e-02 8.458154703395237561e-02 9.573164097863942623e-02 2.895864202096974996e-02 8.637855444869590657e-03
8.293916547142995976e-02 6.489516469582307101e-02 1.816907364021047664e-03 7.352239371555166492e-02 3.392189107488272765e-02 5.790928445219424570e-02 2.296535335010998699e-02 1.271385765040761173e-02 3.391473093972935393e-02 5.981461047622244065e-02 1.828576316986078171e-02 1.861779717709907342e-02 8.911918630098497607e-02 5.577001429672541477e-02 5.112990419489329974e-02 1.222779545190379007e-02 8.044424557481094640e-02 8.554203155250383536e-03 5.640635268110381212e-02 5.676226017117644296e-02
6.658765299059447862e-02 7.845275498399394143e-02 9.857728743074749278e-02 4.654778556627429259e-02 8.520681631485087226e-02 8.850319478720619637e-02 9.988261739237924708e-02 5.404399874527588202e-03 8.076674772292295745e-02 9.025974769240224793e-02 1.861607738734563297e-02 5.825060788607550749e-03 6.938438343054638413e-02 9.632947321282693542e-02 3.986426992056662372e-02 6.041972063544021054e-02 5.310694185982441085e-02 5.573235415764708073e-02 3.394769523831576985e-02 4.278545317697381167e-02
2.762300689148909985e-02 8.377190239231183111e-02 5.635595223987462099e-02 2.723945147895704549e-02 6.777013140450681428e-02 3.525472335186388001e-02 4.698932273757340516e-02 9.902737674935045697e-02 8.176736836865627911e-02 2.696959870941476739e-02 1.905945399163424744e-02 3.813238257070850068e-02 4.021225979793509320e-02 1.961517788134895662e-02 3.610042302169653994e-02 9.555706109062396536e-02 3.585261368677256089e-02 6.086576231754534105e-02 6.905798942402641485e-03 2.123252990766120313e-02
4.326641587706972492e-02 7.545620709269046378e-02 1.312156008922216351e-03 6.959343785165054974e-02 2.787382689817851159e-02 2.930785785688398010e-02 3.238077240830903453e-02 3.188299233201604549e-02 3.473015675566670790e-02 8.435154947875758702e-02 8.476661242231131599e-02 6.184496378497659347e-02 4.498860532372041254e-02 7.666334009678518746e-02 2.998370807658689088e-02 8.454332577678071170e-02 7.777720996387989250e-02 9.426945367504510620e-02 6.031839091166757427e-02 3.765096142957491659e-03
6.606390866426094244e-02 3.340858265415461853e-02 5.829878855032081392e-02 6.051288963623577266e-02 3.572253650858921159e-02 1.474157417691162111e-02 7.127440053798342334e-02 3.793352134030882061e-02 2.278416390065146624e-02 5.354129184986849282e-02 8.372311009466749943e-02 6.773032143630967894e-02 9.760835417307213435e-02 9.564397372775998440e-02 4.929026914673553805e-02 1.351037057140938059e-02 4.536367832201439187e-02 3.524452109951203144e-02 7.216385539448687270e-02 2.684637797972478160e-03
6.439933180504009425e-03 4.006628702142067504e-03 2.018410535153674149e-02 1.708771917215807720e-02 7.327273140966357456e-02 3.739296705566465956e-02 7.786389598951828916e-02 4.158268646389318493e-03 8.667742028324970649e-02 3.639717464623487553e-02 2.246034083042177873e-02 9.574057940148633650e-02 7.335400208559191004e-02 7.007515196118836720e-02 4.166892190469402568e-02 9.727761020838648909e-02 4.912535557031848937e-02 9.956632433978131191e-02 7.855886324391603281e-04 9.873026058885765732e-02
7.231874751304612388e-03 1.956007405697635093e-02 2.915171614889866709e-03 9.434784522536421303e-02 2.549659191861638682e-02 6.774971314857701488e-02 5.735898739260480994e-02 9.302262952725204662e-03 6.058696312733403977e-02 3.624510066695376537e-02 1.345750000447941755e-02 4.532487071964932945e-02 1.084731551403396270e-02 4.890453927724315586e-02 9.334022089251775567e-02 9.359131194742278947e-02 3.896614505089901481e-02 1.449050262911679744e-02 5.361556462150152309e-03 3.034329150929463564e-02
6.598455556549273626e-02 1.606378827150991770e-02 2.518939208878373526e-02 1.812557227566061885e-02 5.410515727453016344e-02 5.293287689299744359e-02 5.860324290307259570e-02 1.042892227000809073e-02 1.548653830180711857e-02 7.969067479358735162e-02 4.134962462259046678e-02 9.086004342793867206e-02 5.551831753279806714e-02 8.370815512603041464e-02 1.890797448129075825e-02 9.175049167456862664e-02 1.107680970444889848e-02 7.340569357448155363e-02 5.343942033502910305e-02 4.462020000347382415e-02
5.763189965332517206e-02 8.560371833083156579e-02 9.507786386547201207e-02 1.492363081557180997e-02 9.454639736188469312e-02 8.303881692787697111e-02 1.777650491637480443e-02 9.424748706529655073e-02 3.491617573502218269e-02 1.434259230772623288e-02 7.236707679406650939e-03 6.081515432711120245e-02 7.790356915194597553e-02 3.271740793415333498e-02 1.105870525778528471e-02 9.391305454858318857e-02 3.887414250812171179e-02 1.522876158241387445e-02 5.953566024082613053e-03 4.554985105601858791e-02
2.951062608509924523e-02 8.360602245671890087e-02 5.889087783024390954e-02 5.712678584627689515e-02 3.499602106459250017e-02 1.444523342241803635e-02 9.562324784644368747e-02 5.863884602587574046e-02 6.664120099232402616e-02 9.865544595038129583e-02 9.626008695766567758e-02 2.946849372528540650e-02 6.721471184043567582e-02 6.813902340860739093e-02 3.471131947972790760e-02 2.108817277931224199e-02 3.445934355766122614e-02 8.333191177505477887e-02 9.881765079179637146e-02 4.157465715625294211e-02
6.745571486333433453e-02 4.257042434280072091e-02 8.607751857251021155e-02 7.886858331499195518e-02 5.562311459064764319e-02 5.560687702798144255e-02 4.705004513620026328e-03 7.868756986339514592e-02 7.365261266602278478e-02 3.595216450468907005e-02 5.430234076288588396e-02 5.606377173433403638e-02 9.755934723171831580e-02 4.810842628034388974e-02 2.471220328194978673e-03 6.291819313374635847e-02 4.053722214232927112e-02 3.866350942246879474e-02 1.635732784647314642e-02 2.230815363311164021e-02
2.331717493414064892e-03 5.177724539906302520e-02 1.865472921494841854e-02 4.652430158311268715e-02 3.378600140828274395e-02 4.279021741647764249e-02 7.864419878280322351e-02 7.809718477444452245e-02 5.738543820356518943e-02 6.780780965546662729e-03 8.777313250789714472e-02 3.068753827867868461e-02 1.666538874979632892e-02 5.268826260197653766e-02 1.732306152529775739e-02 2.846786396348531881e-02 7.983158702804366014e-02 4.347832440965742479e-02 9.148991642632357812e-02 2.572533721145475738e-02
8.577663100543379826e-02 3.712828966455766072e-02 9.959156757689946460e-02 2.525735656225600728e-02 3.954050045574408756e-02 9.289396011656521346e-02 8.656129453285965614e-02 3.093299399376070718e-03 9.576916154300630854e-03 2.254117695589840167e-02 7.947490208304279491e-02 9.753931514010372172e-02 5.193505556944453400e-02 8.430099967320503138e-03 9.288938072202980456e-02 2.094535139536801704e-02 9.293945752697151119e-02 1.530997584324622792e-04 5.744087585691803888e-02 6.778269038078475750e-02
7.800834851663338010e-02 9.116946228624880910e-02 8.051226981737967525e-02 8.225485122804582216e-02 3.976176005376069050e-02 3.061243068009930277e-02 4.990724213009472415e-02 7.633729926233934204e-02 6.169168585369655573e-03 7.806783783828076528e-02 9.237453597894448865e-02 2.337821766357959380e-02 8.966219558759480623e-02 7.109539434237990840e-02 8.464442116237154423e-02 5.774318117408328357e-03 6.389598480231406530e-03 9.015105588363411804e-02 3.036033200139907212e-02 6.072968912851396672e-02
5.426149598942017760e-02 5.274265312628785562e-02 5.848902545839377437e-02 9.936684996666257652e-02 6.294071877919205082e-02 5.904678031431387364e-02 1.628826728965204751e-02 2.663073295976252711e-02 9.169061254222535262e-02 5.146837870627277850e-02 3.063688281269213651e-02 8.498811349348178723e-02 9.369333659267425896e-02 6.491725746828251598e-02 6.592415212543832614e-02 1.349255980929127234e-02 7.693852694623803945e-02 6.830398835790753298e-02 1.321551034779214900e-02 2.401818410229309558e-02
7.121785510310048306e-02 5.219696346249652619e-02 4.102588021532904694e-02 6.896531859932186759e-02 2.568146654969705525e-03 2.782863388325566151e-02 9.182677147379783578e-02 4.937031849325652921e-02 2.592165348184547607e-02 8.070015552153309013e-03 2.719369029921644629e-02 8.631815355886578167e-02 3.676739479420289280e-02 5.537696068504557867e-02 2.933596319766472796e-02 9.976597386759945840e-02 2.092791218183344404e-02 6.879581813384823274e-02 8.223833257071778979e-02 4.144069600356991429e-02
4.602492398401778623e-02 3.774020608198236371e-02 1.946140913464045139e-03 3.978414586100148531e-02 9.506922104552913144e-02 9.699359544692418011e-02 1.308335983820233667e-02 1.564116596164382214e-02 5.313997030228578833e-02 7.790204369844279386e-02 3.791474257903396788e-02 6.620454164141574560e-02 2.646695648810986137e-02 1.092642580595506487e-02 2.950951433726765188e-02 3.001206396312782257e-02 1.149426920659939524e-02 1.993114734421297472e-03 7.495485192606307634e-02 1.593812634112556957e-03
