2.467544156903289376e-01 1.842420485746906408e-02 2.777601857363269644e-02 1.321494180119228978e-01 1.316525985050015224e-01 7.884766197111117703e-02 1.864920228132955701e-02 1.305967213427143003e-01 8.952149408858059432e-02 7.773581522443812064e-02 1.314728301412292910e-01 4.696978175470976208e-02 1.405559147219079819e-01 8.572426967142487975e-02 7.916484039585541810e-02 7.646686508789166115e-02 1.647642946087426730e-01 1.350902475231626487e-01 1.032957621401948134e-01 4.066066825087036318e-02
1.944798704534900224e-03 1.991810833048165627e-02 7.179300162751910130e-02 5.381162048190835101e-03 9.543125933685200901e-02 7.294644554519735813e-02 5.714489197212178212e-02 8.031649627510487055e-02 3.916622537965425144e-02 7.015365382303438702e-02 7.144081139234587097e-02 4.301519966819154078e-02 5.617641869094317647e-02 9.484626341800332650e-02 1.044565359690438101e-02 8.092580879506870717e-02 4.325583375398212548e-03 8.057612247571917241e-02 5.750680904082050744e-03 3.984204047350795030e-02
8.265123714443606273e-02 2.971685321216353121e-02 7.852509338459034982e-02 9.214018325851396074e-02 8.495341267941641794e-02 9.752834663747539379e-02 7.822126315109823036e-02 2.185476343392821555e-02 7.697056337777001545e-02 9.303000383577763807e-03 1.439021116645844423e-03 6.028252954661331847e-02 4.683058522473249052e-02 5.231240930374059760e-03 3.649296731258155208e-02 6.333865962360318846e-02 1.830190837039867915e-02 9.316673570073627508e-02 2.858181310399198274e-02 3.556299592343004252e-03
1.017223341496342748e-02 7.599113056765183921e-03 7.159696354621020165e-02 4.463404926791808558e-02 5.036762427619620452e-02 3.374203673245768260e-03 1.793088553804643784e-02 2.427671677860174931e-02 1.151690398043181407e-02 3.051474437188502961e-02 7.309195531247533739e-02 1.823781443329175467e-04 2.712050735486814038e-02 1.381631573027327677e-02 8.308414616657111562e-02 5.709471612546604402e-02 3.095040041017228793e-02 1.874553145465908052e-02 1.885532580231488384e-02 4.533034594617191271e-02
6.668054500714208632e-02 8.566112520817507903e-02 8.135786089661245502e-02 6.363625064834903255e-02 9.271117393721750588e-02 5.441341861048407808e-02 4.969892313133945916e-02 4.391127439970798907e-02 1.653335713091283118e-02 4.379554564954146745e-02 6.422665064742227869e-02 9.996276543382998092e-02 3.543428341860499920e-04 8.971190371849502992e-03 7.970934118760486953e-04 5.173582856870972274e-02 9.626801238076326817e-02 7.744736269363939468e-03 8.594650499507509867e-02 6.160800298576361161e-02
9.811829298270255406e-02 6.781572759307077924e-02 4.226729093177649527e-02 2.423797044873121642e-02 1.636960725293015381e-02 7.298538528883855014e-02 6.723059543483059231e-02 8.271910423726644424e-02 4.731745926823704290e-02 6.526687601302395836e-02 2.940079452374178438e-04 4.951972569787824185e-02 9.168906994730418800e-03 1.349013822295830334e-02 5.548354705701041140e-02 4.866901333632100285e-02 8.874602293374650452e-02 7.497526765526593695e-02 1.586837141230244136e-02 9.547950050550083056e-02
6.561552135289303034e-02 5.660763911366614720e-02 2.911995906164382975e-02 8.315015230482146469e-02 8.976442761567964002e-02 3.635524166259849338e-02 3.212331415138008212e-02 5.798277744163093939e-02 4.368178569345161633e-02 4.903011781673220076e-02 1.714960845035729074e-03 3.699862391104763448e-02 9.085630690908308438e-02 8.451838472334485819e-02 6.138151929273279184e-02 3.941015216257079401e-02 2.208309466613265354e-02 4.386889821554521007e-02 6.770143363298448957e-02 7.511638416559007769e-02
6.708631555209558506e-02 1.297673583305638569e-02 4.758878841392751025e-02 4.859995237892159037e-02 8.294433382303853519e-02 9.625807506504058253e-02 1.160214944129524077e-02 2.986759156183760311e-02 9.374147103065139097e-02 7.362520273423039940e-02 3.678624444176031155e-02 8.334126240071718095e-02 1.985227902709874037e-02 3.458028613119558392e-02 2.452000053779265429e-02 7.085087321260133408e-02 5.224408568577524475e-02 3.709224468340809738e-02 8.693087470496010938e-02 7.797475901650161023e-02
5.002647248260014973e-02 2.157319234957798607e-02 8.181573553824295075e-02 8.252209510421815164e-02 4.129935114865486423e-02 4.515105677689180974e-02 1.919452302875369887e-02 9.842020642075777204e-02 6.861644986939720303e-02 9.531366068622362797e-02 8.657271752169394541e-02 3.452644214774832493e-02 3.489866508353674235e-02 9.568223394702911333e-02 5.366454232047968183e-03 4.385230432966330527e-02 1.295565574850892146e-02 3.834575383466420212e-02 4.126065503791325612e-02 3.476281123066332635e-02
3.924837138744979859e-02 6.814288090373571416e-02 5.023481074892593296e-02 9.563896201721652779e-02 8.473036694294827642e-02 8.290991141085278515e-02 8.325363349907313748e-02 3.536762472408085806e-02 2.772593966921317599e-02 8.927818050637699454e-02 5.623400839010969654e-02 2.354621419801768145e-02 4.946670603634518992e-02 3.095092157234556954e-02 8.612327314414737478e-02 5.163215582924349234e-02 3.764249930598173588e-02 6.703937526147146775e-02 8.916792013195939948e-02 1.239791249473076815e-03
8.858574771342331289e-02 7.807490835544747543e-02 5.496981882372790201e-02 1.212960747111950857e-02 7.735235259089785764e-02 1.026923788263280936e-02 9.445888837950436323e-02 7.094471298026297501e-02 9.901511197111940998e-02 8.062932779483392154e-02 2.111101510016398855e-02 4.784834106663347214e-02 3.843719910434598847e-02 2.702656357879367269e-02 9.935091633649804910e-02 5.874507393779463543e-02 3.791078884151980605e-02 3.254665526174489731e-02 9.398863252763500764e-02 4.467563034587425375e-02
4.437262032010458497e-03 6.082074576941403493e-02 7.647702918454873933e-02 3.379816181781249845e-02 3.186640564454490399e-02 6.220510104078633834e-02 8.935289073543489780e-02 8.476923473444307466e-02 3.789288447659805437e-02 6.769818340022835945e-02 2.337975856182246404e-02 3.101369238590875529e-02 7.266079513352088903e-02 3.643178625253686714e-02 1.983771916846575195e-02 4.517328759374716896e-04 8.271686733656287427e-02 8.433508224695634992e-02 8.035728478048750900e-02 8.025406361451967174e-02
6.393308814648154814e-02 5.181858780178795476e-02 3.221307229527838045e-02 9.691799961804725694e-02 3.028928610798988993e-02 6.072680621813371371e-02 8.056752355959413692e-02 7.715590798685230400e-02 7.653484709821846421e-02 1.634796458929712801e-02 1.346416593862762717e-02 6.282761616517038017e-02 5.832979944464605770e-02 3.674616877615251298e-02 3.043869066192637224e-02 6.535422236303911614e-02 9.303379327364290352e-02 1.642944882501721354e-02 9.310642856751415175e-02 5.937520827557925263e-02
6.378692591710549697e-02 9.769638861806922980e-02 3.417509820321734670e-02 4.344190898276190094e-02 8.863114152565174098e-02 9.160550333021139080e-02 9.749588175095556808e-02 3.988179343353624035e-02 9.687276860000566814e-02 8.134764611122152766e-02 4.584203758883448332e-02 2.550693040442642326e-04 3.448567608983715144e-02 2.400079460441957580e-02 3.238110828482251152e-02 5.069927482705464256e-02 3.209331458471579440e-02 9.306207308596334271e-02 4.680564776297986562e-02 7.217385380448149319e-03
2.000641414265132145e-02 4.009721150961251951e-02 5.336415163636983039e-02 6.334671150913027959e-02 3.678991230418665603e-02 8.727380499495396293e-02 2.058736571390495929e-03 2.666790644038224967e-02 1.417855461437427314e-02 9.289479590825511224e-02 5.086566470799938622e-02 7.442951543660315805e-02 3.101653542458834498e-02 5.597084355068043804e-02 5.378826659782184882e-02 1.167219189922782431e-02 2.138356433251751426e-02 9.111846612225801834e-02 2.919198865168292148e-02 4.834459907828512343e-02
4.148404049802243559e-02 7.712344674027898916e-02 7.954839518043402280e-02 5.715660951533797079e-03 6.337332254263125519e-02 1.183194149274868767e-02 5.121018568190326831e-02 6.823374663655216998e-02 4.400242019696594398e-02 3.651634950810891261e-02 2.894233794603996712e-02 9.919757401851786449e-02 6.216297006493677613e-02 3.995783802768071782e-03 5.135436326195047529e-02 8.846114108633761075e-02 7.040942678691082535e-02 8.792220140025627795e-02 7.836900997598796048e-02 6.938683830078332115e-02
3.485963912634243433e-02 6.149169172114657411e-02 2.398465962333711302e-02 5.133410949679611396e-02 6.268509825218211706e-02 8.887657221856738038e-03 1.388439243541919089e-02 2.558290643696490424e-02 3.613483597645168743e-02 2.453546338870820145e-02 7.575286007244019792e-02 3.210421677438194538e-02 8.540839659818229290e-02 1.339185630968792173e-02 1.791735215881307131e-02 1.015142760366613030e-02 5.950199703251828759e-02 7.198500432695557893e-02 8.871592623739570083e-02 7.451008265310566335e-03
4.369737825766887435e-02 7.399571880018943060e-02 7.466512310276189612e-02 9.600879648708149361e-02 1.027748721970487417e-02 1.038085917365857459e-02 9.082466755261284219e-02 4.454068172011921289e-02 8.850203148972128619e-02 4.758004084073391704e-02 4.136497274275097169e-02 2.320781850627069709e-02 6.367632739714161605e-02 2.893727932173787570e-02 5.052821869521807729e-02 1.369441575557151089e-03 9.732083837083468913e-02 4.875811948174907373e-02 6.003751027012596553e-02 4.631561328330743854e-02
3.508971609390731938e-03 5.353301377673235634e-02 7.445298432272294542e-02 9.232282777846959054e-02 4.294251192003276790e-02 4.292193186506405855e-02 2.932365284337586087e-02 7.546739617775843900e-02 6.689639666088864622e-02 3.000021566572508378e-03 4.926649411422298619e-02 9.805653551481270658e-02 8.552664342763934002e-02 7.537781470860388522e-02 9.812904201227458378e-02 9.700131006546387422e-03 2.640479574171478161e-02 8.746254711586609609e-02 7.816671637132935335e-02 3.713115977363733861e-02
5.697985353578373380e-02 9.317868062495604509e-02 5.249970210028976486e-03 4.753060314274779735e-02 6.190317139498859034e-02 2.801277892989240299e-03 7.638628030767195820e-02 5.464259314270972223e-02 9.908048562164778472e-02 1.795904873596632177e-03 5.150799920967610857e-02 4.515184446368297050e-02 2.626041147478367505e-02 8.123273759817072059e-02 5.316359654628896592e-02 7.407559005537411867e-02 1.092674929980022060e-02 9.667470630912559926e-02 1.848185067207699581e-02 6.760325460575032641e-02
