1.879223053435384871e-01 9.118563409890641236e-02 5.874745602110151982e-02 7.982030575685759854e-02 2.423382706859675273e-02 8.424926163597831752e-02 1.241408478168462559e-01 1.175157905539378350e-01 6.764754276773481123e-02 8.959762853581559883e-02 7.744592654784399066e-02 7.233399013324592897e-02 1.337287998894030883e-01 1.420319408894735180e-01 6.242462578950379315e-02 5.121659638661114899e-02 4.573996261598180929e-02 1.553781930112517751e-01 4.644418573229036618e-02 1.000082515976896819e-01
7.091013295057682631e-02 7.097991900819385080e-02 3.720155840922746704e-02 3.225128640013030790e-02 3.327499533102884575e-03 8.925425336957429345e-02 8.362705210805720935e-02 9.021864311066735143e-02 8.919575052336675691e-02 4.801586041921632186e-02 6.380298860843126125e-04 9.824423953228245132e-03 6.112741861317963488e-02 9.128417268027143316e-02 5.995281765650207172e-03 9.900382371255950220e-02 3.722954286312329247e-02 1.698259059104604424e-02 3.191782314052188374e-02 3.332087622380036640e-02
4.682659178241335707e-02 6.143013933061900606e-02 3.386279159747223461e-02 3.185725403642993003e-02 3.923192978652511459e-02 9.203006286693592164e-02 7.083361358641768191e-02 2.258485221804341914e-02 4.394005986857423690e-02 2.753618927984426146e-02 7.109537712180862001e-02 5.645079669042216142e-02 4.169561408845284117e-02 7.064840088020908626e-02 8.477463664475437533e-02 4.282564946225270175e-02 6.308259199698190711e-02 5.737033705519689608e-02 7.335079372652207608e-02 5.663745949150307546e-02
1.719346825934387965e-02 2.298576108066262627e-02 7.609921483655517072e-02 6.300260232328855348e-02 1.048991251498217030e-02 4.575330294157534117e-02 5.079986846733369754e-02 8.378790857042917040e-02 9.313343859170565564e-02 1.859444182161741274e-02 9.378451950839064577e-02 4.312424482189539110e-02 8.159526986413781491e-02 4.721324355626727032e-02 6.535559208240548923e-02 4.094042441686313039e-02 7.145531222339951416e-02 4.489943519917381082e-02 6.972214884527493106e-02 1.244010318485128108e-02
3.609725839225241817e-02 9.978842308346438927e-02 1.672144108698891962e-02 7.861182517460918451e-02 2.913827088750982341e-02 5.832194021141912620e-03 4.696253629075244906e-02 8.892266207868637640e-02 3.871363166388819277e-02 6.653404843046450967e-02 1.926255001576210324e-02 6.048553478425378049e-02 7.739746547862384751e-02 6.656583962860287973e-02 3.648003822911403266e-02 7.001750648955352985e-02 5.767738689741606223e-02 8.578897985358836450e-03 9.013283116328855982e-02 1.117897391135595081e-02
8.153882502054699000e-02 6.797741809163872218e-02 7.771241657063476804e-02 3.073033107615741333e-02 2.303294983075467040e-02 7.266918383972642559e-02 4.356905160057433779e-02 5.973384718754901068e-02 4.946247331296196870e-02 7.249752400536126073e-02 8.200414359674992881e-02 1.967843892626083488e-02 3.801764154407225038e-02 1.998692578377141496e-02 6.306469318022384085e-02 4.727296464487773953e-04 4.856669728012041887e-02 7.737643682137466949e-02 9.306517952645104730e-02 1.848262652661195743e-02
7.230116504021887047e-02 6.705596217794106140e-02 2.901650968244822229e-02 7.032114596108376969e-02 2.234019520798258274e-02 4.792967309759522260e-03 5.808016931598345561e-02 3.743589796969207933e-02 8.785050456055706891e-02 3.752741415549502163e-02 3.705093939696268990e-02 6.129171367969380585e-02 7.724025799439160345e-02 2.861665456885409409e-02 5.554188660317175424e-02 8.996818369610964927e-02 5.667204345636168983e-02 6.681630859715301241e-02 3.835826440543112226e-02 8.614293297490131784e-02
7.508068328379907674e-02 1.329780503717810196e-02 8.316954322255970533e-02 2.408943048694578426e-02 4.915723203594721258e-02 2.850766516758446167e-02 6.132826904644651800e-02 3.626673788808688903e-02 7.346807964218427661e-03 3.990513190817791822e-02 9.935172653302315818e-03 8.856803559549333849e-02 8.394821793841356072e-02 1.875635112853819841e-02 9.535997964300385599e-02 6.013959726033683145e-02 7.255277507933510783e-02 9.871867377183492220e-02 6.809218677140481402e-02 4.723483443980658336e-02
3.418956658467431353e-02 6.386063871213434884e-02 6.840619876153050671e-02 8.711818419667971547e-02 5.433590384388358591e-02 7.993613468716052883e-02 3.981333291306854427e-02 5.214501210680452803e-02 4.317008625111626308e-02 1.774712449752080534e-03 2.561070312843129193e-02 2.662396386681467261e-02 3.051532048664800170e-02 1.548447321752568530e-02 7.002169777754392588e-02 4.429832977476420158e-02 9.444064112802591504e-02 3.725870565555459285e-02 4.869640658641005704e-02 6.100191263014764775e-02
8.016411059583103405e-02 4.181509991848994523e-02 3.355751063189135047e-02 1.260301447839711278e-02 1.796856327514435511e-02 8.979859288285629848e-02 3.875449320891262428e-02 3.547938521865334066e-02 3.461059662867114334e-02 5.294894049657116603e-02 6.067293128260199675e-02 9.634643843048411316e-02 7.850724017656204867e-02 4.020899747395211693e-02 7.517582363802222112e-02 2.750932443998316268e-02 9.455708935447568186e-02 9.105866437977750208e-03 3.801394498715687797e-02 6.316656875375613323e-02
6.525098210767214801e-02 8.727997614415316727e-03 3.687562362921714947e-03 7.116917234058571518e-02 1.882840746766177922e-02 2.184579171806277833e-03 1.040722825852047340e-02 5.304834170140643179e-02 4.504633814075245657e-02 5.322467689816801073e-02 7.922546541934916359e-04 3.067485812901556141e-02 2.847930438185092283e-02 4.426641281675289252e-02 1.231720728319829527e-03 8.863773149297690668e-02 9.914578279437478991e-02 6.658626359380681592e-02 5.054542221836101634e-02 6.262108137535138397e-02
9.685736137583832173e-02 5.246254475385436766e-02 1.969474289012633841e-02 4.500264561425448145e-02 7.492858551625962427e-02 2.359921887282994193e-02 4.159335987050932770e-02 9.057423937012201720e-02 3.768800403455601494e-02 3.582948293534983508e-02 2.114780619029288378e-02 5.566613850872207531e-02 6.782075088009381636e-02 5.804092555204572179e-02 5.180672929021135726e-04 2.888430678541490521e-02 3.240615697246135296e-02 8.050098569478081334e-03 1.619577497085586057e-02 2.104873457879366180e-02
5.517618908867039313e-04 4.074708613409790126e-02 7.355762309658059328e-02 2.106201408293045807e-02 7.209569456974017354e-02 7.901783384298027846e-02 5.753208296856601733e-02 8.627152063258042292e-02 4.674447206455939474e-02 3.246614374040362322e-02 3.415835627243675454e-02 4.471525357368721920e-03 2.147458241105829752e-02 2.428543053242626648e-02 1.126742140789612802e-02 7.109430085536912192e-02 7.730938906715012493e-02 4.312524208249904345e-02 2.168299773461630775e-02 3.648145522736257265e-03
5.166838603416338410e-02 6.681337672969564490e-02 7.688377978096716525e-02 5.004301125569583786e-02 3.796211088675924966e-02 9.187209386830647029e-02 7.832767338426552262e-02 9.598731886137934488e-02 8.696846483805328876e-02 2.925479532563373189e-02 3.947607797279426706e-02 7.259698657580362924e-02 2.356260736968453229e-02 1.468553678051234303e-02 3.733448471250411412e-03 3.165692936977355931e-02 4.759281591969321407e-02 4.054172903677921019e-02 1.457556914165860674e-02 8.364203318900176320e-02
8.845996943390894984e-02 6.713962519271128582e-02 9.655796062801741408e-02 8.143917690078532334e-02 5.956696650455350905e-02 4.422719750033476949e-02 3.157333599218323933e-02 9.812268702660270625e-02 1.558749754717836389e-02 1.405802072310981081e-02 8.933916252533805058e-02 5.866946314230814252e-02 2.737163776128258633e-02 9.414214533924096517e-02 6.472759843329282947e-02 7.689780913626598647e-04 7.475873059380905294e-02 1.232105352107187857e-02 4.868475252902520339e-02 6.086338810929241977e-02
7.507460090779742579e-02 3.662530424764811471e-02 3.412039343829775112e-02 1.495094261453089411e-03 7.586578419020537090e-02 3.815749596126802312e-02 5.714951540212920636e-03 8.660414365312320284e-02 3.103033846214313732e-02 3.711212423999733778e-02 7.217597872395188630e-02 4.224119341807052591e-02 9.745101773448201776e-02 4.650411697429927133e-02 2.730623143294351809e-02 7.569708853277479221e-02 6.495651011564596358e-03 3.823863711953099515e-02 8.828647787866517049e-03 7.230485935292088606e-02
4.596028252983095502e-02 4.183400910373050868e-02 3.999916317135491367e-02 4.134514915004770114e-02 4.125523758077873082e-02 3.730172748164033852e-02 3.847708763302799817e-02 3.815854289409732758e-02 4.673284061135594275e-02 6.197566083919719970e-02 3.041314447121783518e-02 1.033585683707998262e-02 2.489369849462962428e-02 9.160451942940862555e-03 5.879271258396245869e-02 7.451720292424347802e-02 8.012721829972510590e-02 6.068412709288661250e-02 9.624393731563168908e-02 5.775972306475938428e-02
4.068442470625784069e-02 9.282125574830253634e-02 1.167600564864845758e-02 2.754664775155405559e-02 8.278454691537009968e-02 4.908657870049253774e-02 5.781942812370580165e-02 8.626764728855353115e-02 9.279685475246340909e-02 4.326829146040592211e-02 2.261138550383198428e-02 1.123954660869800476e-02 1.938250009911775262e-02 3.762398066141128816e-02 9.506777627095552852e-02 1.179760691383037290e-02 2.570696494709037369e-02 6.940183966898932910e-02 2.128075376536042902e-03 8.395760405817673244e-02
2.387197580323563700e-03 7.381959979003072624e-03 4.123040692397860613e-02 5.248263430980552174e-02 6.347451863317599141e-02 6.368438282922937732e-02 9.506464388257888920e-02 7.384375436782956992e-02 4.467539961553045752e-02 1.781182292171765852e-02 2.716253456175800329e-02 9.582823630399935066e-02 4.909821481356674289e-02 7.102695798213398692e-02 3.304158794585913134e-02 6.288919909695481203e-02 5.557582525181940097e-02 6.006787456466816666e-02 5.628265577654961022e-02 7.720341735901831148e-02
7.137902421592061397e-02 2.804913819127931307e-02 8.924120109349305274e-02 5.248490322866052049e-02 2.808437615277013105e-02 5.420503172331463809e-02 4.648135034030610735e-02 9.980061288419998788e-02 3.887604188221915197e-02 6.906559198526314447e-02 5.743481597822217705e-02 4.353669764713782864e-02 8.520243954291062405e-02 6.608277615046517783e-02 8.965394961939375518e-02 9.935047806322666597e-02 7.954266836985446343e-02 8.469265255478963805e-02 6.391255751459677670e-02 6.432712776230674334e-02
