2.311583843823301343e-01 1.367289448217595127e-01 1.124423596960890670e-01 1.148976250139316369e-01 1.202941970784886239e-01 8.409754003421604507e-02 9.162577126082324663e-02 9.596644415505985182e-02 1.080813406839635782e-01 1.641811082432918512e-01 6.328329456312453694e-02 1.294951951635877618e-01 7.842054874794568420e-02 2.280403279067882982e-02 5.041175698485213241e-02 1.005193128521542772e-01 6.012743434468541259e-02 1.054208050573971489e-01 7.256180585195712296e-02 8.081833036075924959e-02
5.054768618319085277e-02 7.937718441162575078e-03 5.272902305979508542e-02 8.907648485098003388e-02 9.773869602938481393e-02 4.386585430962906818e-02 1.712882707447548752e-02 6.338882353110676660e-03 5.996781233296497038e-02 5.224335979870114999e-02 7.179180977566124687e-03 8.509077812685544862e-02 7.048470205495920016e-02 2.677861930380544611e-02 3.285317443736704424e-02 5.539310481903162581e-02 4.684118439762838954e-02 7.455131905857098618e-02 5.864462685716603091e-02 6.438086226573912219e-02
1.008942719277840516e-01 4.555663463537926519e-03 4.602929011754818694e-02 1.638077618448677622e-02 8.580325260956825351e-02 8.673071219922175168e-02 2.945005810575080860e-02 2.950891421252709382e-02 1.170646214495259414e-02 8.231314495760073957e-02 2.334307139148524002e-02 3.274179895478019492e-02 6.649374451839965006e-02 5.221746433501322365e-02 8.595801874285087518e-02 9.527290474627729544e-02 2.619796499363550787e-02 1.838835244362701724e-02 9.111932480028793468e-02 7.659009382871521943e-02
3.704621297927598172e-02 9.397551827030069249e-02 1.480043539218350683e-02 2.126968907509235382e-02 2.630813030548120879e-02 6.729463563633786283e-02 8.553270462321123369e-02 5.599326258535441275e-02 3.814713149455640356e-02 7.705682236953375480e-03 9.230185151544254007e-02 4.945698969851753529e-02 6.286855122515097594e-02 7.181530588753065603e-02 6.167287022455165274e-02 7.340524644040892499e-02 9.667286039028266664e-02 7.000249847094774935e-02 3.938622091886277016e-02 1.209022030413756978e-02
2.459858875173804183e-03 2.215462470468767056e-02 4.250707119609972717e-02 2.041501308739769593e-02 2.920139370071738946e-02 3.809733028022911638e-02 7.037055055552803029e-02 8.826134826818976542e-02 1.702350814656053771e-02 6.950014307838694007e-04 8.368336890143281137e-02 6.961163026911162954e-02 1.002326180559567625e-01 6.620035597004615691e-02 8.478909396465358905e-02 5.256153750390561707e-02 5.007314682055882121e-02 7.591051627327766171e-02 8.646704210747968578e-02 6.675939164341632148e-02
3.942088754224089384e-04 9.848231198536425146e-02 7.618086252485647969e-02 2.343625152344709986e-02 5.007300236158555157e-02 3.001893995212039437e-02 2.927228072273891160e-02 7.781826007635833653e-02 7.734508400147039817e-03 7.492583903769385600e-02 4.389141713220760799e-02 8.152165023995130988e-02 8.678886528007478951e-02 1.672221631197062103e-02 1.089119133265884984e-02 6.113096343224298096e-02 5.649965600904398311e-02 8.904283192262438251e-02 9.239393201004814093e-02 5.686936532964254401e-03
1.180529976807095927e-02 7.391407286280528288e-02 4.400942415362117666e-02 6.916261414660024309e-02 5.027955232746127157e-02 1.113212596753321119e-02 7.098442181153531705e-02 7.653562437617343617e-02 3.845210155834426213e-02 6.180772918855016729e-02 2.635289090145891133e-02 2.466490559677060948e-02 4.341206772810817655e-02 8.608284413395028700e-02 7.409844750399806335e-02 8.188287580920879105e-02 2.553149693738469492e-02 1.149670376914868619e-02 3.232416546063870272e-02 2.284642666739914244e-02
3.142864081643357427e-02 8.705325997050999964e-02 3.144866295993693772e-02 7.458469798031207645e-03 1.253763511170716272e-02 5.165051153420174845e-02 3.320595802610780412e-02 7.403746186495167858e-02 8.420543108004202582e-02 6.936303425407343293e-02 4.319999909642407293e-02 6.738606044182768318e-02 4.800864417987968369e-02 1.895548420172401757e-02 2.480420394246524163e-02 6.161198864174517037e-02 1.936157107439870004e-02 5.579548778448102653e-02 1.624774984241503240e-02 5.549936309360956749e-02
4.568215848736949247e-02 2.071224948414157607e-02 9.704781911420146123e-02 7.686447425090665864e-02 4.241735821778678910e-03 5.373426814891631154e-02 3.684617813603526665e-02 5.130923681145142107e-02 9.377763683870385392e-02 8.239744065968508668e-02 1.893799344391376704e-02 3.850792691803304330e-02 4.336125694471148345e-02 8.297169710222150607e-02 9.015564040601914408e-02 4.933229503569578484e-02 2.082977921931681783e-02 5.252247778826930197e-02 4.527220822016257695e-02 1.611522520930035868e-02
8.575447356603521643e-02 9.242752972542610246e-02 4.696392870376419129e-03 9.959162112553675283e-03 7.287230671782773950e-02 7.707210349154355877e-02 8.003403622179574434e-03 2.103828867943939585e-02 8.708383791063400992e-02 5.525795451419350697e-03 1.358470849642928226e-02 4.487250878455778524e-02 2.196220654325453658e-02 3.901679537391568309e-02 6.050593901776626232e-02 9.045137929905676388e-02 9.615803411221031383e-02 4.635224310985682633e-02 6.200704670307947974e-02 5.445642679076909826e-02
6.320116113972865102e-02 2.035674588088923209e-02 6.257358024238006411e-02 5.765402705962260205e-03 9.789020101965249798e-02 5.573477148455115160e-02 9.956095877297070629e-02 9.671145825062694990e-02 5.219743935208773222e-02 8.447922046151852549e-02 1.783499891315521932e-02 8.177718379362834689e-02 7.657007505032273342e-03 7.244725169128192477e-02 7.423976265059767377e-02 3.773738950846475260e-02 3.968971364278802566e-02 6.702552959733590332e-02 8.828105522844605091e-02 3.096983722013901472e-02
8.092985708803257516e-02 5.317739933964844845e-02 2.006187298688025950e-02 8.166117648739919244e-02 6.676000456611874689e-02 2.001517163845081132e-02 7.817066453790978697e-02 2.397970388126352895e-02 4.234835296074623140e-02 9.356899768891162317e-02 2.963357582916360117e-02 2.717371404957162617e-02 1.009632622653717643e-01 8.049140456691561418e-02 7.997378835560833843e-02 5.388951054873343180e-03 2.271305905389891730e-02 8.106654460273847451e-02 7.193263465183240279e-02 1.630908911426121738e-02
4.074636028608596972e-02 4.738777256845843472e-02 7.569194652220716246e-02 1.447171522704212513e-03 4.426412789165325330e-03 8.514339708356805092e-02 7.377806055244223032e-03 3.221208249076683988e-02 8.669808654848638885e-02 4.061190691373711692e-02 8.888065245351706167e-02 1.431840132630590214e-02 6.025201592071655760e-02 1.352329155904162875e-02 3.322639680040261057e-02 9.571885027129133083e-02 1.344357104698265873e-02 5.608632861677551040e-02 1.219191821816055683e-02 6.386187350499208937e-02
4.078733448038355386e-02 5.148180211291177727e-02 9.180552090012217281e-02 1.887246391619762723e-02 6.134128606245942139e-02 5.986745246645468199e-02 2.227098519778541313e-02 9.592368463134921808e-02 8.751910219874980967e-02 1.626461505918407047e-02 6.836676646808510782e-02 1.503254590437197273e-02 3.301614123388399435e-02 5.641606656789235376e-03 6.585026909360454372e-02 8.859997728678653539e-02 3.322692478488796508e-02 9.159477831701204331e-02 4.263327070555749526e-02 7.751152737679759160e-03
3.816607173519674656e-02 6.177635878509796924e-02 2.758081627480889891e-02 1.188324208521987805e-03 6.536874060802948250e-02 5.742338381016159898e-02 5.415888563827982345e-03 6.591489301967823344e-02 6.261029507928847840e-03 8.685801925231834142e-02 2.372350814080822698e-02 1.008033580009700531e-01 5.190171755530199188e-02 5.699847988774614516e-02 1.076175598893570722e-02 3.048235952697391990e-02 5.151812475099304400e-02 6.802084786493577118e-02 5.520723380405978542e-02 2.030519283522200669e-03
9.746616971573603128e-02 4.000752618626329110e-02 9.092109676317242095e-02 6.524180675563827358e-02 6.791633135731230987e-03 2.436726132611768264e-02 4.432804732117349295e-02 4.337781651747422279e-02 1.518658600909617365e-02 5.789356176921399422e-02 4.644323919897732494e-02 2.987987695567777963e-02 2.735370830156938840e-02 3.398704331255962552e-02 2.030714373883229368e-02 3.746778647455698517e-03 8.337453419531049015e-02 7.797855728452153523e-02 7.912211428859027007e-02 9.886091426571678997e-02
8.807963069002311407e-02 1.484536619583205069e-02 9.100649754878274711e-02 4.013867910338499156e-02 3.856736943491217290e-02 9.568162493933440871e-02 1.629672232809531093e-02 7.799976098938651847e-02 2.254350544820640095e-02 2.387996246400999473e-02 4.990981655025863301e-02 6.572808058207842141e-02 2.461584524000574523e-02 2.096157041862119642e-03 1.166551902252121846e-02 1.095106931173863915e-02 2.394019049237163660e-02 9.215725042309562409e-02 1.329066649212425066e-02 5.708408152530636270e-02
9.295639095618055125e-02 7.533561236704443276e-02 1.850330779590251412e-02 9.816954485276022102e-02 9.514488040575133643e-02 6.990332293137677122e-02 1.403601981247930112e-04 2.589318560946205026e-03 1.835642352596322108e-02 6.984538287797545375e-02 4.300584455544739781e-02 9.464685785330805012e-02 8.332992756928385425e-02 5.725575136262994053e-02 7.044324526732276270e-02 1.016427369541400422e-01 3.269985509110151511e-02 5.729452728564442265e-02 1.778440601146371799e-02 9.109433211009005304e-04
6.452822674036167577e-03 6.393185917626696690e-02 1.145967995494321864e-02 1.127924333068665470e-02 2.593891687620086383e-03 9.744899018249270073e-02 7.247230534533111168e-02 1.209599059928130951e-02 8.252206368162304240e-02 6.658322359215339270e-02 6.147593213763573490e-03 3.926590622985428464e-02 4.749998008840336516e-02 1.876872621730433718e-02 4.311096358070522216e-02 3.311035678793530779e-02 8.557116218127341911e-02 2.143121578640905592e-02 2.814975106961222287e-02 6.115166467613138840e-02
3.337458475358880822e-02 7.206515997232514070e-02 4.673771498394348883e-02 1.981282860545225191e-02 1.490503605836768393e-02 7.613456329921586274e-02 8.957786351753195542e-02 1.813855812789092609e-02 9.716229991681889222e-02 1.899302753238955171e-02 9.533850026303129777e-02 7.426926469045068424e-02 1.823013185474486528e-02 6.871385134783142279e-02 6.155188603613625381e-02 3.859531686180717180e-02 3.918919829596664850e-02 8.617223917153495061e-02 9.541423793824585498e-02 2.133748778358827980e-02
