2.338700041655727702e-01 1.210482666867014334e-01 7.106982970624717288e-02 1.268948596985956800e-01 1.494360286658119596e-01 2.764519582729824121e-02 5.219658537119664654e-02 5.350336356675265692e-02 4.719427648210857557e-02 1.120808679137211550e-01 7.228660602529106416e-02 1.068625825828944664e-01 1.725933597228462291e-01 1.501362842634507838e-02 1.989855320008654047e-02 4.334787658736748150e-02 4.979772139387841912e-02 8.620125457622968002e-02 1.286314613128695938e-01 1.194961880163362689e-01
2.565459868878456999e-03 9.213285739794155327e-02 1.768931190004064888e-02 9.643313490940243204e-02 9.413538814370370211e-02 4.864884344332556787e-02 1.668856033705587091e-02 3.917817108514939223e-02 7.643322986745575143e-02 9.427092862908768856e-02 1.788982886314882670e-02 8.908832794917836972e-02 1.602903443663410837e-02 9.125819829840400854e-02 3.693660965912114874e-02 7.338057296010146342e-03 5.770651084882728876e-02 5.903895185280029533e-04 2.099891296992262638e-02 4.153308424815597283e-02
9.527472913327270088e-02 4.344243158753179068e-02 2.724765033658620855e-02 7.220507654158245248e-02 7.386040352392900243e-02 9.573649820233531837e-02 9.633885468605533908e-02 6.820614235828220684e-02 1.070817619452516661e-01 3.868204244735565234e-03 9.353525774003509929e-02 6.723581636055819821e-02 1.036546712414737267e-02 2.381180565550491610e-02 3.901187003367385248e-02 4.078904586674681615e-02 9.254001378453806381e-02 6.655926936914258185e-02 6.013526149768860796e-02 7.531267716351819352e-02
4.907798351316607771e-02 5.929203373084998563e-02 6.370616809299661787e-02 7.422610727915096573e-02 2.907271506604398176e-02 1.015473497500942873e-01 6.126189332247855297e-04 3.978016978641417054e-03 9.432277779212389079e-02 2.759008531030498687e-02 1.017844109024921700e-01 5.487334486704010389e-02 2.742905158725629511e-02 4.573865155484324596e-02 9.774174775335951748e-02 9.808546248055259598e-02 3.402560334059326341e-02 1.019383132408966802e-01 3.148160323393999621e-02 6.243590339850904614e-02
5.620496703041702458e-02 9.888670132514434941e-02 9.849566371532977871e-02 6.217610423350272003e-02 7.018313419534438768e-02 2.351834931175112234e-02 6.684827421267465486e-02 1.006023144931380009e-01 8.452783364175349423e-02 4.340528454613131609e-02 1.061199864521824021e-01 8.632955348714792254e-02 7.107602667550355635e-02 5.927994614078029717e-02 9.905720476422547049e-03 4.916000623804280684e-02 5.569514833678169963e-02 7.690395938126633191e-02 5.001046417770010910e-02 1.033735361830175198e-01
1.070271946617997738e-01 9.874003800086535165e-02 6.956880353951296059e-02 7.542542597532651827e-02 1.034466822722325124e-01 2.263915085308326747e-02 8.533738724984307744e-02 4.063124189316198731e-02 2.849190015586445732e-02 7.250350039515586487e-02 2.332318367918909639e-03 1.175556099240018804e-02 2.576155405973734255e-02 3.489942666664641591e-02 7.658230836829983679e-02 9.720110636292345063e-02 1.052868897131033626e-01 5.278998188988954371e-02 1.343243152397551564e-02 9.859155984318436483e-02
9.187482448670460100e-02 2.222743082102756479e-02 5.949577938785097914e-02 2.514041516197539072e-02 3.091275070486626877e-02 4.596867533022924723e-02 9.942970514516620562e-02 7.361547237849655478e-02 2.024535966433514429e-03 1.178311110181616203e-02 3.878642852065186664e-02 1.972028277054233350e-02 8.526959450742557789e-02 6.663079838413767109e-02 1.054558001697344649e-01 4.726102110571792081e-02 2.733218045546977754e-02 9.313521649517307599e-02 3.313417213285698576e-02 6.973822332374039756e-02
3.374485548706648158e-02 2.019954468875897677e-02 5.082925163598583929e-02 9.529005266110987526e-02 4.139008544525704658e-02 5.616152960655727833e-02 3.505623606639678841e-02 4.970223721149583801e-02 5.022574090232160421e-02 2.785264652839692517e-02 7.981575993219786058e-02 9.655342502293023932e-02 3.607428758576950584e-02 6.457851142552203938e-02 4.198750137535359889e-02 1.977100318258417921e-02 3.616360973134920970e-02 2.185376385715942851e-03 5.740081234455794018e-02 7.925616356166305387e-02
7.771139482030872941e-04 3.215881990791041173e-02 1.059940480565993576e-01 2.893607685446163147e-02 6.066664622230342335e-02 4.153150184501087222e-02 5.939751519289847292e-02 4.368005592343685017e-02 9.280426384703913123e-02 1.286432210375116660e-02 5.197720782213018087e-02 6.257172516505493665e-02 4.355409797453857479e-02 8.772375626354507461e-02 3.007902071967071683e-02 1.031812215350000755e-01 6.043554052461539566e-02 1.066701074282117162e-01 3.057386236388589043e-02 6.967994706501957902e-02
4.670066180232615438e-02 8.618643870543521435e-02 6.831499379351889389e-02 5.256408993853516759e-02 4.734933533504746828e-02 9.528609958038786187e-02 1.411813216994444158e-03 3.981079387626774296e-02 9.302244014522156879e-02 3.977712567465906818e-02 9.963739108913219344e-02 5.695335960476789056e-02 8.572870063671088336e-02 5.930807488065662630e-02 3.295448486581645242e-02 1.649533086614590402e-02 4.878281691189193664e-02 2.453031806365658929e-02 8.134665699583279452e-03 2.982048431416132669e-02
1.241701284179342647e-02 6.378531227101881529e-02 2.014419229521943397e-02 8.539680385173557819e-02 6.121371571552731289e-02 8.759444361988900918e-02 1.898972348252130765e-02 4.246049102944376291e-02 7.156762002061821393e-02 6.559165142524956728e-03 7.661789520098385986e-02 7.990093903809294962e-02 7.079771440326169951e-02 9.418419260921721825e-02 4.387317721211159323e-03 6.131475368598720416e-02 7.369869375483678597e-02 6.793393638075727325e-02 3.926744072641854405e-02 5.060345178963072260e-02
3.846624768599631733e-02 8.199890921265030885e-02 4.879950783627196031e-02 2.595885670571898909e-02 5.243677674494390956e-02 1.911746413804843447e-02 4.400643180237700375e-02 6.627065711354328259e-02 1.252223295232451905e-02 8.781556161484146972e-02 3.934135056917531514e-02 6.130660893224402358e-02 8.431678841039549899e-02 6.509068323447544935e-02 4.788598971924124675e-02 2.823875410552413590e-02 6.139289722983713726e-02 2.218175345763441226e-04 2.866273023092722610e-02 3.773632096170566330e-02
1.044873831502327044e-01 4.873103068388495024e-02 1.834949841856352293e-02 1.554033579560911912e-02 6.155795059847374816e-03 1.416559043958003430e-02 2.849798480080633495e-02 8.393011564945465977e-03 1.465279758479261576e-02 6.918365461025344221e-02 9.862561366571129945e-03 2.967662575274158249e-02 6.975327995456639951e-02 2.759176363962296402e-02 8.457910941775000080e-02 4.727859407447392720e-02 6.742550728596494181e-02 1.447619213657073446e-02 8.343538980183981893e-03 4.057898151537778914e-02
9.644740747969865469e-02 1.692547956182215499e-02 4.076092691533331897e-02 5.841021550409516983e-02 1.153751316296660646e-02 2.182864764319578793e-02 9.511144812239077928e-02 3.397281546245614625e-02 1.837944371623715864e-02 2.018813241305444581e-02 8.975898435237501805e-02 3.979326097622540998e-02 6.845358425330752561e-02 4.784244575569731456e-02 3.167604072597461629e-02 6.161920139178420075e-02 2.687157458689885467e-02 8.674927579422705981e-02 1.268500877109086065e-02 1.426344423108859803e-02
7.327836902163632760e-02 6.825962891260915766e-02 7.639963674281097239e-02 7.942796875639476784e-02 5.378231012820672285e-02 5.127487687567358621e-02 7.431746353901758084e-02 3.885546870059032772e-03 3.109542353182353364e-02 8.558114806126755972e-03 2.838725625986768600e-02 4.609540022483777505e-02 2.722453371445982678e-02 5.223975543478325684e-02 1.049827604226605537e-01 4.865547636981979590e-02 9.637641473899616340e-02 1.050853769551300804e-01 7.659742880985798141e-02 8.261397761720554178e-02
8.301041489099983406e-02 1.014813203923300711e-01 1.003980885085412611e-01 7.057919281390769017e-02 1.573227976452037241e-02 8.935987998338577876e-02 4.951464202851051100e-02 6.690848410829573767e-02 5.514061657614825231e-03 4.643920994454166229e-02 6.229763887010132672e-02 9.313905893282073412e-02 2.639023795036914838e-02 9.217724871007776377e-02 4.507612944849213182e-02 9.014382803660909993e-02 8.030296588820229342e-02 5.945938024625573026e-02 8.675256295194647138e-02 1.043358117753152847e-01
4.552909282276644543e-02 8.712035572710474796e-02 5.855835209763710081e-03 3.325937835855642677e-02 4.825925270938494910e-02 1.848757289297382408e-02 3.904693745604955607e-02 1.042959011742775610e-01 3.083664200402411876e-02 7.070019376158388769e-02 6.273860112164526825e-02 9.338693375825986298e-02 3.120013702540201661e-02 1.090144033287659617e-02 4.312270414562078408e-02 9.672747382459104953e-03 8.678240538865207576e-02 9.605333876113819613e-02 1.048557519898212029e-03 1.069098326773112312e-01
1.842639332840230459e-02 7.981170310391838205e-03 6.751811287912287685e-02 5.764261624267236206e-02 5.090297303866216094e-02 8.429322042301103102e-02 9.590614818563455990e-02 4.898729428254900570e-02 1.654216357854134886e-02 1.237210115300213346e-02 4.221578501153126078e-02 4.441272118045890005e-02 3.284456320764380516e-02 5.740629190823163391e-02 6.297397344331661859e-03 4.221390149963408917e-02 2.089722732410783865e-02 9.973748040959685979e-02 5.432069520802784712e-02 6.951911102867580627e-02
4.536957348842425575e-02 4.464038228386196100e-02 7.560132133121957865e-02 3.414289183149848972e-02 6.954567823080154421e-02 8.193709150686666332e-02 2.270841272513284340e-02 7.682142811659722903e-02 1.828162784302942920e-02 5.589673753349973934e-02 6.427404600114756950e-02 1.031934186669567211e-01 6.983193124032649468e-02 2.182512927845915371e-02 7.275068210554891390e-02 9.379390315675750767e-02 2.725490917415020198e-02 4.807813501746559422e-03 2.423216998054574314e-02 9.596477972807906931e-02
3.251487954760531006e-03 7.862730610083473737e-02 1.204124948189927782e-02 9.345134945351535327e-02 4.154992337246451312e-02 9.459766068262086269e-02 5.742402364484958111e-02 7.977007362372770527e-02 9.986841551669368988e-02 6.526654746745581825e-02 2.555587353949264826e-02 8.488924666512491501e-02 7.167692045395020195e-02 7.678215876219229852e-02 1.046988331284669088e-01 9.820062226596260047e-02 3.418585148409766100e-02 6.147776321366270336e-02 5.509850677559323395e-02 9.256754607441559923e-02
