2.602158283102891101e-01 6.969316452735241363e-02 7.484636025728631792e-02 9.944749640980034278e-02 9.656482041146635664e-02 1.019917883380509621e-01 1.515300859764446284e-01 1.011058269079557481e-01 1.126733973734486693e-01 8.165970344266387793e-02 7.183657556527570098e-02 5.468803508428668469e-02 1.234166233861922202e-01 1.456127010083329565e-01 3.479022062802825804e-02 9.064314635309966839e-02 1.001868014063364010e-01 8.112430209649712509e-02 7.978499016582327186e-02 1.165026695002233798e-01
6.519898576258512102e-02 2.675082996490779630e-02 1.530175507468119027e-02 6.214712260681341111e-02 3.241009141209569983e-02 4.705096847665984905e-02 2.899036119510201015e-02 1.875288549285886175e-02 8.542014708755017727e-02 8.987996377482519728e-02 2.890815859363290649e-02 4.986690253432324305e-02 8.681349362553092419e-02 5.228953593453419812e-02 8.003270753390710757e-02 1.634223992066941022e-02 9.652525503203063240e-02 8.272952122733084890e-02 3.285360745034460184e-02 9.209442860186876911e-02
1.660258684186859471e-02 4.333768276590399884e-03 7.083382009165863080e-02 4.919313914855303477e-02 9.506579687528196598e-02 4.810944808138309381e-02 8.317318073789149030e-03 5.278250304241199897e-02 2.771396524605921480e-02 2.158017833204726316e-02 6.929529579867574340e-02 2.518980360711591329e-02 6.236634155626058496e-02 5.553793017634803264e-02 1.749137075335890565e-02 2.622490434700346443e-02 9.881168070365942135e-02 2.863904464532755073e-02 2.495653767644424870e-02 5.769144308098544949e-02
3.934810461107812740e-02 3.363543706260923444e-02 5.192946336177357847e-02 5.225260259562787557e-02 1.353124426624730155e-03 6.057425489880335912e-02 4.928377054828636528e-02 7.485165634450507977e-03 7.923370453767609317e-03 5.866080928788674348e-02 6.655023456513763092e-02 9.342766805588731752e-03 3.054750466000759682e-02 4.224714824530823032e-02 6.417523742851848068e-02 2.247297301454351942e-02 6.107849396530179442e-02 2.269916964500150527e-02 2.436679534461014957e-02 7.259982463633755934e-02
4.961948284215800947e-03 3.814410585672387000e-02 6.427609296818075080e-02 5.337809472744921291e-02 7.170184782455239769e-02 3.282445703747430971e-02 4.800570768626914037e-02 5.162008273202345343e-04 3.191955962550941089e-03 8.960044009981682489e-03 2.102461228424702677e-02 3.170747832041218711e-02 6.295419359675858556e-03 7.841506855889163186e-02 3.189041063917852446e-03 9.338516454811582324e-02 3.049088043245066354e-02 2.968033915567294331e-02 5.142455024216248394e-02 2.943276419525111751e-02
2.720446679094283907e-02 3.179450587815350199e-02 2.051116291146170070e-02 2.628121670691238240e-02 5.216030982474729148e-03 1.626146046388353764e-02 4.464027003289253864e-02 5.221701640562570468e-03 4.344096562157895303e-02 5.171739204840869464e-02 2.465741580733673763e-02 2.961977660673763627e-02 7.534093914376772949e-02 2.690741421017252277e-02 5.079464122433650225e-02 7.530653219224403561e-02 7.090484386545851947e-02 2.433701199446515473e-02 7.461944768038505926e-02 8.301652329456793433e-02
7.637729137260194923e-02 5.710784660946199853e-02 5.900982898337996801e-02 6.520236391753085614e-02 4.755080277463687166e-02 4.990518808215602814e-02 2.499245128612899436e-02 3.898831083223611160e-02 7.814385639930802874e-02 8.425905772724402720e-02 3.583989767320867881e-02 9.774247726155749216e-02 5.803149551153827246e-02 7.063968116249312590e-02 9.010815142259587240e-02 1.281290746397730808e-02 6.031780849677420564e-02 9.029835998410394582e-02 1.200957437917457050e-02 7.794607985319057953e-04
8.844007319025412595e-02 9.092399190701039573e-05 6.508920675762298880e-02 2.723887830603989590e-02 5.708025051637778680e-02 4.906589571521934728e-02 1.333079010491207243e-02 5.303910363634556369e-02 7.283519519013829935e-02 6.820281270660719097e-02 9.323809700626423114e-02 3.930399934100001214e-02 6.407260283618358698e-02 4.732202415999677003e-02 2.749744542228627162e-03 7.250874214078582847e-02 6.059541910821190230e-02 3.872364872798839380e-03 5.180953679811262265e-03 7.966645439657288330e-02
6.972736235934849647e-02 3.810908540615521103e-03 8.101630304104096014e-02 9.402133024055561727e-02 3.444132034139448656e-02 1.232880882919636968e-02 9.357173207479241306e-02 6.600010704574044151e-02 7.419289083738510315e-02 3.618280831604671344e-02 6.150770933988630729e-02 1.437982875569730062e-02 2.831836702919301660e-02 9.541260621893035698e-02 7.602438134946426507e-02 4.347564722129514808e-02 3.089236640261412703e-02 2.543488912285548839e-02 4.308738073088216880e-02 4.505484425101374812e-02
2.239572509068610186e-03 9.289486847094886868e-02 4.597474303759772202e-02 2.648395751672497772e-02 7.303621692423323264e-03 2.841552850746575931e-02 9.012150356018316932e-02 8.768797484762062833e-02 3.205288219358414653e-02 4.761801957933016471e-02 1.050545280959220944e-02 5.992422769320134013e-02 1.270881483347204889e-02 4.677285516640723728e-02 1.250720473963490287e-02 8.617691466987270621e-02 3.425350848505617080e-02 9.084276595677114041e-02 8.132105271618760012e-02 3.312611050349260206e-02
2.052144303306665737e-02 5.775702306887713772e-02 5.425175810996749753e-02 8.866750306436912976e-02 4.500090416994029230e-02 3.696274534605292067e-02 4.822037386631927020e-02 1.881999236527590741e-02 3.490848872359969546e-02 1.728061038388892939e-02 5.093397102779276264e-02 1.073081578713658280e-02 2.773744801895405843e-03 4.641019304137261603e-02 9.510581871598190046e-03 8.750745985750674194e-02 2.727407926419518625e-02 3.000520409615691289e-02 7.896520370376730602e-02 5.135323825707313605e-02
9.841599138342899122e-02 4.068765608131153302e-03 2.855734233560718385e-02 3.449306551719080044e-02 9.113654335657804528e-02 9.054252973966439577e-02 6.139863514974044922e-02 5.275646506795239610e-02 7.511202550123313726e-02 6.869813567251620290e-02 1.269914994882737069e-02 5.947654527931028196e-02 7.691631842892336646e-02 8.963716290202647374e-02 1.734653409184397019e-02 7.511737488865216639e-02 7.194580545507275882e-02 8.016562521711878206e-03 3.085704521568133352e-02 4.320407081746631406e-02
9.730832837246940203e-03 6.264981432406714623e-02 2.476216421685584201e-02 7.517625481380973973e-02 5.332537844655759612e-02 3.054797711754768733e-02 3.380447472298418049e-02 3.422428272024056334e-02 7.314605736392297552e-02 2.718501463920661859e-02 3.535337841797427799e-02 3.159346683687902675e-03 2.010471969290290872e-02 2.886527261928418034e-03 1.610630195016038435e-02 8.494419511382828025e-02 5.465842983783706505e-02 6.572549266026422865e-02 2.241943816740266104e-02 5.539642277992858077e-02
3.916172322679548068e-02 5.050663298124616341e-02 8.816676501204762095e-02 8.797972437739019769e-02 4.083977153995042159e-02 4.457905902400253334e-02 9.933307538464765385e-02 4.491020991532482937e-02 2.516810156130421319e-02 3.308237811357030850e-02 3.332953036065398195e-02 2.162344536758238622e-02 9.613359767506675368e-02 6.747145742423250880e-02 8.318985928419840581e-02 6.754189489863457463e-02 9.343125049492988221e-02 9.545391700028076076e-02 2.013294866376790296e-02 1.432190518866135499e-02
6.151089336190960349e-02 9.381370988773250763e-02 3.789058436295082016e-02 6.995449326377790183e-03 6.051796007078837081e-02 5.293404481239827319e-02 3.005043468408979956e-02 1.919324707536919361e-02 7.113277920706802260e-02 2.067683553778248973e-02 9.178101745299399594e-02 1.704424557292144593e-02 4.198485143999083902e-02 2.512873747781671149e-02 1.350699306815690386e-02 9.720627637915522923e-02 4.752874226037629400e-03 9.917279624916131020e-02 2.383878990380904409e-02 4.187586968195201875e-02
1.473398167785246009e-02 2.342876642887382899e-02 8.813857921826884212e-02 8.413715870445562239e-02 6.450785573331217770e-02 2.506494243256588567e-02 6.760582951593401002e-02 2.392614150418892558e-03 6.816889828971360588e-02 5.167731328414831848e-02 9.223425278317115561e-02 6.397657548707880171e-02 2.501976493657032119e-02 6.660236497039036252e-02 4.226922879106762704e-02 4.480148678213411589e-02 8.349161099046809031e-02 3.361155655279728788e-02 4.267372644257402814e-02 2.454777601845267374e-02
1.721656435032017582e-02 8.121495912982623633e-02 6.171460634656792538e-02 5.781960349281968503e-02 1.248579191523957466e-02 5.691720852260795729e-03 4.690785977022549286e-04 7.555161501674068081e-02 1.584119436375553899e-02 9.668211481976733690e-02 3.283189659161256553e-03 5.085076303212476140e-02 6.054414109891185364e-02 3.218961828214949444e-02 3.993355437662250706e-02 7.916563550245517278e-02 8.524004179215352583e-02 4.724758858360314506e-02 5.271704782319200366e-02 4.995581908225837919e-02
8.373363842008957336e-02 8.305472052739758249e-02 1.572848821348601586e-02 5.479772138858524100e-02 8.031160643658778742e-02 4.850072425501152085e-02 1.547881164556628303e-02 7.966111535884083661e-02 5.193901500500930357e-02 7.549454960024462591e-02 6.983796301438544019e-02 5.509341564052912255e-02 6.969434081112786672e-02 7.226209074512601749e-02 1.427727430884120387e-02 9.069030420352236499e-02 3.274762581885304336e-02 6.363040554796672854e-02 2.302294386043188951e-02 8.167067181807807774e-02
7.679075823352066177e-02 4.695426556422819392e-02 1.089656123156639358e-02 3.076847082278271264e-02 2.206651602496536788e-02 5.766894277066297175e-02 4.678342160638108288e-02 2.414722817007695227e-02 9.242747243901830445e-02 2.893776500376836827e-02 5.324608182491410990e-02 9.202374875343168059e-02 8.131532552273024531e-03 5.589659046279019106e-02 6.191272259509023046e-02 6.570638479969879986e-02 6.703198279651532976e-02 9.859380054321202624e-02 8.089194405066436194e-03 9.703499493305084433e-02
3.682324033686398129e-02 8.520289241076622888e-02 5.023613081290045912e-02 1.600555823448912562e-02 5.121466513761944311e-02 2.752576991781865642e-02 6.503331325389324902e-02 6.498867197491032394e-03 7.517111281613889084e-02 7.534343363839156316e-02 7.512206348390260656e-03 2.945668783167091492e-02 9.224753046358397102e-02 1.042661035801195732e-04 5.915111478646318567e-04 9.090512459175293519e-03 2.592374405756152703e-02 7.496119592599337356e-02 2.760537112615368827e-03 4.047322234852625267e-02
