2.763900893567400874e-01 1.021423676128960234e-01 5.226663270139225020e-02 9.822719047650507740e-02 9.740567389854425107e-02 2.232687922651347551e-02 1.238404588725060679e-01 7.728890450691708325e-02 4.469848831897167696e-02 1.020281182698730971e-01 1.276460020003788998e-01 1.074771775986297778e-01 1.010425764865645615e-01 1.147211842478226135e-02 1.387440484290397846e-01 8.291642445662819605e-02 9.056192483635686075e-02 1.116386994641708486e-01 8.589434036267276640e-02 1.332125192574528660e-01
1.092181813079712294e-02 3.676108441425012668e-02 7.663313295137660908e-02 5.521927843004396236e-02 1.643808857048444441e-02 2.363845948189426116e-02 4.823883449405930168e-02 5.869436244512086370e-02 5.702400023039858046e-02 7.494152707113177492e-03 3.092780906929355755e-02 7.092977253927934544e-02 2.481482793849336746e-02 5.950025373065540024e-02 7.393453157466718662e-02 2.308550482913674035e-04 9.174481460930361543e-02 8.562963796896382040e-02 1.855649907093582726e-02 4.798666273875556304e-02
1.506534067874220131e-02 3.847696986996831936e-02 6.516098579722274207e-03 4.768609294448733493e-02 5.269114316603543124e-02 4.085554126629227512e-02 4.549982930698583117e-02 2.748656189519416149e-02 7.239018790602227971e-02 4.545293833896890678e-02 9.085578463508020564e-02 2.842269616087018946e-02 3.244705279938630421e-02 5.508772473054446284e-02 7.119179900252199655e-02 5.811605176522813970e-02 5.234283169241873979e-02 7.924664565817293727e-02 6.242593462741106297e-02 6.230080798398913988e-02
9.362427734375655675e-02 6.441182291437966279e-02 3.681276514963682800e-02 3.520425788555381352e-02 3.811052494776793337e-02 1.527235998791543013e-03 8.053422509752655722e-02 2.486286981953629571e-02 9.323893757109420755e-02 6.642041428376409262e-02 2.785242595318041664e-02 8.425903895892616902e-02 4.869788854097320541e-02 3.545117819099318640e-02 6.736172561239632539e-02 5.116144774755300439e-02 9.657539879566046093e-02 1.382563811785733100e-02 6.649071171579849782e-02 9.875249987027512333e-02
2.124732824128952244e-02 3.747455210877692622e-02 2.092971385539856011e-02 7.822253845273449691e-02 3.027936479240314269e-02 7.436700360490691719e-02 3.698516668691675946e-02 4.388875906324596343e-02 5.509813627981228340e-02 3.315445046967331610e-02 1.863478643195415341e-03 9.248610021477979282e-02 6.082384222584801686e-02 6.482612218906362578e-02 1.704928783852763946e-02 2.471263861219684735e-02 3.872044834809984862e-03 7.712108034431724990e-02 3.019296644229096938e-02 3.956275340893127684e-02
8.283042622894128126e-02 4.405927936620269991e-02 7.299840431616649861e-02 7.978367395784495553e-02 2.399140103528990542e-02 1.292402561570608205e-02 6.641473339512897478e-02 7.225771319021377648e-02 1.274707070059460934e-02 7.883186665745117727e-02 6.092622918100978890e-02 1.489536378588948197e-02 6.136680263699158255e-02 6.807253335934371208e-02 1.215266052038470670e-02 3.552417079237542991e-02 2.018047009311096929e-02 8.534256941292293897e-02 6.427758135773868620e-02 6.526693074854035548e-02
2.175631594584890444e-02 4.614509844664548693e-02 5.188060095163685159e-02 7.138391035343889801e-02 9.781341614062922726e-03 7.359989187262200305e-02 9.848814400638668254e-02 6.273924297460454005e-03 8.232046648678051359e-02 1.364765764916274840e-02 8.993198099826215861e-03 8.423086303072123415e-02 5.810861838569806453e-02 3.545969946352604124e-02 5.198093275641690880e-03 1.426157645568174731e-02 2.842796379741424628e-02 2.721598812160933717e-02 2.334158296795215901e-02 7.889547217835223003e-02
4.063652698200026503e-03 2.857157076785521443e-02 7.391998151526490979e-02 7.855481421381621532e-02 6.054608789104000410e-02 3.243445897853062393e-02 9.576334126945816594e-02 3.629750856150076171e-02 8.648336353447294567e-02 8.296107633025741335e-02 2.622413189969513558e-02 9.844130531644398885e-02 1.026981558631166053e-02 7.246715948018105091e-02 4.560301690072643237e-03 8.895724001442262274e-02 7.453737224152072460e-02 1.834947135857543238e-02 6.802265759043764348e-02 8.763810706346528145e-02
5.820146929119757173e-02 1.982409091022564740e-02 7.813839511743159508e-03 3.298648842818702187e-02 3.888930797878320522e-02 4.625196387516040952e-02 8.407909309791547492e-02 1.874819860089586149e-02 2.945625562048581614e-02 2.906405365364213289e-02 5.050559932575672539e-02 3.098760601335348586e-03 6.346251378740608989e-03 4.276186842607111738e-02 6.867066472053377779e-02 6.497454433690195985e-02 4.993354647048645067e-02 6.067910727088912659e-02 2.063113723151859327e-02 5.268865331593841628e-02
3.858063774048654804e-02 6.652142851669591572e-02 8.469278114628003840e-02 4.210514103742342418e-02 4.770170195174309319e-02 1.108881358858003832e-02 2.730940268548807254e-02 7.321776112217102950e-02 5.159370896779885002e-02 5.238592194707077099e-02 2.933617169575158945e-02 5.074905807802060353e-02 6.492192031486508641e-02 1.108397976030502975e-02 9.882231965370952276e-02 4.875727008196171358e-02 9.758692734331358976e-02 8.834542063124607020e-03 2.684610378609328038e-02 7.138306068925624748e-02
5.489681072200491840e-02 7.271666268200115135e-02 6.661200163753211445e-02 4.247520191515685717e-02 4.678162770782302859e-02 2.006017321301012402e-04 6.860875500123843340e-02 9.024124802132148238e-02 6.431526507693571815e-02 4.416690116743755834e-02 7.122131399611325575e-02 8.467394361537294856e-02 9.654062212007642751e-02 2.792785394335742938e-02 8.505849885301437763e-02 1.621850834669846808e-02 5.475251041779177763e-02 2.618260768015676782e-02 5.415087878178764108e-02 7.723365431854724295e-02
7.558099802276646573e-02 3.063433039324826856e-02 4.230010492411914735e-02 5.768962446388812421e-02 4.026448418187236755e-02 1.592636208896998015e-02 6.619207446967245723e-02 1.795474530929177734e-02 1.063323838755938534e-02 9.445356058902969199e-02 1.773339368821395118e-02 5.963216229028346638e-02 4.790658548627785285e-02 6.525533150437662355e-02 9.505486557289666294e-04 3.727866146305617440e-02 6.037638065898484618e-02 3.651384395461983873e-02 5.922794663433245121e-02 2.821612283229568696e-02
2.609307129364669964e-02 3.031842286666596234e-02 5.704398392540810901e-03 4.945189312018673233e-02 6.068844177254001382e-02 7.375007673909611539e-02 7.720061890052898335e-02 1.797830921852509173e-02 5.459610466151437747e-02 8.513719300876296248e-02 6.785086361535495880e-02 8.863325889684810222e-02 3.595969924582078509e-02 2.556695301552868241e-02 4.042287792945112312e-02 9.819519150396739671e-02 2.230737320108801269e-02 7.797449091496415352e-02 6.017689585491436954e-02 8.360926958565932654e-02
5.898249398590396653e-02 2.392272306514438285e-02 5.932951277646319327e-02 1.443402924325841788e-02 4.989941718554895961e-02 3.087131533012406337e-02 5.807930806679739710e-02 5.519752827960211494e-02 6.433123675683082021e-02 7.975344094247732718e-02 1.584418783154062415e-03 6.181009889818242509e-02 4.912583723484068021e-02 1.076176072677378394e-02 8.705558879068128753e-02 7.807472758465523743e-02 1.352126135617013475e-02 6.045678974126623972e-02 8.272237751818223295e-02 5.773591700475673438e-02
6.018759811331299281e-02 9.474464119304397414e-02 7.386174642998978579e-02 4.233652860918266092e-02 5.714339500749639200e-02 6.287775095223295529e-02 3.331719388073772770e-02 9.299644208215469832e-02 4.985141035841895996e-02 7.463975951151079202e-02 7.991775636996344134e-02 9.944330667662870226e-04 3.337947016802544908e-02 2.084726413138398085e-02 8.784133585499470653e-02 3.017355047298699022e-02 8.812336470456109960e-02 7.931466021629900165e-02 5.179606360726077274e-02 2.665077179051779377e-02
4.353968996183708168e-02 2.355767595539776105e-02 5.390762380742081250e-02 9.658091936199675320e-02 9.044865542655339263e-02 7.421663092062989742e-02 2.399096713625985602e-02 1.511873127978202724e-02 7.487782426765220156e-02 7.846151266088884080e-02 1.142428243155785283e-02 7.657009715657275839e-02 1.811956429587520054e-02 1.049858548905818756e-02 8.099789816028338252e-02 9.006224608041947521e-02 8.777179580777975942e-02 5.058352503291110858e-02 3.326845704258542258e-02 4.993096633201465906e-02
5.782429519315746176e-03 7.556612119274035144e-02 8.132545338121642542e-02 5.318733808518147366e-02 9.290942368252086414e-02 7.268288760184175856e-02 4.018847508670985585e-02 5.801577021956040581e-02 8.130200811779168812e-02 6.279115678479990637e-02 9.328806220732056842e-02 8.808813885723514037e-02 3.483190974132633114e-04 1.139419942892921922e-02 6.974343567739832439e-02 2.544753511825890296e-02 7.470949494634662735e-02 9.510263191236720259e-02 7.701212563866390026e-02 5.925118145928465543e-03
8.087781934955952379e-02 5.473275892848113167e-02 5.408918460141481227e-02 1.479983919545627830e-02 9.688924795579512139e-02 8.081854458499410088e-02 2.853445424410241613e-02 8.231563152205251255e-02 3.936601896429665903e-02 2.117801836957677961e-03 3.040722376332473387e-02 3.044280832353321239e-02 7.307769702648148416e-03 7.478454024795749833e-02 5.308012159790385237e-02 2.749799915264740380e-02 9.038176795238013483e-02 9.712890858563506813e-02 1.049020809606183817e-02 5.045559311960243903e-02
5.522745035234977173e-03 6.671952318210999655e-02 4.629679623208707295e-02 2.303690827966478269e-02 4.692307429515057277e-02 6.928947475232141717e-02 7.411842522492288754e-02 9.603628176969386532e-02 3.256388496333258165e-02 9.268234190448125520e-02 1.664213711351190256e-02 5.880639758348298746e-02 4.445316962077185130e-02 8.280892806147455848e-03 4.771027298134772332e-02 7.157164623182156460e-02 6.081614738630371220e-02 7.842691718325373040e-02 8.795884012696209009e-02 3.366227754280159967e-02
3.209359616885056055e-02 9.664039539640677245e-02 6.638438722784827106e-02 7.042444566769789915e-02 1.122500856586499188e-02 1.876474125502371193e-02 1.819090428823180380e-02 7.668051220563221193e-02 8.485855398892037937e-02 5.048500302286926256e-02 1.227181963692571855e-02 4.797523387239827075e-02 9.911000685084302153e-02 4.249687209843922009e-03 3.901665109006180725e-03 6.121109118658257103e-02 1.940647005630725952e-02 1.429540023309776656e-02 2.012278134447470501e-02 6.969104228750067770e-03
