2.281565940055546582e-01 1.007445307388261796e-01 6.043036657547107976e-02 1.232460010053282318e-01 6.525321185242291544e-02 8.790837563575662483e-02 6.274565350529746899e-02 9.375646435285324432e-02 2.208236628677548094e-02 9.015932180637292737e-02 7.124269907223204634e-02 1.883475273349614898e-02 1.168572241514705956e-01 9.330120434090381776e-02 9.016059461927056207e-02 6.742894326804813043e-02 9.606521293561753883e-02 2.292451619873723395e-02 1.917089983741539910e-02 5.873431535903864131e-02
7.631796116003755626e-02 4.056824097690323733e-02 4.558652884045535925e-02 1.002724724981007148e-01 2.382556031008428027e-02 6.767959909097022442e-02 8.936431622376676820e-02 5.339456041807758881e-03 9.005001799367251536e-02 9.868383983384068636e-02 9.615058758449274157e-02 1.017480667194285010e-01 8.387512374368273627e-02 9.842076977762148626e-02 5.773358106685193974e-02 7.475728431647807315e-02 4.996404877695888314e-02 1.003770956583068669e-01 3.760738572926516921e-02 1.272252720859298747e-02
4.155670847485295333e-02 6.816825902723548658e-02 6.910353005861374909e-02 8.301947590493485851e-02 3.116481456383247278e-02 5.505405957485491608e-02 2.541692609352601620e-02 1.441838473463155374e-03 6.994223370375000914e-02 4.324278895514865190e-02 2.908729599778313996e-02 3.405120894119544744e-02 7.479310913124306848e-02 3.213905621825331044e-02 9.988469698518402662e-02 7.338587896189330273e-02 7.621301717963660516e-02 5.925618071460082847e-02 9.407970798077162911e-02 2.007183476010308484e-02
6.303883469683001228e-02 5.999345093316157257e-02 6.644210113878762369e-02 9.691584030865185717e-02 6.251182588950437991e-02 5.366756855603561222e-02 5.952101025396193401e-02 1.300502754776594432e-02 9.242752070909136808e-02 9.834599746267243259e-02 7.760270620597260749e-02 3.884396283703966252e-02 4.190975622372047904e-02 1.333054359500522937e-02 4.246994975647500753e-02 9.646720980144166124e-02 7.891319894149369241e-02 8.875840798601519754e-02 6.167230741176512460e-02 1.028145966835170011e-01
4.313315376365319670e-02 1.756288418273389135e-02 9.039982387897448762e-03 3.292186310909737956e-02 1.045862499164855880e-01 2.547065026087528411e-02 6.799449681252603406e-02 3.331581905469901267e-02 4.652527176749464422e-02 6.958115653546102786e-02 1.393928520136100517e-02 1.013663890201343815e-01 1.038235174691907042e-01 1.143077268809022939e-03 2.093287778103024646e-02 9.847167521228544773e-02 7.981823289189296511e-02 4.208528947314803953e-02 1.266825665913805764e-02 3.120258989827284432e-02
7.495181680815399261e-02 5.396536090825012483e-02 9.863034431928824342e-02 2.536819173913598333e-02 8.141217493005210859e-02 1.780653054082462217e-02 7.000274505156894866e-02 7.992662161104457930e-02 5.039764623377129826e-02 9.812694014506730122e-02 6.482480099147300279e-02 2.281567085698908703e-02 3.001755207700318104e-02 7.793268229276958947e-02 3.518378832120606231e-02 5.794842615459328689e-02 2.256336641169205681e-02 4.662365932281403030e-02 8.572785801456279942e-02 4.167088373531363521e-02
2.862850650803742958e-02 8.850036739831172727e-02 9.975124094532630825e-02 2.286365122576453773e-02 1.208717443830757861e-02 5.080145100673881531e-02 1.036030781696356540e-01 3.420536785070180108e-02 4.120908345497644593e-02 1.305547681783915219e-02 4.135883565526064787e-02 8.108928851362440238e-02 4.466481076564186858e-02 3.383600442848268969e-02 6.654899502548489165e-02 3.210335124177419314e-02 1.049651157363044179e-01 6.955928015774838491e-02 6.685704633025527088e-02 5.096871723431402323e-02
4.963489132625911043e-02 4.173340882724287798e-02 3.693640869055465209e-02 2.865944522216760547e-04 6.856454627818228675e-02 1.697394029582769033e-03 8.387013174229784873e-02 2.094163935220461688e-05 2.041093048438757246e-02 1.097415118933709431e-02 8.978996052190718613e-02 2.546712676508634116e-02 7.044510567467625328e-02 4.059162341259888590e-02 8.306254438200354195e-02 8.832703328587090952e-02 2.661592751727129280e-02 7.028513790869354849e-02 8.140990002554905625e-02 6.225195816871563481e-02
7.461249742627319714e-02 4.835855082372802344e-02 1.805661702404068661e-02 9.531256139610723432e-02 6.360701642597969266e-04 3.797145818433374231e-02 3.629937418846827801e-02 1.026371218331173091e-01 5.928652896053866750e-02 3.810487567953928234e-02 8.059713755560223014e-02 5.397969298278737504e-02 5.329082817954357417e-04 2.521487106097503039e-02 2.984627600992762614e-02 8.926661167741276048e-02 9.668335243647470378e-02 7.228323657591237406e-02 4.320465295989578403e-02 8.594744196201020356e-03
7.427466094211782055e-02 9.544115417400911294e-02 4.509743541434137193e-02 2.373433687748371587e-02 9.916829882215408287e-02 7.734286916646994359e-02 3.485379617855973583e-02 5.191032650610587912e-02 5.327320141459563480e-02 3.577209422548943696e-02 1.413849490026817743e-02 5.946710517788254130e-02 7.549429933794518655e-02 9.376944395539855981e-02 1.010506431070857386e-01 7.173587623596520274e-03 2.791871096728148951e-03 7.579879274204179285e-02 1.886859779585930638e-02 3.236143471881656325e-02
8.712408095080599602e-02 4.747345073006214999e-02 5.228802727141150519e-02 2.646349233634594234e-02 5.502130639270150746e-03 1.172769472941724220e-02 5.010659393602816952e-02 4.632777720862674142e-02 7.579854552731821182e-02 1.005839699385797786e-01 3.212552391630415366e-02 5.141048772025291758e-02 9.446359281167825139e-02 4.718498829513465692e-02 8.249396017951467555e-03 5.687359664711730267e-02 8.004114892696841121e-02 7.465955546430551315e-02 9.537301320134439556e-03 9.484552427259201890e-02
4.273254766561793844e-02 9.414403891566180960e-02 6.172505421909370987e-02 1.232435191828952850e-02 2.690498062904164364e-02 5.543362783211154381e-03 1.921249063861056594e-02 5.734508378840909998e-02 7.950257651313377694e-02 4.642055017350043417e-02 5.049243033982194623e-02 7.660802053765392028e-02 6.918835385565943671e-03 8.131912545416002114e-02 1.478475373607475440e-02 4.485484011776551955e-02 7.803388700159039071e-02 2.892559605580362608e-03 3.975434953522953563e-02 7.579886895055684692e-02
6.120156804189321766e-03 1.036476285606300063e-01 3.156985851646557269e-03 2.681832868049580793e-02 9.038296927836889094e-02 6.142083663118712289e-02 1.804806326832143412e-02 2.544120118578730230e-02 5.523498783174986271e-02 8.904600249166910730e-02 7.290312387097781788e-02 2.324905549115883346e-02 4.309747168699697845e-02 5.848392965464517534e-02 8.295561007515962759e-02 7.262775172473410513e-03 3.875249769914683451e-02 2.981627131912880160e-02 1.249784380871129738e-02 3.579153028471451087e-02
9.645606009195950570e-02 8.125696593616242580e-02 1.172304114028211407e-02 2.488078422895365072e-02 9.286223204160132250e-02 7.748239983978230661e-02 5.358405242352508313e-02 5.133579332712973758e-02 1.985098732453414658e-02 4.187443827618626824e-02 1.000161133250996731e-01 8.760759872387170744e-02 2.018457810823425305e-02 5.562711478440182655e-02 4.284565345496737371e-02 4.384490276089900163e-02 5.835638069691391483e-02 3.137602567332405806e-02 5.104416977326874799e-02 1.002433802734142287e-01
1.848432677927085849e-02 3.992209106796795054e-02 2.614762906059757419e-02 1.009160753334379657e-01 4.196705500912838172e-02 6.974532954723502987e-02 9.136761593110509505e-02 7.649252649179859309e-02 5.323481664930379553e-02 1.031869197296827190e-01 1.572924352783182725e-02 4.007192273007226246e-02 4.617225150162240777e-02 8.092067640136242634e-02 1.008108350295939676e-01 5.327727911308360181e-02 1.497300717568163242e-02 4.436881459887822426e-02 1.048724788682568188e-01 8.521845848102278798e-02
2.285498711406136821e-02 1.024553573818113850e-01 1.695977740953806198e-02 3.886402372947792699e-02 5.247849355887857989e-03 9.298101913949513575e-02 4.113982516654477589e-02 5.516536732130596782e-02 5.091646179301356767e-02 4.771769863400601719e-02 2.693016266924450411e-02 7.468116881064901236e-02 2.224189269281828807e-02 7.330859273433684709e-02 2.963328104449519315e-02 7.905624655694672154e-02 5.371121156611929209e-02 7.325097224468414547e-02 2.743302555588554570e-02 4.174962400441838140e-02
2.669535550107837371e-02 2.741916529625205989e-02 2.417407079898887742e-02 1.822416064118541519e-03 5.160751883062354717e-02 6.812294255090758921e-02 7.718014709815967933e-02 8.263340563376321557e-02 9.902439807306145925e-02 9.097175530524695408e-02 1.047102835246322833e-01 5.568641931948328447e-03 5.399373737731189699e-02 6.879807106492225044e-02 4.219076092817669599e-02 1.284193774308503046e-02 1.187457521882299451e-02 9.927828591218687548e-02 9.654833589337406818e-02 1.923945698524221620e-02
9.211764686752361986e-02 1.918811388891777589e-02 5.837624549394904161e-02 5.430660522064925666e-02 8.006973880701599711e-02 1.043357518053545235e-01 3.718842730892634590e-02 8.492402874398029267e-02 5.702937718924770694e-02 8.625277765062469570e-02 1.384197388001910146e-02 4.257627173290676886e-03 2.055366410373718478e-02 1.039772019502866601e-01 6.956449256297652338e-03 2.029004333383767344e-02 8.863799106442790676e-02 5.742390496870929811e-03 3.129506518096674718e-03 1.016184612926706726e-01
9.191074656736988868e-02 6.887191133673169208e-02 5.146109888995959586e-02 7.582220100995609724e-02 3.185059102020652150e-02 4.022052742446325518e-02 1.614419488360048852e-02 7.435054285711703570e-02 1.497899938479997292e-02 4.014273654706732031e-02 7.750530295389403135e-02 7.093629065044496085e-02 6.579239841438339065e-02 1.017012090809391728e-01 9.073712908652199760e-02 8.142039812778462116e-02 2.825150112093777893e-02 6.359872170188946017e-02 2.590748002066698905e-02 2.838229625456874239e-02
4.718417185743680603e-02 8.773908422711475252e-02 8.934941750811864480e-02 7.886048748627126626e-02 8.732896442522050662e-02 7.077729768112514530e-02 4.554132752400594925e-02 2.703824882773875338e-02 1.048709688771564674e-01 2.714813743447946903e-02 5.808401876642983047e-02 4.572128382557269499e-02 2.456974474602081210e-02 3.008844457366468758e-02 2.418191369276080985e-02 6.006227645492242390e-02 4.157395935171958462e-02 5.871727231568092675e-02 1.840012764609554041e-02 9.262225373428344469e-03
