2.052456566350927269e-01 1.440796538840935503e-01 8.462578328963314689e-02 1.298211102742230227e-01 1.202317053926270640e-01 9.931336759990402885e-02 1.267438241344288896e-01 6.332321399492767122e-02 1.606508397897997986e-01 1.292643787509707987e-01 1.274547464696282328e-01 1.065752051264063638e-01 1.194337692128522588e-01 7.246083117494701853e-02 1.204327982829748317e-01 8.454497372252110787e-02 1.051745973243282950e-01 1.189209612478846073e-01 1.364549053868596429e-01 3.249783452205131512e-02
8.165327402560203229e-02 6.687201576090689992e-02 5.924771589201241473e-02 6.799309804388846412e-02 8.030607802176914500e-02 4.478274695693765933e-02 7.614016281423702237e-02 4.618369371100531501e-02 1.719107371283679249e-03 7.348250939110957669e-02 8.472327211803941382e-02 1.485091175226694975e-02 9.525729022609952246e-02 3.087706301504964529e-02 8.784290454077309240e-02 2.460938187871299088e-02 2.418784401738749684e-03 3.416752285089609542e-02 3.142898071944599803e-02 9.342459684841053491e-02
6.724787329388283441e-02 6.833692692296682025e-02 3.782601997138057906e-03 3.884619950737495941e-02 5.277668055798358238e-02 1.341401258399638197e-02 3.959930555597771656e-02 8.869953700228697113e-02 6.738384276904320347e-02 2.666726439529583381e-02 8.521861785312355442e-02 6.714671208207391440e-02 6.280340502235149010e-03 7.901841209334553584e-02 4.123319912586751596e-02 8.235495142920402911e-02 1.939697508018596583e-02 6.265837369278781654e-02 7.424108216191437071e-02 1.708465290866198125e-02
1.433444651251472059e-02 7.259258712270134917e-02 5.107026881225223969e-02 2.894715023092968645e-02 7.680174772172843056e-02 4.119835270288334933e-02 9.984215166192533797e-02 6.370322579812986996e-02 2.742573596501800617e-02 4.724991652871504688e-02 3.419968435905695880e-02 5.141544104681938961e-03 7.834498010614977803e-02 8.415491977921434053e-02 5.703840058919940059e-03 1.677232651142727266e-02 5.830064082695151501e-02 4.269102406454723664e-02 6.119760863556156401e-03 5.275752521415755930e-03
3.413390908309586053e-02 4.551051248674709004e-02 1.070177809007433201e-02 7.641170928169466192e-02 5.016472502220881320e-03 2.986889617791944895e-02 9.247568487061497144e-02 9.104339619140837392e-02 9.524222654630833118e-02 9.011641496778238780e-02 2.451197075058390157e-02 5.231434559183435751e-02 9.688205159114160470e-02 7.379997702063249843e-02 5.250698556360622327e-02 4.864311176479884508e-02 4.218115078707251192e-02 3.453844231093108202e-02 3.937997495840796225e-02 4.194302720425885367e-02
5.843928310972549417e-02 6.719677917455023353e-02 2.181335515552765975e-02 8.481958427004954171e-02 6.956224802999544897e-03 3.570138573204158922e-02 7.097885561764240292e-02 5.246064845869560789e-02 4.031483716806619211e-02 5.534694259093340257e-02 8.544588959696081121e-02 2.014172950257725470e-02 7.718711221072922790e-02 2.016445436783368544e-02 2.900845036764706716e-02 5.575529909010151774e-02 6.202134512020290175e-02 3.969791660909972007e-03 7.647542274898469494e-02 8.146611483180400681e-02
1.555291524140415410e-02 7.367905525374029985e-02 4.071450839612078543e-02 3.903447414889421596e-02 1.938873189719173690e-02 7.686699660773649301e-02 8.629583374878618818e-02 3.353203083956544234e-02 1.610713244601503710e-02 9.783142622963492130e-02 4.923515048697384849e-02 4.064316667740339867e-02 5.721500466071138824e-02 8.684355723267019045e-02 2.417564804738160655e-02 7.921183126467198909e-02 4.723602897702654929e-02 6.056009188587607728e-02 9.947306238565002678e-02 6.848380183914795638e-02
4.775769264465636044e-02 8.485234694695776084e-03 2.116625001244128168e-02 9.783322116886983277e-02 8.826308150109883621e-02 8.696663300054142216e-04 7.826191465489468202e-02 7.306456829834009903e-02 4.126700380754188408e-02 4.574750791582177234e-02 5.708566159975804466e-02 5.912684719039299625e-02 3.482217853040655425e-02 8.731468776776860063e-02 6.497375755639612192e-03 3.997242883833501681e-02 3.310127831534414450e-02 7.770893367200279456e-02 1.061987500445803548e-02 1.720864601361921098e-02
4.439744205322703613e-02 2.857284478163575614e-02 7.385048905040936251e-02 3.390582390623991804e-02 9.714268597417774834e-03 2.496767892462892213e-02 4.558750520975676790e-02 2.781572854244657167e-02 9.452729226377372396e-02 7.916724563544891291e-02 7.693214238169435171e-02 1.489984178787715635e-02 9.800361647664453113e-02 2.969976572602225570e-02 9.047969933703925438e-02 3.646324372198674058e-02 1.549095183235085250e-02 7.737281066288012599e-02 3.736566755925259387e-02 1.300161109652168273e-02
5.426182054987366277e-02 1.243403776789741080e-02 8.031767261295008620e-03 7.827840270770496101e-02 3.033842389693185496e-02 5.240058173191321222e-02 7.444747828016262670e-02 7.017687518723624007e-02 3.823860716930735371e-02 9.932347255499164584e-03 9.136368178356241154e-02 9.822601397642100052e-02 7.416407011227721738e-03 2.605691588956975460e-02 9.342449773947554548e-02 9.512128656191425058e-02 7.719590904431906236e-03 8.799715023496640365e-02 8.644631100375359256e-02 6.117645429926822642e-02
1.224637370678806174e-02 9.268778360124674265e-02 7.516199863835221207e-02 7.283047985103034694e-02 8.201000554029035106e-02 4.423238850692623458e-03 8.861142018855938315e-03 6.907391760567430095e-02 5.181386933348111623e-02 2.650943411903550206e-02 3.367141531704006402e-02 3.881663854326805607e-02 8.136240079290785188e-02 2.150216377996557945e-02 3.836006971436687479e-02 7.254560932621015312e-02 7.846111374368663904e-02 8.642808752368620617e-02 1.541096327536090049e-02 9.856028549494057212e-03
5.498728493489615787e-02 7.448692399131096042e-03 6.919932619681481989e-02 3.210763846337962024e-02 4.027403961540823585e-02 4.588949839083156408e-03 2.137602096626423087e-02 9.652503019247284100e-03 1.710192212320814711e-02 6.853935153220269694e-02 8.712022880316716913e-03 4.945061569777891436e-02 5.877076355765253196e-02 9.029443181844351574e-02 2.766386628781188073e-02 4.050104203793439966e-02 7.075795766725344327e-02 5.624289685757689894e-02 9.163433562327576165e-02 4.866241489873945197e-02
2.903309278648878028e-02 1.625656400702824066e-03 1.425008625210252323e-02 9.532534584571045189e-02 3.255657967890990268e-02 2.281924729699291721e-03 3.170912524492832535e-02 7.101983166410184845e-02 8.244563786920988679e-02 3.937254744563629949e-02 5.191753623761830028e-02 8.135272363684303842e-02 4.889066543766096458e-03 8.782203401533600351e-02 1.530375858722178399e-02 1.568978892609658102e-02 7.346050836049228261e-02 8.003527984307216847e-02 6.125074648841163927e-02 8.081255942616089039e-02
9.137219286765825565e-02 9.607784330295777997e-03 1.637842660446731102e-02 2.051591191445764281e-02 5.706303616977287385e-02 1.131075652553099713e-02 9.914418242156847194e-02 7.606050775704724376e-02 3.063477513994438198e-02 3.223948043906765815e-02 8.876725796782153344e-02 2.718323703279290626e-02 8.951457648294708358e-02 7.300038468755247478e-02 6.442504701038159753e-02 4.968012033128531985e-02 5.805093228481789103e-02 8.952770286182382131e-02 2.996572946658795575e-02 9.143953817028593889e-02
5.404579701847272988e-02 9.965132280306943091e-02 1.086092986521426489e-02 6.360638377483598949e-02 7.398618495759657319e-03 3.092043507482795939e-02 4.638917910295110858e-02 4.914138819894556254e-02 9.663093502033430482e-02 9.502363177501318980e-02 4.902082736578999844e-02 2.725061804519298900e-02 4.976169600564659540e-02 9.745291073284284566e-02 6.967591810752009340e-02 4.389524292763025137e-02 3.891969285675198759e-02 2.759624056196792463e-02 3.884520146750199132e-02 5.335806787388497341e-02
9.236452240842740746e-03 1.078460525013191784e-02 5.870216102167268718e-02 1.233205827585269823e-02 6.522178277928981048e-03 1.836152856151623824e-02 8.859426268212458599e-02 6.422884031639862490e-02 8.288891739395251590e-02 1.659603397729320085e-02 9.876080303167122931e-02 1.591961822032571597e-02 3.036448576943118465e-03 8.449809544144377960e-02 7.119282970500784291e-02 6.021573694580457936e-02 9.698646232985655424e-02 5.920448561641275531e-02 7.810000155119152521e-02 2.852337713351373039e-02
3.907853919032188567e-02 9.198050149530885566e-02 9.289335498081657816e-02 8.811893402314152635e-02 2.568666044068104379e-02 5.532264316004714688e-02 6.965436273133855660e-02 1.607738215841550064e-02 6.291496131081431020e-02 5.382493566465892942e-02 2.350976735350096634e-03 1.617539904760521147e-02 6.253779662263912742e-02 6.827211277367441211e-02 6.704034916393883381e-02 8.156570929408457626e-02 4.944578694891802600e-02 9.503379494617504239e-03 5.111007880380514026e-03 4.640039618924208208e-03
4.595622874812055336e-02 7.942655381962792846e-03 3.472375027855078428e-02 7.076078399025062526e-02 4.037961264321994481e-02 3.375430048495094149e-02 3.033180598603857359e-02 9.459459825685533063e-02 8.372899071950867800e-02 9.378321475998932510e-02 5.708848354310408491e-02 5.828286163327034419e-02 4.781425638990560029e-02 9.424203767834773982e-02 6.875391168370419137e-02 4.336987255818228887e-02 5.088890745362774359e-02 6.969906767441773343e-02 5.877707584376837963e-02 5.695625564588625150e-03
7.164776923355353766e-02 5.534736870163813743e-02 5.656878741983271258e-02 8.204301027322447037e-02 6.086149722199118289e-02 4.284627096964629955e-02 4.875777900178860508e-02 3.234681916125708295e-02 8.736810245120886498e-02 7.687129153411947913e-02 1.504570048340574465e-02 2.496640218034015465e-02 4.487360105003691813e-02 4.907256069001621201e-02 1.243942417335953780e-02 4.118151166987402134e-02 2.381344131838943057e-02 8.457228779398798246e-02 7.948025204908703775e-03 2.517000343253355046e-02
6.220003258210045349e-02 1.459642798781976038e-02 1.929646936558509010e-02 7.621069649182510286e-02 7.895305208519999562e-02 5.261211328077639027e-02 5.333308216020069686e-02 2.761699733634003298e-02 5.908095612867746843e-02 2.761535591490824754e-02 8.869396989048587698e-02 7.259432126066393820e-02 5.578076110708125868e-02 5.415031185463780455e-02 5.855695938165209752e-02 3.368332489991798795e-02 7.243170666341068598e-02 1.371343039448387306e-02 1.096971060167653035e-02 5.112713177496343298e-02
