1.554451832649206278e-01 1.235979407102000827e-01 4.231432249855993089e-02 1.421627993493410624e-01 9.524074677207086670e-02 1.014241765389043426e-01 7.626425064995498437e-02 6.287011409571548193e-02 9.213783602020643448e-02 1.240195798561366386e-01 3.851014926789908532e-02 1.176047720245215755e-01 1.344173673811595859e-01 8.313206977378861939e-02 8.648143811461947439e-02 1.156062472861033308e-01 7.642509335510264123e-02 7.999792620784945685e-02 9.350028237254527641e-02 1.310371503300140072e-01
9.841092016665758946e-02 2.082448666170837528e-02 5.157552071326969995e-02 1.354599245658598752e-02 8.882220767852171128e-02 6.607245368928893470e-02 7.972792105893967973e-02 1.250110730957937344e-02 8.788876526681377310e-02 1.699074313681738987e-02 5.753684837666178664e-02 8.978502982043154446e-02 5.111611222729140099e-03 6.898656119617961602e-02 4.876269875231684786e-02 2.623734531005983504e-03 4.821824602516609076e-02 5.830018699548057681e-02 3.824489461704393828e-02 4.974232470859019616e-03
4.332160972063195392e-02 1.954508931504841604e-02 7.551934184067915501e-02 7.614100302864029723e-02 2.096618693325287552e-02 3.828239288320772760e-02 4.930178129070683646e-02 9.016713577222326692e-02 6.838966622606774959e-02 5.952422989717379848e-02 1.509085641567495945e-02 9.653312349592491071e-02 1.135383604772783987e-02 4.511752952909484082e-02 7.248894599293422003e-02 8.354830320062572868e-02 3.170470629691631709e-02 4.945608348108400387e-02 9.804708051817892511e-02 7.770911612693517934e-02
8.842291818378722468e-02 1.256504933332366382e-02 6.410936001823064334e-02 6.209717879976003885e-02 5.262317589032870085e-02 5.119743987833601934e-02 9.390810791884705855e-02 9.145131890556396081e-02 1.858270501586786402e-02 4.246463192388450457e-03 2.693278474985384696e-02 8.180980143535893090e-02 6.712959395040785093e-02 5.807989887830065229e-02 8.197347697566165214e-02 5.583103570964540602e-02 5.164418929993203067e-02 9.816492963749215428e-02 5.753960288801882733e-02 3.316348149519474792e-02
8.733166236073480748e-02 3.683453203126264841e-02 3.989843476893178281e-02 2.061619425652521168e-02 9.619789857657526366e-02 5.816943273325370090e-02 1.735499571677400280e-02 4.139418899576105537e-02 3.347262338122688335e-02 4.102984106451479374e-02 3.178343768300134070e-02 8.214399323134044528e-02 9.789622868932784661e-02 9.295021682120861717e-02 7.051151599530479375e-02 2.683064636122381094e-02 7.587341003920453075e-02 1.169147162240042996e-02 2.372534896756258935e-02 4.401518401904303338e-03
9.026475465451219704e-02 8.336821344251472976e-02 3.464696773812671327e-02 5.468684040974980398e-02 7.607125757476441118e-03 4.156100189968121861e-02 5.480157072295969295e-02 1.494555533106057925e-02 3.715669821721828692e-02 6.363825869864571383e-02 9.156370141864439427e-02 4.444889572295859792e-02 2.164622070467297002e-02 1.883558310812487660e-02 5.968075292257307013e-02 9.920234803463155726e-02 4.269870012568454526e-02 3.049161614834091857e-02 5.410521849153895890e-02 5.512153887304576533e-02
4.465834593916711420e-02 9.327492906170301024e-02 6.945451125056201214e-02 8.018955782917214226e-02 7.450004993386159791e-02 3.555484535299970050e-02 4.431572205504186526e-03 3.761001462851840116e-02 4.142186300888772710e-02 9.413538327591525201e-02 1.234429834653049188e-02 5.370438743624039897e-03 3.982555694619543257e-02 1.327288846888852267e-03 6.159726850561621225e-02 6.559214107804166305e-02 1.944480302955284984e-02 2.150879899215245653e-02 2.332746260098318702e-02 8.436294575854622058e-02
7.742542675690522458e-04 7.656724457761832081e-02 8.714262988838647472e-02 1.501058170762183987e-02 9.515043063804942691e-02 1.206915940474700966e-02 8.756325558230132478e-02 4.190593341675459549e-02 9.044051717530737777e-02 6.143739725289958792e-02 9.260481677720613924e-02 2.280137647487856523e-03 1.072003782226754742e-02 1.827664023959114578e-02 6.233189472630570882e-02 4.848474551789140607e-02 6.354434381868016846e-02 8.635676854266444158e-02 5.888921221261753103e-02 2.516054217193948450e-02
9.873604606008780371e-02 9.362568324059176994e-02 8.343301437544860255e-02 9.306267798370959849e-04 7.534451597688728020e-02 5.366707832874650225e-02 6.108506162222433755e-02 1.523958884749010553e-03 6.385697903595072278e-02 3.115346633607728524e-02 2.324349192684738163e-02 1.835863944501512496e-02 1.956889641558513804e-02 7.253893707172932165e-03 2.024159954396430663e-02 5.495338102145375103e-02 8.325365085972924462e-02 4.090619761559774470e-02 8.093565240137352845e-02 6.085514174393144571e-02
8.048947882649745700e-02 5.297871992289116330e-03 5.351869960803359860e-02 7.161489452438712933e-02 4.117948757915135781e-03 5.786500089891467857e-02 5.546855335714595547e-02 5.668842673712104485e-02 7.678191171672697768e-02 9.916987428856927078e-02 5.413418115067154812e-02 5.433176288279067262e-02 5.389191112190614558e-02 7.953959707453968353e-02 5.666975808533659953e-02 4.922271342484882406e-02 2.541799029935757487e-02 5.781274786564667700e-02 7.497788596535415184e-02 9.694242476923898427e-03
8.419102357977717443e-02 3.732058738306287754e-04 7.845282892953919784e-02 1.441224134664206326e-02 4.474504125350823452e-02 3.956269803844594812e-02 9.264574310050167905e-02 9.762856785177626007e-02 7.699763899501421704e-02 4.589046556803959981e-02 7.345448021912337477e-03 2.434641129980041896e-03 4.282574632622526689e-02 1.515563778488058372e-02 3.239401719105668848e-02 5.981209787626393104e-02 5.094380475245440659e-02 7.929525333077971916e-02 2.033187933134697131e-02 4.714470813328026921e-02
1.152640071925347190e-02 7.749155943982909134e-02 1.994605691559961022e-02 9.552940777721054266e-02 1.310881830161321308e-02 4.015092521935442749e-02 7.016895906012894646e-02 2.506038778328685546e-02 9.890095659110002824e-02 1.768922389195036818e-02 1.499185092060009196e-02 9.535176667901257286e-02 9.474100218537298557e-02 3.047777155889857051e-02 3.325273931101591345e-03 7.068890278833793450e-02 3.505584432624521407e-02 4.064263407313012388e-02 4.387202707520744538e-02 3.543038317161506783e-03
7.037734295257878914e-02 7.693767225626924056e-03 6.599487714858802423e-02 7.784537628597171244e-02 3.996969910003639326e-02 3.982908424132717423e-02 3.219414588686272255e-02 9.760778344193199452e-02 4.506031862328760407e-02 7.111870713205602212e-02 4.645132219804231494e-02 7.012524134942353660e-02 6.986560834548377619e-02 3.829428280820568360e-03 3.589348335081529034e-02 7.301188336424424899e-03 1.426288353959468541e-02 8.935235436439681322e-02 2.143836392645653843e-02 9.517812620749865893e-02
4.046397527853058673e-02 2.727865605074425437e-02 8.367655643901161788e-02 9.293835598948257948e-02 7.369873981338546931e-02 3.282826807676107045e-02 5.008633396834746843e-02 7.467358958166135652e-02 2.876819406237816207e-02 4.176347336890873230e-02 5.478487421375766511e-03 1.077172018575299831e-02 4.840785564250649209e-02 7.418773626212427433e-03 3.028032703857693950e-02 7.518825377780091745e-02 1.100821923067838576e-02 1.324458242146889925e-02 3.726679044978400274e-02 2.761919494241138473e-02
2.476805179954754202e-02 6.885733443284106081e-02 7.592116939872359249e-02 7.653599662146071993e-04 3.939146548760481814e-02 8.588467082922129903e-02 8.874159500363243414e-02 8.878876263663788848e-02 4.470700121133369676e-02 4.153064334120724205e-02 5.156242619750880940e-02 6.439631707074962297e-02 8.146905613306340554e-02 1.843711198420914382e-02 1.821947592890766840e-02 6.957452462848213136e-03 3.686648971523500545e-02 4.535873720546242105e-02 7.882081595740661473e-02 9.672976037040097175e-02
5.292477007156286967e-02 3.850557466059312262e-02 4.020068679195692302e-02 9.091591226083928223e-02 4.896687553354341083e-02 7.123349215397493939e-02 4.413742573798629283e-03 7.519388208755529990e-02 5.044478442701222365e-02 8.829425182018556251e-02 3.017186951493534830e-02 7.668983127433154356e-02 5.171800215434373821e-02 2.750638657267441556e-02 2.112131487863838641e-02 6.331555696378406151e-02 6.039950080200980065e-02 6.977569141837837441e-02 3.446848807862076119e-02 5.949750502382825795e-02
2.661824545940049205e-02 4.371032576660238700e-02 1.179176580118077716e-02 6.011176935932732029e-02 2.814846236105146560e-02 3.480554274948554488e-02 5.057936541987193696e-02 6.645695761199739426e-02 5.252180711630546894e-02 8.370285929192122429e-03 6.829433747124964704e-02 5.780830037945072775e-02 4.540773424577235901e-02 1.528338145973439158e-02 3.647956175241037075e-02 4.352182861359798344e-02 4.797505931304910098e-02 1.165776494211805472e-02 3.334317654600190556e-02 5.268553406206321482e-02
4.293215449014944896e-02 9.374861203055506395e-03 7.556098524012742901e-02 9.929374742094547457e-02 8.977463270152714891e-02 6.356272212553748524e-04 8.717287325738008741e-02 1.704465412207314609e-02 9.323209164828953621e-02 6.357301422892651377e-02 9.978995817819427683e-02 8.776900100348218603e-02 9.950514639583780963e-02 6.504053365812162424e-02 8.329251613299473722e-02 6.713394705927788753e-02 6.531007409326675117e-02 1.293629342144164641e-04 6.627384795744425960e-02 4.728264464049065918e-02
4.221636609149666264e-02 5.453226456277933398e-02 9.841002874732990291e-02 3.817811463563770824e-02 8.736882547568640411e-02 4.675237136617296785e-02 3.370780817762599607e-02 8.974067495534776562e-02 9.694463338490566517e-02 8.240967129531305557e-02 4.171707222027124656e-02 2.220011734815503790e-02 6.292403868449925053e-03 1.401129546374023718e-02 1.418785854024826737e-02 1.838497469143239929e-02 4.655744653425930406e-03 6.988285619347454902e-02 3.174180046634245134e-02 2.093994717546517059e-02
5.237434649534722375e-02 2.369455342115131188e-02 2.722663497081472331e-02 2.545833551038706455e-02 7.637980577736150356e-02 8.126087069638228411e-02 6.177872880434431835e-02 5.143000241629766545e-02 8.651090831033524109e-02 1.503477075589922975e-02 3.136594360736000286e-02 2.545935734108263626e-02 5.593695048845286760e-02 5.636507923650642404e-02 5.527453054206848265e-02 9.763485390585172063e-02 8.763884978468920728e-02 9.767135479292575473e-02 6.754575931986039894e-02 1.059876313452513645e-02
