2.877525381170358831e-01 1.111958443850649958e-01 1.943294204131858216e-02 7.104093749384768341e-02 1.047725020754042696e-01 1.654478653645528874e-01 4.595671173146773092e-02 1.679434576547255420e-01 1.182314086448757740e-01 5.138110683873881729e-02 5.355428058158463733e-02 7.360841665912676302e-02 6.494441580307072637e-02 1.229144185459801197e-01 1.022446130713401818e-01 1.199233005084654330e-01 9.580070649590326226e-02 1.029244758825063888e-01 4.431571589774879749e-02 1.106819170347380088e-01
6.268775109974200621e-03 8.996032210590382272e-02 9.044077282090651204e-02 1.044432092899320180e-02 9.616422274665448189e-02 5.805642792848423467e-02 7.389303784842593537e-02 1.359797564522662386e-02 3.751657505181035801e-02 5.131511594578333502e-02 9.626811942710311598e-03 3.609080663076289636e-02 1.973921564611458290e-02 9.398203366770738199e-02 3.510935812877626072e-02 9.772849404446838639e-02 7.428780133427248696e-03 3.338930694415742726e-03 8.108158934464104739e-02 4.840552671334829443e-02
6.606400710511538266e-02 4.129580889656141868e-02 4.179084604698908578e-02 2.818393342218655784e-02 8.686200333346716373e-02 1.752340396683526105e-02 1.241352593822353523e-02 2.031922028791278978e-02 2.906358543427639551e-02 9.273726261150357086e-02 8.931863192646932736e-02 4.195086216312038374e-03 1.298599985085944347e-02 6.461626751593008144e-02 1.597790362712911069e-02 7.008311341367466640e-02 3.997075456132503923e-02 2.221661329011732910e-02 1.261442286139584715e-02 9.266359369612418850e-02
4.028503602667136280e-02 3.052292438531001620e-04 4.473688852293109669e-02 3.339081836808111339e-03 7.446792545523071849e-02 5.841266976874093242e-03 7.751395221850358730e-02 3.724075492924033837e-02 4.017929842193512097e-02 3.728365356152129467e-02 5.353327270813845046e-02 5.973842822616207832e-02 6.069746123348496343e-03 3.367810874417213191e-02 1.430913074652319199e-02 2.935715190882857289e-02 1.939975253819097370e-02 2.644928530121997204e-02 6.050087160143607229e-02 1.059416210714742013e-02
1.530141152318775788e-02 6.937005981456177695e-02 6.509928668481624117e-03 4.327273049380417347e-02 5.232907586515034293e-02 2.601627367755830061e-02 6.161228395727440937e-02 8.866382379485879262e-02 8.689958211408893574e-02 9.239185538892510929e-02 7.986489428550463954e-02 4.455276781251631818e-02 4.423075354636482603e-02 2.551475347776665961e-04 1.400439849357497726e-02 7.949186364255499126e-02 2.014189527459152654e-02 5.600887771457987996e-02 9.689363760038453843e-02 2.116257276693072134e-02
2.553265604911145875e-02 8.634442635162832558e-02 8.275272022021823437e-02 4.241839742643813138e-02 9.673728403132172970e-02 7.870158787906661457e-02 2.038789498005291398e-02 4.460666621182419155e-03 5.469261241122910788e-02 2.870311865394370443e-02 1.435871212149335621e-02 6.729865948137757348e-02 4.459891946688720327e-02 8.985543686412961195e-02 5.908702999031000686e-02 1.823257711480540458e-02 5.147159828033136958e-02 2.553983031488640462e-02 5.590331880667442910e-02 6.612985189734510438e-02
4.782168567706066020e-02 3.454009072076450609e-02 5.432618324175797486e-03 3.570536665204548238e-02 6.779845405564476069e-02 8.094333702440434375e-02 5.309732349152918029e-02 1.411791070642584058e-02 6.278711556853911260e-03 6.030558419890327815e-02 1.135803565104894809e-02 6.815450155975798230e-02 4.254550038167047993e-02 7.328805674375016635e-03 5.544479535119910957e-02 5.898622999288506696e-02 2.964538228257085611e-03 7.989429850158707991e-02 2.502874974252219595e-02 6.519139422613062784e-03
4.051773290217176859e-02 7.557108486150888871e-02 5.653360287872220141e-02 3.573828531599396868e-02 8.714339322628819606e-02 6.989156801563854715e-02 7.433537464305525755e-02 7.317218119002599774e-03 4.563971549560768420e-02 8.768814716723255520e-02 2.473542256160162975e-02 9.386959531599162188e-02 5.432501068450903969e-02 8.986472317784632499e-03 1.056867970462045496e-02 5.923310000102556538e-02 8.797198255016373813e-02 5.043570186371122699e-02 5.399209534298676783e-02 2.752595258303080009e-02
5.295688520283799161e-02 3.726071058788560375e-02 8.877822762110100518e-02 3.729012953242619860e-02 9.235702474838515530e-02 3.012757911817722997e-02 4.137623345811661246e-02 6.573819327272157134e-03 6.056644395194937108e-02 1.768270153290616570e-02 5.544220326861588888e-02 2.851987955079601442e-02 1.346408513069424773e-02 2.868789055184766193e-02 7.735572510994109807e-02 5.415585009626192742e-02 8.388424257363868985e-02 5.999568451699231059e-02 4.067062330050908239e-03 2.011446708680086903e-03
1.406711354270641194e-02 2.437812345811653236e-02 6.151156793875284245e-02 7.985829047627747423e-02 2.037015206387471442e-03 3.632427733481200655e-02 4.983031944896419013e-02 1.001387219471290384e-02 9.539825874145066442e-02 6.137452555542281113e-02 2.259262498203913616e-02 1.505158551200905942e-02 3.514908255995352615e-02 5.912711925907800092e-02 5.584899949087746007e-02 2.230620783544621372e-02 7.436234939598677929e-02 6.844878087652299381e-02 4.509175370107354475e-02 9.175025691965657537e-02
5.779900722526888635e-02 4.042578792856787832e-03 9.878666429609671285e-02 7.405793962054429969e-02 4.372997584976490160e-02 1.175555293911542155e-02 9.470903370747767169e-02 9.334199908457323225e-02 7.471854442121725337e-02 7.310396245322915015e-03 3.053966016176885845e-02 9.441818506505247899e-02 3.643237940557623317e-02 3.013794501902718193e-02 4.233344744830620787e-02 2.282182992097428129e-02 7.858455609016631871e-02 6.285884535676508622e-02 1.025671279277629022e-02 5.298820679671831235e-02
4.843076215970666676e-02 3.525050588895208004e-02 2.024675308627951406e-02 3.938935074759530863e-02 3.690610948063990232e-02 7.268752918061867352e-02 2.164299034786253476e-02 2.572016119411449017e-02 7.604394099747647205e-03 8.650855836275288258e-02 2.073193378537682360e-02 2.336934344438872449e-02 9.037317617942920364e-03 7.709166777032025464e-02 3.839705978790781959e-02 1.297972876764010887e-02 4.918152528928293465e-02 7.901397429682895102e-02 5.458971860135924947e-02 4.514674057566549215e-02
1.015870290058426030e-02 4.873987688409937846e-02 8.908439589957610483e-02 1.515938711989083323e-02 8.207671991305148795e-02 3.745006987525437842e-02 4.962043750540678921e-02 3.560310405095600678e-02 4.737421828936239088e-02 7.723276730569633708e-02 8.199922106496092267e-02 4.778850553231372283e-02 8.645237691216456355e-02 8.948775050012203192e-02 3.016871398215781319e-02 1.894745990123171409e-02 4.506645149136237483e-02 5.804778841148860308e-02 4.254745945555094000e-02 4.010936272802456508e-03
3.144533852813692631e-02 2.923354005815487211e-02 3.926999280008456467e-02 8.435783915791475462e-02 1.701558142657549899e-02 1.866393138635805832e-02 5.169592597942673784e-02 1.342386173078098481e-02 5.764682406637581386e-02 2.106502502585523573e-02 3.796447497320663139e-02 8.042951742488882449e-02 4.651410915210447972e-02 2.514333032349849381e-02 9.531516881325199919e-02 2.974871954620526143e-02 3.519529407758470452e-02 8.454398104409760473e-02 3.119438867847655963e-02 4.025192964121265815e-02
7.616773389970321606e-02 2.603671817645622152e-02 4.341877030984986341e-02 5.989423994922393746e-02 9.982961127039925719e-02 7.884258166396783396e-02 6.960013775589000973e-02 4.796726289357788886e-02 5.976478613089911129e-02 6.986973577633642796e-02 2.219580814626198606e-02 4.696078600209919324e-03 2.814148348755879381e-02 9.437441928630266319e-02 9.185709503484934535e-02 2.169898487543686638e-02 8.087216670694319376e-02 8.332287058864883134e-02 3.860091920558365169e-02 7.015077941651810811e-02
8.091165431086991267e-02 3.726955037664898829e-02 1.191244198412759817e-02 6.392578923727851303e-02 8.152854025282663120e-02 1.586436211631293489e-02 9.808352273290911472e-02 8.324808800724665947e-02 7.305261219251270310e-02 9.942697893543567256e-02 9.496075062284448955e-04 3.800469075700831090e-02 4.458355179855369443e-02 5.506349236298735579e-03 4.948368789807780499e-02 6.423096913710008016e-02 8.263020243564286882e-02 1.993718988218162735e-02 5.031460088002216724e-02 1.785677865343289136e-02
6.357810539641628456e-03 1.785560724072958808e-02 2.061583904117274615e-02 9.900654183275503506e-02 6.507806700165537361e-02 5.928132471984670984e-03 9.879585357764217313e-02 9.811626952448893046e-02 1.033483463136981688e-02 3.792436767706676426e-02 4.665087829547281961e-02 5.359759685200388146e-02 7.420788795520087688e-02 8.146981013770636382e-02 8.400806810861476126e-02 2.990255436502563605e-02 2.368404072834379148e-02 5.923523570795690557e-02 3.929495783188460822e-02 4.759076055770111724e-02
4.139286992659149678e-02 7.633515594102883994e-02 3.156035222043142296e-02 2.462496909875119475e-02 9.508673207722728726e-02 9.107398404433114658e-02 3.063997208620698048e-02 5.283724928166724788e-02 6.788093120659509372e-02 5.414772335828149652e-02 3.436384482609455837e-02 2.248490170108479250e-02 3.625488231530471506e-02 3.962615803435829559e-02 9.195219609954496942e-02 1.837176810687313330e-03 1.570682219657897408e-02 2.662798939308218607e-02 4.675197141066755879e-02 5.415174416621650055e-02
5.058891637075275949e-02 5.134116377681712667e-02 1.191514049150310846e-03 5.487816235044110785e-02 2.823550151419546017e-02 1.075694980373246429e-02 5.444314432956207789e-02 4.375190841541289066e-02 9.997344558174475759e-02 5.706382502103195947e-02 2.827256327391147739e-02 4.674400716520165505e-02 4.358339363399549304e-02 4.042912822782984000e-02 9.686436375472361193e-02 8.693527483994539784e-02 9.079808966438136786e-02 3.608344289819388762e-02 1.737570550878205985e-02 5.506257006581431052e-02
7.583427003792486687e-02 7.412289544036426703e-02 4.433239665613970815e-02 5.151126156080299522e-03 9.414798888122788423e-02 5.336406107647695581e-03 3.217852775026077555e-02 3.005427381930667746e-02 1.454911442876481026e-02 5.008519716814148481e-02 2.625819926959735082e-02 3.243129337783020455e-02 7.335683557889019490e-02 1.100405359989861144e-02 2.321630309138708256e-02 2.548556571146863917e-02 8.504218301673394098e-02 1.224193564771068957e-02 7.652149360506721454e-02 6.181203790091609890e-02
