1.956911950333679040e-01 1.168656845119371845e-01 1.335754214076314561e-01 1.282130653970017242e-01 1.068974209784844809e-01 1.218951794002244154e-01 1.771542178186269745e-01 1.203746784762814853e-01 1.805223631224443792e-02 1.339078998419461763e-01 8.928084310098376164e-02 1.060170785010154521e-01 1.548454705045032020e-01 1.268125090084950279e-01 8.210689941602078434e-02 9.280350589661333360e-02 7.187740605084597112e-02 1.308775789239700060e-01 5.753661005607686035e-02 1.548823022722202181e-01
6.322334182674649306e-02 4.074911203103396412e-02 5.456397352548675306e-02 6.714059175806968982e-02 6.918785373321421905e-02 4.832154277614375548e-02 6.443371772426463757e-03 2.534222639848660724e-02 1.519752851302106364e-03 3.319363079155074336e-02 1.574711182200334847e-02 2.792015906948772108e-02 3.389860959806883373e-02 8.083139540469516660e-02 7.208178513507228213e-02 6.613249653569240605e-02 3.460122351127119245e-02 3.647961507984749663e-02 5.261658259813603578e-02 1.356370251526678970e-02
9.618326695354575961e-02 6.399641016084654799e-02 1.290467728004466956e-02 5.624219917887599007e-02 9.910958168865943718e-02 4.342083612138646076e-02 2.336441316334642027e-02 4.457876292411101088e-02 3.776884721770062958e-02 9.271855517040662742e-02 9.677648403597956250e-02 9.590315228749651810e-02 2.381694360166707047e-02 9.654319236961803052e-02 4.181445395666791992e-02 9.190554524019757532e-02 6.528319537389054572e-02 5.913419133650473641e-02 7.700117488394397913e-02 6.008749595005891120e-02
9.317593416374418333e-03 5.534043612654900024e-02 2.661337310025772493e-02 4.000878236199497534e-02 9.343194315875447131e-02 2.684113252412718628e-02 3.757199325887545377e-02 2.218869902091539877e-05 4.677026870833452671e-02 7.889158549499822315e-02 6.616883063396623854e-02 2.713319039303984520e-02 9.630545377195037782e-02 9.957957594641742016e-02 4.065744863085221823e-03 2.663610226167135650e-02 8.003081083070544277e-02 4.714564097047311240e-03 1.004929856153825574e-01 1.729200467521871398e-02
7.382124570449707934e-02 5.574634836202663896e-02 9.175343954632235108e-03 9.945359287184840635e-02 4.591005376934606357e-03 9.936593126641525900e-03 1.025670549487340405e-01 4.596497511688060755e-02 2.398219821781886509e-03 6.180851864720430383e-02 3.128250399651334029e-02 4.414488799949556341e-02 7.065090136809308585e-02 6.271708128754388545e-02 5.884576256120974125e-02 9.972245678745436659e-02 8.077132530435914004e-02 2.899835812261994557e-03 7.435116493880576660e-02 3.489866849760948214e-02
6.723176391206332758e-02 2.473012055610526033e-02 7.672908317913440523e-02 9.060408287076700262e-02 9.571164137729844257e-02 2.614216952447376632e-02 6.497906678482506804e-02 9.985485966181650852e-02 3.632763714935511451e-02 4.213655373536748933e-02 2.155423836416805322e-02 1.498912378537429514e-02 7.985053709867685756e-02 4.510058699077013067e-02 1.768171738447699148e-02 7.016873445415393318e-02 7.931083567150955249e-02 5.240043006945718784e-02 7.924472430128393086e-02 5.213684371803242040e-02
1.759858453004996270e-02 3.103312485060323936e-02 7.362481810870892540e-02 1.016078170164270433e-01 5.705615672889011863e-02 9.667544768678014433e-02 8.515001610423476863e-02 7.994475423231296729e-02 7.787072179466748845e-02 8.972095974468811963e-02 3.250089281897926979e-02 4.858635435508756178e-02 8.363907955302934960e-02 4.023612515061071788e-04 9.539928268632981434e-02 5.424522583905181349e-03 3.088814715620015233e-04 8.803154926193862417e-02 1.045171718482826133e-02 7.265163221464149279e-02
3.701807673210949501e-02 3.115885652219865451e-02 4.863559335139126111e-02 4.705152164171858692e-02 8.245629254453069878e-02 9.779450953797502732e-02 7.842185661943675001e-02 6.070411775466991178e-02 5.790739074163334110e-02 3.404795102956170716e-02 5.733839941879537855e-02 6.158788937688362136e-02 2.256024699470043568e-02 2.006441276894170914e-02 7.164499065962706692e-02 6.532082192677989008e-02 2.055738214225963562e-04 7.759178134429742246e-02 5.571577303378216078e-02 1.036300167439515724e-01
6.738953273555972623e-02 7.720236426902848947e-02 1.744117160895241811e-02 1.675786043270658179e-02 5.066995030787676407e-02 1.012183537793470145e-01 8.401567482609172133e-02 3.525314386052942096e-03 6.570321795793400421e-02 3.947137804168047298e-02 7.219040519104548415e-02 8.134971084281554521e-02 8.491295540895033023e-02 4.582920776236011629e-02 4.813865524574427457e-02 9.027422367420812055e-02 1.976212110472593680e-02 9.833235886366743783e-02 6.667810047669620044e-02 9.957326251925326110e-02
6.891251942097656111e-03 1.601062830875801812e-02 3.307012489658588128e-02 6.003713176572915422e-02 1.839948994173906324e-02 1.501460022244869609e-02 6.731931296391698016e-02 8.538119042924814661e-02 2.684604542545994746e-02 1.056678952083509870e-01 1.033665709050150538e-01 2.894537399687294524e-02 9.135741493615433251e-02 2.831684138962994868e-02 7.973458724790535856e-02 1.399771509012529350e-02 5.594455292354317405e-02 1.005654799466896288e-01 5.490766443180150613e-02 1.848983934144255228e-02
1.015858229630050846e-01 9.880641046800639482e-02 3.133254668083668842e-02 1.803811961030660216e-02 8.583429203013383246e-02 8.771061460608854665e-02 9.855741929843009341e-02 9.289387145060513939e-02 1.035269192517068448e-01 7.195629015526024130e-02 2.373199991161972777e-02 6.504308898489566393e-02 3.893585465271287571e-02 3.045291566737476016e-02 3.779668056536385212e-02 1.137879575686780338e-02 3.892875396408002758e-02 3.577072588688473553e-02 6.541466095259015207e-03 5.805926756315784448e-02
6.870686049071190668e-03 7.824893330186727392e-02 2.515464554022739385e-02 4.372046085796833098e-02 8.230178193091795824e-02 8.245584071076267341e-02 7.699851677063074273e-02 1.741627482276548056e-03 2.805093853537833117e-03 1.051628984156477153e-01 1.021187808900174271e-01 7.912030603484290769e-02 1.054134912586938561e-01 1.581536447272458012e-02 3.120061159930519190e-02 7.525870158140395005e-02 3.012459944760313008e-02 8.512901287009827511e-02 2.362757863782406764e-02 6.990831989004374358e-02
8.505661023768526507e-02 9.862937627549844127e-03 6.226083763222207967e-02 4.395277844918212690e-02 3.216721227986484716e-02 4.021005147572888350e-02 1.015100902891155482e-01 6.927716649354517808e-02 5.684539450944626343e-02 2.175535132220670145e-02 4.569416936910397631e-02 7.989456483534204678e-02 4.923464192302149517e-02 1.729765160453007947e-02 1.821956254239847847e-02 1.054811723899412440e-01 8.650122036801573266e-02 6.401044600930096140e-02 7.793397336790933161e-02 7.993433782383008168e-02
5.235028792974061491e-03 7.855033134891245550e-02 5.173893397927968596e-02 3.858704901228249967e-02 1.058652024095753513e-01 1.457357579736600663e-02 3.416031581469546746e-02 1.800537919870854459e-02 2.708152702658890836e-03 7.958788366252123048e-02 5.416541712621182614e-02 9.656108128582671646e-02 6.138155563533129883e-02 9.200624214735700357e-02 7.985415874202178577e-02 6.055555031884878037e-02 1.267965374040042406e-02 3.992011873158148733e-02 6.320956106445720091e-02 9.107236855975024692e-02
6.573918512561412186e-02 9.026148436048720899e-03 5.618883167610835144e-02 3.043813628903412408e-02 1.058918257362940346e-01 3.249128845721756254e-02 4.201578032557078124e-02 1.054988174454356137e-01 9.621397998550541841e-02 7.373480811364427345e-02 5.157326369865070786e-02 9.677586019563257091e-02 7.670303772922416451e-04 7.137658754486235491e-02 8.039464728478841471e-02 2.762417885339019108e-02 3.200934196165643175e-02 7.837877585842940864e-02 2.895804887331005981e-02 4.565857936045377569e-02
1.622074012827041598e-02 6.066736075515105631e-02 9.108200198624878674e-02 6.023236147449186062e-02 6.999404173640909332e-02 7.663831891671851748e-02 1.063673671966018086e-01 4.932335855074918007e-02 3.113518108638231932e-02 9.842190489129191977e-02 4.076289351247121273e-02 6.975711073562661235e-02 1.028099345254145369e-01 2.528263579147727730e-02 1.030525033151850900e-01 8.209851017531590023e-02 1.023729515356082004e-01 2.200251959901565815e-02 3.705586425371847070e-02 4.921622989007368859e-02
4.622824285205281991e-02 6.695114840887293750e-02 5.140765583903399855e-02 9.396842914356637322e-02 4.411362379949811813e-02 3.885837704464702863e-02 3.767417588759733316e-02 2.214444246671884442e-02 7.213354463911519909e-02 5.117903117755141784e-02 6.575111079313729345e-02 5.823407385274938231e-02 7.618827655299831303e-02 5.761020403214590913e-02 7.233064231330603444e-02 7.891892614212138446e-02 1.327519440096969552e-02 6.517462200223630986e-02 4.893907056344670714e-02 7.033500694718937407e-02
8.922952527442573611e-02 8.104413875128256561e-02 2.579084599775053124e-03 4.007164478409704078e-02 2.250177593936432408e-02 9.855347025591912682e-03 1.064541486007775095e-01 7.188351554234556628e-02 9.390314403639372920e-02 1.982276653186068952e-02 4.532637985789796792e-02 4.075303314301734897e-02 1.486923552946390996e-02 9.032255517164859693e-02 8.667486686884186275e-02 5.895478034838479847e-02 4.349313092113454154e-02 1.352445877772699701e-02 5.901087686714549113e-02 6.237170569790954217e-02
1.046579036788888167e-01 2.896859879191782203e-03 8.897656067264395063e-02 7.392043823894303700e-02 4.082021586551118136e-04 1.628880715133150525e-02 3.164898902356855226e-02 1.956778828368499132e-02 9.224548231928486608e-02 1.433270861350318358e-02 3.792221921389387490e-02 1.483034970859263904e-02 8.273468698058036863e-02 9.867987087363869203e-02 7.166069606570669992e-02 2.850911290049315885e-02 8.571559003692907908e-02 8.227449376873248454e-02 2.594700401173950788e-02 9.347772094087426764e-02
6.083317501030281738e-02 7.356136108256404460e-02 9.813379865022818505e-02 7.693295183729612075e-02 7.118890326758023357e-02 4.586379634674758038e-02 3.803563480823000942e-02 6.590908518139138028e-02 1.647818933148889609e-02 5.717828888044235863e-02 3.086877889792313465e-02 1.305377285671156101e-02 2.896334731938961585e-02 1.604051503649200905e-02 1.051702827605486557e-01 4.563872666618491725e-02 8.444757317469858693e-02 6.845286491646433540e-03 9.383575753378943507e-02 9.275642946562924485e-02
