2.041917395142222869e-01 9.056959919256082903e-02 9.311499285219657085e-02 9.485559577392908837e-02 6.016347495347806884e-02 2.873092530389951063e-02 1.595339511130025034e-01 1.291139279553840669e-01 1.326971174842430934e-01 1.503285114941571576e-01 1.503813726712010523e-01 9.455452901547006794e-02 4.255044441318153736e-02 6.683928091277079042e-02 1.021336932681303628e-01 7.224479726957996895e-02 1.339229036530458772e-01 1.005385448507568613e-01 6.077483312491774314e-02 3.973936971842660648e-02
7.259135469453703582e-02 4.661608932235289382e-02 3.610276737200536490e-02 5.962198514207273786e-02 7.933248163821948751e-02 3.929252238112244250e-02 7.636837965591938837e-02 6.307112487051175220e-02 7.513203631072953859e-02 8.426187935011203445e-02 5.695433654749133823e-02 8.043869328274172448e-02 4.548888782236374523e-02 5.652306481707244229e-02 1.061034630385795097e-01 5.277948767263392071e-02 1.058457469918555188e-01 8.749169768957536231e-02 2.004921477567517957e-02 3.295061947714029993e-02
7.058215136660141165e-02 5.414700802820535813e-02 2.251340088716325891e-02 1.062963777910797547e-01 9.559291360576485652e-02 1.049720870588179283e-01 6.191535189115410925e-02 3.475320236443603383e-02 1.078117356379212216e-01 1.235179616914103967e-02 8.879603993434131981e-02 7.390695179818504434e-02 6.652378568120877189e-02 9.707950843151026687e-02 8.390447460312619454e-02 5.898067924841841891e-03 7.650982287022979611e-02 9.944211703036957839e-02 8.237659746968238605e-02 6.740837603588417659e-02
3.776253883635827258e-02 7.812785318131242052e-02 5.875685605092224872e-03 9.393740129945439207e-03 3.146736006478828562e-02 6.564302423500409378e-02 4.346115555343532666e-02 1.070094846049393644e-02 6.293503411436222883e-02 2.845293020648856711e-02 4.852303100801411140e-02 2.670758414680561230e-02 1.031413962553582100e-02 7.994685022225737903e-02 8.494720740126375513e-02 3.691058510568780149e-02 2.424724840105629831e-02 9.817029674891847302e-02 1.922105811430901284e-02 1.094110584474431713e-01
8.119955643129930789e-02 2.967298776479550954e-02 7.159442088042894392e-02 9.206315306464585291e-02 7.096589190700153260e-02 7.609006257315055477e-02 3.942757170448718540e-02 8.984289446150574288e-02 9.451333255864859118e-02 3.950552879788268856e-02 4.280719205296575069e-02 7.772217178229032242e-02 7.503022307405534004e-03 2.830257561254625760e-03 3.849805827769687411e-02 5.128426433305053461e-02 6.731519681888592510e-02 2.384721108926575678e-04 1.832348697668656143e-02 6.853992704871626762e-02
5.853371408896370504e-02 7.974613576497374678e-02 4.987551244702938258e-02 1.153457521206628297e-02 8.982490200745782286e-04 5.140429446421655030e-02 9.316597987582089790e-02 5.248616321731976869e-02 3.532200519645037340e-02 3.883885076548782705e-02 9.332327706107933218e-02 5.522409105010410435e-02 4.115104083104776517e-02 6.262105113625408837e-02 8.346687483852392730e-02 6.556738741357402700e-02 5.702109032279881196e-02 1.031571384220145715e-01 1.097457786262481805e-01 4.606190485964721526e-02
1.045358261971315456e-01 9.074868698420156254e-02 4.204578292139027340e-02 1.635342361727105953e-02 6.069507758410779691e-02 7.025114586286558549e-02 4.144319934589910104e-02 5.469318523830891780e-03 3.802258721726767265e-02 5.055425595343234629e-02 1.031012113295397964e-01 1.164649051271790872e-02 2.550522743357962543e-02 1.015089615758978450e-02 2.079223866135533269e-02 8.664749306556733532e-02 6.696890531006290115e-02 4.111405272084614655e-03 5.635924140165694818e-02 2.793144614379581767e-02
3.306974542455093369e-02 3.527308719856642877e-02 2.919566505954892394e-02 4.471436932074997900e-02 9.952430800332960625e-02 8.860273004169490207e-02 5.857041776779117748e-02 3.257105635648018666e-02 9.010761573280993975e-02 8.278989967859699817e-02 6.112908975322198235e-02 2.613495559067664092e-02 3.199041657305926045e-02 8.792438411871759951e-02 6.890489345808222844e-04 3.511011251822095808e-02 9.211388930013121590e-02 8.878757211628568458e-02 1.066092950319801891e-01 6.182877682372740769e-02
1.472589854492448169e-02 5.875876982294566536e-02 2.224444681304440716e-02 8.372805614056876011e-02 1.002987243632944003e-01 1.650185788402065397e-03 9.435585434241215708e-02 1.084620983462422916e-01 1.462984070803018642e-02 7.344708651981450565e-02 5.756255008783035115e-02 8.615322148348379672e-02 1.463908757875316373e-02 9.381026777311178566e-02 2.247143513261047262e-02 2.542575743203900895e-02 1.810210476965075366e-02 2.671521956835971878e-02 9.184710414307467596e-02 9.652799324293026562e-02
5.675546169182332096e-02 8.619414242519281288e-03 4.501488969194229750e-02 5.649408707846239469e-02 1.091614509168271352e-01 3.774703640087621274e-03 1.025807190301847860e-01 3.853966480753096002e-02 9.867061313561084623e-02 6.066248258085601974e-02 3.778461911355848746e-02 6.980268718946169848e-02 5.291375246739756649e-02 4.938435252384136553e-02 7.492303298017478908e-02 9.789576303009035751e-02 8.145836343920166700e-03 5.416642786388039393e-02 6.919892803631372269e-02 6.353275406143805981e-02
4.293539576451671502e-02 4.607405330121503578e-02 8.393475861674208616e-02 3.235966310956066294e-02 3.905585602388151473e-02 6.586239376919188204e-02 4.760986830540124559e-02 2.528556686878626059e-02 2.509237541625624485e-02 4.034624346036727593e-02 2.147406305129044568e-02 5.701169702113811216e-02 4.207893808756141968e-02 6.336934605927271869e-02 7.016799219927138953e-02 4.973965006714812370e-02 4.853609389220966963e-02 5.639923576622637297e-02 9.032537051464269162e-02 9.296225246603952164e-02
4.826091202521291118e-02 4.038461314801067986e-02 2.829962053339073191e-02 7.320251668141687651e-02 8.254292717609060248e-02 1.001604531346415444e-01 3.301510003010686700e-02 6.163853215482806985e-02 1.027512172497583864e-01 8.001770116032362601e-02 5.096807551717319473e-02 2.642918419964310900e-02 8.100096332789299969e-02 6.445774725624504875e-02 1.018280310201734040e-01 2.212614598743211855e-02 4.424740098282036599e-02 4.263196161013572266e-02 8.127528825054064487e-02 6.187088548457889137e-02
1.083564639404387270e-01 9.201254590515213494e-02 1.969118533812422300e-02 6.822689908159446093e-02 4.328694140427865461e-02 6.318914056048814676e-02 1.911703285563330287e-02 1.035529222272888947e-02 8.715783910544935842e-02 1.179162497256353720e-02 1.071119938306155650e-01 6.981183259576984046e-02 4.119858304397339133e-02 1.094733568048509714e-01 6.878268982938472685e-03 6.294830403824926146e-02 9.755544374859589918e-02 5.484041775089066456e-02 1.030085054462126087e-01 6.574296135085237573e-03
8.388821925899052345e-02 2.529567921762104071e-02 2.028494237601143751e-02 5.419293142042862221e-02 7.165983203747673669e-02 3.125834728410954028e-02 8.067397764462058696e-02 3.501768469309349263e-02 6.936150606428219401e-02 3.853526513755928945e-02 7.649916076606209925e-02 6.099520329794739376e-02 5.645341707257533342e-02 9.568841218761360568e-02 1.082308346697165302e-01 7.828519865358997409e-02 2.536725934396369050e-02 1.329807143369819526e-02 9.775624249353748185e-02 4.062299827688669457e-02
6.602814183384497770e-02 9.554312330703541856e-02 8.883324148889744365e-02 6.720428091801251835e-02 4.711272969824363555e-02 1.447439908460651167e-02 6.274148344699002899e-02 7.421115827291298317e-02 7.085181397959224026e-02 8.771923312272610074e-02 7.266696494726050670e-02 8.657565463502316094e-02 1.082869711245680044e-01 6.290988052536260026e-03 3.446899981868170593e-02 6.726179320935103678e-02 1.814777410667857763e-02 6.186220804553744373e-02 1.018310632102147756e-02 5.526974956818508228e-02
4.558758361456894531e-02 5.872762806550300280e-02 8.771925963854612651e-02 1.011217381603334020e-01 1.045140546584922420e-01 4.405117631841890674e-02 5.848473455861145226e-02 7.469261407222814453e-02 9.209678797464712630e-02 6.096430791162843477e-02 8.306754030426304058e-02 9.760305334476043759e-02 1.513043432376688993e-02 5.794411111221588889e-02 9.742440799582961775e-02 5.147708594275094557e-02 5.623873943732596303e-02 8.162260921706669670e-02 6.734357033086002531e-02 9.739853898626506246e-02
4.341221534499904028e-02 4.269145221837458704e-02 1.008101756796371401e-01 2.973570489113024420e-02 5.704506217666229645e-02 8.019976485981634984e-02 4.401657112181030229e-02 7.608806318293866167e-02 2.490811240312770878e-03 1.035468345516565997e-01 9.119916979940682900e-02 8.896251860013901225e-02 1.056113013897281017e-01 1.077361432455131024e-01 9.377371250019532478e-02 4.941782378071800895e-03 8.719403226231284276e-02 1.759936894111024594e-02 6.162445546851891276e-02 4.070895641763581235e-02
5.184337467943653938e-02 2.379671635212971675e-02 9.239369307021790467e-04 4.234035688277894977e-02 3.065189370359630919e-02 3.129426296066843000e-02 1.058815332501887169e-01 4.267237221394205859e-02 3.896484178491702033e-02 4.816629050511746918e-02 9.424282502229805458e-02 4.123435693424497284e-02 4.110723674949258444e-02 8.544077863539610573e-02 2.349381361069772384e-03 9.356431350395583157e-02 7.117167126628336227e-02 5.015606740591341262e-02 3.525634076518366355e-02 9.066613910844992241e-02
3.194326442319588011e-02 6.728764078652482022e-03 1.645777129437577674e-02 1.511727544665055281e-02 2.007485160758888665e-03 6.590395477870673868e-02 1.018263080900820572e-01 5.173196384644411505e-02 1.481782073370221248e-02 3.238537068044224088e-02 9.550951793355426378e-02 6.459462665743624654e-02 1.700662842239007710e-02 1.041781549092918591e-01 7.091276853414903159e-02 9.480118701142976889e-02 3.354425141628777224e-02 3.745914247655308948e-02 9.246720471248764950e-02 6.048780673234780553e-02
7.590493222232196080e-02 2.031332237510048364e-02 1.669782494610602686e-02 9.109887865316881883e-02 1.054610238856381610e-01 8.287291108579081245e-02 9.297102692184056050e-02 8.503255652872276915e-02 1.725145658481897978e-02 1.445099650867909431e-02 1.175127951443147301e-02 1.031420728347152149e-01 1.952231868100817030e-02 1.064942779964584418e-01 1.467280722744992473e-02 9.446970682962153865e-02 1.099170568010056637e-01 8.089718429673244116e-02 1.001939698866799178e-01 9.432238224784514347e-02
