2.997352001933157317e-01 1.595255447299144536e-01 7.723948860544531392e-02 1.264444605892933171e-01 9.861775649242471298e-02 9.512810668116082613e-02 1.158063211711367890e-01 9.298962665381968473e-02 6.945759604069014215e-02 6.222197275221073853e-02 8.968680504753294425e-02 1.137458154499807611e-01 1.316994865093364386e-01 8.327620538377251969e-02 6.854782123061409216e-02 1.638599351561714490e-01 4.497016812368834909e-02 1.608398298005396798e-01 1.467821069898403163e-01 1.633793809325328472e-01
4.121928025748578146e-03 6.287713104710324291e-04 4.839657501951100289e-03 7.290899045978578574e-02 4.996943456367707731e-02 7.369585894803129533e-02 7.059405674150876116e-03 9.190150913603156724e-02 8.261568316189406291e-02 7.799490521591846692e-02 6.573499400140332682e-02 7.998369868908201952e-02 1.680182960521718963e-02 4.324802530471053702e-02 6.960492813083823949e-02 2.615352355933693584e-02 7.625424401944379260e-02 8.941934411318527842e-02 6.281770607857888045e-02 2.063631853949006445e-02
7.901428432212946606e-02 2.352259615141768720e-02 3.660732641638155677e-02 9.573638325255885359e-03 8.302315564536577597e-02 6.116963707076651657e-02 4.644559061274104034e-02 1.732824074628053213e-02 4.254820934569606555e-02 2.927920565393892297e-02 7.099480843390257312e-02 5.449142765007393419e-02 1.062215059239776140e-02 5.391894725443524550e-02 2.315120211842206649e-02 8.652230371083163840e-02 1.639777103145821993e-02 3.635072432966898054e-02 4.549128166705181109e-02 5.964221946791282113e-03
5.134446334954943097e-02 3.263892905783221526e-02 5.430149105213989691e-02 9.313432860887377318e-02 1.692083068111392002e-02 6.117811170276976629e-02 1.901685702672846479e-02 7.612232049621103780e-02 7.229037178552454035e-02 9.234548166354678012e-02 4.053757305813377072e-03 5.452519431979069298e-02 3.370998768449063113e-03 2.911313042681484831e-02 2.384324145005755138e-02 1.790242745814424330e-02 6.399401389126403716e-02 8.131457541542395917e-02 6.839151392717401912e-02 4.620377406073020166e-02
5.855449042101446011e-02 9.306005854880657069e-02 9.035711530315768125e-02 9.754939216437545635e-02 7.959318146691501950e-02 6.090730367158739972e-02 6.183941930781722621e-03 9.529496985033993062e-02 3.525450478458278664e-02 1.937500370620404144e-02 2.945011241184012502e-02 6.345725081213636487e-02 4.550799270848206179e-02 7.778517860487277336e-02 4.293758541204631407e-02 3.088303443601168180e-02 8.221843769788991785e-02 1.765168918121284847e-03 1.878190523311247528e-02 7.266216748638125444e-02
5.787075262728597069e-02 7.600529974534493693e-02 7.865895109605092195e-02 2.381235272990878116e-02 3.811202150280543210e-02 8.093051356147556996e-02 4.313531915157636093e-02 5.575512666384359328e-02 6.588253119435802385e-02 1.556383981209035275e-02 2.282285318116266185e-02 1.494911879664194768e-02 8.172680819657954232e-02 2.758845679107786719e-02 5.811690353411104459e-02 8.893329166903751401e-03 8.451504186057379187e-02 7.541391168802580314e-02 8.537593946240583376e-02 6.905120685903402833e-02
3.193285649048462072e-02 4.029605029594902910e-02 1.309691452792817283e-02 3.107302562238150115e-02 4.619895806893530715e-02 8.038711635217553331e-02 2.833615439100466496e-02 2.275039370625616883e-02 6.839291604778000022e-02 8.981658824668213581e-02 7.305944432308546233e-02 1.282241210454938656e-02 1.132689603764116572e-02 9.840740223508541440e-02 5.408602546103813413e-02 3.061510154468793932e-02 6.041690510134008207e-02 2.836197761224774905e-02 3.906657242875474778e-02 1.030486227893380284e-02
2.782729648624972241e-02 2.053968859193675695e-02 1.488448249506576539e-02 1.150450436494168151e-02 5.806962369703334848e-02 1.246278015679882535e-02 2.755185651379371548e-02 9.887354313580550003e-02 1.633432933740384257e-02 8.731568259119620867e-02 3.738815621058379918e-02 3.620711305510931205e-02 4.207307240481694861e-03 6.405161385118793294e-02 3.630032076950615721e-02 7.316447946753096288e-02 2.668322861594493375e-02 1.223692355332292071e-02 2.528506172223987658e-02 4.621004322474562415e-02
9.612852168419228072e-02 7.032841803088549226e-02 6.110904889105388954e-02 3.937638781093042578e-02 1.699522655386908124e-02 4.598946522972905543e-02 1.020332695082992779e-03 9.132217217426753797e-02 6.618424438818426569e-02 1.160858315384509856e-02 7.681396086316702454e-02 6.149983439278124131e-02 2.950891141748882701e-02 7.780978880107576601e-02 1.530514521275685470e-02 4.755169124670571845e-02 5.460055269723304572e-02 4.350129085757952624e-02 1.284928827254981989e-02 3.363750928799270901e-02
7.379098478187940367e-03 2.919092857940219776e-02 3.340535953145241932e-02 4.234732583478050677e-02 8.777077926655668660e-02 8.273862499170883678e-02 6.505666319590960867e-02 9.178352812477827416e-02 7.136885405609744160e-02 9.019011477183475067e-02 6.021072020895931742e-02 1.132772043013898812e-02 4.538739058327485865e-02 9.931549731725562713e-02 5.893108695566472849e-02 9.646040458641851056e-02 3.354935268620366090e-02 5.364533870113245145e-02 7.881386492246639230e-02 9.359248896665894879e-02
8.816322262336595550e-02 5.259780115441903270e-02 7.620757445947419495e-02 5.407098961508467749e-02 7.842971928553321703e-04 6.839195614748834473e-02 4.548442610767391980e-02 1.605584014102056159e-02 9.890611962757078768e-02 2.336453757455072763e-02 9.151596748399414005e-02 8.785165171725012323e-02 1.199803504760698150e-02 5.233012967422834977e-03 8.224494018325068101e-02 5.243405201431677182e-02 8.308860818627133993e-02 2.978350530839756274e-02 5.027636763993790364e-02 6.765452498821183935e-02
7.226841055514636458e-02 4.534945184735419965e-02 2.725328769942607712e-02 4.502398006671672059e-02 1.458720420105443817e-02 4.253733361880451813e-02 9.514762098991443040e-02 5.047205147219746731e-03 6.364141573061270207e-02 3.887326040038957542e-02 2.585368577135919305e-02 4.520901213315257211e-02 2.991126939955184375e-02 3.262985705329984887e-02 3.657950791393500822e-02 2.162113759464798918e-02 6.256730920604895718e-02 4.695111963243685932e-02 9.120401596285954149e-02 7.749979881753997490e-02
4.201855794578155529e-02 5.410342416787370518e-02 8.518420002256062162e-02 1.547135202307874449e-02 4.500759799562235181e-02 3.637270962156324838e-03 1.904227550091357538e-02 8.794030956875008298e-02 6.920457401116597573e-02 5.166010531522562815e-02 1.398863160989840572e-02 6.898519897596876171e-02 5.659981808300194178e-02 2.962549532767227989e-02 3.031064890060286739e-03 4.270317945957288752e-02 4.346236533439037930e-02 2.596788644597676499e-02 7.377057232453117230e-02 8.056640223971887893e-02
2.706737599950648221e-02 8.236505974117817874e-02 8.698558325702454574e-02 9.193465392721857088e-02 8.600244598903725168e-02 4.142112924472426960e-02 4.407307046148313534e-02 9.798705333171990606e-02 5.365497049474080710e-02 5.793259234285700471e-02 9.544592908751960147e-02 5.630789852869134970e-02 3.398075762571293318e-02 7.908454999960567999e-02 2.205328517515966688e-02 2.055819046724548585e-02 2.678986865536239423e-02 5.099402483404287534e-02 4.233229448551304591e-02 8.985525614615945400e-02
1.923601068651739285e-02 1.029343429161502267e-02 2.958505157728454071e-02 2.130341052115493350e-02 2.825135895275720024e-02 6.969418436726167176e-02 6.523021049486035783e-02 8.100127380467848914e-02 5.188273086580056509e-02 7.879733716172641900e-02 2.925778794626470239e-02 9.072772254056514496e-02 8.770889302181839042e-03 4.845840075545654324e-02 7.451684091056831605e-02 8.906958416947273471e-02 5.950164390650772295e-02 1.925039704967128687e-02 3.439629649011958362e-02 6.071754577013538379e-02
6.875270640044872650e-02 8.034003646696684375e-02 2.324281140812396729e-02 6.662352384358741220e-02 6.695342583340772868e-02 8.083601085192593586e-03 8.383566132675651650e-02 6.309947099188431552e-02 5.897814730982395282e-02 3.709221574864285387e-02 5.462568731532529281e-02 7.520073535050210423e-02 8.940744037988081205e-02 3.677008770393448700e-02 1.390892697608097153e-02 3.772067516144261140e-02 3.886997595446100434e-02 6.628986820211915654e-02 7.290009302378014366e-02 7.541387836112134480e-03
2.111894673660859312e-02 5.247860450496916185e-02 4.056432180908256524e-02 9.806493725466514100e-02 8.949486030911008028e-02 9.760712120897602206e-02 6.907318997914756176e-02 1.966525229232588684e-02 3.870521162131579374e-02 6.866973630910087889e-02 1.953492158543590484e-02 3.351845508803307644e-02 2.053215666002424986e-02 8.862553314083793099e-02 1.324910365285544324e-02 1.767872797792768846e-02 9.332720151020795774e-02 2.539431998670477197e-02 3.621286000684285217e-02 3.356587006372846547e-03
9.700133100857466495e-02 3.223835589496209381e-02 7.627302042303107932e-03 6.117819573493404189e-02 4.588241591989317657e-03 8.890305550583856020e-02 2.794276403164741660e-03 9.179629055574956009e-02 2.986139280948298114e-02 4.802777517560428283e-02 2.524904968943411307e-02 3.001147643087436270e-02 6.549580957648912238e-02 1.065239250283803868e-02 2.403252481232949489e-02 8.905662007397394109e-02 6.527903038396430657e-02 3.638370152184925571e-02 3.823897677278991630e-02 8.981228057449423818e-02
8.443078815042867613e-02 3.418842594617414049e-02 2.273104569236710296e-02 2.518827376824639419e-02 1.226825809395528689e-02 9.708339258769396740e-02 3.380075654932620383e-02 5.157662780369458994e-02 7.058169502301271658e-02 3.517171514774467683e-02 3.235410177451954888e-02 7.640510291574087454e-02 9.244831223019590871e-02 1.388248044876660980e-02 4.530569306488749226e-02 7.365505417464264515e-02 1.944678654403064755e-03 5.041598753037142278e-02 8.489086367692404156e-02 1.413651825038080359e-02
5.568245953970344525e-02 5.380758645992033545e-02 4.809163177310243203e-02 7.898333077072931807e-02 6.922549662706148355e-02 1.789821423753623630e-02 9.400453417782683729e-02 4.394911651852424772e-02 7.213237770347062650e-02 7.975372049006433650e-02 7.919590956358625589e-02 6.836783433225106232e-02 2.372087660796439249e-02 9.829951033826457227e-03 1.725709213921138366e-02 2.724852197227977182e-02 2.185590251810017037e-02 5.602028425604930334e-02 5.706234679147851457e-02 7.609542991921876276e-02
