2.273364783361392083e-01 1.673505348114875668e-01 8.078566017896647578e-02 9.938585753378764709e-02 1.063892946229416242e-01 5.830917001060342830e-02 5.957955393772327440e-02 4.228694783133778168e-02 1.209606935617740103e-01 1.022479252009694806e-01 7.968337370673578279e-02 6.319530106162164762e-02 8.721951789753218387e-02 1.254706834779950042e-01 1.548518617835587530e-01 7.807265278036608358e-02 1.013862813067252788e-01 1.284543565986977498e-01 5.260371026904854530e-02 1.242183866616269061e-01
3.703770087132201433e-02 3.342773785481807647e-02 3.854207178799399364e-02 9.434822755904620495e-02 1.086856564079924370e-02 1.343399768497166580e-02 3.782125634956232801e-02 1.787313653972302449e-02 8.667407025293339274e-04 8.153419921148255534e-02 1.375932328262509212e-02 5.604946672996933416e-02 6.521383714569492507e-02 5.309938385960516483e-02 5.575329758119284412e-02 5.402577750517180422e-02 9.362835162246510579e-02 9.454624917281868879e-02 4.337623314388372453e-02 8.947542847904349506e-02
3.391073493879183387e-02 4.009706734635091335e-02 5.382203891555695230e-02 3.895084438056217735e-02 3.328059259379010509e-02 8.173435911978284285e-02 5.520356642346029713e-02 7.451715518999062204e-02 5.480109155488518957e-02 3.128220065426741414e-02 5.442702206553012151e-02 1.644495455206950243e-02 5.436764312055646781e-02 9.692168204097062478e-02 5.760391257196665477e-02 9.197368810699441122e-02 3.741999994203200341e-02 2.354542110701848476e-02 9.946504630556435300e-02 9.649690748535158513e-02
9.002758695803303457e-02 2.621183181820010630e-02 3.192334324375376703e-02 3.888570435030852535e-02 3.939645037222527096e-02 7.580890051859399958e-02 4.742159366956290312e-02 2.254828370766349954e-02 1.471431851491755835e-03 1.521949396137554228e-02 3.021365218166021174e-02 7.140764959089646036e-02 4.539766335737665387e-02 2.962847997243951703e-02 2.590206616424675298e-02 1.791952865601429551e-02 6.132263815330505491e-02 5.839747503531633049e-02 5.120319605301781873e-02 6.657174031375245882e-02
9.719152569147671006e-02 4.321353283801343862e-04 6.356325008069783900e-02 5.315938977608614807e-03 7.838723699626296004e-02 1.349083783924023318e-02 5.913197408250177312e-02 1.297813559443549217e-02 4.873755279675107133e-02 3.056814532850502669e-02 5.423613023646145503e-02 5.396898183176216529e-02 1.391097203366009789e-03 4.195775261517479399e-02 3.074229442544103297e-02 4.508941019624040231e-02 4.540713281515543903e-02 2.884355536673552031e-02 7.648570743995143639e-02 9.243822636162185580e-02
2.067300295657444054e-02 7.875491163526524008e-02 1.771564981370976621e-02 1.543144414337770456e-02 3.169210956124821760e-02 3.408200962624851477e-02 9.265304328964484026e-02 7.460362561155019223e-02 9.431304950671505483e-02 8.460398843415614656e-02 6.194823910314929682e-02 7.914746940750322368e-02 1.649527194114897141e-03 4.889625626990598550e-02 8.724682263731024789e-02 6.496178094036432482e-02 6.730078499925730429e-02 7.531415044171319018e-04 3.501197446963862786e-02 4.435881557356383814e-02
2.609104880352697536e-03 2.615856307793497371e-02 5.147251734086347869e-02 4.688736541099030458e-02 1.247604738688047436e-02 7.134857763507207636e-03 8.340226877382704573e-02 3.226623412748291092e-02 9.444092131922726674e-02 4.035398028099083240e-02 8.595012985222764967e-02 8.352566801574226596e-02 8.939044760899307260e-03 4.650368343672774130e-02 1.098422030386479037e-02 1.558400589648620965e-02 7.509996997126205942e-02 2.842103541186769347e-03 1.919535942522959671e-02 8.645026861897546488e-02
5.737100117632396024e-02 9.443184773187798808e-02 2.263382537193308133e-02 8.054473897771832758e-02 2.483647173324110558e-03 9.466365353968275720e-02 4.346360635810661566e-02 9.937082794843135614e-02 7.555086898128171580e-03 8.646117648923364041e-02 4.845093497454312781e-02 9.527752816529500013e-02 1.278029473814524912e-02 6.548890106628957319e-03 1.491617707621663118e-02 5.529752287586009668e-04 6.030876593559711396e-02 8.380490544838949118e-02 5.497982442596236613e-02 4.399980082827022188e-02
5.038505220055078740e-03 6.263099699496947614e-02 2.482813961993199023e-02 3.822657508535669962e-02 9.718931493960954182e-02 1.342685762878391767e-02 9.614284088816726914e-02 6.488386643357728356e-02 3.374234353505477929e-02 5.439680677801256303e-02 7.985854321484625595e-02 4.326875443815914046e-02 6.331156840526198232e-03 9.917110726448705171e-02 1.670510052584361915e-02 5.925676309996007890e-02 6.844975497225087857e-02 1.060577456507236921e-02 7.020722793365741232e-02 9.307530718229905728e-03
5.538305631216128289e-02 9.107226004989389667e-02 9.409034207134776839e-02 9.516884127263940119e-02 5.922371803243210719e-02 9.034669530684141803e-02 6.571712927184641950e-02 3.695543712872737668e-02 2.040165028315522877e-02 6.525049717249875592e-02 5.094044546990581651e-02 8.824971993303540319e-02 2.396114725800607692e-02 6.661425995206803063e-02 9.835354273737191566e-02 7.697249717513367229e-02 8.164660873386768436e-02 3.660608854561727549e-02 4.006347054164776517e-02 5.354163075387136095e-02
6.670954353197855458e-02 4.409735614760310757e-02 6.301252082576591640e-03 5.691364004248045116e-02 5.398607112784226114e-03 5.658208481765281128e-02 8.054768521616598176e-02 3.875555858052290303e-02 1.720080290544513321e-02 7.982760279337780540e-02 4.150208528144236353e-02 7.182852789837654295e-02 5.419312709859978178e-02 2.631095239752323858e-03 2.548088411939068015e-02 2.519094020369298109e-02 7.145002389753371541e-02 7.211195643658686871e-02 4.156255486393474474e-02 3.583875127035934804e-02
7.284555608731706211e-02 8.076037499189692159e-02 4.516625186113729790e-02 7.314681875439386916e-02 9.134936090434107869e-02 4.985650374109787397e-02 4.427906148839500303e-03 4.090579969882151418e-02 4.290374119943707537e-04 2.395049869973478116e-02 5.641221363496451771e-03 6.881262513437725464e-03 5.095534187337977250e-02 1.274620495465115383e-02 8.682854648198413960e-02 4.574818227674914972e-03 3.397613083441344134e-02 7.095339200733251361e-02 8.016925947350174442e-02 9.253272112167297558e-02
8.727920449616134377e-03 2.824351226761155978e-02 2.681237685687741859e-02 6.157689265124843998e-03 6.539680965585752126e-02 6.941785658612013854e-02 2.089677504689649995e-02 8.778438834494529941e-02 9.922636739831210140e-02 2.309009451422117023e-03 5.928555502621577628e-02 6.634368281787889066e-02 8.076556397187610592e-02 1.322882953444182164e-02 5.064239360010761720e-02 8.537422297945600203e-02 6.994366302238576305e-02 6.585950123900043141e-02 3.138530142771191189e-02 5.367654752493174197e-02
7.895643328805992955e-02 5.644469012886611098e-03 3.666900488952330728e-02 6.826450349002138873e-02 5.231499696415851247e-02 8.052453358978872711e-02 2.178628576170286296e-02 3.886636693843187329e-02 9.603361198977851398e-02 2.981806869821270953e-02 3.329317588800593392e-02 5.946528508174530464e-02 6.000706647132066085e-02 9.479552614118115506e-02 5.905736985127976735e-02 9.898679951557504131e-02 3.767961195540983632e-02 1.498804079905442614e-02 4.367480995946124156e-02 8.032807252999424330e-02
5.684119297400910820e-02 8.209742220834820303e-02 8.423884877559903450e-02 8.718264048513998943e-02 4.665522284014346488e-02 6.120491931286606985e-02 8.101951864042766793e-02 9.122190422336912130e-02 5.664609826143399834e-02 7.819262788362064953e-02 7.705740231323468525e-02 8.251921462689754128e-02 6.709231401959669938e-02 9.454045126544347033e-02 4.309559034772941083e-02 3.953489846261947632e-02 2.251966070809783421e-02 3.354075660774787776e-02 8.860281863051910900e-02 7.713170117927970436e-03
3.880925450212845823e-02 5.655059460980235708e-02 6.944695114663959612e-02 8.178332708268953866e-02 5.108645804868570256e-02 5.387812627584490088e-02 1.745483082065033692e-02 9.030314234489589253e-02 4.540866593702844178e-02 6.375827932661672082e-02 9.274017674441381587e-02 3.418709760784469781e-02 2.290992025243270350e-02 2.590223649226089039e-02 1.672188761430972934e-02 1.125993349502599911e-02 3.819958446445555211e-02 7.488950087982237935e-02 1.358740886717612131e-02 7.223519313806214814e-03
8.826099637160569888e-02 8.710051868337494174e-02 8.039186673433698638e-02 7.367019589382835243e-02 5.415529655860527175e-02 5.809136599085479302e-02 9.130041025770380125e-02 9.100381645581577528e-02 1.521476876110583508e-03 2.304815113728886540e-03 4.268442459535599920e-02 2.745239476047274529e-02 2.202453301680425135e-02 4.165608297858581013e-03 7.992054021558925303e-02 9.393268392573660142e-02 6.744047454961070442e-02 1.281601932244604870e-02 7.427846336424713536e-02 2.510817835001149037e-02
3.505736834009899605e-02 8.538390197567341522e-02 6.470771794773926000e-02 5.811183134447912846e-02 1.278321683229654074e-02 4.557464907058053627e-02 2.297184024986409501e-02 1.539929088421854251e-03 6.520665197602039387e-02 2.178880695472840134e-03 3.151317082640322370e-02 4.008802970809548921e-02 3.360019710345164834e-02 1.752823042236167916e-02 2.923928846029664325e-02 8.851234339785926664e-02 2.025647183317390645e-02 9.358659411864789224e-02 9.063124041306090672e-02 6.670517912716397713e-02
6.440136823262128385e-02 6.475086737364259271e-02 3.786151565290257759e-02 4.812615474517685510e-02 8.136941781561696230e-02 8.803938257240156995e-02 4.840539657742945479e-02 7.773279138155314572e-02 5.411701183947020127e-02 8.678322222482642845e-02 7.794216127296091368e-02 3.535083132532068715e-03 1.881126709115667206e-02 3.875831342510852040e-02 8.293673600302508761e-03 5.526758281978375736e-02 9.436879788941317238e-02 9.814957923550017560e-02 1.288494346360095216e-02 7.875070702948083756e-02
7.172109295408250762e-02 8.484358021230700708e-02 8.795344868005261496e-02 3.150425205244955680e-03 6.633003439273592317e-02 9.569452892763209706e-03 8.189636605087112498e-02 8.242367064541326893e-02 1.736111155442760998e-02 9.008309958253658822e-02 3.904351744272779867e-02 3.547470749165239357e-02 6.056849472422844161e-02 7.103753831155787402e-02 7.159918546942704853e-02 8.953286459760650962e-02 2.075706848825320441e-03 7.864750117471132340e-02 2.695008988826467361e-02 1.562833901870841480e-03
