2.135447363718003533e-01 1.158891160300813822e-01 1.839926189918671476e-02 1.089278443529127088e-01 1.490239727053500884e-01 6.700006868782763803e-02 8.741035335701076436e-02 1.222855192296258692e-01 1.427333407996623886e-02 7.912716695038179981e-02 1.090040429387511556e-01 1.202401787236482139e-01 6.910197777217674808e-02 1.099889247832259026e-01 1.109929327267119847e-01 5.220789930186960082e-02 4.560814359977956312e-02 1.154185238284015230e-01 1.349850031785726212e-01 9.068597991194930763e-02
2.651823074436330391e-02 6.026586847289103210e-02 1.512216237966664857e-02 2.817824870888374633e-02 4.310252682805239266e-02 4.032894217543571413e-02 2.457893986188308677e-02 4.839700068419697243e-02 8.287393618240390669e-02 5.690106882694614954e-02 8.826371650138867264e-02 3.124187163602063638e-02 3.924820426439512566e-02 7.947847444400450712e-02 8.273768175160073346e-02 2.078289079905931702e-02 1.323922194971281080e-02 1.350971681258923522e-02 5.359994663953072079e-03 9.930294723765820813e-03
6.938725251087528301e-02 5.209298496558789973e-03 2.939180918052353327e-03 6.725725246053661233e-02 2.863699617138350251e-02 3.012544252292923691e-02 7.417494552032617705e-02 8.339845106953180931e-02 3.001269565406269532e-02 5.875376118872224773e-02 6.463546793623307918e-02 1.187334964162218946e-02 2.170477890067954579e-02 2.803618202710135565e-02 8.077120270622549503e-02 7.453613875288991886e-02 5.802164482467520208e-03 4.817569612305956650e-02 2.792823334242705569e-02 6.090132076031423008e-02
7.975278483236621085e-02 5.450411871952692833e-02 5.270545548654022305e-02 9.943336555262467791e-02 1.593958749030261954e-02 9.182730386328448458e-02 9.529898652008264581e-02 5.982856768545798121e-02 5.865579930146012227e-02 3.974079175269876196e-02 5.890735002093532707e-02 7.050939536454325918e-02 8.571814519182697351e-03 2.839959283093995701e-02 2.865733608086170822e-02 4.769157243558441034e-02 2.682610440858570686e-02 5.455518402658320748e-02 9.661734219764110676e-02 2.339419424994764254e-02
8.316914571816620694e-02 7.964913554274487273e-02 7.643243120205066299e-02 9.027978165367327168e-02 5.553449061140668802e-02 5.743633144436166744e-03 7.615857683362371733e-02 1.283673788763608527e-02 7.861760928592850806e-02 1.865536529025764098e-02 5.008149294924069475e-03 1.392319283859784311e-02 8.019131319073077857e-02 9.756199136434647035e-02 6.795589168970082861e-02 2.654514628345659016e-02 4.189117933733630533e-02 7.443017776474414836e-03 9.254852181639441899e-02 9.495116851276480530e-02
8.439417432781315398e-03 4.111610523667611622e-02 5.514044767165109800e-02 2.120037251976136794e-02 1.516448284541311968e-02 2.957979753910725679e-02 8.812465601698141193e-02 8.481008960473335190e-02 5.728010661331700559e-02 9.606565722030527277e-02 3.463217663197937224e-02 7.283678218847131070e-02 3.120801610612648075e-02 5.909558040512106342e-02 3.967484610285219176e-02 6.621861502436433844e-02 2.104866735293130578e-02 5.140738200581216472e-02 6.165874375293012820e-03 5.213634757739978032e-02
4.709299999360801181e-02 8.011525509700190284e-04 5.859741168617269014e-02 1.458308022905798786e-02 5.773862842984535393e-02 4.691242129459194388e-02 9.239244237081860323e-02 1.058865750206576875e-02 7.589738713141651327e-02 4.334129486011211591e-02 2.684927585560857935e-02 8.969103148328450015e-02 9.421189379978402167e-02 9.517418442409382451e-02 4.058125056810860110e-02 5.319786387114937981e-02 8.767542850030639323e-02 6.017942081686070144e-02 2.156650362440440047e-02 6.950110163818479410e-03
5.806595008719971779e-02 1.353204400034038225e-02 7.167581523145605954e-03 6.213943485535428080e-02 8.549730342936399941e-02 8.051151042293759608e-02 6.439683442207577713e-02 8.889426022194082955e-02 9.467718061141122687e-02 4.639561661901313999e-02 8.830151097683347494e-02 2.398111290510553106e-02 8.256162641051245990e-03 6.748041174168913081e-02 3.542691143013101257e-02 8.035789830215035387e-03 7.083758936870439282e-02 3.154603414026646568e-02 7.273954348903624578e-02 3.904662183063212309e-03
5.886425946061590864e-02 1.152422272778355107e-02 1.309920615011517242e-02 9.990350984298147774e-02 4.778126605484975947e-02 3.683953281835460752e-02 5.747788410815047114e-03 1.955515870947267809e-02 1.906462680172931259e-02 1.093889734125608193e-04 2.869918394072517101e-02 1.484361947159916831e-02 3.329321757978453977e-03 9.067931468318957827e-03 8.149951476680421247e-02 2.021217502653736148e-02 7.882945207950224631e-02 7.207972697488233826e-02 7.503533124348911454e-02 7.241541129379025932e-04
9.282977413980185444e-02 1.201899774530735925e-02 8.437405328527837131e-03 7.456481500225761727e-02 9.116758246961199907e-02 1.514757290097136326e-02 1.630383696898343379e-02 4.310017154423093771e-02 7.303413277377372725e-02 9.548258845490098512e-02 9.462480963711447646e-02 4.151011071110632250e-02 8.819570142388301337e-02 2.246522455949247210e-02 6.449790450633863942e-03 7.640532432443018773e-02 9.580323541302915302e-02 8.256645155475850900e-03 3.398788953160674503e-02 3.166866819599045008e-02
7.047125911652404873e-02 1.424070607550012059e-02 2.132216884424424988e-02 6.111145532861849555e-02 9.230595380839799746e-02 4.347239960024562588e-02 6.343110334220769531e-02 9.881419193010601565e-02 5.636924920679301648e-02 8.363267506668264906e-02 2.183425058262502758e-02 9.205698853220828370e-02 6.030383168980468084e-02 3.597481580458000705e-02 8.463640419009793581e-02 7.687723010239284893e-02 4.078998706067891306e-02 1.200529051344961795e-02 7.756316907796391436e-02 9.907408226000728735e-02
4.469928562335209743e-02 2.673039579370957430e-02 5.318948110830971215e-02 6.667945753562083688e-02 6.623380674200675389e-02 8.853710188641926437e-02 1.243216473433925856e-02 8.556187031871142698e-03 8.878146142205559088e-02 3.796251988443589964e-02 2.905574869963301228e-03 1.634841260088040413e-02 4.101404503708641625e-02 7.591405239511617165e-02 6.787733024660816405e-02 8.516867513117637456e-02 6.861233915731296262e-02 5.688377788183947292e-02 8.252969960490154355e-02 1.694021783015121560e-02
8.331402283140137977e-02 4.939499805721558195e-02 1.011504917377302817e-02 1.012966919867867160e-02 2.220848885845461140e-02 5.671704879996040255e-02 6.977526093620923034e-03 4.606518666394610051e-05 1.855328181569344467e-02 9.603671181695676295e-02 7.341163265210420841e-02 5.002793194496260587e-02 3.375515444131430703e-02 2.503319587930365187e-02 8.865938778440181356e-02 9.884189153078504209e-02 4.102756511947894952e-02 1.870026596559916029e-02 4.789069973034135175e-02 2.518539111232176442e-02
5.375050556124380541e-02 3.689235168008847543e-02 6.061778952782104386e-03 9.199617606864766983e-02 1.376509559586539672e-02 5.011606445355298867e-02 9.279353702161313722e-02 3.362415612408162918e-02 8.811284548084014068e-02 5.269532008793734873e-02 1.228104307878839091e-02 9.042762710561710882e-02 4.967217556338687778e-02 4.428662025049227152e-02 9.007432479803317849e-02 3.962701322189972342e-02 3.394776011782614511e-02 6.491532995668879147e-02 1.661921016517766900e-02 1.326856068518200834e-03
9.632762366858736713e-02 4.094951811533309449e-02 3.177550275701988142e-02 1.840816959066692363e-02 8.376506176046048802e-02 1.547267602899678011e-02 5.094490867516592719e-02 7.679395209718675903e-03 9.934962261594704191e-02 7.927355778027707356e-02 6.986759976465763133e-02 1.044852607978238347e-02 4.975091190393754643e-03 2.983245523296821494e-02 7.477002788200683148e-02 5.308744880872826727e-02 2.399812263437719681e-02 6.557416807497906674e-02 4.768863213540561891e-02 7.096634556874965860e-02
8.775099932501728706e-02 2.304530840650734907e-02 9.228209528242606319e-02 3.117276736540020368e-03 5.214849819070243447e-02 2.841281533874719101e-02 8.297915151342161177e-02 8.877813195286367309e-02 5.736018738981949611e-02 6.057299285913498102e-03 9.591358964715727964e-02 9.588668035071701290e-02 1.922754487559337477e-02 1.961803786381656478e-02 5.894652878462489087e-02 2.321660713304226839e-02 1.670748813887868930e-02 5.289780676814370697e-02 4.632325571367409967e-02 3.304026452781529122e-02
2.737094363845211931e-02 8.756645861234528538e-02 5.831899823345552264e-02 5.613864359756474270e-02 3.992878032966873381e-02 3.273372095449356145e-02 4.627644615573764386e-02 2.882528736243115258e-02 4.686569287704239750e-02 1.729055514644819644e-02 1.898507440815939973e-02 5.373344798952606194e-02 9.384462950890194374e-03 8.655859441261964937e-02 4.985588791877443304e-02 1.352501965554726675e-02 2.599926110148001110e-02 8.390812382837048444e-02 7.240726304277765590e-02 6.057093077129499514e-02
8.788324739880895575e-02 5.947550296222693655e-02 4.828552814022737949e-02 4.158924597190472028e-02 8.583601966922685400e-02 3.433619297128433917e-02 7.580985320966694696e-02 3.174268219886224734e-02 3.009235626824535714e-02 6.034618079117246014e-02 6.454151607821832781e-02 1.427410197250974545e-02 3.313626470798036044e-02 2.243965896806128513e-02 1.486883118546806874e-02 2.589487250961584192e-02 2.872291228195936880e-02 5.588211025478906357e-03 2.282051140920951168e-02 7.695520007647554950e-02
5.252537048643937667e-02 5.778020280953800186e-03 6.415594890022578711e-02 4.633167407854228703e-02 4.639296568357329648e-02 5.871325693428664470e-03 9.511023445387102593e-03 8.165632414435884667e-02 5.447183587218759615e-02 5.485942479048622547e-03 6.265151663775767044e-02 2.050986737241696986e-02 7.739789675544082870e-02 6.651659114513745752e-02 1.287130042855124702e-02 9.402506769680546439e-02 8.578678012650277351e-02 2.825452037214461198e-02 7.076119399879841898e-02 3.255301626499031153e-02
4.697385392846899210e-02 5.596324621916037856e-02 8.310589678308363815e-02 5.346412783043901634e-02 5.128778294339120247e-02 1.116899005001892320e-03 4.271955795100020048e-02 9.399957608539230569e-02 8.501476759132649275e-02 4.683950429952306316e-02 5.821147367658063843e-02 3.382234486509132915e-02 5.071472115139752379e-02 8.133240403494894355e-02 9.071685578086015334e-02 8.150152545244004898e-02 9.829724310850446178e-02 1.795014903346800125e-02 3.741634094118139603e-02 4.721300072890362298e-02
