2.461393946033935132e-01 4.870304047577751067e-02 1.588331563888231990e-01 4.848718774270206061e-02 1.221583812378668754e-01 5.269097050642503055e-02 1.829092482585596979e-01 7.784839733159872044e-02 6.419529054568220983e-02 1.670550742600234728e-01 1.081582310158655247e-01 9.457702905733542109e-02 1.378133479716702747e-01 6.245979378826952561e-02 7.209750917355951805e-02 2.768869601905970396e-02 5.008937021306857085e-02 6.875753154191585614e-02 1.051963282912896369e-01 1.160671345937009380e-01
8.355238158078091837e-02 6.398106746865422564e-03 9.497714082424726922e-02 6.836096250170785316e-02 2.316068941317382668e-02 1.294015769835124910e-02 4.829948964643639847e-02 7.921205327452683631e-02 5.169027632756202639e-02 2.199255445183000493e-02 6.135027954071365502e-02 3.728882907421349896e-02 8.379918876079180123e-02 1.279006923671987400e-02 7.651227740938397470e-02 6.837798206121894692e-03 1.841580628163477090e-02 4.318983384373160928e-02 9.137067663122257211e-02 1.013946603995478360e-03
4.597018067031961169e-02 5.824695339492787227e-02 9.432397731947678166e-02 6.703910295682369638e-03 6.629662955397502833e-02 7.249437276556967846e-02 9.362843266143480725e-02 6.433029082208363558e-02 7.801470607660146439e-02 4.689406325195048797e-02 1.730518235611503558e-02 9.253484437182128708e-02 8.976682177617328895e-02 1.446273080097031788e-02 8.452859502072709863e-02 1.456721955533883672e-02 1.994338253012616427e-02 2.496676674478779182e-02 5.272441743868477859e-02 1.526444445084613674e-02
1.057047326411017785e-01 7.960978427059418883e-02 8.830045027553562464e-02 4.841399538879418568e-02 7.653569533077958509e-02 2.785059509153203772e-02 5.042034204319485735e-02 5.620686107848918422e-02 7.944347977987137321e-02 1.024279649356988828e-02 2.143994625922103514e-04 6.846436172384082197e-02 1.058905293982481954e-01 5.239870866662393184e-02 6.953199917171304367e-02 5.057649287701274088e-02 1.226505082053232915e-02 9.092506082106363574e-02 7.144178780084911584e-02 3.543204552932444767e-02
3.457379816547095919e-02 7.670171536787007138e-02 3.238897681642150667e-02 4.151329262797885666e-02 1.008873722643479076e-01 9.996438775458815762e-02 1.998044407282852878e-03 1.720321705960205227e-02 4.107396250005938138e-02 9.151592100323489853e-02 6.049200112180237732e-02 3.457389457947515621e-02 4.155961639008733111e-02 3.265352108503014050e-02 2.760928484150617854e-02 7.722345140393310943e-03 7.112159878762559784e-02 2.727987465247463592e-02 6.818926571001072967e-02 2.499777355525604518e-03
3.074600912207494860e-02 1.042872605292466349e-03 6.277183259013879857e-02 1.800588074903509278e-02 8.351533675570836646e-02 1.030892902596125121e-01 4.550065207487862667e-02 3.829752870874381793e-02 2.333933910493947439e-02 6.173750019137110717e-02 7.990964300182400171e-02 5.005909848774463267e-03 2.283937847723380848e-02 5.706390107725787912e-03 4.363993327163550456e-02 1.985941332152247121e-02 4.005418416828808621e-03 5.922256929620989957e-02 1.062322677331307627e-02 7.156660942835675610e-02
7.243889268306764884e-02 4.692237144755088962e-02 1.359650734104403576e-03 8.564458598293855918e-02 3.919510451974611565e-02 6.376173354048250697e-02 2.726707726704082069e-02 1.798094559424880112e-02 1.376368494341000202e-03 6.245017344551714172e-02 2.691572917129043258e-02 7.609832314248355170e-03 5.020837933950459547e-02 1.026225471037905818e-01 8.570200421041780647e-02 6.004457912268031800e-02 1.021053301696438903e-01 2.834232533319758218e-02 1.297827195462056792e-02 2.213029020913409237e-02
4.718717929244778397e-02 3.821941240381578064e-02 1.900229959698609018e-03 8.944063861218276568e-02 7.597911827153180919e-02 7.364523062898165051e-02 4.481281658093027448e-02 7.475085589853648627e-02 3.448363742649739744e-02 6.005991082279781533e-03 4.907934188128631678e-03 2.556111057235724640e-02 1.003614327394730249e-01 1.038072037371571277e-01 8.231870377773062297e-02 1.398893660302598721e-02 5.735889975197518836e-02 2.483043424922047604e-02 9.130491044079533380e-02 1.966413280402283179e-02
9.148112682402159690e-02 9.585228104167647922e-02 8.172112132870561207e-02 1.040044753422189189e-01 1.054862313191014117e-01 7.845106279255588400e-02 9.523220644347436814e-02 5.211222873911098424e-02 8.564458402891905742e-02 8.175450234007890227e-02 8.992369135812117165e-02 9.124041427787070446e-02 6.231515783146150678e-02 3.284660454969132865e-02 4.106873373745548172e-02 1.729120425210672191e-02 2.743367559405906694e-02 4.219011033775316166e-02 4.890696051425637118e-03 7.833314322699266863e-02
2.403500112280927865e-03 5.283950946459494563e-02 3.196591244295585860e-02 7.942354865175946937e-03 1.220390340641666583e-03 8.629804889688777458e-02 1.250824842609483262e-02 2.807620486383111819e-02 3.013216522440235155e-03 7.898255243777851931e-02 1.053521608405741800e-01 9.549801364180304786e-02 7.441053788003651470e-02 4.452235805010124059e-02 9.443093542065915391e-02 4.827751918750581434e-02 8.764072177008359887e-02 7.515226520656734244e-02 6.153277721671440714e-02 8.948779495173675436e-02
3.794368397592985664e-02 6.036040963244098528e-03 3.228195687207929127e-02 7.024361105999973875e-02 3.817635777513642831e-02 7.181363546373197015e-02 1.832770508211777061e-02 2.792683749648022795e-02 6.183509772985316955e-02 9.352283694960296379e-02 9.271882270747013044e-02 2.720333110598483276e-02 6.474620343959784641e-02 2.812320894159575299e-02 3.483785103543420025e-02 1.035513241063992645e-01 3.601300741893310314e-02 2.598155110559963524e-02 7.002517086568026128e-02 5.379628487948794058e-02
1.336603502029191232e-02 5.654829017879280800e-02 6.355773606020344302e-02 4.951030278030218307e-02 1.073558495660415224e-01 1.855329129049444054e-02 1.052634567212024780e-01 5.840793263447295602e-02 3.431340444099109654e-02 4.640108594501439476e-02 1.826360683644209998e-03 4.441337103060068875e-02 4.588118096846548893e-02 7.116188589090507999e-02 2.278181754469369227e-02 1.644102923481636364e-02 1.328792381779548247e-02 9.563373117702939075e-02 9.526135512359470200e-04 2.996894747069489898e-02
8.130991555263442083e-02 8.460406466878069021e-02 1.267141701809251439e-02 1.488249062144824178e-02 7.150208470891750157e-02 8.257917928541978758e-02 9.267412882801577545e-02 6.660863421726022533e-03 4.343010149708807777e-02 3.691741017758044807e-02 4.594657576031942886e-02 1.367366945881850690e-02 7.995157990241620605e-03 7.417347093571569072e-02 6.233178281583331287e-02 5.149723276421711016e-02 1.178032996208963450e-02 1.434308035253633457e-02 7.642700279676906128e-02 9.690855360053553247e-02
6.076311567944137765e-02 6.787661826033590529e-02 6.217714937801502306e-02 8.439342998888785252e-02 9.874246876282083418e-02 2.678763792596233762e-02 5.616457728793310122e-02 8.660406041521104270e-02 9.445988942998738425e-02 2.456037698315339732e-02 9.449760850965924219e-02 2.277653392719198797e-02 5.415695922241426513e-02 4.266968020591023480e-02 7.585913654136472450e-02 4.992420296944255487e-02 1.464136213531517031e-02 1.022785034508233576e-01 1.076625420938532862e-01 5.277410704145255038e-02
1.007070499621971760e-01 2.565560140117471855e-02 4.478184320074954372e-02 5.700350156933469553e-02 5.225178272420298586e-02 6.423635303696349774e-02 7.658144035755937162e-02 5.629388391763399252e-02 8.078446770968351898e-02 8.627776899394581922e-02 4.522762474928686965e-02 6.382305666358414897e-02 1.529177687962854880e-02 6.287997144537954552e-02 8.675446268032845076e-02 8.882519980593701903e-02 7.149014506419720805e-02 4.592312059805452040e-02 9.722639292472146089e-02 1.063761709089963287e-01
4.748149782930126232e-03 3.574143712376488206e-03 8.233792698964575996e-02 1.071470007681828707e-01 9.740488565157920386e-02 7.736942787814680977e-02 2.764561504158931371e-02 1.140158351091040238e-02 5.296530989799953099e-02 8.799446912916418506e-02 4.978664956066317093e-03 6.388536972765657129e-02 2.822987334604935492e-02 1.854785004480229496e-02 7.643954728659270448e-02 3.673567159650876351e-02 4.481352190185085987e-02 9.389530716820680689e-02 3.593075239169608859e-02 1.507122111286004866e-02
4.730029575384144674e-02 1.068459266635686383e-01 9.347775386552589771e-02 2.430928282129752455e-02 7.847524156379742655e-02 1.526647919565327083e-02 9.201047696276964949e-02 2.750610031509680489e-02 7.560576458240750308e-02 4.025567299662432749e-03 3.537061718455221382e-02 2.120020502938961895e-02 4.162270051188612235e-02 6.925348111628204517e-02 5.727751490044915433e-02 7.824420153470607042e-02 1.322268885296312181e-02 5.572430552932799985e-02 9.886260790439410640e-02 1.136751553931129519e-02
1.018894080377158277e-02 6.554011525981297270e-02 9.219782655249089687e-02 5.360627507843346989e-02 6.893312492861841667e-02 6.022425993866676458e-02 9.852267421059118790e-02 3.890981787756479793e-02 3.083245136765930608e-02 5.906228782289479895e-02 9.336420948986667856e-02 8.236210504639049357e-02 7.603145905549580155e-03 5.041992466002096634e-03 7.625667919618063506e-02 1.006879500763246393e-01 6.345001890425062963e-02 1.058262204479624435e-01 8.378941482752810810e-02 1.134130426498429142e-02
9.135025544367285366e-02 6.709471341990088863e-03 7.536041299355131229e-02 6.647663445372312130e-02 9.619665922659995094e-02 1.028526618891822397e-01 1.709143849496829945e-02 7.421316193853921828e-02 8.301374539242362127e-02 8.186241058611963550e-02 1.066761682046645787e-01 8.402295041596712089e-02 4.243846379415625730e-02 2.377352193736376185e-02 1.000141215198723649e-01 9.496398719386657528e-02 1.430926052402995731e-02 5.324925664015123239e-02 8.144522366356857224e-02 9.380881409774510793e-02
6.917497363370563035e-02 4.142115130545594853e-02 5.756333515511079940e-02 9.054566335175529002e-02 8.249549515334578254e-02 1.020603467882962023e-01 5.492454331367202514e-02 4.850916948480101139e-03 7.949020656631436421e-02 3.747991998458399809e-02 1.479950323491838367e-02 1.052992633370514464e-01 1.008225642112063752e-01 5.056214999866018994e-02 9.309304991091812975e-02 5.916393751133745826e-02 2.454268094450814952e-02 8.721259695178405769e-02 1.988780117796298125e-02 4.526429477180107103e-02
