3.621908989366663389e-01 1.086431173418119511e-01 3.353594630329967408e-02 1.204136855022227559e-01 8.015011934708644870e-02 7.427843842537681929e-02 1.070906000281381110e-01 1.201901823056880647e-01 1.331536641528968112e-01 7.454369861281989751e-02 8.056861419915914424e-02 1.353130525182690558e-01 9.359084330102801497e-02 7.786828947209060992e-02 1.213269998847038844e-01 1.441733351811601005e-01 4.741819200217363417e-02 1.311126989099808404e-01 8.960370141321682969e-02 1.614161614372176534e-01
1.664114387366873865e-02 4.718558031142321835e-02 1.088393463797793226e-02 1.050529530349722171e-02 3.929184187175187998e-02 4.027729449650255256e-02 1.079162336113772269e-01 4.613710095575319914e-02 2.327852718349075756e-02 4.353596090755455783e-02 8.866665015250858872e-02 9.086402256505630992e-02 1.040460733142928723e-01 1.185779433116913688e-02 2.627107340510621489e-02 1.855804775653965150e-02 4.668364582266421731e-02 5.877534079337604078e-02 4.249580822936297603e-02 7.228870812357449625e-03
1.444813775311481162e-02 6.228662973465331348e-02 7.646839301464414089e-03 4.068860128997679043e-02 8.607995235040975801e-02 1.040226626011966915e-02 3.507676420732771909e-03 4.674658717279565195e-02 9.278552992406481625e-02 3.922216695705300904e-02 3.591032623817765057e-02 5.260009666132611089e-02 4.725401121971169877e-03 9.869023099029200496e-02 6.090835396271297025e-02 2.707699616812931157e-02 7.466621549012804337e-02 4.665075315960168049e-03 5.293555057911638467e-02 7.041121146961533015e-04
4.248160740372390609e-02 4.397534860840734278e-02 4.681489829965720939e-02 3.052607964876607669e-02 9.236203450574835550e-02 7.162279999141099585e-02 2.980672046313353335e-02 5.206810713876436347e-02 8.269065038063704021e-02 4.579183473976101287e-02 1.395480115500863892e-02 8.278767325874494820e-02 3.327769397763691728e-03 5.241339213040023537e-02 3.795213507938717534e-02 6.471230151390473806e-02 8.725633219759088011e-02 1.527540950685268850e-02 2.881497127490270649e-02 4.273041107532474236e-02
4.865119860714074707e-02 2.773994213911665577e-02 3.415318349435827322e-02 7.661926885221226335e-02 1.636213207236208306e-02 1.046924293834133879e-01 1.035342100050233305e-01 5.500417720333276861e-02 7.710791110693411554e-02 2.650559326801122870e-02 9.897425630446606004e-02 1.503081197298526163e-02 6.857568221404500286e-02 5.657184885523774964e-02 9.740877771452962491e-03 5.540359150251939618e-02 3.441196270273164798e-02 8.481568846891442137e-02 7.248047440622258641e-02 5.618999369953270318e-02
4.046775842367221487e-02 8.759678189372553658e-02 1.090579997912170460e-02 3.449344724355941222e-02 6.762123879709219798e-02 5.137069648823228141e-02 2.351964670859323439e-02 9.937916464158308427e-02 7.369234233727499361e-02 9.037240768564844262e-02 3.974434484915907034e-02 7.128498033321356564e-02 3.608802324011518153e-02 7.336870563743576323e-02 2.389521406734931852e-02 7.103148098449317549e-02 8.319905459476871490e-02 8.971960316919536105e-02 2.734164309964954090e-02 3.963540429090459116e-02
8.306984447340362565e-02 1.806632018304809781e-02 2.864393766391610044e-02 6.588296885972616534e-02 7.024087929414529752e-02 6.878034697150546550e-02 1.066696317811344497e-01 2.359377519701612649e-02 4.091673093991986948e-02 9.847930922405991050e-02 4.950046089887406853e-02 8.004112275772218288e-03 2.670923194984850535e-02 4.647517551202900998e-02 9.291448209090033550e-02 5.223725057456869714e-02 8.852930543011573727e-02 7.250504207724089989e-02 9.458074487689857590e-02 3.267557202726680422e-03
3.956369997961549367e-02 4.120824103513097414e-02 4.601293207770027101e-03 4.480678664047973991e-02 1.929695130916275758e-02 7.045711850419417166e-02 1.018775318496657201e-01 1.195198360817639228e-02 2.898896462864146081e-02 3.172195066325465568e-03 2.686041658010000777e-02 7.057237420659960916e-03 6.406756961762284652e-02 6.691238605121994920e-02 5.667031412475094510e-02 1.074292742453685223e-01 6.322845887575129220e-02 2.370998386099166556e-03 5.105171697210415631e-03 9.401944697770585335e-02
4.667709458335167483e-02 3.025519192469355856e-02 5.356792192485158866e-02 3.722751848252735946e-02 4.219433287994139858e-02 4.068311992031971303e-02 2.557003417151453364e-02 9.306958768498858892e-02 1.886515773090791451e-02 5.851083064037673753e-02 5.891931379221632126e-02 3.395451828390771976e-02 1.511892624452927658e-02 9.934416378292075522e-02 9.158176230319887978e-02 5.738466243996061950e-02 9.563044691958306337e-03 1.033966030013586251e-01 1.453581103900678656e-02 9.277333536557322291e-02
8.167750764094632021e-02 7.341360535173510442e-03 7.452707817694059766e-02 8.179224992380543235e-02 2.953296517122465034e-02 9.172602523082970527e-02 3.374038709793173579e-02 8.593334465467575289e-02 2.129539790560903804e-03 8.501298114875740011e-03 1.026067765399661796e-01 4.499384790128943545e-02 1.424043298539661231e-02 6.541252450982149025e-02 9.394165643568415380e-02 3.902270383969162759e-02 5.346403500709530701e-03 7.056610813559244244e-02 7.226481684023987329e-02 5.931349087767576883e-02
9.251911115769895222e-03 5.607192567897754942e-02 1.010807503200334412e-01 2.825297207465060634e-02 4.337525698840559440e-02 1.124375469900088485e-02 5.193978203675455457e-02 1.796476071103426594e-02 6.705590102348758796e-02 2.098928711217089293e-02 2.847075884456057304e-02 6.254318533264054125e-02 2.727969750637209909e-02 6.612556260084552495e-02 7.121567638319298288e-02 6.717172073955708644e-02 4.617815387725664189e-02 3.102679677481954765e-02 7.440253518251932485e-02 1.043248605967323078e-01
3.239407040274049077e-02 2.809160884482319112e-02 7.188123401776322363e-02 3.103116824019198222e-02 1.020577410154785980e-01 6.306684729095363151e-02 3.250496908547274161e-02 3.367766569442671998e-02 6.253045458509878113e-03 6.579722220450916204e-02 5.029235982267746957e-02 4.015433123263178333e-02 1.178244789635652821e-03 9.392957921672209776e-02 4.064014540469404815e-03 7.920253283473384018e-03 8.108227198112784306e-02 2.401946197632961674e-02 1.013604082507986032e-01 2.365178705721466754e-02
8.200255107382270481e-02 2.376024083910707393e-02 8.704599124182501452e-03 1.266404378808204390e-02 4.910617725270419176e-02 1.562295778717787825e-02 3.568501798906594663e-02 1.001675805759972143e-01 1.001985676062310954e-01 2.684177628216662462e-02 2.711791067874664771e-02 1.045878082356772043e-01 7.106480821930401259e-02 1.749326646236730107e-02 1.050644301501843687e-02 2.594438941209739266e-02 7.995930070451535976e-02 1.009677897961109988e-01 9.646365436300273488e-02 1.168162917055087270e-02
1.431739668443018400e-02 9.749729986480226707e-02 7.927639102946833216e-02 1.411992778552776436e-03 1.953875218364985178e-02 9.063414612170217488e-02 7.556110088855949591e-02 7.010215545165585094e-02 6.191121646684513008e-02 4.139070589906519715e-02 3.093894013675652088e-02 6.986246981512883591e-02 6.901596201857047863e-02 4.608917807134279426e-02 4.489593644128357652e-02 6.225064224086439280e-02 9.885990362031981532e-03 2.283440568188773237e-02 8.588420699859929119e-02 3.682860420745322910e-02
1.583928013049222192e-02 2.534779717322633436e-02 3.255118740816694001e-02 1.123181569687041990e-02 2.006749924070494809e-02 1.476346417899372654e-02 3.243330833865947643e-03 1.026865494828551190e-01 1.846396203380262432e-02 1.859582226244388403e-02 2.110700842462724224e-03 4.354293722000954214e-02 9.657295672753939131e-02 8.135098291861274367e-02 8.997551278335247371e-02 1.083660035560772006e-01 9.943458567432240935e-02 3.087203231356884514e-02 1.185311066192791876e-02 7.625942640044307275e-02
7.631333538526688387e-02 9.762259178205513754e-02 4.666718628724179918e-02 8.056321471284737246e-02 3.042240223959712456e-02 1.850216730598975776e-02 7.330931291205287914e-02 1.029834330354552768e-01 1.002297903180640326e-01 6.734123500297328757e-02 4.372955244681344528e-02 1.859548480661789988e-02 5.114080094919218333e-02 2.538876050144773990e-03 3.566667944935872359e-02 3.395763721691738568e-02 8.349150878089031669e-02 2.246100281299669155e-02 7.972759402138247797e-02 1.009657858856133628e-01
1.284498402101628273e-02 1.065531713715761192e-01 1.011026065286677045e-01 3.566362323916765636e-02 4.032753811409678368e-02 8.728903496169319876e-02 1.463115820915528512e-02 7.767729916223797826e-02 7.472871978847724084e-02 2.556592885023263595e-02 1.004373142443305972e-01 2.305600776683291303e-02 1.082887009132813549e-01 5.283014544609841712e-02 3.722701397238355192e-02 7.937316023535792575e-02 2.563465404103123027e-02 3.747790946009618013e-02 1.220770486513216187e-02 2.362301035593503129e-02
4.781833348869261695e-03 1.807861618518271166e-02 9.803234513615592671e-02 8.814454184035748485e-02 6.673010661331155689e-03 9.655717262886932828e-02 5.118351637684132038e-02 6.020439027760702416e-03 2.653563192337748868e-03 1.065252331452599954e-01 5.568301171999467253e-02 9.719268167623862364e-02 2.993292446711551258e-02 6.019486146472432381e-02 2.400851641227699784e-02 3.205774721785128317e-02 1.021301646894578335e-01 3.913804107942264049e-02 5.429200361126371166e-02 2.949943943747397254e-02
1.043725951267352875e-01 7.582510656320978759e-02 7.622355935766539359e-02 6.866628658661609597e-02 4.001516387231695421e-02 9.190483077066474715e-02 7.658945762696851844e-02 6.877447043827099316e-02 1.861172591725936132e-02 2.870691382297170177e-02 9.280533664205864453e-02 1.082560819980783323e-01 5.701788865008720203e-02 3.609217559094762828e-02 9.530370088876934098e-02 1.210903400791547846e-02 1.320611774638420777e-02 9.893483831003592466e-02 9.957108855391089142e-02 7.142353257570627223e-02
6.492244102407644657e-02 9.295846554735340272e-02 1.526672776784544772e-02 1.013228626170126490e-01 6.065755672764333757e-03 4.506116918013779865e-02 1.154992283364814770e-03 5.105244180549598637e-02 5.017118681782675033e-02 6.685809656230078113e-02 1.180284686224212370e-02 6.904675660335421461e-02 7.660534891052293849e-02 7.019329246746425222e-02 7.446096235902981142e-02 2.572436742551565889e-02 5.191196127913889902e-02 8.213975525285863166e-02 3.434867772684994242e-02 1.386066942915041567e-02
