3.632777588400480373e-01 7.450287672805278039e-02 9.219091757819256050e-02 6.616527010230507932e-02 8.266057508336939474e-02 9.980501341287775774e-02 7.882392433372585605e-02 1.175877379161056474e-01 8.071710349614173718e-02 1.270894705960485538e-01 1.564925019054963784e-01 1.497343719864687728e-01 9.028851297114576235e-02 6.511498844048280166e-02 1.131255563237146267e-01 1.131482417832615217e-01 9.871100350009429092e-02 9.287597533811270401e-02 1.397118770368159235e-01 1.068243422992318781e-01
9.875965491770792581e-02 7.933843513925886715e-02 4.704382253782758011e-02 7.874774175091632522e-02 3.259146860378830252e-02 6.862432908934676390e-02 3.015977019195956871e-02 5.161825704137083803e-02 6.432771818044594192e-02 6.571955546715537409e-03 4.154137423894938008e-02 5.452690484758590528e-03 4.120451355831640516e-02 2.542323892572037961e-02 6.000801014758706461e-03 8.118718322121860898e-02 9.826693101475916792e-02 5.019344844974828190e-02 9.509019833515666709e-03 3.810768698627822748e-02
2.891776601045031869e-02 8.475501826656395288e-02 7.337970826243445099e-02 6.540139898250621475e-02 3.037367337113753424e-02 3.973133365728059169e-02 6.722134013613401474e-03 6.961111281855117405e-02 6.708413949315306102e-02 4.460573909996291136e-02 1.018546877379803012e-01 9.620019334528909227e-02 4.661217339889271727e-02 7.177491703961796921e-02 7.815059295982729193e-02 9.969849003728638304e-03 3.552933108917249311e-02 3.023736775233205887e-02 2.648429837349228211e-02 2.248830505994858439e-02
7.759829005703844720e-03 8.786171879078102931e-02 5.993442476454935441e-02 8.780257661547692660e-02 4.674539211936917099e-02 8.466630853106762999e-02 3.946394507585980482e-02 5.595112960466181590e-02 5.060290438069646457e-02 1.612909918488045560e-02 5.305177725220715929e-02 5.671953448638891032e-02 7.745044719100066533e-02 5.876400632304090710e-02 1.109087292928105650e-02 8.431282692196824524e-02 6.751853886109965286e-02 7.012543401703302814e-02 2.108122043624800074e-02 7.224023075976465647e-02
2.615059356375137867e-02 4.256085415880233452e-02 7.478581559030318682e-02 8.294476663476932354e-02 7.270221651085995163e-02 8.837092656628504905e-02 3.214845258793003657e-04 4.964258757303671721e-02 8.195787479894038954e-03 4.981120943287942193e-02 7.153180334675342256e-02 8.017145156916391513e-02 6.572979092326744488e-02 5.542006789751104806e-02 1.492579378311388247e-02 4.912234787572651584e-02 3.643966579409223944e-02 9.824274915756528448e-02 7.446518230839330177e-02 5.968488174702853838e-02
1.071852743612305807e-02 3.522865782616824148e-02 7.124126136305684864e-02 3.807040804200245016e-02 7.186984384396659375e-02 8.786844396696771864e-02 1.632117855058580133e-02 3.964837691219502691e-02 8.534715460217297267e-02 7.635061668968404214e-02 1.910056609935087413e-02 3.710842028941742365e-02 6.092979060598552321e-02 9.256594973359540124e-02 2.256818460228264198e-02 7.114799655173842385e-02 7.618310544870187696e-03 1.409326054461305065e-02 2.512360693723900834e-02 7.486551801062187039e-02
3.699170127340406511e-02 4.840878319246331996e-02 6.375978583153658896e-02 1.890037321966025682e-02 8.443026554964452868e-02 8.942017995470494252e-02 4.345429889280030128e-02 4.630497875551797815e-02 7.935182864364516420e-02 7.370466400310843325e-02 1.540557691082225511e-02 3.929954487990173356e-02 9.187923851621776494e-02 1.367466741052696111e-02 8.233772885310056133e-02 1.847706287123047561e-02 5.998142675528148060e-02 1.025978640179326246e-01 6.499260541298783334e-02 7.459550450961113799e-02
9.806596284071650294e-02 9.218916219014765268e-02 9.316486642345325753e-02 1.023965525795826892e-01 9.643450067109735069e-02 7.726123080409880162e-02 6.804538579632447848e-02 6.687291546272261522e-02 8.665690438635195725e-02 8.991067976568779818e-02 7.651590350207429503e-02 6.987677387906718329e-02 6.550139257639604751e-02 3.260542119031759750e-02 4.003607545341365814e-02 4.792772421101666042e-02 8.753660506457890123e-02 2.086414121452815837e-02 3.062547715325023012e-02 2.620424247877000713e-03
4.810065031194173807e-02 5.868179346656660252e-03 1.575847883901756313e-02 2.614189140051887891e-02 3.547697862870347052e-02 6.285321875099647571e-02 3.066763750980616016e-02 6.039706350906828836e-02 1.079127755802244785e-02 7.576909289419106464e-02 1.633566776923141284e-02 2.598848383112343369e-02 9.481276162937846141e-02 4.650814905111089886e-03 2.909377412300766935e-02 2.223173853116571907e-03 5.244066991686808371e-02 1.632223120854421269e-02 3.856107658570279845e-02 4.046563992690083850e-02
1.450495295559128643e-02 8.522598302625566946e-02 6.262685212240538812e-02 1.759726592194713751e-02 8.859587972963924030e-02 2.718907994812575293e-02 2.656933229195251531e-03 7.162628551611160965e-02 2.911319687394878231e-02 8.001463251054888315e-02 5.825965999013141966e-02 7.757982127790569171e-02 7.122922688021868232e-02 8.726362864493368565e-02 8.172365510880873207e-02 1.004993609681346101e-01 2.817054678889766017e-02 3.112052647652733661e-03 3.556459965973283316e-02 7.853933177365497731e-02
6.342607667460528620e-02 5.370753584553010496e-02 3.627833042604749342e-02 3.882159989580626774e-02 9.353490452804331945e-02 3.235616540517735618e-02 5.124984636585210723e-02 3.055333330281114618e-02 5.131075708942398061e-02 8.363966843588786781e-02 5.409372850122940585e-02 5.566125963297022250e-02 6.934305109127712752e-02 7.254777230436683377e-02 5.084136880118135526e-02 4.575301881110930419e-02 8.254978690315183110e-02 7.471775712869356545e-02 8.918090167941922219e-02 2.952215454193962349e-02
3.341418496960222445e-02 8.032328871253401059e-02 5.883380942223836313e-02 1.135584922164946386e-02 1.007864967010879548e-01 7.159444391959930709e-02 2.192300062668257540e-02 7.614316549492856911e-02 5.379103634287431268e-02 2.736959070335972036e-02 9.559256886405904929e-02 8.347162993624034077e-02 7.133880568919652443e-02 3.565408933465478297e-02 4.883616494605624164e-02 9.962780438199339561e-02 9.102605655615220170e-02 6.669913923866374605e-02 3.300295492089758836e-02 1.364175526604392667e-02
2.855675728780149303e-02 8.527255623555923814e-02 4.357161866377061432e-02 9.555866670595369872e-02 5.163737732166785027e-02 1.222708566486713569e-02 5.527243491628086591e-02 6.338821452718856886e-02 4.777988313208458848e-02 4.828204701862816133e-03 6.928826500651680265e-02 9.113341875947556306e-03 7.617382285117414720e-02 6.536665583092081400e-02 7.120352773009790137e-02 6.541153384284814631e-02 9.977473474550924148e-02 8.003687766366315848e-02 2.944530425202861873e-02 9.159161602962974380e-02
1.014329746682363226e-01 6.957659231720012688e-03 3.305114895658418234e-02 6.917880770516729450e-02 3.023586522976901350e-03 8.118989965250006380e-02 9.947474599993171018e-02 1.558097854158175394e-02 1.248407624457809062e-02 9.680229254559330476e-04 8.402181093991620275e-02 7.126904161117260383e-02 5.077629121889934427e-02 1.166115608124318644e-02 8.064358751911065992e-02 1.020281007353819602e-01 1.742227224227550428e-02 6.731334635953725720e-02 9.068561909463777881e-02 3.906759186939755962e-02
6.438007121804560640e-02 6.554930514122457585e-02 3.145258940864852082e-02 1.012918219735508968e-01 3.743129694654508816e-02 3.521725438228630323e-02 6.657642142393470353e-02 8.935757082343431801e-02 7.887804627937937407e-02 2.713680303094280488e-02 2.803098131037357749e-02 1.459042544382749100e-02 4.344789123120734904e-03 7.093506473837644932e-02 9.018800176136142210e-02 1.659424453209730824e-02 1.014241466436001105e-01 6.496984978104283770e-02 9.739549142546936877e-02 5.648620609638125428e-02
2.060417525766039537e-02 9.960284793179220719e-02 7.796134753310415832e-02 5.804883683294655844e-02 5.235910215843209495e-03 6.040320178458274958e-02 1.896657088635395755e-02 2.013418345341910776e-02 2.637940521802221300e-02 7.903113419678406415e-02 2.870026764135454739e-02 6.342709110216682329e-03 2.615095271467504298e-02 9.796300048864381438e-02 3.520404778659963485e-02 3.246904990569350613e-03 7.520433434738219014e-02 3.412659778367728956e-03 3.900864764148608520e-03 5.189435405822947350e-02
2.212631619499530813e-02 1.857485386448234910e-02 1.688911657253916454e-02 9.945026406884621695e-02 4.386747912987745690e-02 6.766046726180720283e-02 5.408041167930081883e-02 3.952118523667842026e-02 6.932357399959898636e-02 5.183801158348381316e-02 8.531574325607450826e-02 6.031685706596098817e-02 7.843843668725802853e-02 6.255956214188021502e-02 4.759908354658280022e-02 6.252828280438743613e-02 9.729407629143953240e-02 2.934059629953852250e-02 1.303230466970123694e-02 3.829209173458109766e-02
2.717295337439658634e-02 5.155408931771217340e-02 3.234406151006399138e-02 9.794476841648086171e-03 7.376778249378306007e-02 3.485550161593056230e-03 1.027540194659603834e-01 7.380922301199750735e-02 2.406676581844050672e-02 6.933463424684491172e-02 9.127016415834997287e-02 6.664004609851641170e-02 1.120533298511436869e-02 4.064184254184423362e-02 8.088945632043531564e-02 8.511650641520857041e-02 7.662238031209873956e-02 4.898748302518111768e-03 5.943101320591185482e-02 1.238572389119665940e-02
3.523523587948803118e-03 1.021083346354751675e-01 1.152223150106152817e-02 1.014646280740992002e-01 9.476930756670125244e-02 8.651661655557377206e-02 3.823068962615563948e-02 6.305475008932684422e-02 4.174653794823170866e-02 6.658469407822617536e-02 8.002917044934208801e-02 7.697090676229496886e-02 2.912998601919819519e-02 6.637417164121514612e-02 3.146823067462491824e-02 1.094468739674454502e-02 9.587889987541883818e-02 3.909412403691611628e-04 7.421803052195846684e-02 1.033890476615729886e-01
2.416352047792512392e-02 8.427259636492517858e-02 4.407916828869026804e-02 4.394927879248671648e-02 1.492357317889049864e-02 3.850983199285174657e-02 2.584058576637159391e-02 1.004772989739356748e-01 4.147095601521232078e-02 2.969884621985701204e-02 1.102059893774634536e-02 5.733033401967090742e-02 5.625226862157210739e-02 4.782049142610893949e-02 4.677604246346449279e-02 5.993477084811336258e-02 3.834870124398611496e-02 4.515666644054665280e-03 2.607190377516449900e-02 1.000553617912685045e-01
