3.120940532514080989e-01 1.003652897812455647e-01 1.274179428983834850e-01 3.944893461742548374e-02 6.174520310617879343e-02 1.220886137607446187e-01 1.566539800201889876e-01 1.067039215890935172e-02 6.441576701125628635e-02 6.726718735065281840e-02 6.521997358807882228e-02 1.183327338717139882e-01 9.957123258386363363e-02 1.017202658320879860e-01 1.318005940635089135e-01 1.499949507257978820e-01 6.838653782919883184e-02 1.157066338633419844e-01 1.126955198081686232e-01 1.350196182867361983e-01
2.729664635218230842e-02 5.167969923826901124e-02 1.338355184995817550e-02 8.977587339349166196e-02 6.742437774644420567e-02 1.995810338875389153e-02 6.625336911273306539e-02 9.220728360608096419e-02 4.542131416084044249e-02 8.515025639250430045e-02 3.022156364481450030e-02 8.722860214530447909e-02 9.170714787039452309e-02 1.228316416946099304e-02 8.386212967636558213e-02 9.167037431716805462e-02 2.697568450854288813e-02 7.351861038155640959e-02 7.370252404840024751e-02 9.145447414524754057e-03
9.545099402083195850e-02 3.858252827431005172e-02 9.932695268116996379e-02 5.836180061075533360e-02 8.908178190418664100e-02 3.345360164474771997e-02 7.595041380764849803e-02 3.052193427807371739e-02 7.917125881394510012e-02 6.004748173022899510e-02 4.572476061447499490e-02 6.292880174249872172e-02 1.775953898458237966e-03 6.167449842002119959e-02 1.963384661202198858e-02 1.368349883770465618e-02 5.264907481783133447e-02 5.388228796790543035e-02 5.299310281991903571e-02 8.021074124797522575e-02
6.333452690507115901e-02 4.172094802671888480e-03 1.034104710548079502e-02 9.650099306698665946e-02 5.480577535019738600e-02 8.483764620585779181e-02 2.995822059571767726e-02 3.228309809196746455e-02 6.584428646439564881e-02 4.482377396671032715e-02 7.922650562866069557e-02 6.689553507069398441e-02 3.439593310587261282e-02 3.213078066247773007e-02 7.317244836656889261e-03 5.434960136816582854e-02 9.643779830560583743e-02 5.166160540913067312e-03 3.631611251997945294e-02 5.184668093745055384e-02
3.647583770462603688e-03 3.912016688482444597e-03 5.391840491059793350e-02 9.592121849914478360e-02 7.963649699109674740e-02 2.648435252849121874e-02 6.207311125257219953e-02 3.034228247969000813e-02 4.951481559281389194e-02 8.196199734645159829e-02 5.070764746291359093e-02 9.686038444243254275e-02 3.757763199799146747e-02 1.718386207418810471e-02 8.917468271473505403e-02 7.477490329938460412e-02 7.169120016449298527e-02 5.012829955879335997e-02 1.554840741612795304e-03 4.025359639131845940e-02
2.552917044020219794e-03 1.794457672812516114e-02 2.749060854340101834e-02 6.073655031327952758e-02 7.669617219457207369e-02 4.545523935365839568e-02 8.990431565276375825e-02 6.314554156217676295e-02 3.011041683746533762e-02 3.654020588940853215e-02 1.262387376958035157e-02 3.845908434874212301e-02 1.869629901060523500e-02 6.440742426819780209e-02 8.720104986730259355e-02 5.821928279434523262e-02 2.141222159579712209e-02 1.358771816422800309e-02 3.664632013360792639e-02 5.428377728299849103e-03
5.745955115295408450e-02 4.823373597712014155e-02 7.241128480691040592e-02 7.357367173560769996e-03 2.204454923109368247e-02 9.574387188594791001e-03 9.823245554574316918e-02 4.194235203836060161e-02 2.374590451207663280e-02 9.970131332403525670e-02 9.627555736891524329e-02 5.294082969910798853e-02 8.237926774822268428e-04 8.699328654618360135e-02 9.124003996298520047e-02 2.032938786053442234e-02 1.405527400349525571e-02 3.748494175102964204e-02 8.100917885995279066e-02 9.680948468936079188e-02
8.158738507037227583e-02 8.788027637773822287e-02 8.057811515420590376e-02 7.682210667077765676e-02 7.288018213222145769e-02 7.297218750439253554e-02 4.220550734145631089e-02 7.672727996431930042e-02 3.968698366346791462e-02 9.047713007501487215e-02 2.882730000628062200e-02 9.646496583165786731e-02 5.214273765555083040e-02 8.513954658862595004e-02 3.244113544931490761e-02 2.759552274552312928e-03 1.339088783173776435e-02 1.061863198931107914e-02 8.754363131081224769e-02 8.596993292240584852e-03
3.613080194669902184e-02 7.177356858300017184e-02 5.509721339287598080e-02 5.619040637874198052e-02 8.486171294260025019e-03 4.689104768310869975e-02 1.516530030610940827e-02 2.051072933758656472e-02 7.717137785680094897e-02 8.676470237915942518e-02 2.687859435463102551e-03 3.606663709768294368e-02 5.147082122412000027e-02 4.319397270340269435e-02 4.480291763453102954e-02 5.177097729714343066e-02 2.604485475199742883e-02 4.828631492591983071e-02 7.268016957902212818e-03 7.754584037272550801e-02
6.824624914047018598e-02 6.572341609170118636e-03 7.149426898453507817e-02 1.340807459789604764e-02 5.856867641098276872e-02 6.938832480337561726e-02 3.060622097645027302e-03 4.975967720044782716e-02 8.082987582282097350e-02 8.816670677939129896e-02 6.405644602858016901e-02 3.477542772204533089e-02 3.483233156196476749e-02 6.478211127165456329e-02 3.822083965196479416e-02 9.859109925572168143e-02 4.971187658346248178e-02 2.816033110563747124e-02 1.519393599637421967e-02 5.588540548417265073e-03
5.713592390488231310e-02 3.313050865423492614e-02 3.702475192718618358e-02 4.896859345624346438e-02 7.779362253046273601e-02 5.157382876894266860e-02 8.016887825758468866e-02 4.289633539257791534e-02 3.250722652543599350e-02 3.122359018135439923e-02 3.842877283569537394e-02 7.735683202569258732e-02 4.328597295141817236e-02 5.188811199449239880e-03 5.580646194121961084e-02 8.931782867888307664e-02 1.240853185712431639e-03 5.770187737973553983e-04 9.449685738885819919e-02 2.783606241820405641e-02
1.323775386131169698e-02 1.236943036654936144e-03 4.444996991314542623e-02 8.521748105754844982e-02 4.018174724307987944e-02 7.156178509122818054e-02 4.321868494595773602e-02 1.733197863678803729e-03 4.861768150693212415e-02 7.499776122051135530e-02 6.862394405644625661e-02 7.724450700558355143e-02 6.800260355381165800e-02 2.562819327118821822e-02 3.168537395279848873e-02 3.862055058494706997e-03 5.459149238997576536e-02 1.192660426042357891e-02 7.379237679904683544e-02 1.520004775561547596e-02
6.012812654307900934e-02 4.144176338874523691e-02 5.323790856916350844e-02 8.664526792022697599e-02 2.501549220094909792e-02 1.669030393930232004e-02 4.034792384541407290e-02 7.482375483490036339e-02 1.486720910892712702e-02 8.830809467890937681e-02 2.749375790490335078e-02 5.473570858050826049e-02 9.087166855064571225e-02 2.247269048071039166e-02 2.569805423972559844e-02 9.624800047177181628e-02 5.930515655484529941e-02 1.306619496352631228e-02 4.548569585007450344e-02 4.601970895951441876e-02
4.474051408401513025e-02 7.370279853100349110e-02 4.969291166237719409e-02 6.082431339786385088e-02 5.376238280610193265e-02 5.005671393109855510e-02 8.537502132423363532e-02 1.216319058408962296e-02 4.778914070794065133e-02 6.363792103231334651e-02 2.835811634495470981e-02 1.325728434254337500e-02 2.672313271153873432e-02 4.252788859175431896e-02 5.511063742372558638e-02 3.164167637952237933e-02 2.062298681214215501e-02 9.517271757792174214e-02 9.079959671568638147e-02 4.848983767678551049e-02
6.664223469242157305e-02 5.771988362579775350e-02 4.961283189109845504e-02 8.914610812237966364e-02 1.679971203159206367e-02 1.679730265697151545e-02 4.749717882383061585e-02 6.546332536474593067e-02 9.214218168041830859e-02 4.537870038505248393e-02 2.181637023765438388e-02 4.870541161121194618e-02 4.961763906301742098e-03 3.845050775401305521e-02 3.996630744814325814e-02 7.376316984043083946e-02 1.272311730407309563e-02 1.198715156696605888e-02 5.507049389884715457e-02 9.932477829611434383e-02
1.706148301283642171e-02 4.988367394405813192e-03 6.326707957437778529e-02 5.085278763824230795e-03 6.054446565270036468e-02 3.414200763056096655e-04 9.043532136031479096e-02 7.150723208429625444e-02 3.577666202082918721e-03 1.615343906892934348e-02 4.527274473410339978e-02 8.269892505335270372e-02 4.921363113302202469e-03 9.962029919520271060e-02 5.097727893053360937e-02 2.471970793476419015e-02 9.081025355252503317e-02 9.357830385574072984e-02 5.075541562713046378e-02 8.102046937966124462e-02
5.601658753389905654e-02 2.480903466682982204e-03 5.116031646072602412e-02 3.013804553299240935e-02 2.956550105175294318e-02 7.680402318816201279e-02 1.957804426970192330e-02 8.102547171202538479e-02 5.200457084108268957e-02 8.913478197401442094e-02 6.318718134879572346e-02 8.400253352823718045e-02 2.311687521422236755e-02 5.014825229654595179e-02 9.903652555853764694e-02 7.539884807707691872e-02 6.634963446086981909e-02 4.336489772181815333e-02 1.056188116159626628e-02 1.015728605177068644e-04
3.353331328399782735e-02 7.676829410095420761e-03 2.143963360871561571e-02 8.485937783377857369e-02 1.115539139472492350e-02 9.077613239266740797e-02 5.919345095027263304e-02 8.404189447489167353e-02 4.423807471893111132e-02 5.149863491634708995e-02 9.080985537143716757e-02 8.822087123331907865e-02 4.589072375293909434e-02 6.253278498998049439e-02 2.836492962916579291e-02 9.860217005440208293e-03 4.578969110687100552e-02 7.365813431689198498e-02 6.562233209557741254e-02 6.867005399990600001e-02
8.716692268967229928e-02 6.210445591971808232e-02 5.107123730420427138e-03 2.070820357023905791e-03 7.195717761554840108e-02 7.024018931712428492e-03 4.009232077867008574e-03 7.002030950324485137e-02 7.504360431095796757e-02 3.302566275778088395e-02 8.552662411721831393e-02 8.295576417278732739e-02 8.009293562391731069e-02 2.258475256092926792e-02 7.817394758568571578e-02 1.651322314111761808e-02 9.539042162697301819e-02 4.365607611459849935e-02 6.026371185440494715e-02 2.750289642408864157e-02
6.958385254084942240e-02 9.518385351308101400e-03 8.104737851416569938e-02 6.898689163453437800e-02 2.946237639826214741e-02 7.622577101933958321e-02 2.566748300763188606e-02 7.049621301749722790e-02 1.909476180465630168e-02 1.673064731443382400e-02 5.408642350940962018e-03 7.744539753266233180e-03 7.789448748429766978e-02 5.784075296764791541e-02 8.895666500752126560e-02 3.269655744005197512e-02 2.464579773737808621e-02 9.144038630905647336e-02 7.049172488348706689e-02 3.577020708906708708e-03
