2.791363399270042622e-01 5.872211973096157916e-02 5.720274932878431640e-02 1.312782243912285485e-01 1.051650873116688478e-01 1.167315343838208619e-01 7.788749976643186135e-02 1.214574244629711419e-01 1.041325681862473318e-01 8.945886690984428125e-02 7.474040096690598434e-02 2.603994297229234728e-02 1.377036533069537771e-01 5.420490505521269320e-02 1.550697489799445772e-01 6.478403659158107897e-02 8.801560439425504256e-02 8.766322439792091636e-02 1.065990685184037973e-01 1.273085803537686023e-01
4.316327619733287962e-02 3.953371981739083746e-02 3.954808860962958500e-02 2.274532645146491033e-02 2.222467913724539626e-02 6.193658773563496395e-02 4.978583345809134419e-02 4.311579463066606173e-03 5.795574581147269755e-02 5.656246124441492024e-02 4.617120470990897924e-02 8.695294535983690010e-02 3.064341772720971177e-02 3.511646791236635451e-02 9.327985441978953185e-02 4.429400783789468055e-02 8.298326108246300778e-03 7.501189338499954229e-02 8.138559169793201098e-02 4.041076430181779477e-02
5.453957110632058625e-02 3.066275861048172249e-02 7.514538031497985937e-03 1.506322701081512852e-02 6.947201547577068481e-02 7.414192776992123424e-03 3.265215239970975514e-02 9.656037360925512347e-02 1.894976793336692472e-02 7.093424571774620269e-02 3.701780798218003848e-02 9.506049409111706761e-02 2.235193713332472853e-03 2.935329548050669493e-03 5.130937343127573574e-03 2.385309510655763202e-02 3.183321925091336241e-02 8.470557253003231299e-03 7.421455253531394902e-02 5.973576930781563515e-02
2.838999718114434620e-02 4.669053313789267579e-02 4.810001746674328477e-02 6.087779357109621842e-02 8.840817535101758162e-02 3.473154897192586715e-02 1.431211813192525585e-02 4.650942456560219762e-02 3.280327479080796110e-02 5.841366170674390512e-02 1.446320403671246327e-02 3.897522893090500651e-02 7.046803689305278229e-02 2.292393494770821397e-02 9.670954703232460814e-02 6.548313146588309597e-02 6.054193642529751007e-02 6.692202418189725777e-02 5.079272772716984102e-02 5.292808764409682315e-02
9.007056688306973313e-02 6.632544068979556728e-02 2.436859018756916406e-02 8.597854615903204045e-02 5.892804908856019014e-02 8.847562083247095810e-02 3.837946142229051866e-02 8.607537727270889172e-02 2.201764653755163004e-02 8.638252368656594571e-02 8.827005500493620427e-02 9.712957832619742438e-02 2.927349119841618150e-02 3.944025158534286701e-02 7.141298948511061451e-02 9.491900581772960699e-02 7.742468344980986406e-02 4.776162239562467549e-02 1.336905163326860407e-02 4.324308157345720105e-02
2.173762531586220879e-03 7.836265784753898567e-02 8.617411107128075676e-02 7.345170637393109991e-02 2.445877325856986653e-02 2.888757259060956845e-02 9.922081836581336800e-02 9.496083963379198462e-04 1.746121334874276704e-02 1.425130148974623756e-02 5.564935128855247326e-02 4.069426640287870239e-02 3.982326409337691442e-02 9.747394387143742955e-02 9.843225030306158863e-02 3.691462447984052847e-02 4.701327101295235678e-02 4.369261854346365159e-02 4.228461561926014772e-02 2.966396049986334132e-02
3.661119548291755926e-02 9.728343544546182164e-02 2.614899459902081391e-02 8.391046111927790915e-03 1.700920622388302217e-02 5.442162772008773963e-02 2.008821984171911545e-02 1.193190677585431736e-02 4.734375405215490717e-02 3.580153537719930196e-02 4.835672130570191352e-02 9.617460421162918327e-02 7.163197685776302726e-02 4.707242742281650405e-02 5.086617311458808272e-03 8.896034550435406169e-03 3.832971375136132175e-02 8.418638885172230468e-02 3.752934835191523884e-03 1.915254357961161669e-02
2.350534575628687728e-02 1.064742386656293387e-02 8.261842308957760561e-02 5.019247803500345717e-02 9.713527969798074757e-02 9.620876524647743733e-02 1.933484312605643352e-02 3.001287502739459490e-02 1.979460036325151467e-02 7.097896042163778785e-02 9.813553901309163274e-02 4.640042295391199473e-02 2.091067989950672404e-02 2.671597516379561540e-02 8.712841191410981498e-03 9.237910441928355587e-02 8.377515214840365598e-02 3.755067472661521161e-02 8.063475329053005833e-03 6.252541697841260127e-02
8.056217463360937359e-02 1.515489397302534173e-02 9.130230112926690511e-02 8.851384314444100954e-02 4.655191757689478710e-02 7.810576832122353985e-02 3.124833606269064243e-02 1.483924947621739765e-02 9.772071422473155300e-02 5.422834347445043557e-02 8.288696227363347158e-02 6.876453278403296676e-02 2.920020400949679962e-02 2.041058307999847957e-02 6.974956799330656043e-02 9.953037986218642164e-02 6.364485722237987753e-02 9.192753492000191318e-02 2.691143546177869952e-02 5.723588876600064351e-02
7.315768686823602429e-02 3.222494672999259152e-02 3.156611288127261078e-02 8.076417448926026532e-02 5.022646341762694588e-02 4.620358517676111110e-02 2.280325055535235151e-02 7.260953127047731215e-02 7.520031298917301266e-02 4.145413839020633401e-02 6.468963822189373325e-02 5.132531341097578553e-02 5.835786656888299062e-02 6.188754693705942472e-02 7.553769040967651949e-02 2.841405116304103473e-02 5.052968961161535821e-02 1.356727308170459050e-02 7.490891841345077851e-02 2.314415791419253271e-02
5.813503319288387122e-02 7.644135441452765134e-02 7.987820164595571537e-02 4.759181614213357087e-02 6.533287484294006409e-02 6.220754473192610656e-02 1.227083912770984310e-02 8.370620351185517616e-02 1.891164788768238264e-02 8.153850335087053924e-02 1.008093558997390574e-02 3.448052812733522210e-02 8.001705314538896940e-02 8.241143616666611604e-02 1.517579546240066654e-03 6.999210457141430419e-02 3.802346856881730353e-02 3.541649159109507006e-02 2.017726605866756659e-02 8.761749017432426956e-02
6.037592274289247524e-02 4.569963318937225738e-02 3.340755892660617760e-02 9.890918424865880604e-03 6.620477613153524787e-02 3.080788378896749669e-02 8.883122733753801015e-02 5.952510594031810293e-02 3.916268485629060062e-03 8.796597317595417076e-02 8.551370658711937578e-02 6.421398412056114613e-02 7.771655044852006367e-02 2.367511623239515646e-03 7.908639027978883740e-02 4.932203929467252057e-02 4.493518583178349179e-02 1.314267232211665561e-02 9.000236624130963925e-03 2.517918174286615240e-02
3.092840824498421792e-02 5.183325827367538802e-02 5.234144165972549889e-02 2.568448065864197341e-02 3.104914884667227259e-02 8.592889903782925665e-02 4.105096447546577321e-02 8.667227462600753107e-02 8.993907692081587468e-02 4.156927194742854152e-03 1.842810494722666587e-02 1.695637536152067026e-02 4.549197592205727475e-02 5.547355562571476724e-03 1.078298608134940079e-02 3.450797003283023745e-02 6.306468983591349831e-02 3.434755015557907493e-02 7.179967346534460448e-02 5.452214552446315449e-02
1.306793384087947575e-02 8.197090244968319173e-02 5.703710158582846884e-02 8.181243778056113136e-02 5.720724213101800043e-02 3.718722737140708196e-02 6.970128142211562752e-03 6.823477552066904012e-03 6.163242794815409348e-02 2.404781770639785599e-02 5.966079991492337364e-02 4.762644864162361019e-02 3.185940027433031146e-02 2.038566204821834742e-03 7.017072755132340578e-02 7.001561684091270332e-02 1.186644718556717493e-02 1.118483892178593481e-02 5.353053439468191850e-03 9.567638939014477817e-02
2.122618735291736947e-03 3.833951319250339645e-03 5.160502236102375989e-02 3.901852989856052084e-02 9.477780191252092867e-02 1.984076689070084568e-02 7.150444098709168861e-02 9.040667032458965524e-02 5.203759296541058538e-02 9.978237744629082917e-02 9.300532932237801087e-02 3.461010323145229800e-02 2.365843061973808142e-02 2.438026238113642080e-02 3.521247381150667544e-02 5.286264678315181348e-02 5.288829347492644134e-02 6.048268930775525798e-02 2.710338844537991954e-02 9.936389531279066212e-03
9.535824662537603635e-02 1.574110492284405347e-02 8.706749535434576970e-02 9.819170548774214247e-02 1.928193217641294230e-03 9.183851880578453031e-02 6.942751811462923028e-02 7.420864926051932986e-02 7.250970135417618423e-02 3.682286263295205669e-02 5.113377241839193316e-02 4.037145711711735002e-02 6.941532621955959432e-04 6.270448894267473261e-02 7.799145530726314668e-02 9.759008167552035706e-02 6.620057531591377886e-02 6.247822749973317574e-02 4.491608988739177744e-02 8.026440993682179559e-02
4.500787719279111809e-02 3.774777513786634064e-02 9.311114119694399727e-02 5.882279922553362156e-02 3.304224099970781703e-02 1.323971326479270877e-02 8.818261981634155366e-02 7.688192025195278445e-02 1.195193401890726204e-03 2.068378909013399852e-02 1.244937147853196827e-02 7.446623949429356792e-02 4.794221977753539143e-02 9.451731893006580509e-02 7.149570952222482345e-02 6.917256983330825892e-02 3.432603542679914244e-02 8.432547966490906710e-02 3.851806948064581682e-02 1.213478420041839284e-02
7.689437432750090284e-02 7.134967692328342964e-03 5.822506228465804817e-02 8.602310273027008458e-02 1.995212843629414964e-02 8.027335484915495978e-02 8.625798621100708163e-02 9.974634879333156220e-03 5.739039792355393049e-02 5.891264620594915957e-03 3.624862104991268680e-02 5.780800490921653850e-02 6.328000718484574905e-02 2.146833312583740477e-03 6.889893911277296390e-02 2.547455075474661795e-02 2.016438559364319705e-02 2.566139185860315600e-02 1.531582254750496475e-02 7.043219768360364785e-02
2.866402626897416456e-02 7.581340761428548292e-02 8.563287376395886663e-02 8.891105966999125754e-02 9.864720232879826967e-02 9.419738960223593416e-02 5.792686993195783618e-02 6.646445402176091866e-02 9.350484527443869709e-02 6.300615965725051004e-02 6.171546951600869607e-02 7.580157647501113705e-02 3.677801619293398494e-02 5.394605907652007259e-02 1.143216093057476505e-02 5.089734869889817048e-02 3.912061082015240443e-02 5.547054502237391133e-02 8.200760533619171067e-02 6.158571066747551420e-02
3.664648691651863077e-02 6.657954025954800070e-02 4.721908855913742320e-02 8.369278237594313108e-02 8.553024983777016144e-02 5.984503545538050195e-02 3.631596392474578661e-02 9.820075120977456509e-03 6.389552208962315238e-02 1.202180759167870237e-03 9.691641784662877179e-02 1.889039817251913014e-02 5.415764040335401680e-02 5.164684330369293669e-02 5.500402647575650811e-02 1.130392784045835056e-02 9.906495082150718057e-02 4.497023594710593264e-02 8.976034077384122123e-02 6.669964518483134652e-02
