2.919707176567094553e-01 1.199074153643052976e-01 1.038664539090216610e-01 1.908119136415609846e-02 9.853937182352322244e-02 1.490236364587397278e-01 6.405395696926295679e-02 1.959496864583700620e-02 1.129598715120047892e-01 1.145158601547357352e-01 1.204213359188374410e-01 1.172164667764811485e-01 1.040102922534822116e-01 7.610344073075217541e-02 5.122990614849150248e-02 5.083627563322310611e-02 6.097896283114592059e-02 7.784569392805289201e-02 4.054763254377209691e-02 9.724568141481998440e-02
8.419362865940530072e-02 7.221483570990309964e-02 3.335380810808913354e-02 5.610984479926427876e-02 5.059957704332142259e-02 2.929898489833926423e-02 2.023615693383785941e-02 1.114847806661554280e-02 2.953132318796874989e-02 5.085442306982447536e-02 9.757633764307705598e-03 4.082816225131735807e-04 6.627211690556573942e-02 2.614665642804237314e-03 5.251239287700193437e-02 3.619786569881874166e-02 6.103656844484850810e-03 6.480189178246666126e-02 2.467312963042475257e-02 4.355145796119488932e-02
3.752650790536400660e-02 6.609374142202265046e-02 3.214586955264493728e-02 7.563533179335180101e-02 8.312763680611240380e-02 4.979835487327988891e-03 4.622705339009164360e-02 3.298559022656020329e-02 1.346895490625479343e-02 9.200911575395509523e-02 7.020219465147735372e-02 2.770777106355306815e-02 9.539127370993931432e-02 8.506770192868008673e-02 6.719275716093091322e-02 9.312658004003698808e-02 8.909265545878373993e-02 1.534494505773342874e-03 4.727760768288635784e-02 5.035572398722259341e-02
7.143158666063931239e-02 6.024670077848619937e-02 2.238678730053388424e-02 7.937478134145391218e-02 7.280427917047214981e-02 9.033091856213225357e-02 3.078548619759125058e-03 5.915615063141687474e-02 8.440516716522246388e-02 6.905917092407311275e-02 7.218494427253507872e-02 3.507270913535165749e-03 9.123742650731801740e-02 7.276306592702630471e-02 9.625996144287123080e-02 6.262846687074236085e-02 9.670884890103190190e-02 1.401723956890168522e-02 7.231464746972957047e-02 7.387931751336081210e-02
4.876859132200818403e-02 7.163277836127812659e-02 7.765516734941474430e-02 9.190302138310596503e-02 8.682871234452974041e-02 9.596817271488369827e-02 6.410307416351206100e-02 6.445838126040970284e-02 6.165533632884989679e-02 1.558145597374662773e-02 8.945520098430662093e-02 3.951914155964254827e-02 5.183065868221695821e-02 9.265127556296746947e-02 8.245378580247220146e-02 9.270546133686383139e-02 9.773542988213727856e-02 8.028419321803731412e-02 8.782393464148369189e-02 9.511507338183733395e-02
8.709275463187159116e-02 1.692050682837007575e-02 8.519584858675416372e-02 4.469212745395169384e-02 4.191616838258677147e-02 9.401475177032204977e-02 9.227852522038007543e-02 9.363598199013015155e-02 6.980227407075523770e-03 1.096815196739970959e-02 9.282334320001833783e-02 9.391516333260022109e-02 5.359034842090548700e-02 2.562407293749534645e-02 2.400323162546047582e-03 7.912522414344726196e-02 9.116072327739922765e-02 2.972875706551754427e-02 2.068549073865301458e-02 4.500617913046192631e-02
5.594374990405035636e-02 3.972362041001532840e-02 7.230914758528550479e-03 4.357333227733615338e-02 8.792788843291665657e-02 2.544023094430282461e-02 7.253438281058496861e-02 9.729889820927362792e-03 3.194159538449214963e-02 3.554360210530138793e-03 6.514710106006281476e-02 8.534839779325781306e-02 9.681071387615103330e-02 1.220372605726259899e-02 9.361884342299994777e-02 3.800127825148977290e-02 8.046626024696001966e-02 1.510982887740476392e-02 7.874084108616501154e-02 1.574146189915688263e-02
1.350668568207358299e-03 3.107849379031828521e-02 7.223938074248452412e-02 1.918705251582326909e-02 7.440231172378708804e-03 7.282215247093765109e-02 4.250831820110531623e-02 3.087361730742754773e-02 3.620047080598916278e-02 7.996127296179973698e-02 8.668204761259445945e-02 4.441305602231152005e-02 6.837436724419945766e-02 6.183870655832991725e-02 6.428528944957703772e-02 9.496829702677321572e-02 1.763638308011455935e-02 6.610269821890704667e-02 7.588750119421240614e-02 2.771185965232789844e-02
4.261989012889429163e-02 2.272441619865210941e-02 8.692739988939168772e-02 7.614037355566660899e-03 7.103476744982194224e-02 2.384482021598386542e-02 9.030665712341653939e-02 6.065731758559501224e-03 1.135197437562529511e-03 7.649318692726393698e-02 1.424379167333120894e-02 5.114288411441528931e-02 2.294630935399197963e-02 9.884109087469175603e-02 6.464858987258952083e-02 8.984483523838883434e-02 4.649075725680207327e-02 8.627594732190281210e-03 5.147774895681268836e-02 3.766734034781561713e-02
1.583420471096142011e-03 5.857758557585354686e-02 3.471756068756504110e-02 3.215493497376537002e-02 2.222914764926192666e-02 5.733496752608535640e-03 1.150812428585745858e-03 4.094423726616903958e-02 3.035388186800421981e-02 1.833203845621043243e-02 3.847886909098549579e-02 3.666908200573668758e-02 7.104768057062781084e-02 6.402415026213791049e-02 2.737001409962638507e-02 8.150572332322061908e-02 7.801225143350398739e-02 2.327214253181330086e-02 7.659287993850112664e-02 6.599882425170034220e-03
1.760801918882206815e-02 6.837157033571242271e-02 8.688503401659172787e-02 4.200711675913150478e-02 5.742538673162472102e-02 2.318625685005840792e-02 3.105128157020919932e-02 5.270398864834566904e-02 8.631529138937400411e-03 8.826370809653477645e-02 7.128322027330367960e-02 5.217405362766293353e-02 1.607850784862504753e-02 4.531843807836077875e-02 8.072160718563586856e-02 7.767168345614466896e-02 9.758248360699793567e-02 3.980299206348746760e-02 8.928029612647851720e-02 7.614804818894133076e-02
9.882887710324626818e-02 8.930638552296069066e-02 7.837689709280770689e-02 7.075276851019018931e-02 6.350632701313466133e-02 4.115103114651405547e-02 6.583682316705424808e-02 3.512321601969758955e-02 2.241189488732645702e-02 5.105856646596279580e-02 6.249687292311157348e-03 9.031943492240698812e-02 2.897541499722078306e-02 7.591191066233624052e-02 7.579097618293630101e-02 2.862435363992487172e-02 5.333718033794798870e-03 5.637237620516977188e-02 2.620294084564820519e-02 4.912727939227146123e-03
8.440550693898879464e-02 1.782200549766083109e-02 4.041073424165098071e-03 2.852265512739824566e-02 4.717537570671327674e-02 1.917242898202125082e-02 9.462792635494532423e-02 9.605483274728508769e-02 8.536807576184060609e-02 3.603667477466622471e-02 8.440132810477944669e-02 4.817323439638742516e-02 6.869524843060352548e-02 4.031324181248207433e-02 8.977321020376081984e-02 9.901715550270497046e-02 7.284695947794453397e-02 7.336068535003581643e-03 5.198307056513697122e-02 5.786586683359054573e-02
5.433855609138420889e-02 6.090734119806003044e-02 5.539549374167970774e-02 3.027253179418069179e-02 8.276415408868158241e-02 8.934915669074361411e-02 3.747177263233136824e-02 8.360689511845634247e-02 9.456532253569256696e-02 7.863701422357827209e-02 1.988703530918403337e-02 4.107554270652814810e-02 5.502003335582777294e-02 6.148498851181003616e-02 5.708547829129934081e-02 6.541275024050034748e-02 4.955933392733409548e-02 5.981934505257969093e-04 1.882889758654271569e-03 9.466908622794839578e-02
4.973133035692992032e-02 8.007742860918014294e-02 9.508089675993830481e-02 2.145811703607004850e-02 6.580070023557062220e-02 6.845439988358874295e-02 5.715313035743200404e-02 9.381156498529528986e-02 2.097001790977526346e-03 4.570231391083345862e-02 6.509665725417766724e-02 5.231241657753770563e-02 2.915383345288471637e-02 4.197749968986917019e-02 4.665426482545277642e-02 9.931964172862632612e-02 3.861992669532438027e-02 2.380546307759284774e-02 5.001065319605164927e-02 7.967434289919943236e-02
4.481659852599158278e-02 9.552906313109871261e-02 6.317725313425794076e-02 8.800228180080366114e-02 2.824274849420539690e-02 7.946180571261922398e-02 8.912375299569949560e-02 5.809186896036849790e-02 1.489885230876164535e-02 1.413254090660640699e-02 8.365293811774318633e-02 1.514398680885964497e-03 4.159136768942259949e-02 4.679708224387701954e-02 6.770774428207436413e-02 3.784292241400208368e-02 8.759458297562390527e-02 2.377236085795783258e-02 7.500635967884906885e-02 2.257326073265178076e-02
3.201739513577469415e-02 7.036731528798320645e-02 3.875175029527230808e-02 1.982601058662427848e-02 6.416920248681230732e-02 4.317222232228408452e-02 2.325689570192285283e-02 2.628683388481527564e-02 1.722615021845770242e-02 1.674723943957372521e-02 8.583519936563915875e-02 4.532719509751716169e-02 8.765378133485056400e-02 2.511292297553746871e-03 9.425692921671025362e-03 6.226811820219080654e-03 2.376610686171146819e-02 7.960603249027714545e-02 4.059405090681538625e-02 4.368727868830272337e-02
3.099476223837183131e-02 1.687887823081811803e-02 2.529451804952487313e-03 4.005831528234141126e-02 9.350658344116159759e-02 9.027279957638356667e-02 1.194176264667311596e-02 5.757730868524886525e-02 8.126236944832256059e-02 2.618318121574354784e-02 3.278462471570420516e-03 7.898686382688702157e-02 9.580068016729886837e-02 9.279614535474668691e-02 4.492476043858431578e-02 8.800598401954580485e-02 6.872928416224226289e-02 4.200853288101728117e-02 4.272430073864776079e-02 8.018264720096508757e-02
7.247317512621998317e-03 6.374511654046619014e-02 8.040457650134799628e-02 2.504538951232049455e-03 9.831850554841395362e-02 1.683280099222361770e-03 5.980882815471431219e-02 2.858339347074256853e-02 5.239594528921425604e-02 7.382261554610224097e-02 6.670048670651300415e-02 7.356773780043558003e-03 1.291478309583672483e-02 2.953748583179858361e-02 8.919131717902552270e-02 3.697275391131003147e-02 4.715033791013650832e-02 6.936975932975245063e-02 6.183994145643065959e-02 3.984039980750588017e-02
1.276628033783588911e-03 1.136666650185376264e-02 6.653386025144440719e-02 1.577103276923153084e-03 3.475514217215385643e-02 1.523094757649556819e-02 7.742837313786948839e-02 7.576996640943400863e-02 1.348405349526691360e-02 5.142559280205852984e-02 7.145450904089691024e-02 2.317663798091303129e-02 9.047212145729775779e-02 8.887719257132718764e-02 6.241880241759047154e-02 9.014113573677373648e-02 6.910545907207057970e-02 7.857923335628051731e-02 2.253883631659708842e-02 7.362431443415837218e-02
