2.456380177828664801e-01 8.495612022135597130e-02 3.425652407963146462e-02 1.222681842558307475e-01 1.243803889117065520e-01 1.913787008070620341e-02 5.927171434731560301e-02 1.236523268399641190e-01 4.356918584367711067e-02 1.057198309874720077e-01 1.305188795603129948e-01 7.441249933943797079e-02 1.477635130066162483e-01 4.043666211883352457e-02 1.161327181441028367e-01 5.678513398689325614e-02 1.281418202157070529e-01 1.403095623308875384e-01 1.109318599172647440e-01 1.448284141772469835e-01
5.231773101513800817e-02 6.522829012257373715e-02 1.402750167067159416e-02 5.478882253918039569e-02 3.290329214842899891e-02 8.240157367898653940e-02 6.061396035746710598e-02 9.617770822919949336e-02 5.847357476222081810e-03 7.381603620553921219e-02 3.802953190808103234e-02 6.170303313682712343e-02 9.595110876530539568e-02 8.133557091822415930e-02 3.630016114991872073e-02 4.069108357853437608e-02 1.718669995497001945e-02 9.511848936151769129e-02 3.703974681961142140e-03 7.018408841513691654e-02
4.588782352853269103e-02 3.447010564809205313e-02 2.696885224986383944e-02 8.412703669463185430e-02 4.726097696799905906e-02 6.297235658720426454e-02 3.139573640676856375e-02 9.029241441666645274e-02 3.695662471437290153e-02 4.333267740823288153e-03 3.352036459362019855e-02 6.097008643391114285e-02 8.653596185515162464e-02 5.456762538554552761e-02 5.363967441519357400e-03 5.364739410508043149e-02 1.053424714975033198e-02 1.018030175338842207e-02 6.212874397549555255e-02 6.716141431180937260e-02
3.661441630620320548e-02 6.740278532513287180e-02 1.814277040468789334e-02 6.652196635593644880e-02 8.329588864339713961e-02 8.475288183163658118e-02 3.022401769726509521e-02 9.804230013560571999e-02 6.438939448644744046e-02 2.561473820607338553e-02 9.618081563905418740e-02 1.651005628942302586e-02 1.723879777553463319e-02 7.135500308749861964e-02 8.577592179282284013e-02 8.140011517996445511e-02 9.521385949887044287e-02 5.479399320292363540e-02 4.405017825811251980e-02 4.169793862587279146e-03
2.750020180045551627e-02 6.794494832273816065e-02 2.298225509874473119e-02 2.033417132195603026e-03 7.071572539990995943e-02 7.501860455216791124e-02 9.300204088250339785e-02 5.293601918305469722e-02 2.158036045788534057e-02 5.517202758674083496e-02 3.498549267630059884e-02 1.781812004212704123e-02 5.640052453125359716e-02 5.829370690558915297e-02 4.930685907195731486e-03 4.122845008885658857e-02 1.293358469972504324e-02 6.236476575324657878e-02 3.419014743655062610e-02 5.320755266116464904e-02
6.383633522120422954e-02 6.181362280436278334e-02 6.536508809894815697e-02 1.034739045619743718e-02 2.854885520654647582e-02 7.328773469883584357e-02 3.203533783268097679e-04 8.852512531000777951e-03 6.103707349622478420e-03 3.850655745829371229e-02 8.732507572048867073e-02 5.258464652036110021e-02 1.172437299643434155e-02 9.155671858130133567e-02 9.104882062048630376e-02 9.125437725887140805e-02 9.746527730186657634e-02 4.984189742048147909e-02 3.715324052683082606e-02 5.103959261058452906e-02
7.124332668641458755e-02 4.089529489773473941e-02 1.855650203605661158e-02 4.446663774009909642e-02 4.057782289431434430e-02 8.131873749213845703e-02 7.265935105935514282e-02 7.990405343853096420e-02 9.992861444536699222e-02 7.302820306048866950e-02 6.290647408306516974e-02 9.912444074616279244e-02 7.088622533657322478e-02 6.578405277541866936e-02 7.814552810961344909e-02 2.760687194681425011e-02 1.585069908934005900e-02 9.093127774248954687e-02 1.780972571303752680e-02 7.123260034071203506e-02
1.041200385029155198e-02 5.470767042566764687e-02 8.544412234869623590e-02 9.477751262075333194e-02 6.072366078739288575e-02 7.738714017550819835e-02 5.168908186401194316e-02 5.006711255997375876e-02 8.947794941817310832e-02 8.509770702548030696e-02 7.121563462467683965e-03 3.901416667660629039e-03 1.334822475822842330e-02 2.286984414339585797e-02 4.700364149966163030e-02 9.006293534488289676e-02 1.357050879974540727e-02 2.388225580943482973e-02 1.988378675867426282e-02 4.021889775395259825e-02
3.382057659888548090e-02 5.428513690925879098e-02 2.397363785221942253e-02 6.116057245833934897e-02 7.097582642004586495e-02 8.566986213879196344e-02 4.488493818996276696e-02 6.917599838884190555e-02 6.544215551420458354e-02 5.448808895727753898e-02 9.285650959894468925e-02 8.507982841239231098e-02 3.526140867574841659e-02 5.653524599982365922e-02 7.157449246394909093e-02 1.126167034553283812e-02 6.168558895322362456e-02 6.465097849356353510e-02 6.991864038612749521e-02 4.505188743363791604e-02
7.530160538789024138e-02 4.444687233200905058e-02 2.522712573150305559e-02 1.231750508743050324e-02 5.020021758038829135e-03 2.888017031936028836e-02 8.863776986291338478e-02 5.216934852897998909e-02 9.794052360017278802e-02 8.935247431396624307e-02 9.172063113987787009e-02 8.438116481931193236e-02 5.747506666492534916e-02 9.114905017168344059e-02 3.278914180716194920e-02 7.571648713564967104e-02 9.702935585065169954e-02 3.305746736635067906e-02 9.240719851759958414e-02 4.297584584659546597e-02
8.611081291854816300e-02 2.137354152000783478e-02 3.508167970734486080e-02 7.453588560095368576e-02 9.547646895357207730e-02 7.190752300908639927e-02 3.282743631557268060e-02 8.446265014485773714e-02 7.982518792166160004e-03 6.356850549115056637e-04 8.479504498284562430e-02 4.951551463805806824e-02 9.534536579312188898e-02 4.418911287014345990e-02 7.379897436723600879e-02 1.792545352313144186e-02 1.863838487330897811e-02 8.644186375241964815e-02 8.182926772023893514e-02 6.551731142040075062e-02
1.754786850155062514e-02 3.947202537734655764e-02 1.416441263019671028e-02 1.348707499386281317e-02 7.906247516477760140e-02 9.785784079975513861e-02 4.696858870918205198e-02 2.912407025679044845e-02 2.062739689695203271e-02 6.875870226479384451e-02 1.542165990307029638e-02 9.515493348171927268e-02 5.837344369113061510e-02 3.673839439471413698e-02 8.165084965814096638e-03 5.441688206148314472e-02 4.450414465016884480e-02 1.947753138174061066e-02 3.789036387026117891e-02 6.541345985159062459e-02
8.670221496689523022e-02 5.215430665516503084e-02 8.811623924347333769e-02 1.944831493966367106e-02 2.487149390457625911e-02 7.784706964983556521e-02 1.950022029801479206e-02 2.150237676696531430e-02 6.676534936419382948e-02 1.467474513145491412e-02 8.787579354914075436e-02 7.418844070040698027e-03 9.995027909518625076e-02 4.653793905662663433e-02 7.617533761538460013e-02 9.244669605496902420e-02 3.208515695478730920e-03 4.699449000803490595e-02 5.311197384715693470e-03 2.330368815267828270e-02
2.417733465168752163e-02 5.087920529914358170e-02 5.556925805778012428e-02 8.680766880224587145e-02 6.164114769214915079e-02 9.148294313680338519e-02 1.654240442347955017e-02 8.133840651729411231e-02 2.475111956861434509e-02 1.639166549265520453e-02 6.732324826074603807e-02 7.812790544617598254e-02 9.538008482886604911e-02 4.313052348715967765e-02 1.807615960091615501e-02 1.633010904806017280e-02 1.153684891502948506e-02 8.630403928607721653e-02 5.427271831815312642e-02 2.741097581045912751e-02
9.083066795114751180e-02 9.487415615018592041e-02 2.635335103082624489e-02 8.130184680253503549e-02 6.893263537673602337e-02 4.042134195827027515e-02 7.898537500983954240e-02 1.571963611250779685e-02 8.329008943923345287e-02 2.464798990932226541e-02 2.504372102670021638e-02 2.318095058788157900e-02 2.562787192005855624e-03 6.098544859881604996e-02 1.069360948563569157e-03 4.966066217136159283e-02 9.206669165558478696e-02 8.643727989115966570e-02 1.571903130518298441e-02 9.948172038132607753e-02
9.260735045581508507e-02 4.972247705079280503e-03 3.441313277289526074e-02 2.036116813747954751e-02 6.475565831521588878e-02 9.132432988299049592e-02 6.352565516323592509e-02 9.204134055717956564e-02 3.633368008912848252e-02 8.320627576193213859e-02 5.700041710486405955e-02 4.047403057709560159e-02 9.989800020675121406e-02 4.122641448949546789e-02 6.062176701891720809e-02 2.805620812324767510e-02 8.190403648605623643e-02 7.368528566531716562e-02 2.579019832532908341e-02 4.061572962621401439e-02
6.985805771814494747e-02 6.730250744397384133e-02 4.754567459288575743e-02 3.999971229582176963e-02 1.646427813818427538e-02 8.614030192528962515e-02 2.010866936135247141e-02 7.963346963304127057e-02 1.960673218041213486e-02 6.898417810769937042e-02 6.382583414954556833e-02 4.698112164721524563e-03 6.897748505916402595e-02 5.224843304297533200e-03 9.510743892856455758e-03 1.829446490727771810e-02 8.068282860555187411e-03 8.631066519275440441e-02 4.405558815795275474e-02 2.574887526722868802e-02
1.354903870763016910e-02 4.190789719014061110e-02 9.048675865638755589e-02 2.274373684980761715e-02 2.177241825126612421e-02 1.953252949022188378e-02 4.562767771244143067e-02 9.669272480402968731e-03 6.334122734724569048e-02 5.448542370760261350e-02 5.223887065766087690e-02 7.108847054790194686e-02 5.286909909909202204e-02 3.233335907089601724e-02 1.650483645855875883e-02 9.488877146246096905e-02 5.510480559296004888e-02 6.095951390772202938e-02 1.877862267506302970e-04 9.720355844209710439e-02
9.995281680439109528e-02 5.865472580158237470e-04 9.996422718431273446e-02 7.148467635763049166e-02 3.521996897349407435e-02 3.497379983767370110e-02 6.754513506844816995e-02 2.345262409639492767e-03 7.608557733174975413e-02 8.092744651254285548e-02 1.922918520880683227e-02 6.489244476284426744e-02 4.100506371562898100e-02 6.205523065592390142e-02 1.672651771783884023e-03 6.067701506393973626e-02 4.486481497618322262e-04 4.436299404599455820e-02 4.901872923919832481e-02 5.542060997405339612e-02
4.473131844488106856e-02 2.117151831448934804e-02 1.200934721079971457e-02 5.503557722372918320e-02 5.377750247000762096e-02 6.456004417692674802e-02 8.573172938883712180e-02 7.929490874684134993e-02 9.909150978122233111e-02 4.514231816209247905e-02 5.883203267336331588e-02 1.705001464006294931e-02 2.710040533326659937e-02 7.008926464338927943e-04 5.049535147821047204e-02 2.776473877548558955e-02 9.572595625763524740e-02 9.262905456483271072e-02 6.466418722810779451e-02 4.398184659818702574e-02
