2.784070137918363552e-01 5.079053086721039417e-02 9.034668315981810027e-02 1.428420561739598693e-01 9.711239688994596775e-02 7.848086359074968321e-02 1.424203743711175973e-01 5.376959047806408043e-02 1.401548456188231040e-01 5.124679105189842293e-02 1.529410507088638238e-01 5.154006854879276261e-02 3.990817468600708212e-02 5.103510961391270750e-02 5.825736171662616869e-02 1.226152560457695051e-01 1.085969347686158992e-01 1.536197846896756869e-01 5.757102572611862840e-02 8.911636600359540417e-02
2.853206928267926559e-03 6.142338029208743028e-02 1.784822113633209931e-02 3.008668652738844245e-03 7.975564788197940513e-02 9.687300006059426649e-02 9.009681110250754299e-02 9.190950127490964128e-02 1.655909149340850650e-02 6.356025088138462197e-03 5.539031634550839467e-02 5.896941138814048439e-02 4.266089728999349767e-02 7.939950095168546440e-02 1.112382171867047978e-02 3.152769341440131521e-03 6.294092655001204580e-03 4.989061736447624601e-02 3.945042798842610804e-02 6.572580477152697997e-02
8.617174524242780798e-02 9.537602891905294644e-02 5.651064434602724035e-02 8.257170992737628001e-02 6.979587661754446670e-02 8.089770634691857698e-02 2.122295230368420691e-03 4.986111022397715642e-02 1.710382590842580638e-02 5.007866449866768543e-02 3.922312501680314326e-03 2.007360310659918323e-02 2.796806658131912020e-03 8.484107749124809861e-02 2.160354572122661493e-02 1.342436704295320131e-02 9.022480133111755382e-03 4.042565128748437653e-02 4.884431750716723003e-03 4.562588868614428361e-02
1.595036995001677602e-02 3.516639955723575156e-02 5.696844038372546326e-02 1.019091583170102060e-02 4.955623171506726848e-02 9.335918178692845237e-02 8.912145228181177214e-02 5.312580068936274824e-02 2.301915112020006676e-02 7.135449748804743864e-02 4.797808822957735919e-02 4.510213217390438012e-02 1.495981976976705832e-02 6.784616578474612913e-02 5.531803837644916344e-02 5.756132993861106523e-02 6.861405271839327025e-02 5.516333536493474299e-02 8.212625342605021916e-02 1.771000662554214275e-02
2.236351092803168499e-03 5.236764773686978375e-02 9.885793804378015248e-02 2.833833679121650073e-02 7.978563891882670123e-02 9.294733052964349040e-02 1.923605479524638506e-02 8.463900755435017171e-04 1.179922591083196887e-02 3.398266130111722572e-02 8.621392702563385191e-02 2.201664160021934644e-02 9.755431645441625665e-02 9.334408374169182732e-02 8.328840684266822225e-02 3.743145735541919539e-02 8.765640808591462774e-02 8.362841978060603365e-02 8.625804881731757856e-03 5.943110668887821579e-02
1.806716008715345684e-02 2.875595195929181447e-02 1.806247641458141873e-02 1.393147672880186254e-02 1.573564214814981987e-02 1.402851379845848623e-02 8.607217915759934890e-02 7.219754134520782463e-02 7.046910559757356418e-02 5.663854166578809191e-02 1.472707956102210607e-02 3.878237318536308792e-02 7.437593392222374700e-02 4.704170063616898434e-02 4.107296310171287129e-02 4.470891697215784513e-03 5.947723220381210402e-02 5.828682419159068179e-02 8.215627795522073562e-02 6.064481278167144218e-02
2.895554241670986878e-02 3.141502516901073516e-02 6.259703738480630608e-02 8.846742301337134906e-02 6.509035225820060389e-02 1.850515875434654081e-02 9.333606865070470660e-02 3.321531036079702209e-02 9.437003520592661399e-02 5.722646371722958647e-02 5.982356967782501145e-02 6.040385780437906166e-02 9.889907223494850963e-02 7.950957959652910079e-02 2.927743548493093664e-02 2.646581928277795884e-02 3.950423183995638299e-02 2.909223882113495460e-02 5.491048958382981765e-02 7.982869326607126836e-02
1.805248252503554099e-02 2.343083356974873417e-03 6.015466551443438004e-02 1.652717437906428208e-02 6.109935251783909366e-02 1.122739763649536343e-02 6.156529743519989929e-04 2.535547843792573981e-03 2.061413946719644827e-02 8.594855776502710598e-02 7.376808806487687720e-02 1.866706609181709858e-02 1.772816553899297931e-02 2.467997213587877145e-02 4.905529983128821547e-02 1.655810718826045136e-02 5.631759290496695519e-02 5.652790782640476630e-02 9.867458432627353171e-03 2.800338983805879256e-02
2.324069863875953892e-02 3.875153417135170086e-02 9.164470368252514154e-02 8.728425087116115089e-02 9.554775427664537191e-02 3.469495740093301445e-02 1.959659909559232846e-02 6.517063541208249766e-02 6.758592879880112592e-02 7.812784151590551618e-02 2.919496650146145150e-02 8.124078442167359526e-02 7.976843934315080986e-02 4.859018211426426037e-02 5.184128669310866105e-02 4.404105063088240013e-02 6.692743693533383109e-02 9.418622989294592185e-02 9.131294590824783064e-02 7.178625768321791889e-02
9.367481871897634371e-02 1.781695526872185617e-02 1.082719369154423565e-02 1.916945421302155422e-02 8.506437733493542319e-02 6.255378768338207274e-02 9.799979857124559157e-02 3.798726901681418605e-02 5.626983879885364553e-02 1.078708380686204185e-02 3.998601436306138679e-02 4.000345022730505268e-02 1.220537488833049050e-02 9.586297093381392076e-02 9.272506298326214924e-02 5.762076250334277616e-02 4.250686457645000416e-02 9.222931385291698037e-02 8.886571919040568701e-02 3.903629762683801657e-02
7.307807490865986244e-02 4.430502521099075747e-02 2.568283334348531177e-02 1.593610561618468216e-02 9.016759638031057950e-04 1.790463962815751556e-02 6.876781943426768517e-02 1.283900396136865643e-02 1.429888375196212286e-02 1.292214430769858015e-02 1.244642235575560418e-02 6.301697662353528129e-02 3.813724636406765761e-02 3.439370150564398376e-02 1.766560753374421186e-02 5.004749627017043845e-02 9.431647824458351537e-02 8.296291266199407044e-02 8.733207526951344835e-02 5.481084792586998766e-02
8.847673448359133497e-02 9.271382737803018914e-02 5.886594650825079100e-02 1.777436695142807846e-02 9.184025083083080521e-02 7.245515417443763873e-02 3.235560828799271399e-02 4.348937860540386113e-02 9.005480921710803943e-02 6.677307471667669192e-02 1.069054029692166966e-02 4.461632265186202262e-02 4.865565777858164159e-02 2.449628282423461922e-02 3.440401298342023878e-02 6.535466445949523161e-03 8.564514124500072212e-02 4.429788050454863853e-03 7.278511500301197701e-02 1.417632798800062648e-02
3.658833122533725751e-02 4.149954003171413275e-02 1.177470417651570525e-02 7.003819960106809350e-02 2.979574161079409297e-02 1.671746273796648327e-03 8.826223292089196981e-02 7.297365584425910545e-02 5.679985228733974018e-02 9.590631142058247960e-02 4.293466183038272682e-02 3.386026952190328981e-02 3.755353506533625624e-02 8.692796625774321106e-02 6.767519388993939455e-02 8.678938205886958801e-02 5.452262973355916087e-02 1.950942261298714911e-02 6.607133544705434680e-02 2.103532098460447752e-02
2.793092064318995066e-02 2.154050255658165533e-02 8.685676165001665616e-02 2.833571050209513636e-02 9.812910368407253003e-02 6.394808185627924579e-02 4.126391844545856946e-02 8.683518435971487870e-02 5.310724859663763786e-02 5.190746168533771909e-02 7.692659233384291362e-02 8.099611712349748249e-02 7.688903218753394275e-02 2.597770476830925379e-02 2.281337489533149729e-02 7.699417044036391267e-02 2.454029402337393195e-02 2.170917473852685027e-03 4.211433173567113303e-02 3.458504836605032912e-02
6.318196400017973835e-02 4.414452169908165274e-02 3.719483599663942191e-03 9.815402708246680208e-02 8.475368917952601222e-02 4.154920509060228140e-02 1.285469055863114329e-02 4.777120511207239018e-02 6.710410949320148866e-02 6.007400121261244341e-02 9.562650780375431259e-02 7.501158596068213842e-03 7.176125141797298768e-02 4.763689701286715622e-02 8.538250486786158611e-02 3.037349928007606822e-02 9.836612966746928477e-02 1.141857172583982073e-03 3.585179641510145843e-02 1.780493205583864175e-02
6.682410133688884701e-02 5.452637747469560314e-02 7.843792820074223238e-02 6.804828936552757834e-02 6.235869705338704938e-02 4.860098594991723447e-02 7.411855580845772007e-02 8.242448988759770723e-02 2.526979519481009628e-02 7.708547582451430458e-02 4.850663315725209368e-02 1.978673908740806800e-02 5.898445715844341519e-02 4.980189321425147059e-02 8.702343508359715318e-02 2.893138166344109280e-02 9.227432913654477417e-03 9.984876327504393911e-02 9.045727099151201767e-02 5.889116311233921763e-02
4.038775446439456934e-02 2.453909342587980158e-02 1.290537016466054669e-02 5.958665168315784716e-02 7.103052626208479492e-02 2.870440235943649832e-02 9.836278574984503101e-03 4.733553481533138430e-02 8.622331496527378680e-02 5.718730713373933183e-02 8.318435931637742364e-02 1.622032039613935384e-02 9.346742565043175688e-02 3.817686200244378020e-02 1.939881974681723076e-02 5.682276001270051419e-02 5.077971309943452027e-02 3.780551395961796735e-02 6.100568944665884369e-02 1.833178952057726990e-02
5.941115089268216715e-02 4.488021231815997325e-02 5.272324704444075055e-02 1.220000753504231310e-02 5.685770603324794698e-02 6.682260637120525371e-02 2.125199840258969186e-02 3.859650641402491422e-02 4.909389200597230607e-02 2.947530921453061017e-02 7.464027124583437478e-02 8.003390597835254028e-02 1.616601327775746277e-04 4.647354322495148016e-02 3.033736556676776275e-02 4.068940237536865928e-02 7.219948431261334620e-02 2.253816880912846987e-02 8.117844715101611708e-02 1.519524831526053487e-03
5.413828566044415203e-02 8.081443262500710711e-02 3.142005914988745680e-02 7.276736442648484848e-02 9.198891294729667767e-02 8.792593395942344126e-02 8.364985492121856936e-02 5.818035555294856498e-02 1.305198413194397222e-02 1.298980032702582582e-02 8.353672911950003888e-02 5.783704363015153282e-02 2.750551599516683210e-02 4.144274627474709219e-03 1.172033928319000766e-02 6.867146432576058668e-02 1.454170934003240490e-03 4.518685881114470337e-02 3.732846033344185133e-02 3.207789680861507925e-02
9.941848356134801168e-02 8.340223737016594363e-03 4.977027144115676177e-03 7.365053381186384418e-02 3.924742548269170156e-02 8.488626617098694177e-03 8.808211667246737542e-02 8.088097886960324279e-02 6.835311406110712064e-04 8.911648243980142825e-02 7.014313801971587548e-02 6.647106831509107250e-02 9.594031183025314435e-02 9.646863469749591968e-02 2.102432659240872914e-02 3.716536861763609922e-02 7.106131794149321557e-02 9.749663471390732083e-02 2.324473784822778024e-03 2.580052904900450791e-02
