3.479849877673675262e-01 7.913003411977792556e-02 9.588178476137090844e-02 1.500167327338144951e-01 8.438894973313534886e-02 8.569374513143732108e-02 5.016180418399887597e-02 1.326756866977119032e-01 1.505587690075267382e-01 5.180239796220866694e-02 1.213910776432132466e-01 8.468403038828462015e-02 3.842735660705575568e-02 5.813384188859634094e-02 1.107054608784245608e-01 8.301444024803750210e-02 1.257933189956717823e-01 1.227909261644846983e-01 5.521234525855290426e-02 1.271844405090557795e-01
1.738890717787336046e-02 7.925979432120203172e-02 7.013126110068701458e-02 4.683051196686047885e-02 6.312638101289429204e-02 2.582426205101864478e-02 7.335433722202772122e-02 2.798586272786414419e-02 3.670407530398996088e-02 3.904812252426940328e-02 3.321098836919231939e-02 8.185672676114158497e-02 8.752830486437607194e-02 8.573536777224333161e-02 4.701109385054530465e-02 2.496044268536688066e-02 2.268026183637206379e-03 7.500740590464859137e-02 4.532613003905189286e-02 6.671414426561073432e-03
6.008185442689362166e-02 3.166171784925708027e-02 3.587027570538939975e-02 1.390766195354516989e-02 1.127750057390904982e-02 2.098640758544456555e-03 1.632326890614996945e-02 3.870891477928720820e-02 2.235991609993233376e-02 8.267049603681635161e-02 9.231290930251584426e-02 6.582519019775059932e-02 8.136235264550706336e-03 6.440986728817824081e-02 9.697671117536349472e-02 7.681978254503041281e-02 2.698788632065516474e-02 9.761355300073702723e-02 5.937646407316546360e-02 5.171504843386637296e-02
3.006388358081611006e-02 8.689397408021271030e-03 9.371828278634108944e-02 2.138132668607800602e-02 4.855828608907471200e-02 1.935230560743650408e-02 5.651030517910487355e-02 5.949028738773187025e-02 7.398666329387718066e-02 9.790314599848544408e-02 8.666740853345772377e-02 3.641272932295325660e-04 5.286062376588543388e-02 6.353723887094789302e-02 5.631867927652382116e-02 8.312774287041958116e-03 2.179618870462446401e-02 7.370710601002231077e-02 9.961885622910375548e-02 1.079129821567790387e-02
2.579271314395573805e-02 8.770711063272328134e-02 5.213894060251354073e-02 6.887128593617114491e-02 4.426133238018697263e-02 7.155623564514224273e-03 9.813770966522300521e-02 5.908075140923263989e-03 1.585510655083841730e-02 7.000212079324499848e-02 2.846150141353005758e-02 7.988041934728254412e-02 6.230536983548295299e-02 5.384745899506320627e-02 3.281668942672707340e-02 4.039178779281436121e-02 8.976826297960058265e-02 8.794753494887924683e-02 9.810068505949282036e-02 5.220101976856690584e-02
9.848008362218182987e-02 2.403682425907588405e-02 1.580810698479732240e-02 3.386914609482855054e-02 4.286348739163844956e-02 9.530223997938126745e-02 2.734348696990379635e-02 8.658993791227713455e-02 1.913724036346189580e-02 7.564750695770888766e-02 8.448115272832874834e-02 9.851845170242840011e-02 6.845253967383106708e-02 5.093805279644578188e-02 9.577491120915010425e-02 9.643085707334574097e-02 1.451395358176290652e-02 8.178875170208965706e-02 8.741103437836733603e-02 8.662678192094233620e-02
8.681976732694234034e-02 1.147246002404580557e-02 5.136411698702748885e-02 9.306224456562241232e-02 4.444498037300809168e-02 7.420554251651474698e-02 4.715208504981549878e-03 1.811274425723647871e-02 1.306060036690347495e-02 9.038977825830717128e-02 4.488226075938595017e-02 1.204968106932075012e-02 9.378774321127217317e-02 1.450257212163119647e-02 6.897233435617894370e-02 6.451907273038841317e-02 3.416360744292952500e-02 7.446344348939472335e-02 4.856370334464547162e-02 8.440028645164326937e-02
5.289492736462453326e-03 5.479978556358972019e-02 3.845144101164658240e-02 1.247037719807543403e-02 8.015369228754957998e-02 9.734241734884933883e-02 7.643288532100414590e-02 7.527582095412166385e-02 6.570568389654340979e-02 4.327909399991609896e-02 7.229772138914579427e-02 5.462040790277557234e-02 4.749424888429881753e-02 1.771278437156406302e-02 1.609247416411666715e-02 9.012451593178427700e-03 4.265268426499207316e-02 4.506762342153033951e-02 3.629152370146333795e-02 9.806688549175472669e-02
6.251661759402405046e-03 1.735546311945380601e-02 6.940926677099371056e-02 2.027100689552445781e-02 1.611541095874454918e-02 5.527695047315727556e-02 9.509224852040282228e-02 5.460212792148749772e-02 2.870668635189984816e-02 1.265568260164667835e-02 6.693508785910132208e-02 8.053795187887058393e-02 2.223460031538097154e-02 6.004437278806765144e-02 9.050981440900231212e-02 8.633437444220230794e-02 1.977713273214716516e-02 3.092696171531129912e-02 8.352173396510598202e-02 1.546086937855929537e-02
3.380330109215258505e-02 5.644043293851739446e-02 1.377722598999925330e-02 4.649981772960232185e-02 7.034601856309861956e-02 8.405135913397329683e-02 9.051510889227397383e-02 5.827083947610328662e-02 7.920187291155650344e-02 5.881915530113562135e-02 4.293167256616577110e-02 8.410453720334894190e-02 2.123897131774110745e-03 3.458592496058082028e-02 6.878819780661994676e-02 7.928693427867609944e-02 3.178331119282969131e-02 8.166037638505914409e-02 6.278850489840952231e-02 2.029188064428447819e-02
3.269227049934016194e-02 1.399621447466923435e-02 9.169155191567356089e-02 8.513122669021233602e-02 5.355872902107679245e-02 7.496730487531542975e-02 8.803039793029616977e-02 4.819018682244186058e-02 1.600394438519454551e-02 2.587306062426731040e-03 7.270830295997142423e-02 9.560764947005606640e-02 5.428017622579514589e-02 5.859348625830474583e-03 4.682580882173396214e-02 1.480540277390294396e-02 8.027665741853722003e-02 3.231798227229071285e-02 6.941864454767210368e-02 4.848917718663463966e-02
8.419503457832748505e-02 7.557936266425503702e-02 5.378262900686253678e-02 7.942981063592199908e-02 2.593558267844993381e-02 2.356713649733902655e-02 3.223381238019575046e-02 4.794740268097938407e-02 5.287332610477651906e-02 4.425442673353735534e-02 7.485685149781490244e-02 9.884425625270926163e-02 9.149188499889704396e-02 4.580865380388104979e-02 9.370721858245907587e-02 3.870115524037560928e-02 3.679987466880033781e-02 5.582846629873326055e-02 3.585813460784947893e-02 8.226185960494580840e-02
6.010041833385015853e-02 2.065353789732704559e-02 5.554785709718194214e-02 8.502729622834342971e-02 7.998924408139888864e-02 7.548536245927045529e-02 1.019465692586185579e-02 9.474898434843857797e-02 4.514378923552332668e-02 3.117495409167623382e-02 4.638550086705936493e-02 2.314939025123733535e-02 2.777111074797431606e-02 8.704646616605665743e-02 9.926687712196309576e-02 9.304246630422444153e-02 3.686048172939709877e-02 4.470189745255159948e-03 1.885775082773946329e-02 3.611050333554262359e-02
7.436026857436450928e-03 6.392520253934499963e-02 5.072386343140181802e-02 6.541663692166406474e-02 7.089149784275473008e-03 3.609512810060368226e-02 3.042817260409639429e-02 4.966209664878620811e-02 9.525550127724763394e-02 3.019930764198637541e-02 9.221595188350567573e-02 6.823157671160080817e-02 9.242164192620691554e-02 8.733452762542917580e-02 1.198572991051092412e-02 1.651362298470562470e-02 9.283628090102369335e-02 8.016558704367943156e-02 2.497579798837396003e-02 7.539887064571322572e-02
7.384892516790247941e-02 6.302430757433234720e-02 9.975681201480070259e-02 5.367513014934388593e-02 6.440458914585805994e-02 8.403660632394424623e-02 7.997410542731782368e-02 9.626109579444407094e-02 1.739993543645677182e-02 2.014042420419429741e-02 5.494116862149231451e-02 2.802390330711117608e-02 1.543871023680496585e-02 4.745440270988263848e-02 5.530143223535182589e-02 9.811971165103304526e-02 9.764146949247054508e-02 3.161981988320002740e-02 7.116639085824215394e-02 4.905320730889559111e-02
9.479762628894679299e-02 9.348724984658521309e-02 7.407581889290712485e-02 6.874634788077361308e-03 4.832875101826680786e-02 5.956569808331344668e-02 9.487540546318389001e-02 2.997732826926995456e-02 3.949241591145372793e-02 5.545132371175268138e-02 1.762969778091826381e-02 7.146554895716529521e-02 9.767787197568587876e-02 6.497963108948612981e-03 3.475771650133106100e-02 2.853398939688855940e-02 7.173974737454939798e-02 2.738681934851311395e-02 1.655134458368923275e-03 7.701918577307212410e-02
9.287122448520146456e-03 5.724257241400431545e-02 7.918142840868459473e-03 5.792648013777917243e-02 6.687601935651470153e-02 5.498589847464568220e-02 1.931755799279714220e-02 4.241269341677682964e-02 4.519544910882009742e-02 9.482838249595604285e-02 6.926304600406650580e-02 7.924419972296468939e-02 4.579598697142479857e-02 5.511559834427415261e-04 9.466871265411244685e-02 9.976185481592488025e-02 1.660866733645930543e-02 9.195745193444283816e-02 1.862079101482417773e-02 2.945977049488289826e-02
7.018306905714515043e-02 5.359008378174582449e-02 8.503693483820641552e-02 3.177153439727830458e-02 4.124239857134104348e-02 8.901111078875520444e-02 7.298566240227703783e-02 2.621205910400017589e-02 7.613922800756757481e-02 2.996165885824947361e-02 2.940896305544855871e-02 7.559783363659262900e-02 8.699563165649912277e-02 9.672857479704516370e-02 3.223567607646049549e-02 8.751701167260528963e-03 3.036636014699678650e-03 9.057503549070372584e-02 6.766205076156728455e-03 5.022545956594148819e-02
2.487714952723845199e-02 1.315408140789274885e-02 4.546647805069897047e-02 7.264054937107973509e-02 1.008923011966404021e-02 5.916458692303902533e-02 8.822819109939240845e-02 6.293496871529881409e-02 4.625078471853603240e-02 3.196055586743030974e-02 1.921396310917200534e-03 6.605903673537942555e-02 9.471582213385287830e-03 5.901429180144419917e-02 8.417341766578288753e-02 3.929909174413233341e-02 2.434025798818300126e-02 6.923471814358010679e-02 7.049968704868048164e-02 9.261880195882629674e-02
7.458289731259296063e-02 8.777174053216035832e-02 1.321101449287198680e-03 4.388687432713239689e-02 6.396601867408355235e-02 9.974458786749591799e-02 3.741066734184772796e-03 6.992704920648068478e-02 1.246808944756052674e-02 5.273629669458770874e-02 2.325945289870895438e-02 1.087605399871417571e-02 1.333086408668622373e-02 8.669366206440996814e-02 6.313991385012363705e-03 5.283543154907308775e-02 6.359961607047959209e-02 9.834540115266765525e-02 2.613326003048863783e-02 5.084012364442381388e-03
