2.048214395955801070e-01 1.131191684258396751e-01 7.746899858330709432e-02 1.072322946319062137e-01 1.292813277856759702e-01 1.087503018114132081e-01 1.050745938602299784e-01 4.958926235666826637e-02 1.352217521673781953e-01 7.062510649293118892e-02 1.704209909491809505e-01 1.149108115537193081e-01 7.829477806247520100e-02 8.274591406406192617e-02 1.296247789727693889e-01 3.712675501078159523e-02 7.171109231888561641e-02 6.083132967356057186e-02 1.240814250658231477e-01 1.069489163590613690e-01
6.755027109971986632e-02 1.822491085760391712e-03 2.111157405600247103e-02 4.052226658797804248e-02 9.190946040353686897e-02 8.807913196824976310e-02 5.030132853734656934e-02 3.599145308294360301e-03 5.571219116013336609e-02 5.970067056984045689e-02 1.415198163000291887e-02 3.545431831544507834e-02 9.380712423138138495e-03 8.310788411610536830e-02 3.885864152977059130e-03 7.919088899412275034e-03 5.950811212022560220e-02 4.841496422660506588e-02 4.352373167561151418e-02 2.617137332227137576e-03
4.020737804344762939e-02 3.499624942006186734e-02 9.866242499187111159e-02 5.881807533580294539e-02 9.619442828563877501e-02 9.440632268424342666e-02 4.608508153306678512e-02 2.721032778227860938e-02 1.356989925988191271e-02 7.391380522289202337e-02 6.936032531762517661e-02 1.662881068522121739e-02 5.261852474708537258e-02 2.730408147022489809e-03 9.137960894117282129e-02 5.794744566826573462e-02 3.933321867099272284e-02 6.525212430645521700e-03 2.773816293849275250e-02 3.004585421957659680e-02
4.241770861629143297e-02 3.670071717524710231e-02 5.526775172925622176e-02 9.572042946756428861e-02 9.353052070978069843e-02 2.938971074827190309e-03 4.925548617944622287e-02 7.102198693343009413e-03 1.180787459061349853e-02 3.431765423669335541e-02 6.663458370279591592e-02 4.294377224423770456e-02 9.402236382489351230e-02 3.595297006019450292e-02 8.483306826670705680e-02 4.467305257918358086e-02 3.788296454058145968e-02 5.378342636452990849e-02 4.737064066216939429e-02 6.242119376061011637e-02
6.756286254918895950e-02 6.753912898246706986e-02 2.775956826994141566e-03 4.940721448258472703e-02 8.544318900338697398e-02 8.811681710421315553e-03 5.626259797812497437e-02 6.896813202718085623e-02 8.134793331254376592e-02 4.910770427643817992e-02 5.769956199718555973e-02 6.614072486866198752e-02 6.197928028215281965e-02 8.426560494699779358e-02 6.818771632857592579e-02 1.212768518351118457e-02 5.161573597731792390e-02 9.249399042522415959e-02 5.382774898830749305e-02 2.128149162832468008e-02
3.148515830027203560e-02 5.573606958416127410e-02 7.771726009714902128e-02 9.199338446171947958e-02 1.077245987117572169e-02 6.288383625647284147e-02 5.635014748386441008e-02 8.021546118543219916e-02 4.448026244211476105e-02 1.297895154918959958e-04 4.489994407726604492e-02 4.216324898382479980e-02 7.125608542982733717e-02 5.892916889863736296e-02 3.148622202219372029e-02 8.453464218735066982e-02 1.031201078767340993e-03 5.447533070935230148e-02 1.468330620701024936e-02 2.799364373858458446e-02
4.294202991491467142e-02 6.164874764846428601e-02 6.952861519511033261e-02 2.938475248006229557e-02 6.747275305814752488e-02 3.346393109821484829e-02 1.074303143994058754e-02 9.158044795562436668e-02 8.019288753198519637e-02 8.799019717078852831e-02 4.152043105680135876e-02 3.010968925877619690e-02 7.925366996447673340e-02 6.433760453643465327e-02 7.619039833218044233e-03 5.653761962177284231e-03 3.876226850029727139e-02 8.041409458357585971e-02 8.154588754148027474e-02 2.880667668280575619e-02
4.680829308472759381e-02 6.774836962783148571e-03 2.580137387718428599e-02 1.009259778583496830e-02 5.607401374044105463e-02 9.847419222329528710e-02 3.904083819650841503e-02 8.832956478165134018e-02 5.497493497101779009e-02 3.693611094313788840e-02 5.409785289524641355e-02 6.570464672368082036e-03 8.648504840005662164e-02 7.288061610084360653e-02 7.209454108311079412e-02 7.318650967997919997e-03 5.388989544580152780e-02 8.742545199026378888e-02 1.079877007954503990e-02 2.935054929080516128e-02
3.191020498963548571e-03 8.637927081054594391e-02 2.838106884518973999e-02 8.097373261963181079e-02 4.510110859145877171e-02 1.747293754295937626e-02 8.683431556795223605e-02 9.593739200290615776e-02 8.427010801592360817e-04 1.360161944763503897e-02 3.311931087936046542e-02 1.839716113512445197e-02 1.250710039603993885e-02 5.317611787837031589e-02 2.156746509272187279e-02 2.152900946874893029e-02 3.499376200330261977e-02 7.242601282283431252e-02 4.461818904599538366e-02 5.859503072077132391e-02
5.800977317306182240e-02 4.661470254654787038e-02 3.957905400691896780e-02 8.116876621169517858e-02 1.980309285272316075e-02 1.006819624280685943e-02 6.940899812567251359e-02 9.529895871501442572e-02 1.606455564275719589e-02 4.496876623512986726e-02 5.332134138583453226e-02 1.183580790594430769e-02 7.834684757445185832e-02 4.560257279478610593e-02 6.066363945431882398e-02 7.815621774180464554e-02 5.550976240460652605e-02 2.045184552246703813e-02 7.495493634783484405e-02 6.227507671706138809e-02
3.874442172830214887e-02 7.559153535877019547e-02 5.721241026889156006e-02 4.378320592118371130e-02 4.965190656641737393e-02 9.575302471840702045e-02 6.098634082626397390e-02 3.462739067760193384e-02 8.484092962074274782e-03 7.351302254495545307e-02 2.435427747872279808e-02 8.346338143476977889e-02 6.493892372360046683e-02 7.209101767767851776e-02 7.129277333529680794e-02 2.213236048008816736e-02 1.514950452935284221e-02 8.198274260660741442e-02 9.858904807677003335e-02 8.215109346930110634e-02
3.123284713114882205e-02 6.373483744316571498e-02 5.075427699962178907e-02 5.774035563225761447e-02 9.846823706093167650e-02 8.571760792168681142e-02 6.184838101763569240e-02 9.863450627782693880e-02 2.307910627365880249e-02 9.617087060793583220e-02 9.998936743060640731e-02 7.623053988818483118e-02 4.651253690894344150e-02 5.774210729282078236e-02 5.374191925401464176e-02 1.794096528934779888e-02 6.964951472526366427e-02 8.815951498635229977e-02 5.134640007541169116e-02 4.993152073818846182e-02
2.567161720664812644e-03 2.266032948619820658e-02 1.810672017057065805e-02 8.624989333961376181e-02 1.807022797095280200e-02 5.836568853560446940e-02 7.570536045385244106e-02 1.526401052418235914e-03 2.868850375623362148e-02 2.966577235248513134e-02 2.844249564860415122e-02 1.084628889142626000e-02 3.293514175238539815e-02 9.570901170771551128e-03 1.720579091014839967e-02 8.316591480187021657e-02 3.785423872129557721e-02 2.106400670224359978e-02 8.595254423921540321e-02 2.683139226596724727e-02
3.519834034643681137e-02 8.215528276728523149e-02 2.506357424079476426e-02 2.575613898598569027e-02 5.965057722390202516e-02 7.998620998568109486e-02 5.414930029714422333e-02 6.162169668448665150e-02 1.281539655606933701e-03 3.873223133927429507e-02 5.721350879378536702e-02 1.679916516796227041e-02 5.291245583846914541e-02 1.887777219118306343e-02 1.650411515603321735e-02 4.475562195037631474e-02 2.714972738936395624e-02 9.345284784631337216e-02 5.556214640286352702e-02 6.195661302798261168e-03
8.052336027700679466e-02 7.697968775408747799e-02 4.361676886053746094e-02 2.950980991292757871e-02 3.914043656298715756e-03 9.664458644700592294e-03 4.725892723650226140e-02 4.936173159799955856e-02 9.866928646188977831e-03 1.379042715130458611e-02 4.444085210536863340e-02 7.894691334046149978e-02 2.290095146425133107e-02 5.325319814943921259e-02 6.087249118486890570e-02 4.909433433424494064e-02 5.237729919068439405e-02 2.698243899922329186e-02 2.393893940389427849e-02 2.830782914997111155e-02
5.099043491059267880e-02 8.938659442766715146e-02 6.244817954444480818e-02 4.072562598169711390e-02 6.582074851349860312e-02 2.683253983584611702e-02 2.840779792704828735e-03 3.038246258964583113e-02 7.125402439619688000e-02 5.628560646260472033e-02 3.962607030962661536e-02 3.341524930286270817e-02 1.797969490746589502e-02 7.187459455970796052e-02 9.954104628767018736e-02 6.572659632768079740e-02 9.920750134562859868e-02 4.350692003799591645e-02 1.307613426862058725e-02 2.009253535579969170e-03
9.165106196347749812e-02 4.497835974385261393e-02 4.543488740795949277e-02 4.154560267083143299e-02 3.299909521636470305e-02 7.560393864115583229e-02 3.673956838191866359e-02 1.380498657622184627e-02 4.846264133537673408e-02 1.739544989776693404e-02 8.797831687964752234e-02 5.112660115277371103e-02 2.161598169699022881e-02 5.875604908634746160e-02 3.813787930844900198e-02 3.423769590337294444e-02 3.827154837372666318e-02 6.903924209256834255e-02 5.275811826732566129e-02 8.051485733276897427e-02
1.053654999548582320e-02 7.600734042444855232e-02 1.673322899257217999e-02 2.439507417307371778e-02 3.744992721257953822e-02 4.694724967184113473e-02 7.257774962097922333e-02 7.944711073307822446e-02 9.905356303396400941e-02 9.416150803680235076e-03 2.478735523317153813e-02 9.406289786947902298e-02 4.813274156289723549e-02 1.263921320576981769e-02 6.485069933630940864e-02 1.458888558403912544e-02 5.593841541606619366e-02 9.252551611067047488e-02 4.195336835380381220e-03 1.340752460234311341e-02
4.279036404129966942e-02 8.023416228159463773e-03 1.706578176640198910e-02 6.641571110828844993e-02 7.364082454679597711e-02 2.444056512929600189e-02 2.038607936163949752e-02 4.406644793277493533e-02 6.647595700956471232e-02 2.041665533944225785e-02 4.637899346506518111e-02 8.014091751920338069e-02 3.056650016338169351e-02 9.495880064331467529e-02 6.765205151854068732e-02 1.754002512798910271e-02 8.896841104554205348e-02 3.201155421630001024e-02 4.706084939453365756e-02 5.642575378884794740e-02
7.294990168939964603e-02 4.706595464919018090e-02 5.707683968859838392e-02 2.404864069086166956e-02 5.132231934484570574e-02 2.755425402475680796e-02 7.943716833644653974e-02 8.277337777831678123e-02 3.094780147818735477e-02 3.934899336446232021e-02 9.237904342011094005e-02 8.147812348880960343e-02 5.951061933845630536e-02 4.564183218275379844e-02 2.106076645412257101e-02 8.511484818017660270e-02 3.182038644795868315e-02 3.109999789148484503e-02 5.924581355013889411e-02 6.334332548023574594e-02
