2.194008114587689962e-01 9.385752194137747528e-02 5.705616458335373287e-02 8.593406927455410349e-02 1.132156740100244280e-01 8.251878443158079668e-02 3.630492658988384441e-02 5.726660942519034431e-02 1.503735002083577965e-01 8.347530944893884197e-02 1.113231841501023389e-01 1.036459301582431936e-01 1.146330954551962600e-01 7.477046020535887960e-02 8.415503673899260573e-02 5.369547435782064809e-02 2.327468623998521155e-02 5.587649307779069680e-03 9.525158989821153055e-02 3.770126919241151980e-02
1.984513514690566111e-02 9.598657159233872638e-02 3.069879630229781220e-02 4.127116736323282326e-02 4.611850194528465535e-02 1.784561065507863156e-02 1.668755313222072476e-02 5.858054104642124171e-02 2.096139502315283801e-02 2.930181427747759193e-02 6.573870706921382256e-02 9.188821081692316595e-02 5.092541529359233266e-02 4.610280202668770588e-02 2.223892801270887024e-02 8.574858396559455198e-02 2.314098618151281053e-02 1.684491046702714032e-02 3.465578506944840681e-02 1.797973242186939533e-02
6.302177418401802567e-02 7.779104400680555975e-02 1.579535584100518614e-02 6.591042784193078263e-02 1.002023025325139358e-02 6.050537705098829599e-02 9.562800210325811401e-02 6.340069839056997059e-02 7.635409951213725094e-03 2.158022873214476833e-02 3.980787257665983209e-02 9.037054750098158160e-03 2.863612494155025334e-02 8.823586393861841681e-02 5.708427333589589925e-02 2.729704018245349487e-02 3.131787382453887075e-02 9.384001710636762084e-02 7.034720402457694810e-02 1.004030847830344499e-02
2.369871807657910473e-02 9.167883834947439248e-02 6.396320238610993247e-02 6.441394185510521120e-02 4.252503790080843643e-02 8.709947416597113579e-02 5.712491118710608107e-02 1.929295485786704234e-02 4.930094657866279650e-02 9.830595516150035518e-02 4.528834778522543292e-02 1.179865221349027556e-02 6.216719191157883684e-02 7.477305481027814171e-02 6.095829187255881465e-02 3.600206256267163979e-02 5.326560493482955169e-03 5.557939747051743318e-02 9.402171956269683717e-02 3.420497191786663754e-02
2.389807556816517589e-02 4.740959180547854590e-02 1.442796280394974436e-02 4.587703923869020789e-02 2.670663102299853167e-02 7.014489162345916018e-02 3.935446534556064774e-02 9.143194593632937572e-02 9.905483594539463144e-02 5.892565087088384897e-03 7.187608624635968835e-02 3.660749209313431118e-02 2.462385531145206904e-02 6.329431462106148432e-02 7.556135796864453524e-02 2.314849911078926264e-02 5.798336142239470664e-02 5.099924934229907447e-02 3.174610983727221142e-02 9.914761318515987257e-03
2.914408177597550657e-03 1.966935559510034695e-02 4.215670693878165176e-02 4.355544404946615905e-02 9.635663842697216042e-02 5.830323224731663589e-02 7.257402939604923331e-02 3.954157103843598808e-02 7.145895786036567110e-02 5.588095928715737515e-02 8.772492097995557292e-02 2.145907809460653043e-02 4.053327025524067900e-02 5.486997076441828269e-02 4.089177067730212327e-03 4.997368157357749002e-02 8.058180648615143049e-02 4.928008488367994350e-02 3.355037834227113380e-02 4.586000423481835508e-02
9.390765354654094510e-02 1.675441320723257757e-02 2.754357523610204139e-02 6.376457283582723234e-02 5.775677451572046317e-02 1.938211884259247175e-02 4.936502407499611389e-02 4.807298263008159128e-02 1.282275867114854480e-02 6.102633507636160554e-02 9.181466540944145660e-02 7.294892723604473606e-02 4.178023710367689825e-02 2.730286552557016286e-02 1.435058949957682475e-02 4.403519397313808426e-02 1.580598090171454750e-02 1.548700280497238143e-03 2.805828030151549454e-02 4.288407663772066114e-02
4.004802376025520805e-02 8.125293695657348145e-03 9.944170281760865426e-02 3.718940574606031599e-03 8.867677612716332036e-02 4.124769425852414101e-02 3.364076752844817001e-03 3.083370838135542080e-02 8.905423708937008909e-02 9.767048614125631301e-02 4.779565231295381661e-02 9.853411395277535123e-02 2.079643370966760205e-02 2.980482551563269633e-02 1.236049964757087935e-02 9.838826967452146688e-02 8.137054699884184450e-02 7.485191233527520305e-02 4.239553567171810283e-02 9.205501950254854626e-02
3.735936547550459952e-02 4.328912008754294549e-02 8.333840636084766107e-02 6.966560693571868801e-02 9.531762327201463714e-02 5.161153395015304068e-02 9.913098534076721091e-02 7.479997450520030344e-02 7.147712370828852293e-04 7.384573753148325481e-02 7.753542085084516589e-02 7.989393892565875566e-02 1.611398123329891088e-02 7.900174035503273323e-03 2.651523632100504999e-02 6.081194750613247435e-02 1.349318528480983109e-03 3.037620170668555233e-02 4.675568171888310615e-02 7.897288364021665119e-02
4.861214236522454213e-02 1.001143380102545444e-01 7.668092946119615949e-02 4.994080211772146394e-02 6.933707160180488382e-02 6.794823764155762114e-02 2.890054209571603014e-02 6.508135690262252526e-02 9.048172441326116089e-02 6.033981532566820571e-02 6.717834167441652515e-02 5.728567619603718020e-02 4.094260236823972499e-02 9.501886682803856177e-02 1.022055781553204631e-02 5.943271359120231440e-02 2.870733261918201676e-02 8.840132730005190176e-02 8.135027530315343258e-02 3.630972165420989772e-02
1.426251422223953451e-02 9.001394219976330269e-02 3.280273057850687651e-02 6.029232431918826914e-03 3.021991241596673136e-03 6.848237293255018954e-02 6.062465620102655550e-02 2.742687509848112243e-03 6.871178115688966748e-02 8.498395726354555924e-02 9.863089479450951394e-03 9.988999531490289074e-02 2.818793628426517414e-02 3.034953952431466637e-02 8.229263627954419569e-02 3.064647098215035961e-02 4.407081966598036527e-02 4.437859725488092072e-02 1.833897395497333799e-02 3.719274704141264671e-03
1.713685563715400262e-02 1.757283092753242001e-02 7.405004396864289448e-03 7.234262285977317852e-02 7.716938619242516562e-02 1.299897066208607378e-02 9.117644202684928312e-02 8.681252358987966156e-02 7.365937192765918684e-02 6.527340084299525225e-02 8.795505201084113933e-02 9.591853367599220692e-02 6.150390761443110671e-02 2.764787285507987885e-02 2.032227923635718247e-02 4.765162073463521247e-02 7.689551559143731341e-02 9.146664133505039151e-02 6.113082125663310551e-02 8.108285573881719721e-02
4.654905011436184098e-02 5.638375326498074047e-02 3.821939004420198821e-02 8.671272435861568373e-02 3.158863437966499127e-02 7.761109930634679799e-02 5.400438596939419883e-02 5.007624779582210695e-02 4.172350299451604849e-02 2.141804568302601783e-02 6.753150208320905790e-02 5.423226299583103205e-02 7.240248410468183571e-02 7.286640925997353579e-02 7.914945796139581657e-02 6.775171219781794818e-02 4.989357310641283350e-02 9.053890948385767690e-02 3.964621260385187140e-02 5.218939039188816298e-02
8.857175868648776984e-02 5.633004581448933928e-02 7.224737785989891747e-02 4.337918064516863709e-02 1.096420373918246746e-02 5.838664913091226594e-02 9.533042589527034039e-02 2.681733091464840249e-02 8.187544814543812333e-02 5.083146134830261037e-02 5.369654056391243158e-02 7.508971264489915087e-02 6.227796688728739691e-03 8.459456961833115851e-02 9.660109569071359537e-02 9.095095407826300771e-02 5.473104198078272697e-02 5.463367864296894000e-02 3.650128519136459221e-02 2.652948745408087797e-02
4.286065208545773025e-02 5.843939989549402914e-02 3.587737914333577471e-02 7.346058075532042875e-02 3.720844592920061200e-02 1.858976577695062304e-02 8.974826732211829694e-02 1.256333788258445425e-02 2.619875734643203891e-02 1.525213175591750778e-02 8.679841728118066480e-02 8.681797650412617640e-03 8.154602950898667824e-02 6.472579546176403242e-02 9.026595864230213540e-02 6.200837679384079565e-02 5.034915669579682201e-02 5.207266491019501425e-03 2.373063968298740403e-02 3.207235624817107028e-02
9.011061492723121402e-02 9.569698365095728743e-02 8.861283273128356397e-02 1.786410651422227699e-02 5.863862461856855779e-02 4.210953665666012508e-02 9.420741025977814875e-02 1.371706599787892410e-03 7.577880467783081053e-02 5.847977229294454987e-02 3.621702369889777395e-02 3.932463476292360344e-02 5.877688325347157905e-02 2.440769386096436344e-02 1.236536360016519953e-02 8.862386336492691918e-02 9.699108206577566893e-02 6.787477611634354369e-02 8.576800481598981230e-02 7.690174766755712710e-02
5.113492202984213503e-02 6.259454039260164970e-02 5.516697466541876926e-02 8.896988550942282192e-02 4.924810222309748686e-02 8.719410712530518970e-02 1.890428153522717702e-02 4.698716126386655312e-02 8.295924784444465294e-02 2.136624898055046115e-02 2.978422182096578108e-02 8.578759813265852963e-02 9.426029466659226197e-02 1.721165688312523059e-03 6.199121537267397730e-02 3.642295938545678236e-02 7.756401044069585748e-02 2.113692553738300006e-02 4.392727749858828939e-02 1.188148967933028329e-02
4.246981488477293704e-02 7.345536851462098477e-03 8.193340738197063544e-02 7.805941589197712589e-03 7.749859000196150823e-03 4.070935744027113362e-02 2.029538921875008103e-02 8.489026073346453427e-02 7.008506050221129102e-02 9.396518814234535236e-03 2.893882748811881997e-02 4.000113284328354890e-02 1.968355622518166981e-02 9.013364171254870105e-02 4.254471570176023704e-02 9.663306660462284148e-02 8.013041392488988446e-02 2.674166080923583502e-02 4.339617569179273632e-02 7.940720277136596728e-02
3.129082192077412700e-02 3.485461219693277053e-03 6.064653401682571637e-02 1.704661508472953696e-02 7.647413378148332219e-02 3.767263211945157814e-02 5.439912514246798142e-02 9.150114893552131756e-02 9.233812445347698572e-02 7.390234070604947969e-03 6.519716949643564186e-02 8.330143348180889251e-02 1.053779122288170606e-03 4.954643681141220057e-02 6.206760492759353515e-02 2.128588711817638868e-02 6.599224796501504398e-02 6.993584444617108493e-03 8.643979941672647049e-02 4.760010517311530354e-02
2.025298127214988572e-02 1.085468045606900050e-02 9.278507859920986922e-02 5.250141358145313242e-02 3.941651633283140693e-02 5.248348225094178615e-02 3.929181531054453357e-03 6.224919439706669277e-02 8.809665774150414463e-02 8.287582209802329958e-02 4.649671414058640512e-02 1.482681901304562858e-02 6.062794469372499717e-02 2.960218962812097288e-02 9.235278371166821820e-02 4.091678789685425366e-02 4.165242090632189503e-02 5.930719235991654958e-02 6.233636510755793253e-02 8.243881355499216301e-02
