1.853246923769118204e-01 3.779745900617234589e-02 8.556182089677871749e-02 9.947015972631678693e-02 1.469394586215254095e-01 1.310300006887331614e-01 2.472202464378734157e-02 2.558486576276976232e-02 7.173202607560444366e-02 1.805225420746641926e-02 1.181999937660488664e-01 9.383090143133025751e-02 1.346884835212631137e-01 6.171385570502996298e-02 5.253911779507216412e-02 4.376039836112981946e-02 6.132864683779903903e-02 1.503893228856786890e-01 7.098536430073795755e-02 5.063535136197215569e-02
1.053799168931156618e-02 7.209704076821372987e-02 3.462470559627452843e-02 2.393441779199415725e-02 2.996958889339088744e-02 8.253682878553227076e-02 5.164125335394274124e-02 8.972230141917639235e-02 9.207342690150216447e-02 1.924843667059821309e-02 7.069457480851793624e-03 7.269871820188252010e-02 7.065700141065164863e-02 5.974267575300195449e-02 1.902434064799338881e-02 4.493597730009418756e-02 6.371334670500819475e-02 6.590785279910758854e-02 4.124049284491341366e-02 5.590675480166580613e-02
8.066799187919065917e-02 5.818502703976435181e-02 7.702410273007892494e-02 6.646192962779090552e-02 5.237581785876932461e-02 1.383538591554013368e-02 5.352289356462680558e-02 4.289931093308144150e-02 6.988619474321294822e-02 6.564182852552051528e-02 1.202545254546266706e-02 6.930529837168517004e-02 6.236826259512937010e-02 4.086906076859914139e-02 4.078111301995735426e-03 2.725356793675631772e-02 8.261134422785296194e-02 7.812059896690283500e-02 5.680571831647888287e-02 6.156593354067969870e-02
4.006336401924995988e-02 4.153607455183228048e-02 2.834007636531099897e-03 9.440305166284165828e-02 4.132526483602606826e-02 2.520376805487035965e-02 2.231726135927612070e-02 7.177173019145260957e-02 5.851737910686616306e-02 3.782015413083608668e-02 3.282086514681367001e-02 3.937632906329997795e-02 2.431700501606235548e-02 4.212973260004092974e-02 9.789221431171896137e-02 5.851545826250731386e-02 7.933929644232060041e-02 5.233512461242841030e-02 1.609453989649415467e-02 1.043486008317610209e-02
2.938223199110912010e-02 9.349834944845536455e-03 6.412150481623239695e-02 7.960494122457817401e-02 6.376801621074490445e-02 3.159182223372394155e-02 7.365114637264939812e-02 8.555038528936417808e-02 6.254797316740001722e-02 6.447373041181256315e-02 5.826416112237338407e-02 6.559451033090813073e-03 3.795324079809214886e-03 7.535362123319391814e-02 4.500745904849371565e-02 3.246338898388480276e-02 5.568104617522143945e-02 1.663129911069687397e-02 8.944192341778857067e-03 1.429947304881118431e-02
1.306864322219998369e-02 6.959815765772914969e-03 8.001218367557941247e-02 1.268862269689768896e-02 2.978522167118918818e-02 5.265325582864491261e-02 2.615266665453578471e-02 3.918418305282515141e-02 5.292916516608797001e-02 9.912710374742361719e-02 5.809299269786055014e-02 8.327018742973714416e-02 9.234466876088992526e-02 8.593567484450768956e-02 9.440832697635159754e-02 2.963797613914017845e-02 9.075848225815608475e-03 5.635961703182279514e-02 4.586980055623357533e-03 5.433072647827679597e-02
5.937441705692359482e-03 5.870914691200962432e-02 2.308994940032989274e-02 1.156782166221004271e-03 3.139387845243898217e-02 1.456734794591417817e-02 9.019590433628127402e-02 5.544136711407920970e-02 4.028034152721039762e-02 5.691261227000602579e-02 2.940580115418096885e-02 5.915103347469686385e-03 5.701611723292909079e-02 9.204032162068537248e-02 5.986924473467929858e-02 1.615352081596686112e-02 2.172630418672878705e-02 6.493811981824619550e-02 1.894711234857564611e-02 8.191430265971189062e-02
9.642828269699904586e-02 6.066766954019447294e-02 1.876089391030133675e-03 7.839956357623934294e-03 1.339874078365158733e-02 6.727181322507658212e-03 2.746584633327593672e-02 9.421545999248005787e-02 7.278012369886792399e-02 8.574280352374558101e-02 3.570818830934219344e-03 7.269471459696541689e-03 4.282125579642867552e-02 3.049298817029676492e-02 3.189201589734257797e-02 6.954390169330448845e-02 7.770776348981418835e-02 6.895708320572961625e-02 3.316560603917632216e-02 8.832755990743372532e-02
8.430454505838470489e-03 7.032965919568853752e-02 9.519474914158321255e-02 2.976804319959629533e-02 7.773062563051980067e-02 1.150811323145483137e-02 8.163280922661317329e-02 3.644337885444609570e-02 5.197741831761974046e-02 8.856949512078159115e-02 8.138967612843740762e-02 8.686832436302371896e-02 4.596609300976877560e-02 2.010911079583573013e-02 2.081509375065896533e-02 5.679101802520618997e-02 7.528479798216318464e-02 2.787634544473698364e-02 3.571526017710777851e-02 9.199605322349035941e-02
1.258936300522374256e-02 6.920536892889898872e-02 5.875442659686690855e-02 3.941086944291005006e-02 3.760273206891367320e-02 7.493720822497033918e-02 7.422354316875866276e-02 8.022176981929872441e-02 6.110221044445368621e-02 3.911776603626102716e-02 8.052275869887208504e-02 4.480734882515102074e-02 1.533102299270627973e-03 9.757370158865760756e-02 6.120107731149848629e-02 8.475577659160676847e-02 6.646818853277554340e-02 6.080740530937522870e-02 4.218575318531875284e-02 1.645673572118049391e-02
6.747531204913821690e-02 9.157121685336422345e-02 4.272451668569324928e-02 5.724006811492099878e-04 2.435351251221794591e-02 6.662668110394066867e-02 6.056495016002585996e-02 7.050468064720752381e-02 5.555905344004270774e-02 5.639672290087003464e-02 3.313425157706845203e-02 3.587670870252537142e-02 5.756368782203047374e-02 2.999726125125935783e-02 5.184486367208435142e-02 2.975803680856610456e-02 8.813783979180447870e-02 7.419051261279246967e-02 2.416917748325220563e-03 1.805960835777230614e-02
9.887269788774807888e-02 5.487350266019674905e-02 2.716478518756847496e-02 1.749102333823279384e-02 3.397816066842923588e-02 6.153510699926970084e-02 2.772804640027868445e-02 3.376069257490797032e-02 3.470434229003680621e-02 2.806691538478669687e-02 6.186766693911807669e-02 3.661838714247789544e-03 3.182651701565968744e-02 2.733844612667611987e-02 5.113236937593014508e-02 4.277654579586322170e-02 4.930465602142530823e-02 3.081962336906980682e-02 2.953474269449751777e-03 4.297124464455637401e-03
9.032803673041078785e-02 2.813625644571005058e-02 3.495961756614473365e-02 4.278605530564391635e-02 4.547252178978111042e-02 2.272254032235056231e-02 1.277993315460337377e-02 1.117123001689279823e-03 2.312121518873210338e-02 1.282342040141137840e-02 3.057954687775369523e-02 2.083849585787997047e-02 8.709664713546107218e-02 6.258891198891129715e-02 9.499712940104905468e-02 3.960816601012145943e-02 7.803659665767141707e-02 4.488711092678851489e-02 9.372298613954074820e-02 6.425649083658770133e-02
3.902804158747877339e-02 4.088005608301507193e-02 1.676954136922718247e-02 1.260437280625553713e-02 6.730694806483815407e-02 8.501171764267935471e-02 7.400409175205978352e-02 1.235970209473382687e-02 5.115269900308912210e-02 5.831787507830177297e-02 3.700262355991856822e-03 7.580580322171155683e-02 6.618038494829137433e-03 1.253800723174755029e-02 8.985488992454035428e-02 8.858010409611882796e-02 4.483700887743091029e-02 6.858127581446919752e-02 4.793024907212785346e-02 4.202193526192952305e-02
6.356049238747189800e-02 4.181638083100427949e-02 1.330901439610068272e-02 1.606787242667701010e-02 2.062462654295919157e-02 2.882792034076644624e-02 3.843927016383263257e-02 5.132383194735327253e-02 3.596193659811445370e-02 8.393234534116761347e-02 2.675523474339734989e-02 6.206445384084918748e-02 9.266289998717057441e-02 3.540565745738689929e-02 3.844548358987198017e-02 8.030968638241087199e-02 1.676925288276467571e-02 1.891442416323974030e-02 2.289362030996913364e-02 4.850639432832383469e-02
8.499363774547549766e-02 9.467187181672109819e-02 1.620031826936008112e-02 3.831264554354530186e-03 7.542416315886146805e-03 9.589401816142138768e-02 1.918017904625342329e-02 9.116413724914657069e-02 4.520643004305240770e-02 4.230738176683998542e-02 4.656877331153733146e-02 7.371296033373450629e-02 7.290762815078201398e-02 9.485207347646884557e-02 8.502141849605816815e-02 3.036632636401296464e-02 3.796331418046694495e-04 5.942499215412579139e-02 2.411212253905607034e-02 6.641826011502248439e-02
7.873923804300481111e-02 5.517307824936926869e-02 2.058361312539042087e-02 5.787400717475688072e-02 9.188413792673004454e-02 9.938057193654070698e-02 4.967163493944343200e-02 6.964322091847488516e-02 7.207650981202178009e-02 5.276340408743499660e-02 6.494496083301533329e-02 1.249860633562010007e-02 2.393422577242299010e-02 7.633781327171222653e-02 8.742699771176210000e-02 9.193636235091351416e-02 6.990687332158128375e-02 8.532911879805822608e-02 7.428761913992901200e-02 7.549648535906566815e-02
7.150780007217154288e-02 6.909451169972675999e-02 4.046659430006026986e-02 7.592344685909480084e-02 3.572823200862706300e-02 1.898466457922498574e-02 9.707940009534132830e-02 1.509239193321221337e-03 1.694511137288446864e-02 4.484586843975888609e-02 5.058276142544548132e-02 9.169963056938186530e-02 1.577783806431214478e-02 2.717370157711876053e-02 4.673909652739323406e-02 3.290152374339401498e-02 7.678314758211353397e-02 8.628895521428617266e-02 3.952751594708778238e-02 1.166883387833769249e-02
9.295129500252538590e-02 3.745397715150224072e-02 9.972357749399668458e-02 1.896251830846965719e-02 1.839036331468055924e-02 8.982807462512493180e-02 1.197698067571906222e-02 1.358243663571546793e-02 2.410733054736149614e-02 5.748155706360006528e-02 6.328260245176046961e-02 4.879419232667706052e-02 2.616389166748087775e-02 4.837384694394675569e-03 1.716307602732400003e-02 3.906347585082656920e-02 6.965180908108906110e-02 7.631252578491842797e-02 7.533266466939515099e-03 1.936610600589239173e-02
5.092377267601277957e-02 8.507536071033211522e-02 1.306368046778065908e-02 8.930060818141172252e-02 5.837958935698228657e-02 8.916943298791787931e-02 4.976649435893429341e-02 1.971055480837668929e-03 8.280105303354505508e-02 3.452896303215319262e-02 9.436544043357725231e-02 3.411222980231922580e-02 3.520311829253127550e-02 5.807896947884064881e-02 5.676511113491591876e-02 8.028634702235408482e-02 9.745679879998758732e-02 5.334689970105205292e-02 5.752771979536780433e-02 4.074934388628193016e-02
