2.233932935025871036e-01 3.709458473454388394e-02 9.891117662913563591e-02 1.028561934228630348e-01 9.319830343166944642e-02 1.041452632571779890e-01 1.522645146976285557e-01 1.500746660803324861e-01 6.690755201331602398e-02 9.634655517309700934e-02 1.486234613548838568e-01 5.223240781377212066e-02 4.325790566082342303e-02 9.021366265969091303e-02 1.089749964246647246e-01 1.713630855148851398e-02 1.103994981129099440e-01 1.024789809831067600e-01 1.471096123034862646e-01 5.811732029809998229e-02
4.555000182779982143e-02 4.011801881038363354e-02 2.378467809014972803e-02 1.943249345673117578e-02 7.713728119633433966e-02 8.294228530363571827e-02 6.279445586463409945e-02 4.096397677540034726e-02 9.686183857402065611e-02 1.441342744372763052e-02 6.204660515086504041e-02 4.474894103676973350e-02 1.832120333796788403e-02 8.116411469224855957e-02 8.195993739891974106e-02 1.603547326061352876e-02 6.856362701572366047e-02 3.855864072124882275e-02 2.796941637122875302e-02 3.968716444290944917e-02
7.855110919683112869e-02 6.109287900235459146e-02 8.296134082945785804e-02 2.888214176965649832e-02 9.395373976140233840e-02 6.253256515450815282e-03 5.510539147437726326e-02 6.755396704598212732e-02 8.023892598638832432e-03 4.589045121172010550e-02 1.899644435079801338e-02 9.630147201679256641e-02 1.211037974496677458e-03 6.360759729374745874e-02 3.494588597161088495e-02 3.592403306302943689e-02 4.946075194728061231e-02 7.353266589976977874e-04 4.437475505084647470e-02 5.304602550625111407e-02
4.923333465389360952e-02 6.369383920078798555e-02 8.830999374780217070e-02 7.544206964251541636e-02 4.481709861570516013e-02 3.147519670405615755e-02 2.709073216509573501e-02 7.289441382439960926e-02 1.474316646375576842e-02 8.602791937391694732e-02 8.399741736280619264e-02 9.681283721788973284e-02 4.204687888324586120e-03 1.062614217992328448e-02 3.172386934821829624e-02 8.127712226046704402e-02 6.289545976585835321e-03 4.862297141751856927e-02 3.315868547355146218e-02 6.195351012044486051e-03
2.618748264889445704e-02 1.675735726591768074e-02 9.510368217023862369e-02 5.291277715683122274e-02 8.568218817586166491e-02 3.254617298902080097e-02 9.866129139225117417e-02 3.731595821444810834e-02 6.142310348700172340e-02 6.746403837885768529e-02 6.901673074839417832e-02 8.926738318416373164e-02 7.893159102076741096e-02 2.301888176384531831e-02 6.945765229569929484e-03 2.511148506024648078e-02 1.583866031235979174e-02 8.554575403887137303e-03 1.601974623932982122e-02 3.226941466512493750e-02
6.534424194245540274e-02 9.811345838922913565e-02 2.089882957425562293e-02 8.759785778928856625e-02 8.613939240057430502e-02 1.816987414861961220e-02 8.396637523433336803e-02 9.430334573377710181e-03 7.560709057678725864e-02 2.584129505062722877e-04 8.121581009883392654e-02 8.220099392002207239e-02 9.153897559410208162e-02 7.245225727931496607e-02 9.594824165297411236e-03 1.009788268388315813e-01 5.982618962669061791e-02 9.712890226815863032e-03 2.989364800016216031e-02 5.242413385939544146e-02
7.049297924228571655e-02 2.852109810036047594e-03 1.308348388379080782e-02 1.309044006825397198e-02 8.398360178105690466e-02 2.867747569213366030e-02 2.390510965117414142e-03 3.616331197309866768e-02 2.957604902396109361e-02 5.161705142694610060e-02 3.347345808456637928e-02 1.937655485300329369e-02 2.736091107371617023e-02 6.526167421719523271e-03 3.359550242444103718e-02 4.898609852665637698e-02 8.385460774974000386e-02 6.886805105385589154e-02 8.777887382723879861e-02 8.950707566026334938e-02
8.834264707347691536e-02 3.529961624520875502e-02 6.802684103581424502e-02 1.008679393276277481e-01 5.920729136460559788e-02 4.874924732905457081e-02 9.773378622659711912e-02 5.231113847017026391e-02 8.737772759755754737e-02 3.359500244490144782e-02 4.807385714785355341e-02 9.075728366604250133e-04 2.228394257280465456e-03 4.586276685067139369e-02 8.808144025506688124e-02 7.789638803913898069e-02 4.227624071924101362e-02 8.212768974400677657e-02 1.408219795185504906e-02 9.686030882646907980e-02
9.038176862596718208e-03 6.969551225521133930e-02 1.622088878444703092e-02 7.181978323184379231e-02 3.781214014514230198e-02 7.495199583801470666e-02 2.721537718488754864e-02 6.985334640284282526e-02 6.565547532810121767e-02 3.393869113043998520e-02 2.193943098248003765e-02 9.714924327989958586e-02 5.352363862593147864e-02 8.126236560845737089e-02 7.108034200397991831e-02 8.105358983298857276e-03 7.152510331772757302e-02 6.495068650657063493e-03 6.213676008465667672e-02 3.675905970974534948e-02
7.517023747802270561e-02 3.447340931650643564e-02 1.321496999997961996e-02 6.901869069319484240e-02 1.776494268007703867e-02 1.779492824224874689e-02 5.390890254621659439e-02 1.523991584169759501e-02 7.195646853434595203e-02 5.258079536174536939e-02 4.393506806746206445e-02 2.563440371445608115e-02 9.578647236792457720e-02 3.765940520253835411e-02 5.025401507553771234e-03 7.863265870698185611e-02 6.418248892498908120e-02 8.303626058753380001e-02 4.197940530422595434e-02 8.521481066163001661e-02
5.594814279123915685e-02 8.276433562879462191e-02 2.735324979546973137e-02 5.833632774510479763e-02 7.806585465609440326e-03 9.483235657362468207e-02 8.838824062756597821e-02 1.549975751375162747e-02 4.376438086396802762e-02 4.777706963033585656e-03 3.968341111381451514e-02 1.666281627341029484e-02 8.938698207836411058e-02 9.273504837150851887e-02 6.294027516592647087e-02 9.277557898396518454e-02 9.045243231464010492e-02 8.121501260535538003e-02 3.587360943067986058e-03 2.165494470832030754e-02
6.177439968633597484e-02 9.298888340864071289e-02 8.032818879591843708e-02 8.496383172166351028e-02 9.061207655055904253e-02 4.186127964326161882e-02 1.408969376533354689e-02 6.809869214513954855e-03 5.350964534662162181e-02 4.991278733120776273e-02 9.883961918541222386e-03 3.066365551254771060e-02 5.005474679710425479e-02 7.348266140802384161e-02 1.020184261804443493e-01 1.005678345997810391e-01 3.689024795084705488e-02 8.874855701086843685e-02 9.250773033711547078e-02 4.515301606145914054e-02
9.945357993191411561e-02 7.636689874057392413e-02 7.721451238709731157e-02 8.027916310677041256e-02 8.172102948191420357e-02 7.472701880801274621e-02 2.057994204184575987e-02 7.318958089983763904e-02 8.779852432771460824e-02 6.432399904864259665e-02 3.227849264291376280e-02 2.231675257809999022e-02 4.350198204569997312e-02 2.190671485370750127e-02 8.641466954701829128e-02 6.641812729510380986e-02 6.792254208383614877e-02 6.245074812924958233e-04 1.029270828070329991e-01 3.535050736681254191e-02
7.597203148817097129e-02 9.286639414541568438e-02 5.580143491323175803e-02 2.734190638468086271e-02 1.805713132624868489e-02 2.610900537324828408e-02 7.952528765492737628e-02 9.009308546146964358e-02 8.700825705326289961e-02 7.638147076585424800e-02 1.835514129517766893e-02 6.456743700098180327e-02 6.912329504947486991e-02 9.909610389390133972e-03 8.405243300275287710e-02 4.179896503739408825e-02 3.833305776649314350e-02 3.122212889426158669e-02 3.275207382094123820e-02 4.672367608788546151e-02
4.708334284242714912e-02 8.372304310192198173e-02 5.962650247865058928e-02 1.016365873531904079e-01 1.005333344808588825e-01 7.706157638596110304e-02 9.344389338063788242e-02 2.033049094443785745e-02 4.561396062484444208e-02 9.356237030833851331e-02 2.804527503199877401e-03 5.011882067796084861e-02 6.415420709799295185e-02 2.373308894337756991e-02 2.691068008771114670e-02 2.563837499359923611e-02 9.565066347509540434e-02 4.776376505646957871e-02 8.222315704008865966e-02 8.563937638037625102e-03
5.028478812289603750e-02 3.960800749879168220e-02 1.015838405584397752e-01 5.151839231850758455e-02 7.923513071270379959e-02 1.693820064933548517e-02 6.793659066895982312e-02 4.626702405805463436e-02 9.465624445846136659e-02 1.271819364054345772e-02 8.265617220990456593e-02 4.439418139375631012e-02 1.003198956758977328e-01 3.721953094164340975e-02 6.297781845821058544e-02 8.168529477745438416e-02 2.060936402047243432e-02 1.016955351997426288e-01 7.146097595544675940e-02 2.819501921240288173e-02
6.141291839371697953e-02 3.222568435911451340e-02 1.499882540471433358e-02 8.893665967934008543e-02 3.078380727364734767e-02 9.734235070631942766e-02 3.741449187777937807e-02 5.896197838894539495e-02 9.726833327787651196e-02 1.000579644126879247e-01 9.377794879737398875e-04 1.357192362951379488e-02 5.372763473259543898e-02 5.844122748412532847e-02 1.008930979062655636e-01 5.500556354179020335e-02 4.986349732519860384e-02 8.331151865708837090e-02 9.220657986731416178e-02 6.668260520919764428e-03
4.082758331415523717e-02 3.639734460398072469e-02 3.444394598036130961e-02 7.151623211569607674e-02 5.857499478193266967e-02 9.481152739143942909e-02 7.083326783991104880e-02 2.479614691540377169e-02 2.931128223094170773e-02 1.341219847446807438e-02 9.742903815223302733e-02 3.689394797551313887e-02 5.109580202301246266e-02 8.748568648393398317e-02 3.530157169587037902e-03 1.858597820412408869e-02 4.721283443730565910e-02 7.067861467126788921e-02 3.733828330182501626e-02 2.737741098353323535e-02
5.978168950551510617e-03 1.270488074887124973e-02 2.324053537796059304e-02 9.692226718731736246e-02 3.761383247564204640e-02 4.966462627322227458e-02 8.176156081145077859e-02 3.039813075014260665e-02 1.542986188393495129e-03 5.800603071577732639e-02 2.228012451438714583e-02 1.028152265029127627e-01 3.123059239857686395e-02 6.266401852040863474e-02 1.452003923114959620e-02 2.947704949965016669e-02 5.873562803473456051e-02 7.267243778590429248e-02 9.518272852485948343e-02 7.131907028253582637e-02
9.187159534636374358e-02 3.668261913725703871e-02 3.920892576627693638e-02 6.166473051415360951e-02 6.211727236362218907e-02 4.210028874298415297e-02 8.815560010572290328e-02 8.161156859254956042e-02 9.837016519803817860e-02 1.380421732496154262e-02 4.243068373355388112e-02 1.093339181546437722e-02 2.691685361406955662e-02 2.947139356535904628e-02 8.026783037882767591e-02 2.848013050947105496e-02 7.429122956320870393e-03 8.672192528244272725e-02 8.285127034909885169e-02 8.145028851479131637e-02
