2.781911182969070695e-01 9.522895295266828319e-02 1.460851208305075644e-01 6.004494861669054662e-02 7.765481644090302393e-02 6.820796747988949749e-02 4.921436125198577760e-02 4.316835495946842738e-02 8.163275177667222993e-02 1.123718821117486999e-01 1.507225862077391232e-01 1.344405896546241319e-01 1.050220009404190802e-01 5.944489697634225411e-02 7.180878937630955083e-02 1.070506877149493968e-01 1.048500670497463094e-01 7.323365948828790273e-02 8.832491988166414620e-02 9.697089723842947095e-02
6.848692084127305790e-03 8.401910169472415202e-02 1.734751388104620665e-02 9.675031186551380502e-02 3.322020708856752297e-02 2.054743490432147171e-02 5.271171801430832304e-02 9.155837450880116579e-02 7.102275848931798030e-02 6.083130270579592547e-02 8.690106090903411407e-02 1.183841001824183052e-02 7.148475775332620297e-02 7.615075252099107184e-02 2.819552294547089753e-03 8.999796980616543707e-02 8.800281983992688795e-02 4.820107381820416120e-03 2.682499407683414105e-02 9.304189728150648320e-02
4.701942946029657316e-02 3.056987009380432094e-02 1.729035196873842870e-02 4.214321856729175142e-02 7.144320795030004168e-02 5.411606070833011040e-02 3.462289030817875674e-02 6.633719697996680320e-02 1.868746624667844136e-02 1.085328978667970956e-02 5.859210925903073769e-02 4.978632534158750067e-02 3.980941670335554072e-02 4.825664808943619898e-03 9.885634407421678427e-02 2.156876079558688389e-02 5.291425658763411477e-02 1.280214191298439941e-02 1.035193160868327390e-02 7.615954045051477606e-02
2.076757425242372820e-02 3.128942957359994587e-02 9.814496335892081147e-02 8.669422210777635862e-02 4.518525546459563336e-02 8.807108916146254296e-02 8.324404350999194124e-02 8.332435846095516407e-02 6.994168973623109131e-02 8.782390611225161792e-02 6.627079735452355569e-02 4.590570262746455216e-02 5.579267407396470285e-02 5.169685560378020628e-02 9.560942818466297566e-02 7.473277889909517302e-02 9.388214473226313972e-02 9.452001201716554724e-02 2.863941652636171897e-02 5.113133132981975693e-02
5.503140806439613814e-02 5.711071089561943481e-02 9.322358527449632615e-02 6.345308284898432561e-04 4.093837844583981221e-03 8.598458596553082769e-03 2.929866075891224275e-02 1.947053322575792444e-02 1.213372937476329266e-02 1.104395644964847358e-02 7.425444687269443234e-02 9.456081968264722082e-02 5.009870207559477540e-02 7.240006752386030087e-02 7.913862426991925131e-03 4.658422183098445690e-02 7.354150080856521055e-02 3.150922359158666447e-02 1.002830811438583207e-02 5.696305240491383870e-02
9.704517021128962473e-02 1.736280605546544273e-02 4.444055934744391145e-02 8.679698868786192567e-02 3.395583056344373546e-02 1.068956196483905564e-03 9.035447737159175985e-02 2.612511910668183918e-02 1.287741820133112697e-02 2.181797402617905585e-02 5.382517167344089137e-02 4.725228929016153656e-02 7.661408066257613739e-03 2.635379018922670222e-02 5.636587253078473954e-04 3.283415006695836885e-02 9.360131838830221696e-04 7.725802961490636778e-02 4.133679655443868450e-02 7.530025116088877313e-02
2.270728884829925631e-02 3.774052482657511837e-02 3.159643584410295331e-02 8.109835155600848833e-02 6.854433848192527379e-02 5.803503244511122594e-02 4.639508688947857618e-02 1.295121432660582134e-02 9.355280111309934032e-02 5.403553724691941007e-02 6.984661443338957554e-02 7.137646083770338157e-02 8.177130735210505486e-02 4.175572105359770525e-02 5.776603363089530263e-02 7.505877771459223968e-03 5.367113757742719010e-02 6.632277902288841176e-02 9.229452746702732080e-02 1.997923101705703294e-02
8.052806590652160368e-02 8.169027285314232889e-02 4.423442311235173396e-02 6.462168839904344764e-02 5.664297933214443997e-02 1.906625073261959680e-02 9.773764681951868996e-03 5.017457501469207298e-02 7.814538211171527526e-02 3.009810387080636123e-03 7.306800649202860320e-02 1.695377507266867742e-02 2.545743634829778206e-03 1.693086635975411466e-02 1.188959452896862917e-02 3.687369775264781862e-03 7.220482953535216353e-02 5.214133277513952058e-02 9.378633616472595302e-02 5.767957447897133216e-02
1.715958577979842525e-02 5.472108438674147535e-02 4.029664803388288696e-02 3.717471117333387420e-02 9.450722579119852709e-03 1.211541728364709004e-02 9.333556387154025302e-02 1.579858900435706856e-02 3.333846017808894668e-02 9.883293766840380024e-02 6.072964830249952262e-02 4.177043072409301200e-02 5.614337121715965578e-02 3.192738983545704429e-02 5.077551844524813562e-02 1.207487534773574872e-02 4.319554558536410627e-02 4.982068337952120368e-02 5.661035314491635884e-03 4.286787636495072162e-02
8.315723115831109152e-03 4.836174938394216527e-02 3.226047125449654773e-02 8.232311102223834054e-02 4.736675154244826547e-02 6.813400979440950578e-02 6.002569112166725868e-02 6.243374857474424250e-02 5.179869228168590412e-02 8.964753020039334386e-02 4.174983556935673960e-03 7.273818589311865186e-04 9.775208293070965226e-02 4.747904143332866422e-02 4.365646295204447802e-02 1.398083037826597375e-02 9.720368668484374863e-02 3.810375927010141439e-02 6.288084484504768978e-02 9.289514225325708197e-02
3.488725723051867844e-02 7.399631003453906175e-02 4.191622391894818389e-02 9.296568029214263840e-02 2.467784788906701894e-03 5.357378461785758383e-02 3.696269174441518812e-02 6.335167412825158662e-02 5.835365779233900319e-02 9.270841052004957783e-02 1.403307792888697225e-02 3.134498633147304869e-02 2.217684652721556640e-02 7.368230091916198876e-02 3.982655416433394935e-02 3.484698973582788656e-02 8.809114207638292504e-02 2.716784085027615023e-02 3.754085737501289266e-02 6.987765307637476553e-02
9.274832744907975102e-02 2.602524779049562170e-02 8.008300517286039144e-02 1.386131914244269694e-02 6.452793688038442610e-02 5.670274450897409141e-02 1.541395401600567129e-02 2.580145838794123403e-02 6.162878089726090552e-02 4.310111480652559224e-02 8.669945906602027907e-03 1.442130888417015970e-02 1.707615365518043785e-02 4.350067251787290840e-02 2.096300572027941581e-02 2.393439893998485987e-02 5.210318761756552869e-02 2.987819064794672297e-03 1.205986912871592808e-03 4.773572359475655724e-02
6.026132371140419108e-02 6.905825825043376831e-02 4.004507629283263898e-02 4.334841371193686593e-02 6.218641449016664574e-02 1.079229340987109117e-03 8.861771833882607641e-02 8.047819742621181716e-02 1.706235242223370571e-02 1.482524433672836178e-02 5.740528973803724760e-02 7.732186374823851738e-02 6.883436682225411996e-02 8.264052160330824515e-02 7.734613364889830756e-02 5.219687066597023667e-03 1.391808210538824156e-02 1.679404588899266124e-02 5.802025051903469954e-03 2.406605698485521361e-02
7.097906800663711380e-02 3.777610749890523284e-02 6.983966622289897175e-02 7.093542021485742255e-02 7.753064344636934058e-02 6.040683284860864227e-02 4.885475624035284792e-02 4.093896830160259626e-03 3.142563166570224581e-02 1.843263407019710837e-02 3.832523392275053592e-02 5.207702535599463556e-02 7.424480255047043176e-02 6.407506661383766643e-03 5.533806006758068552e-03 9.418531106564775879e-02 9.702454477403263389e-02 2.379866301038899984e-02 5.865612416780727201e-02 3.517421333158023133e-02
2.583125197747416016e-03 5.382480706180584051e-02 5.026102033171682415e-02 2.460314594056171172e-02 7.303254349469721907e-02 9.989343643072753909e-02 6.430428810362137648e-02 3.716072629586186955e-03 4.026000079574093560e-02 7.961310962544697334e-02 6.112251499075953970e-02 9.985589054265121486e-03 1.941010264219136458e-02 4.085365538728922413e-02 3.072033155548678160e-02 3.182697788188106058e-02 9.865493294631832999e-02 9.436470728325434265e-02 8.980135921932735910e-02 4.600399575030246491e-02
4.394386756280573014e-02 9.565174957631063235e-02 7.647442724130160130e-02 7.716749345562751161e-02 1.971285390467103493e-02 1.350305315903736064e-02 9.673695590711534065e-02 3.605473281828221882e-02 8.668474503265544487e-03 6.518403602281741538e-02 1.191431411177474968e-02 5.436650228833080079e-02 1.282048576936577547e-02 4.482440194010441081e-02 9.290915735390525843e-02 6.204824949961090796e-02 6.696139460845490499e-02 6.307636901476150471e-02 7.372054662363443367e-02 2.202576860570571002e-04
1.800781335483920761e-02 5.023730836739413036e-02 6.205553066842542376e-02 9.014944147268770525e-02 3.208493253549562357e-02 4.334085779554636142e-02 3.008854820292121771e-02 4.497634071193678910e-03 8.286010658873541046e-02 3.172305198612588445e-02 6.523067914994910843e-02 5.602522711408616796e-02 3.920929133293167557e-02 7.921188074495577602e-02 2.763566133390584975e-02 7.320609448261587715e-02 3.679157833318161958e-02 4.957368308844448818e-02 4.941505436325355737e-03 3.467406657654013152e-02
2.231431669149919368e-03 5.237256163132804343e-02 4.381202397824619788e-02 8.506193092722846849e-02 7.558650113563544770e-02 6.658338117775031151e-02 3.042452954142689514e-02 8.807811163041179281e-02 4.243445271968128429e-02 8.486653018464233866e-02 8.872649579146352217e-03 4.675400462533046281e-02 3.993329539354413538e-02 8.724532057997601286e-02 6.630124389876695945e-02 5.421139410421436239e-02 6.621731053087549779e-02 8.529761920710828005e-02 3.979494746371936564e-03 2.502388465576986867e-02
3.359979114213862677e-03 6.473663420921281497e-02 3.257979303330015702e-02 3.954653664964829368e-02 4.731712264660104493e-03 4.414692320769342086e-03 9.187301309867729193e-02 6.012924808656766595e-02 3.175522373407242693e-02 3.342706258547367693e-02 5.328873827382921841e-02 9.822932663339754844e-02 7.764468777800814792e-02 6.984361571952706071e-02 2.124482569573693785e-03 1.541847114126655531e-02 5.978838011240854983e-02 6.572037600684925429e-02 6.887020121612762169e-02 1.269172586331651642e-02
1.258473190837173898e-02 6.805439689785115764e-02 6.405591223879075757e-02 7.611103557065659886e-02 5.800878882275672943e-02 4.243119772380341687e-02 4.408467173902055891e-02 5.154354156690903882e-02 3.258941995412827780e-02 4.080677157681251999e-02 1.223894437571608831e-02 9.101223483624806820e-02 8.803261172938048329e-02 9.457746688709771365e-02 5.149628409361032416e-02 3.802021620535233487e-02 1.874713262216595386e-02 7.844266129222433881e-02 3.144665892636694382e-02 1.727487087665201607e-02
