1.934071594404866701e-01 1.048252265490633162e-01 9.275421568368694136e-02 1.366340421398629934e-01 5.596735329851921376e-02 1.149056758388878330e-01 1.078536335348566078e-01 1.354026971775919574e-01 1.448058255614331595e-02 1.333606377293244938e-01 5.407650134803367037e-02 1.222085309567993855e-01 1.198791928933381629e-01 1.262681283599847992e-01 1.366039059973745695e-01 5.062116682883262275e-02 7.734509000169410842e-02 6.987166159865729198e-02 1.336778435790240693e-01 6.565288324906416728e-02
9.879923627802059127e-02 3.450479717950225705e-02 5.723899469679889773e-02 5.782219722426096276e-02 9.944592041813531125e-02 3.275055673329919925e-02 3.533451627130697326e-02 1.177392967717936362e-02 8.224650331336297304e-02 4.923277262104378688e-02 6.557534910892247326e-02 3.808514017241539096e-02 6.986409619748594479e-02 7.341038968452157087e-02 3.777102010635977059e-02 2.020790951165732027e-02 3.629443135706534110e-03 4.991026856452458749e-02 4.072810312807237376e-02 5.379169716205446650e-02
7.431416809051151484e-02 8.182525136394305787e-02 9.123654313807461058e-03 5.013997371303560713e-02 2.787352567623925526e-02 6.710349652981621726e-02 8.322071518140822244e-02 3.107575554051971237e-02 8.300106452351588282e-02 1.167883091131999285e-02 2.159673384888032358e-02 2.997471509809127715e-02 2.205322101318619998e-02 7.255014964570864755e-02 2.201141725659122583e-02 2.408706696700929628e-02 5.573897283798756597e-04 6.397223359509837670e-02 6.431767545813070475e-02 5.608536589503802100e-02
6.905646107649647536e-02 4.737577068535755997e-02 7.975323342783777192e-02 9.447646252811198186e-02 9.746940759693932532e-02 3.216425103938680419e-02 6.382863442639921669e-02 4.303466585303591940e-02 6.233987085889703197e-03 2.209107474580609617e-02 7.004335063080513457e-03 2.323140240170530613e-02 1.874149707377023230e-02 3.747269738003914524e-02 8.165797999982228605e-02 3.488521825903622559e-02 5.809369804978170918e-03 1.265986875698309547e-02 7.383990516464837561e-02 4.645988612997364181e-02
9.881546860488032991e-03 5.339007877884945075e-02 7.476925211585619402e-02 4.177499701941506105e-02 5.097215906811482233e-02 8.940796181286926603e-02 7.087357555294811207e-02 8.226902028951858792e-02 3.369926066533705106e-02 4.384738738308863182e-02 6.957608055124490931e-02 7.314906040998296610e-02 9.556707687600987655e-02 3.195032179640865805e-02 9.472769519272951355e-02 3.245316295940509077e-02 3.333254450653563156e-02 3.587576731463366919e-02 3.685604953069011869e-02 4.133094752636149588e-02
8.061402419217732207e-02 3.611790668025007672e-02 2.430928322833714357e-03 4.975450461514429462e-02 7.473303073935678997e-02 6.154250451582159859e-02 2.640582096088946173e-02 2.019927389159105469e-02 7.323936153473779853e-02 9.556669137399503855e-02 4.132900629056684288e-02 9.717877695491843049e-02 9.111360196428944236e-02 6.705387862950183686e-02 5.854362588493867980e-02 3.625462248328570336e-02 9.204973430549612257e-02 2.790768290188155865e-02 4.635618180604022392e-02 6.305371442826082640e-02
5.713522157407994323e-02 5.054415463222375338e-02 7.511838782424391792e-02 1.821693688719126097e-02 1.072575595328775257e-02 1.362813243727196803e-02 4.514737325987946970e-02 8.418120154539709965e-02 7.879821297405620317e-02 4.890399750920546018e-02 5.299840780910352461e-02 7.146234615110017008e-02 8.090350043736380115e-02 3.910042847304088381e-02 8.420735054416307597e-02 5.122545398865531452e-02 3.540506090418804944e-03 1.841016324275378604e-02 2.363370444570654996e-02 4.281400706969310660e-02
9.952188258442556945e-02 7.070765739112302994e-02 9.165798322089999117e-02 2.925894481923005039e-02 5.365566653505261796e-02 7.547358066246245833e-02 4.118276629826689295e-02 5.432948446415226951e-02 8.352706081551497519e-02 5.033553921378140089e-02 8.660410727190485936e-02 7.272603504065282276e-02 7.557930345916297372e-03 3.611780065710561843e-02 8.784774460002263419e-02 5.077638673553272475e-02 7.753406626801830070e-02 7.126631176158138015e-03 5.101769038540560422e-03 2.751154633169596020e-02
5.528823484346621214e-02 2.243484627390826200e-02 9.760253884075591191e-02 7.651361479106658092e-02 9.179363433310539638e-03 9.494676304415439541e-03 2.979171072636366616e-03 3.783469611194935356e-02 8.699763749773770094e-02 2.172745082189003751e-02 1.959193340754039701e-03 9.334704058468168766e-03 9.390191217204310603e-02 7.316872164149521018e-02 4.885247277434702495e-02 2.396146643199550605e-02 6.038407567245279717e-02 7.924957592860827627e-02 9.308562234538902969e-02 9.526592934059757711e-02
2.693189040813731561e-02 3.281100225149926469e-02 5.789365988555494891e-02 7.008285890816444430e-02 8.616228231872540000e-02 8.571485464301369095e-02 6.063142843883530253e-02 6.146794685625365379e-02 3.684143360947039064e-02 4.427245870758511614e-02 1.227967293469951586e-02 7.541855059440918940e-02 3.591587893065637666e-02 9.192876288416797215e-02 1.964845191850959211e-02 4.563388558908598909e-03 6.717955340790254803e-02 1.474173325111216657e-03 1.337070364621325592e-02 5.288511379561327413e-02
6.955545133199385333e-02 7.306590117901251569e-02 8.429542065667953998e-02 5.506186088350353836e-02 9.044387419954735829e-02 5.695065868623880312e-02 6.165637133730125785e-02 6.712798559936861489e-03 5.921227805320999904e-02 2.868885574327338997e-02 9.100019917155319216e-02 6.771650544558877050e-02 1.436908105011626240e-02 2.849505069642541827e-02 8.499241430169783562e-02 8.442983504188331101e-02 1.026972536245297600e-02 8.949376734560637869e-02 3.864356326096607397e-02 4.110740901650275503e-02
1.904427751704307337e-02 8.561080717525898498e-02 9.221543674936986956e-02 1.949123067759077690e-02 5.183277944024672346e-02 9.014091787941513889e-02 8.367352577540410064e-02 6.251776209367583548e-02 7.643115155457530507e-02 4.600147493105494201e-02 5.209336562533346815e-02 6.026926944327372360e-02 5.700651666051071223e-03 9.384938986429217089e-02 8.905771337436141355e-02 7.069562474890063453e-02 8.830009505320746133e-02 8.814556070564022461e-02 9.656739237888629923e-02 8.966702490894047639e-02
3.368047396294057000e-02 1.809361955501216299e-02 8.808873485416371385e-02 5.275751367411773279e-02 3.093690140902936175e-02 4.447895990916872315e-03 7.827632468985103176e-02 6.385738730739679014e-02 5.424272802834685658e-02 1.680654664054579556e-02 1.842257156367306178e-02 6.691470663009513320e-02 7.380306800309693882e-02 6.639475021354679894e-03 7.027247124329151495e-02 8.214929929125047714e-02 5.793966111763726445e-02 3.314003943476601100e-02 8.798026072426912148e-02 6.761578848745800063e-02
4.578696455452332947e-02 1.887877479161859107e-02 6.985998199312486168e-02 7.078926862769695239e-02 8.483523714961736795e-02 8.602329479671157186e-02 4.107352193263744816e-02 7.007512422362672209e-03 3.622921886541837638e-02 4.133798999059921236e-02 4.080632740145831439e-02 4.894423796163184515e-02 6.369275612304597933e-02 2.336277477743460562e-02 5.245703963876380618e-03 8.923743056925582950e-02 2.403310300663685783e-02 2.809223659430119119e-02 7.640259862650805589e-02 6.502451041299119050e-02
3.869215948439740788e-02 5.602445272019639794e-02 6.172729780472310801e-02 4.891825578118622064e-02 4.326908495791024351e-02 7.819531107429905648e-02 5.737505286100235552e-02 4.955045111290865001e-02 8.985121138321311429e-02 3.378736696113383842e-02 5.478603354623864941e-02 7.684608015947494430e-02 9.837839387990096607e-02 1.615252846741007872e-02 5.632500363690785827e-02 7.549140200970572145e-02 3.884746149958157035e-02 6.708972253260593599e-02 4.572229459063388568e-02 1.441482253666064375e-02
2.093505554659114056e-03 5.941219958487001934e-02 5.641735376696166600e-03 2.989590978246356098e-02 8.891250951599649621e-03 1.415075867473308824e-02 9.724630876250350831e-02 7.974923646277370937e-02 9.971224584501418853e-02 9.228134023275713638e-03 8.268322766433522375e-03 4.885736663462782181e-02 2.648975749489540510e-02 8.218930566622130451e-02 5.438172174431107897e-02 8.421849806920458925e-02 4.233937603670437366e-02 1.056144627462161228e-02 9.741031306349406949e-02 5.791573833318546666e-02
7.334523459317798984e-03 4.700059353982147942e-02 7.414748469053226987e-02 4.415895774815148216e-03 8.165391005157347781e-02 4.029474165265206631e-02 8.377921442765934312e-02 5.409137107228876445e-02 1.937868115999967847e-02 9.016281307336136697e-02 1.618471549033334567e-02 8.325931209789003140e-02 5.673275338709050930e-02 1.348786956952564668e-02 9.726602996895797326e-02 4.411725879244256243e-02 8.775780742290517633e-02 3.125543498155947206e-03 1.626035095332668476e-02 6.209223610783884406e-02
7.085113119282691885e-02 1.380794929520182818e-02 5.643571653545464972e-02 7.526864079070437474e-02 2.272920997676555407e-02 3.019657474814433501e-02 7.748977410105452324e-02 1.651826124087947198e-02 2.655897243476338515e-02 9.843076093792202386e-02 9.803476154436462087e-02 1.143354744322653410e-02 7.065497499151149330e-02 9.274465759587294245e-02 4.158159044591878267e-02 5.027587847058014037e-02 4.857868959714017887e-03 9.044212579635789451e-02 6.032258518899192255e-03 5.703110256669122885e-02
8.027235648421693348e-02 7.719196519572131543e-02 7.043666421360172958e-03 5.941578076065334897e-03 9.776436446226610677e-02 3.984788690607546369e-02 2.906187922072600571e-02 8.531641925664616710e-02 2.200394744093876753e-02 2.605168218814435388e-02 1.453490274147693079e-02 6.223641615943689698e-02 5.709716367461425968e-03 4.128657618172028310e-02 7.650380814791013506e-02 5.394124636061675693e-02 1.980327175949167171e-02 6.559709094703059136e-03 7.429992590969061728e-02 3.884992803943942974e-03
5.115795370329506014e-02 1.358494716430391769e-02 8.002912138551915300e-02 8.280671864161794071e-02 1.712538222672952554e-02 5.510917020772320568e-02 6.978282377500844014e-02 1.873182416320285856e-02 3.017523307023869603e-02 9.724964015377947357e-02 3.060237331158642896e-02 8.633043486854476145e-02 6.896259953415791177e-02 8.830567984555920402e-02 8.576279252317259294e-02 3.181008662395175268e-02 1.672228329613650866e-02 2.210261975624524741e-02 1.684098806207088433e-02 7.998490227055340962e-02
