1.601653785909203931e-01 1.467715582173765854e-01 1.153417056482212988e-01 1.641924918214913709e-01 1.018214503913774660e-01 2.901741572810924083e-02 8.320323650990121833e-02 1.248285163037273215e-01 3.869276664013540645e-02 1.163227090945924413e-01 4.159877282847744551e-02 7.113425265545469944e-02 4.045818762922727407e-02 3.511894577998934258e-02 7.628105513061790577e-02 1.265399652300279176e-01 6.711585611352086089e-02 6.924422077789152419e-02 8.862182942258922669e-02 1.006231981205636533e-01
6.579321616239446058e-02 9.264863519086614929e-02 6.670918620992109804e-02 9.150278127184226229e-02 7.031596265707951154e-02 9.338658889106820835e-03 1.844981178080232903e-02 7.550783912484849113e-03 6.721927715060038895e-03 3.757515643068031624e-02 6.186876358661313330e-02 3.432098775925714745e-02 4.833918160970867434e-02 6.735492285577855676e-02 3.339109691415100001e-02 4.550386040614087801e-02 1.931809652997273918e-02 9.702795902295502373e-02 6.134643352378547215e-02 8.095639504812243703e-02
7.431372764640473139e-02 6.643690027251623886e-02 9.358722480314230971e-03 6.893500024208881749e-02 4.019562469138593792e-05 8.605105594066109198e-02 9.974615587859918253e-02 6.277383987015060229e-02 5.143259216539430162e-02 7.148702311694697664e-02 2.378563065805283736e-03 5.254531169404377811e-02 7.410285064623424456e-02 9.707741547177073382e-03 6.293742891192803668e-02 1.203676835358580364e-03 2.047635754634938993e-02 6.729947759294040155e-02 8.944032561122085279e-02 7.167533632506099817e-02
5.496507531642625191e-03 8.036054040931056575e-02 1.312223196627360089e-02 1.954452474117699540e-02 3.920475474687206557e-02 7.334929952022112287e-02 3.797776088030160868e-02 1.549359901087862292e-02 7.171354612190029842e-02 5.507203855808383980e-02 2.006155957869042508e-02 2.104326805484844215e-02 3.791403990811799407e-02 7.654623824189897563e-02 3.056452031774862382e-02 7.166299695720963758e-02 4.198976007315669001e-02 2.664413124776771058e-02 8.158985389660901311e-02 7.137496743378694830e-02
5.160390448104554967e-02 9.994353785581081007e-02 7.607523628186674269e-02 1.758723849072515652e-02 4.511748219543573746e-02 6.707074202271484653e-02 3.078532005621653633e-02 1.094339250615058469e-02 4.084315542676406757e-02 1.295767076200926571e-02 4.842073622710679065e-02 5.630609180728538693e-02 6.106169448960579310e-02 5.379214577509774942e-02 3.473478013539995496e-02 9.012749699579505891e-02 6.877411255709305060e-02 6.868312663461668965e-02 4.379855800738355343e-02 5.772852067380768171e-02
2.275407204371773448e-02 8.088920553794540225e-02 4.916601595061306784e-02 1.381351308391308777e-02 1.451136632339393787e-02 5.486643308799495078e-02 8.582708671925792787e-02 5.896384090977500186e-02 5.127088109005959599e-02 7.140831824064185207e-02 6.934345177369079238e-02 7.579506592935959797e-02 8.556025865383722062e-02 3.794088338129547600e-02 2.426512648892764634e-02 2.837498913937499742e-02 9.023818329091796986e-02 6.737049899015050414e-02 6.206320921237312022e-02 2.377442866992495255e-02
4.413382392179046598e-02 9.088085829570752283e-02 5.698635493903743410e-02 4.705161238707792487e-02 4.014886532763638910e-02 4.570521807813517079e-02 1.284962809325723709e-02 3.357571428182300199e-02 4.394461503989226941e-02 3.821157991086141653e-02 1.705326038403187638e-02 4.072007730878592080e-02 7.863124580716568390e-02 5.584921837767359287e-02 9.977742790341413703e-02 5.690336815246053309e-02 8.429232911102331471e-02 3.686866636860598734e-02 7.394924546718954772e-02 4.917132298360108594e-02
2.772059245601595986e-02 4.650149800058589467e-02 3.055487278223169290e-02 1.876722035089503290e-02 6.740307844246397340e-02 1.863754359067656616e-02 5.489793872372608630e-02 2.010236613063968308e-02 7.730655396391683705e-03 4.728426736286028831e-02 1.419044299322214098e-03 8.679270237739528104e-02 2.008852080184039476e-02 3.501843706808831919e-02 7.517247992976749948e-02 4.984566155443973662e-02 7.460944871869511219e-02 9.172369683976794308e-02 4.811271218844926333e-03 8.151342267446522183e-02
4.889070466759903866e-02 7.514731929155604728e-02 1.146284393227760094e-02 7.233975403301265428e-02 9.792242788865089531e-02 6.539231067998346747e-02 9.787190546544456693e-02 6.772616761187938428e-02 5.610819461204716307e-02 2.043471575542691460e-02 2.204651297211582955e-02 6.834931438041337570e-02 2.212545920196444874e-02 5.618503596665838651e-02 8.226982886718389731e-02 9.092458130598135915e-03 9.828139283396197801e-02 7.953534647048496331e-02 4.337752409799056400e-04 8.359366209752693011e-02
6.105194974908137451e-02 7.101548963721475427e-02 1.593490716677784663e-02 8.633397810089375735e-02 8.749154081579219033e-02 6.322427688050734351e-02 1.698560493832084253e-02 2.423793167889065625e-02 1.784030299416171708e-02 8.005641241095373672e-03 2.142125994696606611e-02 6.163520317439755841e-02 2.845787385649928281e-02 6.916638612879533188e-02 8.875312100612109401e-02 1.595455928730385095e-02 1.097171726198773595e-02 1.122897023692957102e-02 7.743505801428673951e-02 5.125212528002812129e-02
3.948072287942250291e-03 3.260709811561612881e-02 4.748425162472554029e-02 5.576630338982862395e-02 5.783859176960929466e-02 1.091103810896907472e-02 9.748237500583518955e-02 8.699376954991200339e-02 7.340958067392067479e-03 8.262853825409494091e-02 9.428579860797364764e-02 7.607061997506758821e-02 1.910980024803963367e-02 1.073003153030932522e-02 3.954468693651966293e-02 9.335277425587563960e-02 6.175932062352349622e-02 1.844664242976021967e-02 3.891998702743030419e-02 9.099738045232527717e-02
4.488269159357552440e-02 7.624194089781843875e-02 6.185991701075568838e-02 9.162794549309265235e-02 5.619368115281245940e-02 4.913852812775493240e-02 6.492264542426940364e-03 2.944198502815721652e-02 3.830383766420100700e-02 5.842581736942721593e-02 4.352302413406976961e-02 1.647840289663795796e-02 9.034418420169379460e-02 1.923898916474803267e-02 2.509465967789781260e-02 1.578589627797238881e-02 3.293176634272539788e-02 4.387481495668495157e-02 7.583367773480009788e-02 7.673253470107040120e-02
7.744173442927016274e-03 6.381712998012104010e-02 5.800970915803811689e-02 9.895291225460871309e-02 4.799696876016371766e-02 2.473934110560131044e-02 1.151051810932891654e-02 1.425055916575716092e-02 2.058387586250362208e-02 5.626497527526061471e-02 7.047453360172255266e-02 4.501704897223444274e-02 3.381861930783826298e-02 6.982207784818551116e-03 2.800708294345847366e-02 4.481901050979730794e-03 4.534072305666225766e-02 7.190149546828093763e-02 3.774810635532626496e-02 8.259174110456285467e-02
3.009079848369701493e-02 3.314500945541164895e-02 1.750501721724605567e-02 4.852926010126590306e-02 1.870955121269424291e-03 1.317886765933252817e-02 6.609996869675505149e-02 1.916236897552858840e-03 1.081714274428623515e-02 2.611090263887468066e-02 1.673788364310996313e-02 7.719358175915714236e-03 8.810748528115297518e-02 3.198824975334390447e-02 7.212561546976882509e-02 5.947579324226884290e-02 6.867851093747757291e-03 2.927672744125511470e-02 2.132236236824591648e-03 8.637351322831710032e-02
3.848445172344583387e-02 7.762964319714535377e-02 5.554227820312174213e-02 5.867566151501835657e-03 8.662403289613603008e-02 9.983271393471734867e-02 4.374232019378161695e-02 3.378343990695275439e-02 4.698650304714325349e-03 6.400153040766283496e-02 1.631456009115454103e-02 6.058297198880437107e-02 5.267302576313825230e-02 8.871461072851216656e-02 9.761481377230761536e-02 8.213650479917591896e-02 5.271813339662650283e-02 3.362876911237271810e-02 7.078423675759129563e-02 8.855951190057298472e-02
3.969426553999588769e-02 3.411445699001352388e-02 6.927373212330523514e-03 8.427597371621582678e-02 8.662052399673437304e-04 6.312656449112767632e-02 2.470479418269810878e-02 3.612330170175812732e-02 3.541053768151425363e-02 1.103112706710485114e-02 1.042658210902004494e-02 7.209087486952309165e-02 4.423274822577017394e-03 1.425944177464347901e-02 3.260185322894089410e-02 4.035145414477189774e-02 6.861413176839085970e-02 3.228503802058359934e-02 3.505149826993625428e-02 2.353989137344841831e-02
7.431072260791883599e-02 4.636749389621644402e-02 6.640756818561018016e-02 3.091448121182917286e-02 7.862131152985109284e-02 9.220543393114850883e-02 7.287151587733142755e-02 9.483487612527490007e-02 2.977023508043845704e-02 1.214465173630258077e-02 3.801849708949078116e-02 5.502342255323157405e-02 1.754570270378719155e-02 9.874519157551799042e-02 3.954606738734477850e-02 1.990019389614995637e-02 4.946696991944311839e-02 1.268916850537884534e-02 1.710803326962131651e-02 1.474582643570270316e-02
8.486310153103854281e-02 1.534816512922088203e-04 4.561735330701412183e-02 5.319259601904997858e-02 2.838968778899264578e-02 8.880546276685866158e-02 1.062179936444054319e-02 6.131098528315923751e-02 5.848489053914092406e-02 8.474161489437039008e-02 1.604209507365944587e-02 8.569501396632278611e-02 3.949111084686671852e-02 2.387872768756097580e-02 7.645173600270627201e-02 9.096756913611414933e-03 8.145642130694016880e-02 8.173871401157881134e-02 9.906716955559470572e-02 9.515498838561115003e-02
7.755969852569546963e-02 9.787224066758143382e-02 7.079723207995716749e-02 8.648765749814227299e-02 6.425929444714610639e-02 3.019077128463643154e-03 4.287921174116286066e-02 7.130135716409192505e-04 5.660067214161745158e-02 3.496554841900623156e-02 4.452948305595201550e-02 9.348720069360867690e-02 1.614067518735430237e-02 8.747371315038141026e-02 6.064310300936579662e-02 4.903128012064142394e-02 8.209841336484088870e-02 6.504725936173970380e-02 7.206188738941124439e-02 6.657853193139358361e-02
1.423356950224854457e-02 2.919554158295871796e-02 2.414955883208582885e-02 2.802034154454772358e-02 5.473828805389861080e-02 6.757069502682006013e-02 9.149039858967147887e-02 5.139975088504256627e-03 4.739139594998517668e-02 6.351063573564778852e-02 6.226005389281108471e-02 2.337796406242956954e-02 8.617618176647084960e-02 7.740531062219224712e-03 2.187957466196821521e-02 7.374463997479564770e-02 4.889144094596207385e-02 8.442369007720319785e-02 5.889440053531402181e-02 5.390568210648039038e-02
