1.994997026644145799e-01 1.349249440478173800e-01 1.514152118017724757e-01 3.196184825364997706e-02 1.659542250895134075e-01 1.278687761803636858e-01 5.208929627076672869e-02 1.294392000776679041e-01 1.296172962223274827e-01 6.783450014661511485e-02 7.603648394069843774e-02 2.038111438881981541e-02 8.121457585210783980e-02 1.539032078534881831e-01 7.875720757886625623e-02 1.081920853797725263e-01 9.890996994429272771e-02 5.302606187046435271e-02 1.309555008629313400e-01 9.879622607984799021e-02
8.773637246442812787e-02 9.398236294316990314e-02 1.675205335008483898e-02 1.662784325066867311e-02 6.505459805202701284e-02 1.090275051038092134e-04 5.528077812766257065e-02 9.298955829825233943e-02 9.812463510493045493e-02 8.236967044407145222e-02 1.144515191154135171e-02 7.756507861193896736e-02 7.928459119853989434e-02 6.750743161857268582e-02 5.163016873349601105e-02 5.274815909864854352e-02 9.148409310577976239e-03 8.223433025168476462e-02 8.929910436156075770e-02 5.255494586534634888e-02
7.863084692688303290e-02 5.717632114495094231e-02 1.185920790907978375e-02 7.865314659121736343e-03 3.273790575035308986e-02 5.588580629226624907e-04 9.689237351643624485e-02 3.961317812613877193e-02 1.373566564144681514e-02 7.734885950387547504e-02 5.675993701490567728e-03 1.006733297119230021e-02 5.003275979531325579e-02 3.986984853635466841e-02 6.731634197335065184e-02 9.796571399144488046e-02 6.861018426780123025e-02 9.962404401904163820e-02 4.260367723264338324e-02 8.502419270324453049e-02
4.738503144231004383e-02 8.820939585090921409e-02 7.658457057205488028e-02 4.886131826797567718e-02 5.093420459480081652e-02 5.954528775894375736e-02 4.442080764164024753e-02 3.799007530019504059e-02 6.317635967488484383e-02 6.834554207372363355e-02 8.532613085661017172e-02 3.355427966409831736e-02 5.522896248750114312e-02 1.406277702420090196e-02 9.926040640669470116e-02 7.311594017880476692e-02 7.186067322374888044e-02 4.780345482188910755e-02 8.270994859089271511e-02 2.780150083999695376e-02
7.385805007864572336e-02 7.537211317990395731e-02 6.325766231019927521e-02 6.272927368461678199e-02 5.572913019051611155e-02 4.250135279405388433e-02 8.515175738575431544e-03 2.547666986787415835e-02 9.434742841851942452e-02 8.518108318538525348e-02 1.579796772735974145e-02 1.596656700628867886e-02 5.517265496692089211e-02 1.035729332797872410e-02 5.188388505709311954e-02 5.614879459564678377e-02 5.885093273253549223e-02 4.542365515553949129e-02 5.902653969393600875e-03 4.175450600873259477e-02
3.413257217573088115e-02 9.209544939564563368e-03 6.703384899635039806e-02 2.812864065820417508e-02 9.569969749978571305e-02 6.029828727358552826e-02 5.186430498461899741e-02 6.240322844483942033e-02 2.430566145256522065e-02 4.931526790566706508e-02 2.690995907645518312e-02 7.959004549029878584e-02 6.283595732197348738e-02 5.456506205153238698e-02 9.630221901707829157e-02 1.957190898392241474e-02 7.638235845551064052e-02 3.147477311271609096e-02 5.563360926043681154e-02 9.140357177298558122e-02
5.956581796210443092e-02 5.937697874035738344e-02 4.070649639903223586e-04 8.480449216089802622e-02 3.659139144361848311e-02 4.250957621181397639e-02 3.252060395690586220e-02 9.644898934689491443e-02 9.828055008434942452e-02 9.592585792419824897e-02 5.592544552814988912e-02 3.398887896495135508e-02 9.862161640355637804e-02 9.218920944855175936e-02 5.998965233249749229e-02 6.829557855870575789e-02 9.492032022942295533e-02 6.582944936509750600e-02 3.424666661736069928e-02 2.136348182273081417e-02
7.714921015367671997e-02 8.513732172352649064e-02 8.161391057927197545e-02 2.667883531378764314e-02 8.938236476208424874e-02 8.752891883095481607e-02 8.318620084712778640e-02 5.058563726140211797e-02 7.183753387641993171e-02 5.798936538205388264e-02 3.688339252821191266e-02 7.888233541394967796e-02 3.104878895230793814e-02 4.165264089328526986e-02 6.693886829524182958e-02 8.506847853862491149e-02 9.863196510264966854e-02 4.717952871422026635e-03 6.303975557710764233e-02 3.719393626475253622e-02
7.911132951808730329e-02 5.552257979273710758e-02 9.321455304272452044e-03 3.524934079863015907e-02 4.760664291193575370e-02 7.190065532666745605e-03 2.076301392299311280e-02 5.057209139864299319e-02 8.601037571083655631e-02 4.656676259519557798e-02 6.729328358562677859e-02 1.903028087401646001e-02 6.926627154058589975e-02 8.798093241413004750e-02 4.486534662498787088e-03 3.789817125970543904e-02 8.060138228866892129e-02 1.611792056947977322e-02 5.559042236256664382e-02 2.544162988816359855e-02
1.792917924301129506e-02 1.928941128193929766e-02 7.057044802212214529e-02 4.882327515743285773e-02 3.571163940479409743e-02 8.800073764906986284e-02 8.312923335412240877e-02 9.943959391401213654e-02 8.582346934720753301e-03 7.628395468055623740e-02 6.763200993132716110e-02 5.465869069410988351e-02 3.319599071743822849e-02 4.912726860134796619e-02 5.180488266651435414e-02 4.117544275419690591e-02 9.705719164953982570e-02 5.725383449340749192e-03 8.862717010738099810e-02 3.241390067831252664e-02
4.833931434545238326e-02 4.146279958133970711e-02 8.851119693456477311e-02 7.797542973959743773e-02 2.858875577877392424e-02 5.981163515844512349e-03 9.650804769555719476e-02 9.794095681352950333e-02 2.772250815468785268e-02 8.028021441879300280e-02 4.338018923813702528e-03 7.932899795828252110e-02 1.907342547716427486e-02 2.207192841087808610e-02 5.988353652647668279e-02 9.089943303413688946e-02 8.134449053685605113e-02 3.694572752411836442e-02 1.706590182681646736e-02 9.153622151547237407e-02
2.676014025338190397e-02 4.856979422157158693e-02 5.902621083851988804e-02 2.848843630128431587e-02 5.860168472291765740e-02 3.640851629385879334e-02 6.873295494445227916e-02 5.784829614941609105e-02 9.180164969111570539e-02 4.977276465798431693e-02 5.819067504301919658e-02 9.416087873482509307e-02 2.844230210304967907e-02 9.122890889979892726e-02 8.061399918559682132e-02 9.604178085147341282e-02 4.194582072426346342e-02 5.801418443395012225e-02 4.471001606762255165e-02 2.308233849590272252e-02
3.420631122012226383e-02 6.045004461165404130e-03 3.973505319117841966e-02 8.299398845407074399e-02 3.913046292927267050e-02 7.955101276268783383e-02 2.681596236669683483e-02 8.074772686227460472e-02 7.999301336047776045e-02 7.552091560286233740e-02 6.966624517822755935e-02 7.093519874459090768e-02 6.728750927747542687e-02 5.789569969566102370e-02 9.106862184116128189e-02 7.686466397127394989e-02 6.986257639702433964e-02 6.035736303731631391e-02 2.768463114351412888e-02 4.560925462847173484e-02
9.229239102797465177e-02 3.744600472139902880e-02 7.365085287881854847e-02 3.600335232343970793e-02 2.116311293182919842e-02 8.212613599123076702e-02 3.011164929199428020e-02 9.351221205105529621e-02 9.295073648113227893e-02 4.903046027816489183e-02 4.319374217518589902e-03 1.892012328383749914e-02 8.620016157454710171e-02 4.330307748042580562e-02 3.327835726585936377e-02 8.593594468812124076e-02 1.581068667424023852e-04 2.185276757483102517e-02 3.770270306914667163e-02 8.276520350292904116e-02
5.933130744703191128e-02 2.434635619733202180e-02 2.564146378707871099e-02 3.161361228455044498e-02 5.147215216590703135e-02 3.785121090193556415e-02 9.040569702805391350e-02 6.119668984286878027e-02 6.332523573376525571e-03 7.177183521973150293e-02 6.112590463745235653e-02 6.685603437604326071e-03 6.597595935765314390e-02 9.097336396572916484e-02 5.286413822762509040e-02 1.235190778677559657e-02 6.544360016611759645e-02 7.476482145563864701e-02 6.476901781857856422e-02 1.344166694799162759e-02
2.429817998764055575e-02 4.843130733181995329e-02 2.081685232820158771e-02 5.179670491415083733e-02 8.831331313795687254e-02 8.653670675648562904e-02 5.010637697856602790e-02 9.655131697548810510e-02 7.487768933248022118e-02 7.499845561849924347e-02 3.256370795072308783e-02 3.013246842603334568e-03 8.319435957011503402e-02 9.976795688327066980e-02 1.311243946630789164e-02 1.509042423126542160e-02 1.768449186938139336e-02 3.023631350149649441e-02 6.538103517542444287e-02 5.101495387363727541e-02
5.953710510759239322e-02 3.632779269969123315e-02 3.738740018766961021e-02 7.249681688769565868e-02 7.677403149925793313e-02 5.407136122083877833e-04 6.219277744563590782e-02 6.169096158970750754e-02 5.894104569427494056e-02 6.839416963783918890e-02 9.968852900833098662e-02 4.451815103349326258e-02 4.283897600045313836e-02 5.233028299104556386e-02 2.601725322303467813e-02 5.483363102534001554e-02 8.777162766901865087e-02 9.009420820658854689e-02 6.613628527303826166e-02 2.496784095716531038e-02
9.048950517541426430e-02 2.241529462609642698e-02 7.015813923851468847e-02 3.168911934778271405e-02 8.514834298822009095e-02 8.052655725692210720e-02 8.365575785956302912e-02 8.541794632316640490e-02 2.382338822047817134e-02 4.815918446987477175e-02 9.535804714469904575e-02 3.001440964389190651e-03 2.185728541990853563e-02 6.673797842371244349e-02 5.494368114800982084e-02 6.506493828115043898e-02 7.105348613164254312e-02 6.252348639610290360e-02 1.372395760095666134e-02 7.971547867458624037e-02
2.422120058507236731e-02 9.475041471224780742e-02 7.241609162627275775e-02 8.540840865709956042e-02 9.914820239158840531e-02 6.094082064145141253e-02 7.668908212614795883e-02 7.526652124552997425e-02 5.145439810453388690e-02 9.712661990741655593e-02 3.292866122555304642e-03 2.839257946373035038e-02 2.545821120995682765e-02 6.158987089860290531e-02 2.611494790142866729e-02 5.285719164082156724e-02 3.854265959258007523e-02 6.393332154905888298e-02 5.998850862206701884e-02 3.614870458845266532e-02
3.626592413237733625e-02 3.714939110045525211e-02 6.767700341751674287e-02 1.632525893525845970e-02 4.678947516130282924e-02 7.840354882927386138e-02 7.464566616373746744e-02 4.865100095365042926e-02 4.945203130496381161e-02 6.215150395314621851e-02 5.338458004418225600e-02 4.649097625374754017e-02 5.597345383113402906e-02 1.906310134303592849e-02 7.216100766809410705e-02 4.969357092299724749e-02 2.245975127607958977e-02 7.863944720400699306e-02 2.572765176891406158e-02 3.566834451605830486e-02
