2.730308556310809265e-01 9.350136151815034713e-02 4.679816013626887650e-02 1.126223306875206720e-01 1.060066299107869925e-01 1.600209165321835880e-01 1.055148553152130686e-01 4.056833923924384189e-02 1.075777827900994410e-01 3.627787422631244263e-02 1.549765819896278818e-01 8.144719540169190197e-02 8.286768965285265520e-02 8.836987338508806022e-02 8.110213714374824023e-02 1.307797376123339128e-01 1.350034402496459174e-01 1.005485448192811743e-02 8.874851463967811660e-02 1.238507882743787869e-01
4.304745203530650072e-02 4.858648171816418865e-02 8.875358385365947345e-02 9.397558637056764586e-02 8.081922259981282053e-02 4.148858268833210960e-03 9.182334882991301239e-02 5.490885366796123546e-02 2.285205983181831657e-02 8.333535867863969826e-02 4.149853221021526650e-02 7.950335542460952587e-02 9.870202949354019151e-02 8.691015791322609721e-03 3.167889834455300119e-02 6.164946009914656910e-02 4.997649216344086931e-02 3.995905610674985176e-02 4.669194036736349501e-02 1.390268206782840910e-02
7.189169174899943948e-02 9.595194592031480729e-02 6.582924736396656741e-04 3.159536146738394641e-02 7.695729132821918506e-02 1.406281753120376503e-02 7.602603869808502446e-02 7.157203083965913218e-03 4.917594367221415214e-02 6.093278841982999183e-02 1.214922457683145253e-02 7.205689560916560266e-02 7.369604259300135962e-02 7.331440006491186934e-02 2.690242054732959812e-02 2.117156942023186439e-02 3.784159268654109509e-02 7.241813289452374292e-02 9.792060599727614445e-02 1.290076809702707210e-02
9.032654648891522142e-02 8.532473505206684961e-02 1.815945637388860501e-02 4.849896019907178751e-02 2.867736537450460421e-02 3.074978252558033948e-02 5.243304323821396107e-02 6.691188278226739561e-02 5.468488415043314815e-02 3.021698566180340897e-02 7.489944842115439649e-02 3.990333544108938535e-02 9.515026654222127900e-02 1.512452407113495977e-03 7.343415311027731707e-02 5.903422080512420872e-02 8.499922512705554434e-02 6.110739337975711755e-02 8.533334142997467398e-02 8.695741769307030467e-02
8.392574292822801985e-02 9.784965825315691812e-02 7.943906404392077347e-02 6.192844777874504519e-02 1.313144041057200465e-02 2.081421643664482790e-03 9.130523146790393840e-02 3.855311965480980041e-02 1.856037010235547444e-02 6.003605311611193152e-02 7.710870947581610624e-02 3.832858488241214223e-02 9.465829967971731151e-02 4.299083324682061863e-02 2.442389456863561931e-02 6.749521954492794518e-02 8.984565977364526723e-02 9.754877582396995206e-02 6.612300903283388487e-02 3.787506149789234000e-02
8.782976360695722573e-02 7.017915831173809904e-02 5.024670270724961724e-02 6.042978596185023810e-02 2.362831674026764223e-02 9.700525475308974677e-04 2.348499286543909159e-02 5.861092941812200835e-02 3.557719382300379707e-02 8.957806583845973752e-03 7.149621279847287458e-02 3.945556356800430930e-02 3.141275313805506203e-02 2.669355709130725313e-02 4.727694526600357237e-03 1.318515631298881191e-02 2.875794587413064290e-02 3.682112883165979123e-02 9.026704760517650916e-02 6.651395133454633679e-02
9.434847500362386619e-02 1.116993849972903845e-02 4.946691211810281402e-02 8.141415830493931027e-02 5.182495091621841694e-03 4.344270116500519724e-02 1.761674082559824481e-02 8.910754573733031814e-02 6.648022580187661068e-02 5.010598070530563469e-02 4.578389160299378008e-02 6.927623215973587045e-02 5.333497994232139217e-02 2.623545467274901455e-02 3.757750040799158475e-02 2.159300635331275198e-02 8.406729305455612478e-02 3.371532483640473504e-02 1.143348516443500919e-02 5.366241233937007332e-02
6.954782124833812362e-02 6.931819281602775995e-02 4.072630330307315527e-02 8.134071476821018443e-02 3.217565005359323410e-02 7.488649741312038144e-02 3.237646619089384198e-02 2.892600666170276613e-02 6.552561612856121209e-02 4.789370190662076143e-02 1.524374627786759945e-02 7.772864679447733308e-03 5.494687852038405984e-02 4.769270182840706224e-02 3.620891695754852035e-02 6.920388621045889255e-02 7.405387472648645997e-02 8.689998971866266797e-02 8.528151188745450306e-02 4.020160098196811499e-02
8.769989713080812710e-02 8.419967074501971682e-02 7.495465346340385304e-02 4.545791867416237170e-02 6.637785706116608453e-02 2.358872367962529248e-02 4.400932701875625436e-02 4.522252607958210727e-03 3.126901523181916526e-02 9.851997039982192395e-02 7.699043762294337234e-02 1.332093348020743119e-02 9.072409150755231244e-02 8.705947696246664480e-02 5.543193745645533244e-02 5.118864270452262027e-03 5.637635740416066521e-02 4.259976414097080277e-02 9.443967932732756643e-02 6.387367910548512329e-02
9.191778524839738784e-02 7.023581181138361350e-03 1.249800575227180167e-02 6.791864603561684199e-02 3.729169462852057609e-02 8.955940331399325771e-02 7.318063074188041646e-03 1.950791936825013728e-04 4.724245445207442273e-02 1.746202452995492330e-02 2.151099245276211300e-03 6.382312100029013946e-02 6.231381841082778150e-02 9.264714881870222962e-02 3.717574734166696759e-02 8.020938682655638641e-02 6.005139380876933775e-02 2.086999759718970518e-02 5.811156844103800012e-02 9.441245411769050300e-02
2.652908602544899047e-02 7.842775448632294255e-02 4.888565001607808602e-02 5.810104896120882323e-03 5.507879163261142699e-03 3.945491476315449164e-02 3.317762764341120052e-02 8.721711657882780244e-02 3.449483297472832888e-02 1.971132532494410811e-02 3.693283977612445146e-02 9.581088340209016618e-02 4.742880298932170002e-02 2.274078099193646216e-02 2.655789709252706285e-02 7.733492232658671639e-02 8.597144619601423954e-02 7.462805746611324287e-02 2.801614644452074185e-02 7.980555444476196414e-02
7.743803231581872226e-02 9.691004198703179195e-02 1.795421763900498929e-02 4.785043847995693739e-02 2.866964725237934955e-02 8.975095408066925684e-02 5.837935689983587972e-02 6.703469497272725175e-02 2.858306599825424441e-02 7.512216100305750544e-02 1.330007340925341147e-02 3.323180506152528801e-02 9.411486289630076330e-02 6.776142055037373546e-02 5.789981269369166850e-02 1.185266703005557511e-02 2.212996549470658270e-02 3.169878894069799724e-02 8.557172612842142700e-02 5.600296293707717615e-02
4.119916650960574883e-02 4.809406557038370389e-02 2.108580783306412965e-02 1.503266526530520203e-02 5.555554474628413703e-02 9.795168315934744963e-02 7.439021787241852091e-02 3.779170680493694479e-02 4.597683412178236312e-02 1.375340106042434278e-02 2.343688320411151452e-02 2.724617593973791690e-02 1.854562970833306679e-04 4.688178577155102666e-02 1.354922868506025502e-02 4.448088402619437137e-02 1.373680743695302603e-02 4.229812695755163880e-03 6.749507084875639579e-03 3.857844491458937292e-02
9.407351996247606540e-02 3.281308250587932490e-02 3.109347505737308781e-02 4.080926939106577223e-02 6.084086589791170424e-02 5.447583198126344783e-02 9.466921633873177921e-02 9.796510017249325519e-02 8.126701833442329104e-02 8.735250215326054168e-02 8.349843854881416894e-02 6.624278968049933380e-02 4.217329661026236048e-02 7.204742579141563963e-02 8.763392400699797358e-02 8.026797014474081060e-02 4.751586962780965373e-02 2.710480710671167234e-02 9.901467164519839326e-02 6.301524695584270926e-03
6.155742941364732851e-02 3.589587382607604266e-02 1.931682750844587737e-02 2.461732471023218155e-02 8.835290134487461255e-02 1.037427709144229764e-02 7.428274094175406350e-02 2.503030270687555195e-02 6.903693478584878307e-02 2.872019991092523983e-02 5.469102057894937099e-03 3.869842268266925761e-02 1.270591708341572978e-02 4.053838846100382698e-02 6.274078380133703281e-02 8.950655500671737819e-02 7.207132031052243537e-02 7.916838349570955169e-02 8.020238444230451402e-02 9.569545276032812020e-02
8.640204641309015554e-02 9.000727160022509166e-02 9.865846976302843074e-02 7.429611935449101368e-02 3.852128129003510454e-02 6.777823768447721782e-03 8.291315296861551110e-02 9.721414613618169220e-02 7.287707537419881032e-02 5.128068866444686347e-02 4.490082174744226828e-02 2.764442329489632741e-02 5.393002578720440532e-02 4.203976401261995399e-02 8.083377374512069891e-02 8.175803237934969880e-02 1.395769800283763740e-02 3.763108649869020828e-02 6.025449898167357932e-02 6.050871233348195655e-02
1.326192053316046539e-02 2.624746398123692023e-02 4.250244712173843059e-02 4.874095860177446449e-02 9.043893395770158383e-02 3.369793194722201651e-02 8.269124534511713975e-02 6.822379358082092393e-02 6.740575657367373075e-02 5.029738974001603247e-02 8.876255536125665993e-03 1.509280448219739793e-02 8.649533247298604732e-02 1.499665739954633183e-02 6.842625310891559121e-02 9.507508716898734058e-02 6.178498906693650344e-02 3.580753187650498543e-04 3.976882253958653746e-02 1.803815559787651582e-02
4.926748003594742104e-02 7.850794125998228692e-03 9.077365243152897556e-02 3.269114323024394780e-02 5.463473503511476204e-02 8.178346566816730237e-03 4.067051470813779629e-02 6.808754280455280028e-02 5.373811362360370047e-02 2.347694209734339094e-02 2.271848549950320623e-02 4.965952139089323952e-02 8.839824549320042524e-02 5.586887047145056018e-02 2.602252128794435831e-03 8.484734118805176140e-02 7.590979359777112745e-02 9.209456872749850753e-02 9.166101079577239352e-02 9.777909037944843007e-02
8.940951561300944372e-02 6.074987617143528390e-02 4.110597928014672608e-02 4.542877817697867082e-02 5.207465240472520032e-03 7.314261581335361473e-02 7.620537098017472755e-02 7.710576625615016277e-02 6.524351981857011429e-02 1.474120842394473045e-02 2.855508731082911922e-02 4.371005163870181343e-02 8.335886036887424355e-02 8.906272649086691140e-02 8.859251274800139520e-02 5.339161837249392639e-02 6.051111881710957013e-02 6.282429006157912166e-02 6.919335710689933361e-02 3.413797281999764177e-02
4.359163902003814622e-02 7.651542780221910756e-02 2.126173971277524333e-02 4.890099206656942782e-02 7.738977784628287004e-02 8.573609436062101796e-02 9.225006913719804857e-02 5.017125086288579117e-02 2.681898828826556613e-02 7.009782997332113241e-02 7.549075946266611825e-02 1.987440968165920044e-02 5.100681100487339248e-02 4.628641184862928443e-02 1.781817774916770805e-02 7.157998606160866084e-02 3.053858589874776375e-02 3.725069856195184492e-02 5.340265684776390048e-02 8.805993234101404388e-02
