3.457160410168254039e-01 1.076945500221531266e-01 1.344267927894820802e-01 1.244294186356723619e-01 1.022819568501989324e-01 1.601023640260301195e-01 1.136832470579069859e-01 8.653792643600050072e-02 5.158582955416091131e-02 1.341998438225740498e-01 1.370422055886781343e-01 1.043678367938537244e-01 4.880652497549133051e-02 4.637660531073004022e-02 6.241787296213365671e-02 1.389824110445568306e-01 9.181467280735779168e-02 9.802040652510225771e-02 7.832702519701230381e-02 4.598282717115875773e-02
6.205105972126973013e-02 2.529101298570322204e-02 3.730950982045771330e-02 6.492509004698532316e-02 1.193499979119210311e-02 9.372260136194437985e-02 1.186721646235489036e-02 3.007806013135744250e-02 8.144652172381405819e-02 3.960068795274554465e-02 3.594570247006608626e-02 2.607967100647452796e-02 3.584121081819331700e-02 9.874959707045359580e-02 9.073681708303332760e-02 7.050415313737151690e-02 2.783135337486510041e-02 1.099185411070947686e-02 2.699708946546149069e-02 7.549457527799131873e-02
7.778367599384633513e-02 1.460689670783587094e-02 7.438060881173637340e-02 2.932469778376944891e-02 6.205394831764343005e-02 6.098817132352878784e-02 6.288812902563445384e-03 5.618697298137887396e-03 5.388441001961013360e-02 5.886062145503400539e-02 6.983368461974827357e-02 6.976167196493662792e-02 7.856257197940073878e-02 8.625700499050044379e-02 7.330014778961336337e-04 3.964769599533074507e-02 2.377196228155043292e-03 8.488649426447121560e-02 7.612459487020349636e-02 7.741730862350704352e-03
2.915635829021454711e-02 7.826363406339888196e-02 7.166548450419952219e-03 9.733595500543446022e-02 8.727839233835578414e-02 3.602280141080462655e-02 8.359649376910117946e-02 5.583598644509427111e-02 3.865549341860581578e-02 9.092716174469409052e-02 6.597145373497709242e-02 7.802588302584788360e-02 5.958603604395691644e-02 3.575162840471068221e-02 3.454586530646515385e-02 2.544523439246324653e-02 7.229037913970828844e-02 6.881645202898621638e-02 3.867195598925154271e-02 3.898862067097831619e-02
6.998499081840023339e-02 2.070863392858990609e-03 3.263245363749212296e-03 8.579197697475732243e-02 5.658163696889108307e-02 4.261787221230749906e-02 7.546716867597825368e-03 7.202900403057992118e-02 1.159951455539317590e-02 2.035343384545873664e-03 7.759560841578100332e-02 4.186754898200351072e-02 8.194915066860219977e-02 5.189207885482888249e-02 8.397798278948405415e-02 1.931289912273387310e-02 3.881480764088643398e-02 1.450233458082761384e-02 3.758999059597450260e-02 2.894116568399374145e-02
5.824628552096614009e-02 2.271262004447156813e-02 3.464619575764190523e-02 3.378186706953503066e-02 3.214273947612589222e-03 2.974732160583939619e-02 5.156703713764884678e-02 1.592075443450968796e-04 2.429244073289738102e-03 1.855178977979743491e-03 6.320901987521146403e-02 3.512304186560710056e-02 1.739207489402913240e-02 7.995521962913101910e-02 8.733437797628453014e-02 3.742985871325010122e-02 8.144335600356988891e-02 3.720672347667620949e-02 9.294602271182678122e-02 5.100818247483016044e-02
1.777327502738466208e-02 6.021852140443637036e-02 7.404998281671482108e-02 4.238892834165489815e-02 5.331366998959770342e-02 4.043329103183377488e-02 1.751087714746003485e-02 9.974256333181309719e-03 4.536362114213660091e-02 4.847414204993006487e-03 5.187058159003052338e-02 1.853519341996038433e-02 4.453061645737685370e-02 6.048818648224180139e-02 8.462260802742070653e-02 4.579054869134946415e-02 8.319960687280303357e-02 8.759951257552309190e-02 1.567527070599239545e-03 6.170859799336780166e-02
1.097757292945442803e-02 2.192323294741879355e-02 2.181260589249857385e-02 9.187885439766584061e-02 5.408345448472039879e-02 7.829679007620132802e-02 5.284970756954694704e-02 9.391299927566565744e-03 6.551053829286694608e-02 1.873498421788337767e-02 8.927175782077101732e-03 8.354291720499923413e-02 5.502529151298277132e-02 5.931900273423970638e-02 3.646934562087074394e-02 8.248024666035536079e-02 6.988079244575771953e-02 5.502919590741276595e-02 4.433868062612685013e-02 8.928055173128862654e-02
4.449531394842165533e-02 6.137950505386441380e-02 9.832756535214395854e-02 9.097186171828697265e-02 9.650278226875860788e-02 6.796773258523618189e-02 8.915371015644335539e-02 9.510937828994062149e-02 5.665885249860976025e-02 5.816969061550134740e-02 3.727977737408407627e-02 5.173868666030546903e-02 1.693320793879755579e-02 5.671739311702406194e-02 3.152245329326282264e-02 7.543225201394751500e-02 7.443701320327335280e-02 8.766310251599462866e-03 9.981529419411169779e-02 1.874474924115223859e-02
7.095370573163693739e-02 3.281278674306662563e-02 9.240770838717712876e-02 5.833962473092749179e-02 4.018608906937330000e-02 6.561682847488502224e-02 1.684756185517696445e-02 6.988480012631896610e-02 1.078989190298022122e-02 4.666643052042319939e-02 4.249982094817081335e-02 3.148663028945375506e-03 7.896082811450993999e-02 2.860958108332582045e-02 1.338930658886924342e-02 2.223136122868384426e-02 3.004248587639328852e-02 3.932837103642971427e-02 9.792191510965514434e-02 5.593392943938913127e-03
8.492778682786632227e-02 2.025249537017064297e-02 8.656956404623955548e-02 4.556859466629403083e-02 3.496749203374649451e-02 1.168801030748903985e-02 6.132205069056007041e-02 2.767215894681256463e-02 4.138932086487323581e-02 2.778591389980211712e-03 8.569383113208976777e-02 3.793082785743876612e-02 6.018991211071907099e-02 6.885225428094966793e-02 1.508598453404110841e-02 8.374615750370570377e-02 2.084969040847766200e-02 3.741463503999960249e-02 8.200261602541655814e-02 6.393814040869351401e-02
6.033564561954427030e-02 9.441986947349449710e-02 6.420048933616215314e-02 8.685419170760853846e-02 9.028366534323195580e-02 8.053655343334217842e-02 8.415630765909198896e-02 3.793303888403181529e-02 7.690983077233561060e-02 9.613491031156481958e-02 1.367302773296854602e-02 3.857550079708050011e-03 7.901489494791599788e-02 6.167276877464683560e-02 2.075619032889025606e-02 8.487200246051482266e-02 2.284811386649458070e-02 6.368349226775513183e-02 3.806461500285593380e-02 4.178674702411716568e-02
4.093873270388966035e-02 4.392122083268516081e-02 3.530333982438191992e-02 7.514490028716953873e-02 3.688419746349713875e-03 4.488128341265166382e-02 9.208153292459812789e-02 4.856190883605420588e-02 6.249173749043322040e-02 8.539447618712881632e-03 9.610669925254693158e-02 3.543992649012966956e-02 9.981092818734071948e-02 2.614663613145114252e-02 3.403495775126790662e-02 8.316316161984692312e-02 6.898748199289488070e-02 6.347483840981665848e-02 9.894782849540402492e-02 2.097999293157529893e-02
1.654877635211771114e-03 2.035576099062974716e-03 2.118463683619264959e-02 5.442182532694907204e-02 8.308335414610432124e-02 4.428271899415168328e-02 2.311791707658773787e-02 3.770300729916795796e-02 9.537481597888853441e-03 7.173890163740657966e-02 2.481428561029832766e-02 7.536446289991796665e-02 9.290707181093627032e-02 5.146795227651297655e-02 8.235410418866096621e-03 7.240331889649087582e-02 6.314044525382420114e-02 2.763126784570478847e-02 8.132366521015167715e-02 6.016570863275403497e-02
4.266799790059917774e-02 2.298207324893505529e-02 5.917698433957019333e-02 6.721516619589346098e-02 8.525407077526215086e-03 5.340463782795210751e-02 1.182720701132337210e-02 3.544246342620990115e-02 7.441262509103674372e-02 9.638289991924368916e-02 9.912340468998033505e-02 5.166167502658099153e-02 1.598593525724572098e-02 6.216945370720570324e-02 1.086486808248998768e-03 7.476062760330620671e-02 1.910718542005566262e-02 3.076932015431366185e-02 2.860783141436308574e-02 1.265910641395029401e-02
5.589185564433721276e-02 8.679148740907532966e-02 9.342368311156679095e-02 4.227026247943985876e-02 7.302470789324566787e-03 3.175839405330258686e-02 6.964443219892489656e-02 5.230079827208901355e-02 1.912402249510684188e-02 9.770985328161112260e-02 3.225534963057498372e-02 9.951055966564537059e-03 8.986643069957696295e-02 7.214780000026381479e-02 1.967003649614050900e-02 2.691328456311104129e-03 5.205241105445274075e-02 5.117678768528200568e-04 8.145376975507639949e-02 7.909067897773458533e-02
8.654953699042589391e-03 2.138843713700595839e-02 8.443607644664347101e-02 2.756297286116303827e-02 7.408523007420310391e-02 6.442410439352917739e-02 7.972668946167420223e-02 1.989667432647634817e-03 2.892552475089459410e-02 9.284168776956269742e-02 5.846460807349058986e-02 4.546538094018908599e-02 9.900482468359216026e-02 3.411091296668528061e-02 6.369437844762079748e-02 1.080501917355179003e-02 8.551635768840398777e-02 4.439628662008099358e-02 3.573514140730075367e-02 5.059195366253678439e-02
3.643461857393703179e-02 1.464644440632881933e-02 4.199874828343576338e-02 4.443381107972683985e-02 3.709541665443163300e-02 9.093071555129211836e-02 6.286732554765092629e-02 8.893525812574866463e-02 1.094573804623034767e-02 4.974595001881488079e-03 8.167134753386001700e-02 7.417706143684373032e-02 3.774547445821734709e-02 6.383198688445568258e-02 2.839893176113065382e-02 2.452034770799626021e-02 2.713916420277173985e-03 7.788485040754034028e-02 9.948437429433094892e-02 1.996145095490579197e-02
2.894342385406819748e-02 4.082948659555149518e-02 4.504451599199522059e-03 8.245411387818134263e-02 2.036930683420967725e-02 5.733307478437259935e-02 8.891040792681970117e-02 2.666391595246333721e-02 9.743569498919710248e-02 1.561192137800718888e-02 4.438430128634532346e-02 8.625192230308010785e-03 1.668777594974002465e-02 8.165880974946172766e-02 3.684807443776653285e-02 1.788012432236462182e-02 6.050495916699538679e-02 8.190300082126278358e-02 2.369464027049413002e-02 3.284607505573008263e-02
3.640615196241109297e-02 6.229011044498975608e-02 1.374342479800578880e-02 6.614879271090445823e-03 9.669558553565985037e-02 7.554595563439910066e-02 5.132661181000147677e-02 9.991194786759438964e-03 6.043704111884595775e-02 9.189647623180807745e-02 9.258427106498057224e-02 3.875542129337237324e-02 4.486321355848663095e-02 2.102696463505278335e-02 1.802641703695390119e-02 2.576033956538366365e-02 2.098658626947187689e-02 5.847225662473509028e-02 6.853058551295876377e-02 7.676191132510237769e-02
