3.255583495358208568e-01 9.128877765751911011e-02 1.320750401921099160e-01 5.203638463571501338e-02 1.297160174741570637e-01 1.322709086529818001e-01 4.325231015525134171e-02 1.354317361672466302e-01 6.639758586740349133e-02 1.490472367667973197e-01 1.293555815265217401e-01 1.372836920240556868e-01 1.034707919391445741e-01 8.762384873203502011e-02 6.673211887824932742e-02 4.653547975859241570e-02 1.353417554867634431e-01 8.041732081320604464e-02 7.731478422780805118e-03 8.658720513785608808e-02
4.931930191209209918e-02 4.907419679475773233e-02 7.824338740820327431e-02 3.060459902999365309e-02 2.541907533264253869e-03 9.203411445284137571e-02 4.637835431151274279e-02 2.060691044319305082e-02 9.029266184718065524e-02 6.830378577835020948e-02 5.006950894848088973e-02 1.363613616029106870e-02 6.858972637303421827e-02 4.517303153186126574e-02 9.883048039007975849e-02 7.644560782364742679e-02 1.579987997490687329e-02 1.600991026634277642e-02 2.171386539906963384e-02 9.617281353579582026e-02
4.158164044606817156e-02 2.828244530054972034e-02 9.911183319588635562e-03 2.884253989651196573e-02 1.448793778674381007e-02 3.797367057214248720e-02 8.596741406798052987e-02 5.553510786507125790e-02 1.712712253266321025e-02 5.076343671063650309e-02 9.986775868408587220e-02 5.293549951653572783e-02 6.396313102915099358e-02 1.788001354241873855e-02 5.586471413494287393e-03 7.456467547645359573e-02 7.544115989465151328e-02 3.168947712674369255e-02 9.929856421953525691e-02 9.396974643287922535e-02
4.864048827725907936e-02 4.291298498754767682e-02 3.525560968167367609e-02 7.507842641054604527e-02 7.545247818540079532e-02 4.289064760072210103e-02 9.583723906595276176e-02 9.504516638466289913e-02 7.018762487342330991e-02 8.626580970668469572e-02 7.584251848971067245e-02 6.535531977793823666e-02 7.636171082409358435e-02 7.011018542204527915e-02 3.206570238980410020e-02 4.952552881034780891e-02 9.641183147306887913e-02 3.146725688439610397e-02 3.377245752139334395e-02 2.664284635345719535e-02
2.149852625244560653e-02 9.519845867976800546e-02 8.635153238967395450e-02 1.572695053537714882e-02 2.265041634972213627e-02 9.200871667619620053e-02 5.379047467499699364e-02 6.481809303530937372e-02 8.159387527181544142e-02 2.406669810081173491e-02 4.570942945757027615e-02 2.651550007225088670e-02 8.465762394862297313e-03 5.668837948262563098e-02 8.610287305196409613e-02 8.635310696683501375e-02 1.439772191830668454e-04 1.721751136810717453e-02 7.536674988876501668e-02 9.586565740405755820e-02
5.108630032344562560e-02 2.146785813397844751e-03 7.982632769965823660e-02 8.336377232498281761e-03 8.550200416312840612e-02 6.803818792060445375e-02 3.044928485756758299e-02 7.310987059115707509e-02 9.502860572714824650e-02 9.404545480446319106e-02 1.184114978262466172e-02 5.520919405757698795e-02 1.633189787039053195e-02 5.801272625117100123e-02 9.990041102695869021e-03 5.390705440751980548e-02 3.765807520207986852e-03 3.364646280933288741e-02 2.428268440502190633e-03 1.765721432923967812e-02
1.937037322607011725e-02 9.245339345058785352e-02 1.925533895332014536e-02 6.330998489364308979e-02 4.286422508607162785e-02 3.640884904626097429e-02 3.618903327365417116e-02 9.401783309822109302e-02 4.365411986075352045e-03 2.902824076198763648e-02 3.226939171300352571e-02 4.110756613266765280e-02 8.115813390169890340e-02 6.058012457669310902e-02 7.626719775251426803e-02 5.069034551201662131e-02 6.724934452682634900e-02 2.416853580995942385e-02 6.285749489546464674e-02 1.737402288049180385e-02
3.405213455570309938e-02 7.935856608909268306e-02 3.872895882764017250e-02 6.735745698856740460e-02 5.438213068869657274e-03 9.367182762997752765e-02 7.288401060250422614e-02 2.077835506130540008e-02 9.975643367667899608e-02 5.804745002265065956e-02 8.018026105329319198e-02 1.964727805162806012e-02 9.733838995734278576e-02 2.229688813714320039e-02 6.495116395809608090e-02 1.669748747679743531e-02 1.584064852526156919e-02 4.916857661672721647e-02 3.123360834124466918e-03 8.727043421224535413e-02
7.656508537381367940e-02 7.511282871825514240e-02 5.122578752704626259e-02 2.821898429944398601e-02 3.830742865547345777e-02 4.151157976669073678e-03 8.946215571181825865e-02 3.273700756850239646e-02 3.014572766830603268e-02 7.664682665991123800e-02 9.625403825021326687e-02 2.088157143809202948e-02 5.647717102132110943e-03 3.002466519875749557e-02 4.946401799154499790e-02 7.791217691033130999e-02 8.046586603686602113e-02 9.357420964256565887e-02 6.959214812368180736e-02 5.886496306137400242e-02
6.990106117220772075e-02 6.693702424236015747e-02 3.620323930719895195e-02 9.075724899444873039e-02 9.916225650747746354e-03 5.752834414999927204e-02 9.591459111156802608e-02 1.869248250348617621e-02 8.118593213998132052e-02 5.101584408489658051e-02 1.314139767658233440e-02 4.474727637657038674e-03 8.315952945910175254e-02 4.756361577642331806e-02 1.218428100855782972e-02 4.825765714807903756e-02 2.441614464598164391e-02 9.946497323249908762e-02 3.760686687610945156e-02 5.715986555087688992e-02
2.895489627164151911e-02 2.013209933424614517e-02 6.769000472416905612e-02 9.258703356365806381e-02 5.874135036780835789e-02 5.306930995980248256e-02 2.943312998521320500e-02 2.944341923102795910e-02 4.261934716314000338e-02 6.791209916768489729e-02 1.542167454713339134e-03 4.799159758584543856e-02 8.764646621865791742e-02 4.711548951142718877e-02 5.457199104118675564e-02 9.797244072825747607e-02 3.566843874261899083e-02 4.963065915512881315e-02 2.944017986969423017e-02 3.840671328488198810e-03
1.177276720686722990e-02 9.219467765318849206e-02 6.355007873868122326e-02 3.887266533415117270e-02 4.263176423961675954e-02 4.907014990583755815e-02 1.366339985763520559e-02 7.637755432526202592e-02 8.750494917450578336e-02 9.144281594517987555e-02 1.997763658000439781e-03 7.418035227299595025e-02 7.490870777483062126e-02 2.161360012738430467e-02 9.367078366896108843e-02 5.137935091635932594e-02 7.328924220095008046e-02 3.684569418665788881e-02 4.128697102870737719e-03 7.573175626411041139e-02
3.942339871386221772e-02 3.666488658166656978e-02 7.574885179047885844e-03 3.555239292241740845e-02 6.882601657571539577e-02 9.481706826918712139e-02 4.419132032538831099e-03 4.412567114195040802e-02 1.404037110217691911e-02 9.082368348778681322e-02 8.909140785877201277e-03 2.523732780513943119e-02 3.996134362517133470e-02 2.888672760607851123e-02 2.497609257144886227e-02 3.563688483061983048e-02 2.748693965014954721e-02 4.833300550155594788e-02 4.535488213725940437e-02 8.057811650232292455e-02
4.155694332689119884e-03 5.876793527658255578e-02 4.129243460176595937e-02 6.844996449890256018e-02 7.779565395628229574e-02 4.005438875379563161e-03 6.746839787776494346e-02 9.280554812216444682e-02 6.074825631602076559e-02 1.041985347578346967e-02 7.379206924703911319e-02 9.395223786645455488e-02 3.271622252750831100e-02 6.534311275154270141e-03 9.216610762665397583e-02 9.371404451762736787e-02 4.574441617303191127e-02 4.181369077849056426e-02 3.489944652987287104e-03 7.473637755903883746e-03
2.920849089739252589e-03 3.694450604083385908e-02 3.642268615025746892e-02 1.020374184863067669e-02 4.934165946565854249e-02 2.297602197745912678e-02 2.600104710587666443e-02 9.357107942490308639e-02 3.201980431038534830e-02 7.696104101380021878e-02 5.375213814348128727e-02 4.427532770673581197e-02 2.955460129618360521e-02 8.556940670762971934e-02 8.838184977250379548e-02 8.291375706691727840e-03 9.388746494420940891e-02 8.151887460044592026e-02 1.533567296864825173e-02 4.637485821751154147e-02
3.781426207620552926e-02 4.903519717049418386e-02 7.326751934862134330e-02 9.860697799769160832e-02 9.973273469622806475e-02 2.037591194927977981e-02 7.037329876588992172e-02 6.998508617316352709e-02 3.564361195304401042e-02 3.420054226598830821e-02 6.106118726432355898e-02 7.645415769647156967e-02 1.725895051071660996e-02 4.588408105163336442e-02 4.735995966774153576e-03 1.684464612540778269e-02 5.292088417963184549e-02 9.596517296471782088e-02 2.038773787713814636e-02 2.435591865671722644e-02
6.096614792719803888e-02 7.632026651773816950e-02 8.717782284757699673e-02 7.017619204272452366e-03 1.775932446321841843e-02 2.695096740228617588e-02 1.083504647496804675e-02 2.213777161955399198e-02 6.279951179901741010e-02 9.236073678239309359e-03 5.923352253330045614e-02 8.378855526114074859e-02 8.927110317579922683e-02 6.760721589444777802e-02 7.698695650900500009e-02 4.251481803794476128e-02 8.769797896019368433e-02 9.651307093530364645e-02 3.309949620204614279e-02 8.018033899195348146e-02
3.139997811175439246e-02 1.913193509393075475e-02 9.270037597212384128e-02 8.480788631774614783e-02 4.860812647444696932e-02 1.579161862799875055e-02 5.099752616256193749e-02 9.475975739164760325e-02 1.206848773340757353e-02 7.346759738864772071e-02 6.987069649966692886e-02 1.043468663805112787e-02 9.178688660259093010e-03 2.815511135015450611e-02 6.661520783453693528e-02 6.221911539508578892e-02 3.397260296528007567e-02 1.966050874010867588e-02 2.053735661398828002e-02 1.998262070648175806e-02
8.573551468002427178e-02 2.626401853246099899e-02 3.534156320655968027e-03 1.867972342425938681e-02 9.508856885468319753e-02 8.709842561684327800e-02 7.094786716314481489e-02 5.018779554802849097e-02 5.512903128733444291e-02 9.164969882868184703e-02 1.355930519391815997e-02 4.725292767289655110e-02 4.053180209010297935e-02 7.064033457287080542e-02 8.263230781612949938e-02 6.614638443298903603e-03 1.657207485200938926e-02 2.540172713072072139e-02 7.977604047135493370e-02 5.841562208814030793e-02
1.179013526628267666e-02 5.848034968191307076e-04 4.602672781831514126e-02 5.218828420814708435e-02 2.541233214683838101e-02 4.861317953270025138e-02 3.542106833671676558e-03 4.486733635459403541e-02 5.955637482145614142e-02 2.268847430323100989e-02 9.670718340379051703e-02 1.975406463404705271e-02 2.606003883007773636e-02 5.326767505649311618e-02 6.763251108428269820e-02 4.017591012034626985e-02 4.908066301532215681e-02 8.850502598007177479e-02 7.742079516017586101e-03 3.894043411382411973e-02
