1.777812873985646913e-01 7.289432992848858539e-02 7.049813858884151907e-02 7.974006958101000075e-02 1.188743496731958227e-01 2.435497632217421132e-02 8.449446948008070002e-02 6.052179051420203404e-02 1.031162592977606235e-01 1.184166128342145352e-01 1.279025528708798709e-01 1.264934905249818775e-01 1.522692209420589138e-01 4.249495788160327636e-02 9.890312611700272094e-02 8.464665800399739926e-02 9.156889369324751338e-02 1.356281356687833450e-01 1.146217381680356973e-01 2.363991409210864161e-02
6.930012924918017847e-02 9.663216746557562464e-02 2.548432924157770924e-02 6.445883537691456111e-02 7.758886440719203748e-02 8.529533259794738753e-02 8.328810345734694032e-02 3.927787528314004295e-02 7.636733184586930179e-02 4.863384821126078006e-02 9.811938140763622196e-03 1.870017370826979747e-02 2.724370695932379002e-02 2.946370650281061876e-02 9.632727442653737926e-02 8.514505628148635874e-02 6.454774661621669185e-02 4.813738745446795309e-02 6.773019987823526017e-03 8.807203323913371379e-03
7.483639277954304281e-02 7.068319850704171681e-02 4.164348234541635080e-02 6.003104312677309817e-03 4.608288373731838500e-02 2.474629993179126158e-02 3.891984824922248981e-02 7.898835234684721193e-03 4.734654689461212373e-02 4.407772189352310299e-02 6.873568804618754302e-02 3.284886555912565342e-02 4.006295764470111515e-02 3.474583459930986884e-02 2.972288284457458470e-03 4.137601239051052343e-02 5.506886732041843535e-02 6.563284264326645079e-02 6.946268414092250654e-02 7.452688707360589915e-02
5.244216901228393457e-03 1.545792281260749412e-02 3.449387378205951565e-02 2.730643335488868242e-02 8.634430006574712359e-04 6.299455295186222326e-02 2.228741703599251833e-02 5.461370569286775473e-02 7.972395092654754878e-02 4.463785820362053958e-03 9.478120808671970654e-02 5.460042281183923735e-02 4.285258788402371288e-02 2.233233241597061547e-02 1.874100677730994443e-03 5.279887872975223134e-02 6.212096397777169821e-02 6.101119639712017373e-02 5.615632690275176864e-02 9.186521134322847559e-02
6.018648460842754289e-02 5.017760158021788985e-02 5.903060274982378092e-02 4.644321025635873845e-02 4.641769001993135968e-02 6.972259078607445822e-03 1.756502014316044941e-02 3.749180282155728863e-03 1.052208287592574371e-02 4.650714469087616904e-02 7.096688497851298683e-02 3.440987681511571694e-02 9.742255741777765266e-02 8.921447907314068726e-02 3.332972482072643627e-02 6.868410940407304599e-02 3.045742793177727212e-02 9.851628183260192906e-02 1.945966938691249398e-02 7.205395389642333011e-03
7.794149187971531612e-02 2.863027085194444141e-02 2.299389613089436457e-02 6.029519616568976975e-02 2.637219696779016451e-02 5.832668042212531267e-02 5.512954116546334854e-02 4.087583005940412934e-02 6.049955403350120581e-02 9.858687359364616543e-02 5.192735993811875561e-02 7.754588162144721020e-02 8.123860025229572013e-02 1.161443224666265477e-02 5.468443570899730877e-02 1.257463422276454759e-02 5.682949575252663199e-02 3.752697352347904997e-02 4.462199408464950084e-02 3.985944021781067520e-02
1.575671432485848886e-02 1.296946403031813515e-02 9.185133665227644684e-02 5.939737871456393647e-02 2.143134304155661779e-02 4.532091739132221297e-02 5.901116216563284667e-02 8.769366733464613317e-02 7.054223547862518984e-02 3.195922121638344188e-02 8.330701344882994464e-02 6.207300078874054133e-02 7.134087362565331991e-02 8.039569116569601770e-02 3.940725911944117921e-02 8.736371897993475133e-02 3.545631299753870813e-02 2.599160038297272657e-02 3.271518780744936405e-02 9.285705754714962401e-02
2.409654392170770473e-02 9.941285298232664658e-02 2.696714273739345830e-02 8.572118241422323204e-02 4.768769166841377999e-02 7.901276511795676805e-02 3.211631871541727884e-02 4.741268943993803830e-02 5.575543397598975437e-02 3.023059275773327947e-02 7.056779062169270256e-02 7.923826281588464485e-03 3.285831999692900851e-02 8.136475143637493523e-02 3.335855538193179676e-02 3.466050313302395519e-02 3.852946809865576399e-03 4.579398563437050984e-02 2.444563664814360104e-02 5.088159727063026883e-02
1.827551413356032304e-03 4.700816277515307631e-03 3.003904869781604328e-03 1.173326708277691068e-02 2.451687990812102813e-02 9.738717512321198866e-02 3.244137505519938819e-02 6.578699387274805632e-02 6.663229375423319889e-02 5.778334636172719613e-02 1.183692028498936101e-02 9.563393952939151788e-02 6.400085123177547131e-02 2.392828146533754197e-02 3.488753358120386810e-02 2.000463527194567062e-02 3.831895686891408082e-02 2.983367608212060887e-02 4.876425298763810423e-02 4.971455215167006059e-02
1.190234312717822901e-02 7.839523964342179352e-02 1.801524072668984205e-02 7.667529601591979715e-02 3.647298495978987948e-02 6.210982076827809006e-02 1.888453965424275035e-03 4.722749314868799481e-02 4.945831675508427505e-02 1.981831183153685144e-02 8.205484719390533123e-04 7.048548274904686828e-02 7.344672422512259213e-02 5.136562180266714128e-02 4.728034760874089311e-03 5.940870715196486934e-02 2.158948582628605894e-02 9.745236217739838835e-02 6.006778509959495582e-02 2.239533956802402040e-02
2.653396353728444679e-02 5.620487005458191243e-02 1.756367943633493564e-02 9.392165467928248468e-02 9.306371633685051048e-02 3.484337949247553329e-02 4.099613135136412345e-02 4.893290901186955755e-02 5.467238732556126135e-02 1.169172475909217163e-02 1.091348398017444321e-03 8.503255123174092989e-02 6.390431295293742819e-02 8.698414255913393400e-02 8.268430508869373946e-03 7.932669464646363577e-02 5.265214858571940632e-02 3.259032038106512291e-02 4.415239140157936615e-02 9.045018765163162500e-02
3.290869280360553262e-02 7.324438555693416064e-02 2.861506482517545136e-02 7.885333480913192528e-02 4.140414622122029487e-02 5.721997836039915269e-02 6.127863603335004239e-03 3.347858982028939501e-02 7.109027431922416984e-02 9.896179035004161462e-02 8.884704991993287726e-02 3.947919443901343195e-02 8.399083726509404269e-02 5.015370719877229599e-02 5.591109512104688872e-02 7.616047770950674922e-02 8.446138774805142524e-02 1.821264967624093220e-02 1.734101978742751474e-02 2.313960702106763329e-02
3.815201529334059233e-02 6.149385972207839501e-02 6.382011416964201989e-02 1.653298529978912759e-02 6.748346815203178084e-02 6.810653102951778892e-02 2.802406456094383089e-02 3.771208982135641069e-02 2.560837163666799393e-02 1.255287466867021154e-02 8.422681991837333015e-02 1.171782356049052599e-02 5.852834014936059669e-03 7.118645181605870453e-02 1.232752045481545593e-02 1.074004286957538391e-02 2.482440400682953824e-02 1.830487612645214160e-02 9.997557494221379071e-02 1.501161677248441561e-03
3.188272215937931059e-02 3.358401293471176968e-02 4.238455931437826868e-02 9.102681259128576896e-02 2.326031828954738812e-02 8.313511338530049644e-02 5.967881257434561049e-02 3.236040572257205261e-02 4.775050327859649280e-02 6.978353546704635368e-02 5.951394947130229929e-02 1.985409195888946515e-02 6.412571324302752951e-02 1.422036021377426525e-03 6.518120851342812730e-03 8.893232237776327320e-02 1.039432204317190106e-02 1.942643605620604508e-02 2.339137581318208314e-02 2.287197677016412911e-02
9.483607221094542128e-02 7.007364196463401751e-02 1.513262790841369936e-02 7.349127463962712437e-02 6.111808524706568990e-02 1.668192778950511324e-02 4.071925619894678494e-02 6.328404674748021319e-02 7.620385711602331580e-02 6.707734138900267942e-03 5.929290983858179903e-02 2.974761493008770772e-03 1.764731338347691513e-03 7.546385586494283593e-02 7.468301497950949330e-02 7.342415748576122669e-02 3.065727610639301659e-02 2.815630645892165662e-02 4.037549176328578127e-02 3.971624804292050309e-02
5.875531503781949993e-03 7.546405544947509814e-02 4.774058646864535321e-02 3.477752815823405980e-02 4.511179293585144967e-02 3.989214434572231627e-02 1.062429529150676899e-02 5.903138269302317387e-02 5.667379890916141028e-02 2.420218472082406175e-02 9.247221103598667058e-02 6.063963102960362450e-02 7.460421771728074913e-02 2.375677104724037772e-02 3.371347026611633269e-02 4.627091695378351965e-02 7.924234862530807333e-02 8.150709043776641072e-02 3.006799193460937478e-02 8.031882749581219227e-02
9.524300012354033895e-02 7.849901798238745343e-02 9.038681609569099162e-02 8.444410846297016604e-02 3.722194539279060493e-02 3.095091437495214523e-02 8.572230793576701702e-02 1.585364015731145423e-02 1.013018419792430930e-02 1.606539551716737110e-02 3.983087618202363171e-03 3.695146047257302085e-02 5.183720775663890751e-02 1.612419225857995159e-02 8.947135899768243750e-02 4.707101915001270925e-02 1.525209257749566942e-02 9.816357937823574908e-02 6.700643949750471895e-02 9.534571004582048648e-02
5.677937917632947147e-03 2.622642937263497398e-02 7.327234855619749188e-02 7.681233772604903476e-02 8.114942809814908176e-02 9.699944279065922381e-02 9.695520255841334756e-02 6.456424491060940019e-02 6.301593808111004280e-02 5.550021260261367440e-02 7.703156342801960321e-02 2.834171913166094736e-02 2.695206917801713786e-02 5.727201903570355163e-02 4.909841233556621470e-02 6.263461830537947472e-02 5.867838498789245544e-02 9.401405256149991674e-02 7.546229057926075179e-02 8.574397673485595339e-02
6.970089465308408616e-02 1.853077455397475135e-02 4.875291388544061161e-02 3.785879313067618684e-02 6.627508001751414822e-03 9.691264930279958056e-02 7.222708533951298360e-02 5.025002371882310304e-02 2.126027230418061839e-02 5.963436302126205041e-02 3.322697794730220672e-02 6.541109949618467700e-02 6.695790286261704694e-02 5.422607447520111541e-03 6.254511859407640983e-02 8.425253361782931993e-02 5.837995099198604182e-02 6.705502422430711928e-02 7.959671861939446313e-02 7.431152621209351217e-02
3.291609223127534012e-02 9.873242140713722748e-02 9.835462629411978464e-02 1.207993530323332558e-02 5.590937873665723784e-02 1.838640354969351895e-02 6.770093914496849719e-02 5.921368384003899976e-02 9.435921447576441079e-02 9.565196059471603451e-02 5.980994280615926223e-03 7.282661036393223673e-03 9.630253440663272269e-02 1.682991372737433627e-02 4.404324564338892023e-02 3.094211394910609952e-02 5.862185832061740653e-02 6.381606630613852194e-02 3.424474381893991698e-02 8.123385410988209765e-02
