2.835335985450184171e-01 1.116782903633626867e-01 1.123857475674152895e-01 8.165080095267482352e-02 1.028571780298632860e-01 1.089381923878125907e-01 4.588021535304999399e-02 1.003506216149290670e-01 5.722260204747178086e-02 8.511674130131553773e-02 1.337434679235249280e-01 1.394557840003849414e-01 9.852806607184225185e-02 1.565205435394064759e-01 1.037726630704507158e-01 1.579911995471899866e-01 6.120430038942156759e-02 8.255731343477827611e-02 1.238857688668292545e-01 1.130468871348090515e-01
7.504669577266243063e-02 8.313095767760712851e-02 8.110930462767915183e-02 8.025756468087422157e-02 1.064937545957378006e-03 5.879160726821435617e-02 6.135559109744773837e-02 6.505057717812101625e-02 8.938100205460057512e-02 2.598591601080699198e-02 6.250237659548769399e-03 5.095685120678936780e-02 6.406861755171815165e-02 5.420571719938679228e-02 2.403388498431633866e-02 1.041053450046616341e-01 1.016950778883677908e-01 4.445099018553405612e-02 6.962101897295044917e-02 4.006860388254768895e-02
9.834488768058509411e-02 9.208485026418677943e-02 6.439780118050397739e-02 4.590312882988717424e-02 9.995589110243287279e-02 3.431849471800678397e-02 9.285398787855074498e-02 4.841419204328563375e-02 8.333712280388118343e-02 1.047562269738775281e-01 3.588356473581955780e-02 3.789506904226028206e-02 1.007137947305588171e-01 3.279150275581231566e-02 2.462723993754849586e-02 9.089861704948947602e-03 1.051659147348462525e-01 8.160931010743588399e-02 8.675997001951715748e-02 8.225574418754950934e-02
4.172372555760226289e-04 8.647135288088568517e-02 5.304719533634690704e-02 2.024801171664450047e-02 2.517259175177656225e-02 3.668096656176614290e-02 7.788428950270177842e-02 8.874546570581854851e-03 4.681246533671410553e-02 7.173687871027066565e-02 5.810452089334542519e-02 6.238628972035548158e-04 6.087444490284416032e-02 8.514626734092567428e-02 4.406628929315115420e-03 9.921161612010488684e-02 2.095495071173101090e-02 2.885150564656079747e-02 3.407276462146487800e-02 5.182860211466768646e-02
3.625071351302626421e-02 8.621985925340308610e-02 6.601375660034244919e-02 7.215732833442532745e-02 4.082205964813104271e-02 4.415392603493772938e-02 2.350937554108899208e-02 6.104033095799730330e-02 4.612823834373618037e-02 9.969066904059309397e-02 6.532862981686241022e-02 2.315823424404344407e-03 3.746955013500970211e-02 5.824952696515591638e-02 3.008836286204470689e-02 1.062828924255956875e-01 6.053521196249983527e-02 8.290587389388422157e-02 3.289973901182118715e-02 1.048620027208167355e-01
3.217636121272290234e-03 4.442060067992691097e-02 9.778387339561636638e-02 7.262373406097540063e-02 5.183285343126907418e-02 9.476869954841712906e-02 1.060353016501950491e-01 7.350189035866807816e-03 3.528328930880415826e-02 8.457437303695132524e-02 4.832313171267220431e-02 1.007933622564074518e-02 3.178293414110301696e-02 7.832596304403208198e-02 8.958788358848326916e-02 3.438745182306031378e-02 1.142533521460340970e-02 9.508301289477266716e-02 1.044430927086922867e-01 3.416231463852930500e-02
3.358559680007507098e-02 4.853449547372456346e-02 4.326715453143484269e-02 7.003490676855847474e-02 2.857828281172497195e-02 9.854668877425558360e-02 3.779570061437129147e-02 3.146417509952814662e-02 2.830971222955644753e-02 4.551765591482311024e-02 3.848235931704242774e-02 7.403342780768612519e-02 5.125168571848828791e-02 9.957876076654137085e-03 2.741612540649836574e-02 1.363331013681255352e-02 1.048730875904180931e-02 1.715340014491503794e-03 9.265338817956826623e-02 5.441120384723006215e-02
9.625873731570715186e-02 6.898613831416820427e-03 1.912182049688166026e-03 7.379445938513866377e-02 1.119455134725654173e-02 4.970992077909880402e-02 9.938807382007135149e-02 8.332673617871477756e-02 6.637039096202135280e-02 8.327661099034637526e-02 2.863677698020621401e-02 1.036691816320375326e-01 7.018089567548632668e-02 2.019304988909145435e-02 6.058972907380667100e-02 4.491204615215239199e-02 1.046913893755747338e-01 7.568760241504225716e-02 2.800863882814089156e-02 7.246350701265126537e-02
1.290272140857518651e-03 6.109263371080916882e-02 4.410327090532946415e-02 8.654066569210713822e-02 9.964806836635703435e-02 8.543977122283680226e-02 8.062158090920057418e-02 7.109707453246291720e-02 7.866081312994145647e-02 8.066688074518229071e-03 7.708223603663079404e-02 3.436712754051700347e-02 8.028941801522621047e-02 9.535709817363710594e-02 5.511579433971133118e-02 1.024012545855873535e-01 9.026127829593583174e-02 4.087046255249229820e-02 2.403345873224715934e-02 8.046028678074211571e-02
4.662397833932481646e-03 2.156212572111554371e-02 6.682463190160116417e-02 1.666694906100107954e-02 9.272706893039642587e-03 4.829794991279616478e-02 2.370952679520713438e-02 4.713630869504366327e-02 5.029933268736992008e-02 1.039135457878206381e-01 1.117744227576083528e-02 8.166057115876959593e-02 7.651791812826662376e-02 7.250749017646788974e-02 6.661665716066050846e-02 7.388731507277686295e-02 4.334656283199695564e-02 1.314738081696282222e-02 5.542131065808896147e-03 5.117664803033190879e-02
4.424679888433558431e-03 8.164762323803688437e-02 9.128896920162946765e-03 8.577604408199527089e-03 5.748484293054140909e-02 7.365343556756548393e-02 6.810407338065564784e-04 9.915342761591146303e-02 9.250581786257465466e-02 2.372728518151101529e-02 2.745299773135555232e-02 2.506467068746208015e-03 9.871196426223526055e-02 3.545347079984791788e-02 4.619814799991102741e-03 6.226863276291393079e-02 5.704637875556017174e-02 6.205334015517433022e-02 5.374928760240286910e-04 3.885281434669547035e-02
9.441839482131067496e-02 5.989543167379885596e-02 7.356731315848788130e-03 5.238574383600257123e-02 2.472195698517205831e-02 5.982217522514279157e-02 7.187584298294089069e-02 1.047891165742825398e-01 7.419679618634077156e-02 6.369510344951063996e-02 2.330829317513169463e-02 4.626671012511942432e-02 6.757854474946678458e-02 1.043900082813615515e-01 4.867647225752183560e-02 6.183260689750258443e-02 9.216026428185265795e-02 3.732757478988079497e-02 7.217946292780844098e-02 7.286364871093041484e-02
4.854248806267461719e-02 2.046995921874495902e-02 2.809074001505456816e-02 4.715594771969199017e-02 7.143065149421397309e-02 9.373752879456645482e-02 8.476612093925926794e-02 4.674546551567107001e-03 1.895136544325961778e-02 8.689788080466417930e-02 1.790810918044384581e-02 9.845085221127285180e-02 1.010141500427262917e-01 4.455457248977402057e-02 9.271793548489208614e-02 2.541054877110898724e-02 8.995823014582700339e-02 1.843816554088159240e-02 7.153126804999537791e-02 5.367947408048216046e-02
3.697676200000985652e-02 4.435309838552362049e-02 5.471231433111387044e-02 6.696017375746426969e-02 4.425547864750984522e-02 4.600786696268710507e-02 1.001591240951215100e-01 9.469895288566436420e-02 5.184456788927641752e-02 7.853822323120063231e-02 9.759760285969533433e-02 8.499994707106772740e-02 7.290372619427848422e-02 5.138969290505005644e-02 1.051550327935911466e-01 1.550844016386448976e-02 3.701136352766854626e-04 7.163471011037982061e-02 4.826542371029360345e-02 2.455966447587833862e-02
4.779819895123333523e-02 1.676963146355794562e-02 1.033229216121219207e-01 1.052622644100792981e-01 4.398772349818338978e-02 9.341899844316263468e-02 2.321516342594923815e-02 9.369860834527461713e-02 2.954386921256438314e-02 4.779362119312225571e-03 9.399340358425181674e-02 2.163199757335907553e-02 3.961816557677869804e-02 1.376366666633580850e-02 9.584436967258598561e-02 3.890184135989630670e-02 4.874520343683949597e-02 7.084879566925346428e-02 1.825084297945063841e-02 5.276669032265290243e-02
5.277355268453998854e-02 7.565335842159723323e-02 8.450484877292882557e-02 1.034298366972212779e-01 2.600865843183031850e-02 3.838606477872640727e-02 9.815800846212471842e-02 7.598144732227610221e-02 4.133141689486263121e-02 1.742072317205645843e-02 3.660474881347822868e-02 7.493062936129864238e-02 2.463689381732549546e-02 6.151880617794719397e-02 7.029878765486861913e-02 4.201502895233733686e-02 1.228952665469015479e-02 3.718527649724195916e-02 9.411907906755340170e-02 8.382081154710850635e-02
5.286874421807548352e-02 1.180453325927575611e-02 3.425687700530342938e-02 1.655395398163684445e-02 9.078794507071143161e-02 7.229108311798042308e-02 1.070635937989751346e-01 2.934859025450049438e-02 2.884762795425633089e-02 9.421028407262781179e-02 1.455923130281350578e-02 9.209820736499664540e-02 2.235754877811686574e-03 7.779714109734585381e-02 6.007072738807759348e-03 8.579757482886929409e-02 1.685701647720387608e-02 4.946437545187797741e-02 1.014858954451581946e-01 6.118792043228472866e-02
6.528805320545100210e-02 2.112640086898433939e-02 3.134989992760073979e-02 9.102260341863496751e-02 1.236687005162167598e-02 3.997768125131084122e-02 6.333913540525713814e-02 3.098212012466473181e-02 9.735969526761965864e-02 1.272448120798653180e-02 2.302232353685086316e-02 9.035915927785778679e-02 5.947980506550323149e-02 7.632288708087654749e-02 3.710804088995437160e-03 2.549077709175747233e-02 9.643054247329926887e-02 1.504466173393368116e-04 7.686895115460498640e-02 3.161876702794824689e-02
6.037175669141279372e-03 4.786213796018941834e-03 1.927554314201984989e-02 2.248449865146744109e-02 7.683175840959949321e-02 3.826144860556913302e-02 6.187332831870519245e-02 6.091834176350266819e-03 5.686793562687388753e-02 2.437185620333801733e-02 9.935198049776726437e-02 5.382240064025636817e-02 5.875697508230294519e-02 8.700255271677208302e-02 4.049186038750654526e-02 9.094306742796712251e-02 6.278668660910425615e-03 8.012367945156946905e-03 8.653847319503364666e-02 6.351038962322834436e-02
1.005019917852948558e-01 1.058592381514149444e-01 8.654779677145504890e-02 4.115255256781959886e-02 1.030847716922589918e-01 7.668882547231027635e-02 6.252643974077061462e-02 7.322292932885698935e-02 9.354823220478750145e-02 2.892315312102996389e-02 5.643050817604722963e-02 3.551948983521285852e-02 9.845330283188545584e-02 2.062226475069890014e-02 8.994592477919606532e-02 9.276501445708126847e-02 9.711597579755126830e-02 1.416919402140988556e-02 1.037725707233983913e-01 5.272264226444736690e-02
