2.292329887751482220e-01 1.289105995658955395e-01 3.698334764648319312e-02 5.135040425872717390e-02 2.662577720588323038e-02 9.748773325933665634e-02 5.120197521777530847e-02 1.490371023739802125e-01 6.320036780688396971e-02 8.835371717119097634e-02 6.612015080249368515e-02 9.169187000904184537e-02 8.536075806119636233e-02 1.585137519292150188e-01 9.730153716298181599e-02 1.316116594591365194e-02 1.493965034886938180e-02 1.097975843537401380e-01 1.302490834847520040e-01 3.522439162515537264e-02
8.339998733278625176e-02 8.008278344291130946e-03 4.627416535296964561e-02 1.579603505325219079e-02 3.662840908235386744e-02 7.153813942711427509e-02 7.988458346809620969e-02 6.616719875405041584e-02 5.529183384524072320e-03 3.813333033909122038e-02 6.365459032436904252e-03 5.101411723666490761e-02 5.738525319657189483e-02 8.630647792701985621e-02 4.998711295400892762e-02 6.989354559210242401e-02 7.274860899698039340e-02 4.021817415959685893e-02 5.233513333984627508e-02 3.669678345412379777e-02
2.462910324120057975e-02 6.791540227001134633e-02 5.676245990787973789e-02 1.205435827735136349e-02 3.156484067223552792e-02 9.680538037412264596e-02 9.212208813875155666e-02 2.793977664583350423e-02 8.811246567945131558e-02 7.396169034231801775e-02 4.470020250523229488e-02 8.112311305777124282e-02 7.040210660614246163e-02 6.176022766726572272e-02 6.119078230073570629e-02 1.340881966185010314e-02 1.425256900407634308e-02 9.990074722925302783e-03 9.559059209349062003e-02 8.193374447102730329e-02
6.133291847629922938e-02 1.786433849866049181e-02 8.008297347289664025e-02 8.894118005628387502e-02 5.618639535894040526e-02 4.559003843611245110e-02 4.122372323479110007e-02 6.121352997111537825e-02 3.415770732115510494e-02 4.276497330186478790e-02 8.755274048704247969e-02 5.971018931074992264e-02 1.969363777286027573e-02 2.623797556646312312e-02 3.518509644147571613e-04 4.346860856559484065e-02 7.627477214931940863e-02 7.594872874904298743e-02 4.658668950405775271e-03 9.044887176315014043e-02
7.566477143394123583e-02 5.785520561642867876e-02 1.397063725369813818e-02 6.344381410505954555e-02 3.555275462974782225e-02 7.991821609672941640e-02 7.920520853071899570e-02 3.155224659726552083e-02 3.934550854180651064e-02 8.303490317563000378e-02 2.818246663367667340e-02 8.807958229812630144e-03 4.173551813769511842e-02 1.981532357219684126e-02 5.716099324345017690e-02 2.182662427435926381e-02 2.635334957583742796e-02 1.309572872397035855e-03 1.566722656940516822e-02 2.354518833080940926e-02
1.383913367028157849e-02 7.101330152199998580e-02 7.884290102377537746e-02 1.800866045884111019e-02 2.215919404164945483e-02 9.810441347402965029e-02 3.545992677437378310e-02 3.472036451811282703e-02 1.367012381788409482e-02 1.008027692456808788e-02 6.121760116756161385e-02 9.524531702545463441e-02 2.013362126455194023e-02 5.683684712842066583e-02 7.273724052891888947e-02 4.052752979000256300e-02 3.862415565184110916e-02 9.294660422347190976e-02 8.161333114055860372e-02 2.603238935935430279e-02
3.733480811484968243e-02 8.699598756650278597e-02 1.180923710947704569e-02 9.849603220425066918e-02 2.709957596954704236e-03 3.041120644929293931e-02 7.043412052603507945e-02 7.553659117058941774e-02 1.815798181011696495e-03 7.567906437854787782e-02 4.467769025269559269e-02 6.148549265479439502e-02 8.983992488637140839e-02 1.434072964542781881e-02 4.820510476097480956e-02 7.477382672018584309e-03 8.215376040613609626e-03 1.450408670485632372e-02 8.246064188950397861e-03 8.388567637226818086e-02
1.238719270087563877e-02 1.371350081277533661e-03 4.163384636634851615e-02 1.436453969276229106e-02 4.473748836925393185e-02 2.705305543218642500e-02 4.828577588119765951e-02 9.219815375361592458e-02 3.377104993350329293e-02 3.299706345647419881e-02 2.230200367623491609e-02 4.263690626953893503e-02 5.004542926827629246e-02 6.211796274941840112e-02 8.786135467807648647e-02 5.669858710090465437e-02 1.355315577927086561e-02 1.084768257700262709e-02 2.893149744633173592e-02 6.775467141347067679e-02
7.486004605328287764e-02 9.768539695370181963e-02 6.701584138165359028e-02 2.868585810170891717e-02 8.897059525584305462e-02 7.362376950283615329e-02 4.829469353556782585e-02 5.868841930696729048e-02 2.960522852461083820e-02 5.160116111638392289e-02 3.060752087430390622e-02 1.333076246402662562e-02 1.188645212827764766e-02 7.395662932143971802e-02 1.466663502392131536e-02 9.507903784797533397e-02 6.248369972988698784e-02 3.377433385224178075e-02 3.110274104138515197e-02 2.507442032243867649e-03
2.427180997155181652e-02 2.036101179654431492e-02 4.605851114056926099e-02 6.224997667806198703e-03 8.296605500004677891e-02 9.014867127104486677e-02 8.886598719277655212e-02 2.814417681377604646e-02 2.098251785779163894e-02 6.577091122743154716e-02 8.304304641462986747e-02 7.132537215776928174e-02 5.110499418532870458e-02 2.774419824085934405e-02 5.573222174279058271e-03 2.047388098047422597e-02 4.416270653835786819e-02 3.059675337870450262e-02 2.241299508590636341e-02 4.229074661839587329e-02
9.875937340701558542e-02 8.169562885146439135e-02 7.352746394591176682e-02 3.700172844451084936e-02 7.430092928930787100e-02 3.012707701729425841e-02 7.759905651923222625e-02 9.337598782008496578e-02 9.619103105617447802e-02 4.192148779771914802e-02 1.791473680916786521e-02 5.024954142505283494e-02 1.915756772759569238e-04 5.286985136532987295e-02 7.337821838059289947e-02 9.569617476496156128e-02 6.565454169256219885e-02 7.209692231081731018e-02 2.300549820115364158e-02 5.013869964713985050e-02
2.016712060669226952e-02 8.894509507258793746e-02 8.301037342483270909e-02 7.630586386828663858e-02 7.435917511621221998e-02 6.741091551287822781e-02 2.727632283649925743e-02 1.397211760951671058e-02 1.765671858991514284e-02 3.888517363450005176e-02 5.798066086920475315e-02 2.758539918807806357e-02 2.444453530441364000e-02 9.431587470822878905e-02 6.988720751504834405e-02 7.983120575917983242e-02 9.625419481020995593e-02 5.478833045682073716e-02 3.026832628000040298e-02 5.328402127367851127e-02
6.570669590846454911e-02 3.262895417625159139e-02 1.534992113602097301e-02 3.976460103854511513e-02 5.174064715524295983e-03 8.075009352222083103e-02 8.308131389722774041e-02 9.896459761870923799e-02 9.170391922939202453e-03 9.729049696996874830e-02 4.829665853854778895e-02 7.504948457849895671e-02 3.004682751632230600e-02 3.461000398407326761e-02 9.473207775770033090e-02 7.272766023850953110e-02 9.231551621357053650e-02 3.408813380589325454e-02 4.715194547360324409e-03 9.073473164626212270e-03
3.027729535711356709e-02 7.780351216030741146e-02 6.915299939362266890e-02 1.528611402264086309e-02 8.054299287234957527e-02 3.373235543849250478e-02 1.660483775564311135e-02 6.664005481130075639e-03 5.582762112560674117e-02 7.817333803112085089e-02 7.847723043284021704e-02 1.503729541351313086e-02 2.070630092555875157e-02 9.290413871129266088e-02 3.176621180309835771e-03 1.131168041748494869e-02 6.612458610660762459e-02 2.068409668590627526e-02 8.105436066681764862e-02 6.637038461206599960e-02
4.974596526441721345e-03 6.441798494613375226e-02 9.736027147455195152e-03 9.309657522664693471e-03 1.549189966939653641e-02 5.740451918841319584e-02 5.033097710338321762e-02 1.918359557177395924e-02 2.050887502478184951e-02 2.653241013956569860e-02 7.457791984897450821e-02 9.398565504923313274e-02 3.571828954288532032e-02 5.106416222073440273e-03 1.811633874164464419e-02 2.016139873535349736e-02 9.811308602951689106e-02 5.761396893668070673e-02 9.451114045286292120e-03 4.725715937293440035e-03
1.176531511072024389e-02 3.194222665791453253e-02 6.674475247794911525e-02 4.189093846267966104e-02 6.901972059398372994e-02 5.851901946100180468e-03 8.713673566243794466e-02 8.433476104690307285e-02 9.551411981981294819e-02 4.397115753702636465e-02 6.223328131527307294e-02 5.326638477627992224e-02 5.214185521720565014e-02 3.135299621641162576e-02 1.669507010839776972e-03 2.899428633039751249e-02 7.919504388480555490e-02 1.417493792133675025e-02 9.151567556304920914e-02 3.008640848259287737e-02
2.504460564480213286e-02 8.150159688519320253e-03 8.077845398560895562e-02 2.200542612880289697e-02 1.841821826032230677e-03 2.224945615741442950e-02 3.726631052522960674e-02 2.134149734183342709e-02 8.398567312562704723e-02 6.930174426722113257e-02 3.500612013232580477e-02 6.755601116059091471e-02 3.440258486328109239e-02 1.970461547402639971e-02 3.424623572626565166e-02 9.853562247542679842e-02 6.819772075584504267e-02 3.257482444072090969e-04 8.534041883852133692e-02 1.509152601754678615e-02
8.440001085039239292e-02 3.335229875757903667e-02 4.355862972949632594e-02 2.460243958306260886e-02 7.072206588962493511e-03 2.635193733323413362e-02 4.132143445063740758e-04 6.446116704792628771e-02 2.720152978359149584e-02 3.301605499443275443e-02 1.209901877718688734e-03 2.270362364685785204e-03 5.762000018148340230e-02 7.142854403660366114e-02 2.143132058056795852e-02 1.478870259785233267e-02 6.462400934725709423e-02 1.026521640689871499e-02 6.958878004966496944e-02 9.239842048294413801e-02
4.201291466418752979e-02 7.673396778756257086e-02 1.393464358910726647e-02 6.100336337363049255e-02 4.286260204227659160e-02 3.541642259656865160e-02 9.416698135769617506e-02 3.436984199228676658e-03 2.648534882241977695e-02 9.672950941094657362e-02 1.449772378003169084e-02 5.516115122700013251e-02 9.751508870603003976e-02 5.029278534669820444e-02 1.141534802992692083e-02 5.139650862439074791e-02 1.295291148083848112e-02 9.370646696543305509e-02 6.134325998413208553e-02 2.762557279553042033e-02
1.296817897841118315e-03 8.624066897554788502e-02 2.524059211464109442e-02 4.281793234100870343e-02 9.397534129163916117e-02 8.236820661530540322e-02 6.375283654847195558e-02 1.901789372343563184e-02 8.604830217890335753e-02 5.379974601519341842e-02 6.195094668228572771e-02 4.073910292307664216e-02 8.072383977096327101e-02 5.278282668433073588e-02 1.078965917643115446e-03 6.582970139403991616e-02 7.741496347281734414e-02 6.791504364649729453e-02 8.747450541453104245e-02 2.194794839664344910e-02
