1.912124927003897024e-01 6.792494535048476667e-02 5.596245883384134978e-02 7.700840642393029511e-02 6.611289548587109821e-02 1.426987235865796733e-01 5.184183490482061063e-02 6.282771721262589426e-02 1.473578697193980713e-01 1.096673754510711918e-01 4.970833465242397581e-02 1.478691691398464347e-01 1.098296337797494276e-01 8.511705663513034759e-02 1.216951980658487198e-01 6.169338012592994608e-02 1.433736893307563376e-01 8.355900070328922680e-02 1.149744060051712258e-01 8.766754574784041409e-02
7.981559321670360363e-02 9.229063222595186577e-02 2.627200198408522272e-02 5.910135546820684260e-02 4.290869380473263245e-02 4.784465735377440264e-03 5.089178358433900373e-02 8.707672579862610340e-02 8.178842718004149248e-02 5.825376417074536184e-02 6.808271694075434567e-03 5.733999327020128378e-02 4.784112962193199509e-02 9.719691534916882758e-02 4.376273574798096241e-03 6.079441713295082039e-02 1.414806370311158523e-02 3.010589100729979192e-03 5.153144510576775431e-03 8.730137959664373282e-02
8.322177838843244913e-02 8.172340081155435310e-02 4.092783740937723513e-02 7.627282839397878100e-02 8.702729999529089377e-02 2.697765834361506507e-02 3.077923051743118588e-02 5.479731446178041226e-02 7.422701445529346354e-02 2.954270539409030449e-02 1.375376891900622137e-02 3.776251525360287825e-03 8.628224134976295425e-04 2.672748842324424237e-02 2.524208338039558505e-02 7.242420075856531581e-02 8.775768724704631485e-02 8.526799337628961084e-02 9.038214925108790931e-02 2.540729928665412876e-02
7.484267084126645930e-02 3.222405134767038215e-02 4.234047291279442043e-02 5.715424324716517762e-03 6.816083577752402034e-03 6.175589715894200249e-02 4.063695684040327660e-02 9.892029476765031026e-02 7.308764660576767824e-02 5.524783272667026929e-02 5.734623748016237643e-02 5.403601580471341370e-02 6.283575245289055311e-02 5.265749417196794596e-02 6.988494071308608280e-02 5.404152771017405911e-03 2.129581091217123967e-02 6.616819149926327082e-02 2.618653517435765715e-02 8.037195209057747258e-02
5.747437310954053857e-02 2.330053348692066872e-02 6.896560840359453048e-02 1.812088131880200403e-02 3.588178175465130126e-02 7.776287704507667264e-02 2.779212038167274204e-02 5.345618659928853128e-02 9.013074261656871256e-02 5.590731950091346741e-02 6.280782075686876242e-02 8.751303581322861236e-02 4.043173480804403835e-03 2.488106380958685082e-03 9.341891241215302677e-02 7.679446533771282224e-02 6.546185876524138192e-02 5.159137891966578127e-03 7.891068913309860766e-02 9.795989785764733226e-02
2.890310633739298293e-02 5.776746248215897800e-02 5.992374880969656564e-02 5.719508212338694775e-02 4.894373443505871391e-02 5.283769915418133623e-02 1.066720622668253064e-02 9.964062436541407108e-02 4.712814362698864584e-02 3.404533729055918972e-02 9.989358663539354977e-02 7.796399794540280481e-02 9.205301542815742810e-02 7.950166392285294703e-02 5.970294160516431692e-02 6.488606565639302992e-02 4.623585374664924280e-02 6.369094754915761991e-02 7.304117978990104509e-02 1.710359313672749765e-02
1.647279975087058076e-02 4.331092107807164165e-02 6.812338489917585393e-02 7.321013789723725129e-02 1.434128446931141714e-02 8.747788246507698373e-02 3.447270170497838959e-02 2.479259716797320434e-02 4.498984235442138324e-02 1.661447020438195851e-02 2.477741584950039072e-02 7.832458409494685858e-02 6.378894499181730904e-02 9.513033845956386791e-02 2.256522232849216339e-02 3.968632773956970450e-02 1.806007071834954056e-02 9.506079506009923463e-02 7.120014702288821745e-03 4.735777702386415045e-02
2.588974270467821540e-02 7.442213470112160612e-02 3.689250949562673798e-02 8.890209402041172881e-02 5.441171806211268780e-02 8.999650777720158423e-02 6.495912105319948116e-02 1.138884806054315212e-02 7.015803540464114751e-02 1.137949811758575368e-02 6.703732655981667343e-02 3.363192714788441895e-02 7.123734110842067091e-02 8.291227293204354865e-02 9.030947364547221856e-02 7.562166520295787731e-02 4.282664864533408666e-02 4.644137594316603834e-02 8.907075136790641723e-02 9.953052435439882495e-02
3.405277940372843093e-02 7.769619316802159337e-03 1.562655297015477437e-02 7.640826105257655931e-02 2.794348970926320910e-02 1.664781334316257997e-03 8.494101191204291024e-02 5.517071911795128764e-02 7.326049655756687595e-02 3.997224158009021755e-02 3.782956527467390417e-02 7.505819918855309580e-02 4.997618926370151621e-02 6.282155478088975731e-02 1.949943099387894604e-02 9.406701725472299547e-02 2.698150610025790846e-02 2.855916410768058813e-02 7.990470310489650174e-02 9.588038039546145641e-02
8.650752476550432890e-02 9.604916668605892327e-02 2.040208278661146540e-02 4.784140196809173046e-02 4.207365940885699623e-02 3.770153315117214660e-02 9.673061366543132811e-02 2.269159430657321022e-02 5.014168509000566792e-02 6.222576171455952709e-02 4.342208863951749209e-02 5.639510693310791078e-02 7.156987757235004632e-02 1.280109696730860266e-02 8.433537403714030586e-03 8.348375449236231094e-02 4.108066858902170021e-02 9.734914696787971833e-02 1.007846776642139924e-02 6.414157654247787388e-02
6.340480300539946823e-02 9.772945164252258565e-02 8.747902429290685400e-02 6.584260992353467568e-02 1.246513567096516973e-03 4.870589895565408112e-02 6.381659587601173911e-03 6.725188008843924203e-02 7.156472294653583310e-02 7.792773297753226303e-02 4.565803321192703212e-02 6.477444183462195693e-02 4.029922480477562963e-02 7.858480291866161427e-02 4.856156262739359103e-02 9.471800679478253882e-02 9.551338733577137419e-02 5.014792388769950815e-02 2.568973101179896495e-03 1.906732609712049470e-02
9.857535587599580706e-02 7.925548098560859789e-02 1.325768009519400284e-02 2.279356278047382431e-02 6.673010941120854911e-02 7.085741484841477644e-02 9.151973898058610168e-02 2.108267926089598190e-02 6.260433855526343488e-03 2.003876344810463089e-02 3.540519185026695138e-03 7.125567186812809331e-03 9.220064422383188185e-02 9.164589831142351539e-02 9.789403780319538839e-02 7.260073901047117695e-02 5.710876099744455203e-02 7.639329996304797255e-02 9.277063052071776728e-02 9.412609350456241364e-02
1.166420981689837363e-02 8.300146002402690459e-02 2.882089926997194809e-02 2.103562837166418273e-02 6.731191824282321823e-02 3.972776433498283188e-02 4.448791343128562920e-02 6.206785175384877534e-02 2.702453114142527521e-02 9.611757284591275485e-02 4.262679075593439615e-02 5.650185346392638808e-02 3.652448099373787477e-02 4.244023888065267397e-02 8.839967561554168407e-02 6.948649067331032214e-02 7.438319847006572005e-02 7.478712288946889886e-02 5.971837499739474781e-02 4.062783300259820846e-02
7.984214322930884011e-02 2.615851634468630352e-02 7.626906528482069181e-02 1.043890407900774017e-02 5.953489551985226974e-02 5.537156584428849608e-03 1.125734152113301058e-02 2.256600919908776162e-02 4.862080612687737224e-02 8.327736037222852050e-02 6.801112721413177242e-03 6.876012461914970952e-02 5.378613234624977923e-02 2.847830544277035747e-02 1.046690358327138567e-02 5.114031720534963944e-03 5.636856961582884656e-02 1.012068686807894927e-02 8.908387378094373421e-02 4.919563820479044142e-02
6.879411074340152643e-02 4.730985608382614303e-03 5.155672983410151955e-02 1.669022201376406042e-02 6.136622697185145636e-02 4.328190311248311661e-02 1.364492507866979336e-02 5.940707853186815574e-02 5.913048297322800323e-02 2.628231167339306271e-02 1.369997641960354895e-02 8.862769652749223626e-02 6.398652525181987294e-02 5.012784405299849921e-02 6.936144485413556215e-02 5.700317199593714357e-02 3.382138859964960859e-02 1.195406789107262245e-02 1.086754561098040098e-02 9.553075522325241153e-02
9.630994836922454616e-02 4.595099728965917896e-02 7.556776422002139948e-02 3.476178603059969924e-02 7.309419856235760404e-02 4.111189283622641161e-02 2.047140970612099098e-02 3.140375914123673395e-02 8.318069663955542092e-02 4.930912484573200805e-02 4.486115999501446606e-03 4.071974598802732825e-02 5.227575339871497195e-02 1.813400738533936171e-02 4.266143699267178208e-02 1.096564997173245411e-02 7.809921177820046065e-03 8.023779097972018326e-02 6.426818253400036485e-02 5.332778872350119048e-02
2.338398285369782878e-02 8.682434935693103539e-02 9.307190711073647094e-02 9.521914966992518770e-02 3.258529073575346796e-02 4.459444460692604112e-02 4.616225263554875335e-02 6.840396999730539995e-02 3.256735108545746188e-02 7.164797388394121558e-02 5.319392896683107497e-02 1.724570892900305699e-02 3.232401285667051410e-03 2.066076750007325366e-02 3.494791676505403649e-02 2.620678378440223846e-02 7.165805099457521476e-02 3.728317235814571778e-02 3.016936676992525851e-02 4.384824019363530584e-02
2.601717200272514810e-02 7.557473407046594663e-03 4.601860512997169722e-02 8.582378864512242578e-02 4.439503783931764147e-02 1.483920703853426441e-02 2.177928244223252194e-02 8.536272125624815021e-02 3.133021655728909088e-02 8.019713209990916858e-02 8.676423997208199124e-02 1.981751489963852388e-03 4.889902531235536948e-02 3.477885273821007539e-02 5.569885463033591444e-02 9.795914652716253279e-02 1.957120892088028835e-02 4.163203291061432637e-02 8.348171001234592006e-03 1.325461862100517710e-02
9.846228205201144890e-02 1.869931147073287600e-02 7.988250522013730370e-02 1.154710624009947992e-02 1.590869860825881374e-02 7.699986064491608218e-02 1.929634029191680533e-02 9.705366196671252887e-02 7.233710656792723126e-02 2.258311083273346898e-02 2.322008295475080225e-02 7.284244599517288032e-02 8.495470258104978467e-02 2.273642476754691652e-02 6.735713857088888867e-02 6.490148586913095652e-02 8.470017836560006508e-02 4.875554809293978359e-02 7.735909129123176575e-02 6.942196968701942750e-02
5.477423241792274064e-03 9.054817034126876052e-02 2.407964468095378022e-02 3.856317891352011029e-02 9.840758589118858701e-02 1.572320880181991495e-02 7.235492939753773722e-02 9.309384641280657458e-02 1.452414989441240187e-02 5.280496996331834197e-02 4.859633757678490096e-02 8.663890785163265440e-02 9.968671503273647538e-02 2.654466483384650827e-02 1.395040082610408787e-02 3.451641798404517236e-02 7.224181229829684803e-02 9.532049709871059928e-02 7.402025411394369536e-02 4.287396529909377751e-02
