2.730596276728399219e-01 1.097996660733399216e-01 1.435965982141876318e-01 1.380280971736093654e-01 8.450358725155752981e-02 3.026205275184668669e-02 4.828249379251516732e-02 1.626196057620152291e-01 7.521166851315308488e-02 7.946364721350687721e-02 9.418194194034641697e-02 1.297228101900299857e-01 1.254286362384476050e-01 9.423275318654625310e-02 2.104008395974664783e-02 1.190270074939833861e-01 1.133387475627941343e-01 9.509871140840303605e-02 1.082766793126797439e-01 5.121659862784089245e-02
2.688233703294223842e-02 7.881964246946703001e-02 1.425579843893608548e-02 4.402974831875607065e-02 2.021087750524791504e-02 1.573845972622349779e-02 1.831782845226525083e-02 6.452213343562994419e-02 3.662382719580725698e-02 5.192743055828497739e-03 5.326833570618331321e-02 9.149054739159546978e-02 9.194136322327034483e-02 5.564020967747851376e-02 2.689461947070728373e-02 7.285406298956709215e-02 1.568163969878200170e-02 8.181030143062274426e-03 7.249946520464918553e-02 1.075266086202408778e-03
5.076995877725121696e-03 7.574532913261554368e-02 1.262377395962075571e-02 2.254306472407828846e-02 2.097006667256511372e-02 1.739096083354491062e-02 5.560006001613048560e-02 1.609346196394093736e-02 4.632862622042088763e-02 8.520400648245948783e-02 3.784928848432644183e-02 2.973979749395615560e-02 5.354048766341434201e-02 9.171263873588676729e-02 6.996243017973645395e-02 7.983925867601586457e-02 2.229137399293762423e-02 6.755694656210806115e-02 2.278956308774740189e-02 7.526916272350021864e-02
2.513380547724689690e-02 1.646159368080473209e-02 9.990701400031068435e-02 1.901537930568451135e-02 7.719011028923095097e-02 5.302417706285450505e-02 8.353823452843422981e-02 9.731477089600756858e-02 8.624265451794715931e-02 4.507952967810499589e-02 5.396788721643855369e-02 7.317650033840963908e-02 1.248305082510980935e-02 9.527867576392698434e-02 9.687233284498455999e-02 9.827334312525307092e-02 6.708286096394408538e-02 7.334282216794102416e-02 9.452861967631367990e-02 6.467714552146518192e-02
8.823513997281566545e-02 7.261508348557677364e-03 8.492599898872366104e-02 7.972587474832287802e-02 4.947990805140958792e-02 1.312614406704039165e-02 6.958299101559838051e-02 8.134221633621274705e-02 1.161738252081556634e-03 4.623052648792552038e-02 2.949498903383718229e-02 1.553109869642969182e-02 2.211117290558575407e-02 4.671812852734651828e-02 3.039284569972682329e-02 8.295416978905241490e-02 5.954967180747886696e-02 1.707610016396009581e-02 8.750304604992935331e-02 5.836950148754288525e-02
5.589681562634884332e-02 4.762710545673762286e-02 3.600850947290878262e-02 7.312542916107379193e-03 7.606841494398566828e-02 7.610769874495117160e-02 6.531582005530374435e-02 7.544436938774633228e-02 8.027980059988154560e-02 2.142899114345723360e-02 6.994077708374907276e-02 5.368189125895143216e-02 3.727602764573136052e-02 1.416427902841443931e-02 2.043035059456944913e-02 2.514903527306509151e-02 6.729902249647196077e-02 8.922028227192513317e-02 6.554852098653844716e-02 2.713307930360414622e-02
2.203642151897041920e-02 5.213077360112255976e-02 1.372825335628280637e-03 2.767572391938242365e-02 1.297027032233715252e-02 7.857600532995555331e-02 5.393824592705794008e-02 3.343890267514104675e-02 4.244285771475108521e-02 2.338744395229024400e-02 5.054175979102759619e-02 6.932738952599665216e-02 8.446334566698399104e-02 5.981400955475951048e-02 6.570472976162256007e-02 7.401028322307338925e-02 8.945471240869229401e-02 2.232690709719775679e-02 7.595634410317053664e-02 2.590052547539661854e-02
4.739814227507465477e-02 2.809581480418345267e-02 1.034249827883824274e-02 5.708873213249026496e-02 2.273552033632449121e-02 5.450706112130317138e-02 3.753397138283610934e-02 4.167534564754491605e-02 6.812743732302091459e-02 6.533161706271582714e-02 9.076732832508191406e-02 4.335336111530425918e-02 5.699839905266912594e-03 2.199559437055580505e-02 4.503617140315006179e-02 8.066058914805829261e-02 2.725714064583433308e-02 1.002566435923909517e-02 4.173783360239409490e-02 1.884717679745596952e-02
5.641024737732528577e-02 6.269101257459290533e-02 1.176828761862440745e-02 6.396966050448507635e-02 3.715999220550438020e-02 6.789659601470074413e-02 2.154093050031882436e-02 5.811437108678797758e-02 1.143976775961245279e-02 8.069437978008356382e-02 1.388550389299805267e-02 2.066674849019958446e-02 8.770605390296444537e-02 7.842639141265329503e-03 5.867329344168421834e-02 9.370283369837929810e-02 8.912091900017471424e-02 5.458793636966838975e-02 7.098965187920634745e-02 5.855999500765712157e-02
4.723687481640424096e-02 5.627222323055441205e-02 3.221518977844364112e-02 7.261164045642139186e-02 6.792033516987375230e-02 1.025990682264160681e-02 8.800156544640089229e-02 9.000244037150913201e-02 9.385441097871534410e-02 4.546075481731165491e-02 8.385844100177342053e-02 6.362507784974269498e-03 1.208754595166345973e-02 8.647564615896261020e-02 8.111108670238878493e-02 8.434714015006508636e-02 8.128521902870345858e-03 7.057624264564099983e-03 7.030948736406984756e-02 9.752700218718747538e-03
5.474760172325640606e-02 5.870930601395620008e-02 2.297944030565484200e-02 7.836449566037463101e-04 7.381501317050744027e-02 2.470024182026776816e-02 4.391668025259732287e-03 7.165728391981489309e-02 9.731514068081635604e-02 5.857699621198617784e-02 9.461524206029704384e-03 5.892428904351416918e-02 6.233227229285995263e-02 2.861458838722748255e-02 7.946118165126325739e-02 1.044574353494553964e-02 3.247563382450686931e-02 3.496724657266746944e-02 1.401853830601329683e-03 2.437331194747684171e-02
5.083823083004140181e-02 1.742886020566317834e-02 3.796009087023052841e-02 5.605278608540709140e-03 6.497689309630934329e-02 7.718142451063772502e-02 8.831018926312184103e-02 2.487958493406661198e-03 3.326750692852176519e-03 3.978459333246136403e-02 1.665882587632040376e-02 5.098111351673545455e-02 7.713308928475337556e-02 1.134999163564131067e-02 5.453288141766082092e-02 8.993074184773466873e-02 1.767690352669392187e-02 2.596676468630387813e-02 1.449565490361657411e-02 6.846193478893639051e-02
1.451833607821438957e-02 5.356796995621648100e-02 1.575656700218202103e-02 6.554475065609835505e-02 6.067428377870109912e-03 3.545406134596137265e-02 7.098750784512568301e-02 7.897494429443061015e-02 4.340459362146988076e-02 3.782549278951780058e-02 9.854623793692529957e-03 2.439206797059569054e-02 3.880460752466036167e-02 8.218740084753081709e-02 1.831241904398720616e-02 4.400379453384792999e-02 9.736932314207814507e-03 6.697558655917747183e-02 4.400853937680948569e-02 1.335712799769420839e-02
1.741936320769769259e-02 9.879050209531098359e-02 9.881842559459112774e-02 4.587105122118361605e-02 9.263168855568439108e-02 3.421129184896502112e-02 3.285169776748843307e-02 3.525510659585556067e-02 7.881576489923339257e-02 1.176301763642850773e-02 8.762452215190069671e-02 2.196079885935228390e-02 8.369526855749691296e-02 6.187062559552845148e-02 2.366021909174709226e-02 8.004319884294353038e-02 4.157128738359020664e-02 1.344935369657240809e-03 6.640411485904544608e-02 5.859243828851722763e-02
1.927547569693601956e-02 3.108175861815688779e-02 5.965772383494714198e-02 8.305685711926655279e-02 8.770486765255013084e-02 2.006275515021514050e-02 9.442053992952824382e-02 1.194018455819978583e-03 3.564540798015197742e-02 6.283888703416094790e-02 2.998590659988742413e-02 3.561765248689635621e-02 7.245490385399259992e-02 1.314390422199082122e-02 1.455391422428240628e-02 5.209167268433772396e-02 6.522169766184993459e-03 4.490200162528445310e-02 7.231928126426656785e-03 8.094672966198432351e-02
6.151285878093937232e-03 8.419512000889294023e-02 3.276427889862720821e-02 1.083052703859078807e-02 3.891295255198922581e-02 6.033057882703373592e-02 1.425682003423361932e-02 2.046194413302096157e-02 9.748112570117693776e-02 4.902563442373580188e-02 6.090926799604234887e-02 9.479452381086965473e-02 8.263378853155851911e-02 6.816554282096851103e-02 4.295754214885542238e-02 3.991113727021070035e-02 6.001298619933059797e-02 1.327631030382029481e-02 4.056275317105000749e-02 9.170187428771131577e-02
4.877288368154122922e-02 3.138443476956247896e-02 3.816963016294804695e-02 2.036177376619650176e-02 1.165160644576079818e-02 3.392016172506796823e-02 8.363380443344230197e-02 6.165406749590745389e-02 2.093569102053942713e-02 7.348780711593239090e-02 2.053359562588583792e-02 6.275661226446165031e-02 8.144300957108474570e-02 2.447018518033208453e-02 7.820560429066712727e-02 3.544455771692469476e-02 7.158656768137945658e-02 9.516258199731154888e-03 5.525572267459821947e-03 3.738589233592629762e-02
7.511005609722082310e-02 5.840887110303749630e-02 4.397814634724598465e-02 9.331133779859676625e-02 9.103716649786378068e-02 9.686874740861543820e-02 4.754116694444926461e-02 1.700802757453627814e-02 4.993421452078160988e-02 2.755434846661253268e-02 5.988174859294370656e-04 3.816562914518115135e-02 3.216890157332957106e-02 3.086551509694911502e-02 7.017373098706629342e-02 4.930779326142173402e-02 8.220518835151636658e-03 3.574027952788139204e-03 8.241676342624373874e-02 7.576863815776652133e-02
8.931796451375423329e-02 5.021379662868630939e-03 8.402513511499312693e-02 5.531735334734275839e-02 6.649272974314622553e-02 1.220857866579442425e-02 9.083922614577590038e-02 9.933545453741240983e-02 4.937264658408091478e-02 4.801821118870397420e-02 8.982240751047590455e-02 1.095453661566135953e-02 9.352493353230628692e-03 2.581786215562666131e-02 7.556443219889119600e-02 4.038938648910536666e-02 2.805219616730414314e-04 7.405437513643202407e-02 4.095993958575057381e-02 8.580822932058404517e-02
8.425391820068921234e-02 6.614471201588457971e-02 9.564859935635486310e-02 8.605307186417654464e-02 8.853468917974904873e-02 3.861899428279727542e-02 5.307496000052867174e-02 7.264435936513624625e-02 6.770255080253430313e-02 5.401409605439362605e-02 7.711044581482617843e-02 2.294403921889124481e-02 5.732463582535634455e-02 1.453871132089241784e-02 4.695960614220123786e-02 7.223100660506680259e-02 2.958265324145449571e-02 5.083237004486839544e-02 4.229909632111151195e-03 1.657980956795627320e-02
