2.430466402777406443e-01 8.511559271057089759e-02 7.501465411498148272e-02 9.032569551397022500e-02 8.520254253356314422e-02 9.318705456873299653e-02 1.058436828963489201e-01 6.761637774232361064e-02 9.925601402425673903e-02 8.668979978620942883e-02 6.640158431247231152e-02 7.777773328296092026e-02 1.080356061700965542e-01 9.630823836201679589e-02 5.963181120514483846e-02 1.030652170215944352e-01 6.869819478631919440e-02 7.586955769750623746e-02 3.857251804110110871e-02 2.277875402325642978e-02
2.680754609894662327e-02 4.440927297432176873e-02 3.452160369430553460e-02 4.451803131833327598e-02 8.164274238959198793e-02 1.036998710740077989e-02 5.813087354200904833e-02 6.405768794757017714e-02 7.627885043436020973e-02 4.441205827169101422e-02 1.356117537683704244e-02 8.910139947803031452e-03 1.666997475374504267e-02 1.222649770049454368e-02 3.486776139728652718e-02 1.073416637931259333e-02 4.401437899547801236e-02 7.626836443837277379e-02 7.149896933389730813e-02 5.144841760670802039e-02
9.835294458257698436e-02 1.358285737301898749e-02 4.924754706109475688e-02 2.811130806421068343e-02 5.266214424474180422e-02 3.623193774795037403e-02 7.895177444628825869e-02 1.887348996888386227e-02 4.366497826188060760e-02 5.454236508471935890e-02 9.833927465957931213e-02 5.805247896186210843e-02 4.922475183073889149e-02 6.827605170062259199e-02 1.511965942753709137e-02 8.757348167415991702e-02 7.619208457499554443e-02 3.806130539031254978e-02 4.147507594231636396e-02 4.011420139031717652e-02
4.193794385079514797e-02 6.022746744700261529e-02 1.086233104939672393e-02 6.427358483325872063e-02 7.295856826276485296e-02 3.848730351602125746e-03 5.210224488862314624e-03 5.808695250679688643e-02 1.028381590515541413e-02 1.849263805612061384e-02 4.247692350128290384e-02 9.342349058511292825e-02 2.603469894446115707e-02 6.842362175174261651e-02 8.770309952496449513e-02 7.884556107110678169e-02 2.327208071558679869e-02 8.290250675766006050e-02 6.085152378726885886e-02 1.040814130567491213e-03
7.204548413999088685e-02 3.744433889022875939e-02 3.259127703022899475e-02 4.759169349301518859e-02 1.806411922726836039e-02 4.786742522511996945e-02 9.596719806468263780e-02 2.820728505331524666e-02 4.060287939613419633e-02 7.110229171984859542e-02 8.648247853645974620e-03 6.257335861329121895e-02 9.084755605705423231e-02 7.592032381374298755e-02 4.840632145114695528e-02 4.203136547309727078e-02 7.844705116857086935e-02 7.151075109093311954e-02 2.242753284111428588e-02 4.057108105093443218e-02
7.533753814464395904e-02 2.277552563869807145e-02 4.133130427085954933e-02 7.162199669170983551e-02 9.169482255887395628e-02 8.117079895745642204e-02 8.478813566469512114e-04 6.949759765004090428e-02 2.310176604708201811e-02 5.135011242969096668e-02 4.876207000819340887e-02 8.577431614339990629e-02 3.080506681350914100e-02 7.728943271931003334e-02 2.597779373271769110e-03 2.193885068201633162e-02 5.146693133695390623e-03 7.865881923144836529e-02 8.680061305971592533e-02 5.427504539465329014e-02
9.705376554453719329e-02 4.944182753079599119e-02 3.927401282920280068e-02 8.060788319462146301e-02 4.014752927993055220e-02 3.309107916330625981e-02 1.992342894022555363e-02 5.390490760497075595e-02 7.376157929321729145e-02 6.293782329037121703e-02 1.184030946859152694e-02 8.500390695738391234e-02 3.612166509192282944e-03 1.388281153691334202e-02 2.209337721008793054e-02 3.293015249996150695e-02 7.932896699799374743e-03 3.154631925564641698e-02 8.168252030726176616e-02 8.546676570460896849e-02
3.896872134251481296e-02 9.737150158123748789e-02 1.186865764750377750e-02 6.787268970585544348e-02 8.031003147251222773e-02 1.499748618706111571e-02 4.742962467518274661e-02 1.563631093977080463e-03 1.316220471168953049e-02 8.620850850211390914e-02 5.182739427826937167e-02 5.703035945655930000e-02 3.279890133111689615e-02 7.533444635084896035e-02 6.982893676583613873e-02 3.487825354317029142e-02 6.263762714343415472e-02 9.077453546400414408e-02 8.722241176159391263e-02 1.986585623391954464e-02
4.179766432840619633e-02 9.677604036001263843e-02 2.196414862428719417e-03 4.369634202438491682e-02 7.594435041634573468e-03 7.874560870810437541e-02 5.190066478764532309e-02 4.109121090359384859e-02 7.769589124893861234e-03 1.474742900708583306e-02 4.131007582231892988e-02 8.801636568940880700e-02 7.836259316353598459e-02 7.470333712002254212e-02 6.146054847268563048e-02 5.700657251857187829e-02 1.175091902768010807e-03 2.653550730407912284e-02 8.525920730637517875e-02 9.674860868412667181e-02
1.843735672764562628e-02 9.938061315496897474e-02 8.896671175761879102e-02 9.386095753387974083e-02 4.526327081670444841e-02 9.915736506039654619e-02 5.332992028014917063e-02 3.529871925713890055e-03 7.275003885264233472e-02 1.662927418973052587e-02 9.502553369586930199e-02 9.849809387669572480e-02 5.649749616613285869e-02 1.720377010752775077e-02 3.279717510161656024e-02 1.273308476110716209e-02 5.704170143569878976e-02 2.823431892960415190e-02 1.371397524559252526e-02 5.289134163109552450e-02
4.727546833074174754e-02 8.102949466261606670e-02 5.541809354717872060e-02 3.093134275738818051e-03 2.943111084021622637e-02 6.943477048464878620e-02 3.296813789239085718e-02 3.239207707167897354e-02 1.144803136960413983e-02 2.132194628160765174e-02 6.234948951574980497e-02 6.471190931159859216e-02 4.735382786078314032e-02 6.260765211108203221e-02 1.368834064627405533e-02 9.824456094866929057e-03 1.104494857023442626e-02 5.448553118472251877e-02 9.001059040445956450e-02 5.984527077267887303e-03
9.298717648094037558e-02 9.551954323109698719e-02 6.295338233637567948e-02 5.610737064782006511e-02 6.668995451816404907e-02 8.498267305543788508e-02 1.932225688184979751e-02 8.997995598050834154e-02 8.105699034511594514e-02 9.463089057531687276e-02 5.996980279745374454e-02 4.998977058882926594e-02 2.462823524776915074e-02 5.202681869804609560e-02 6.596362056751420289e-02 6.442860715560654039e-02 5.346263111492483011e-02 3.930533400510305528e-04 6.014919312691029835e-02 1.986755013241314760e-02
4.916518244972435669e-02 4.167609115386027713e-02 8.355583908207397936e-02 5.448040483162235742e-02 7.329088141050255772e-03 6.754892043291711723e-02 2.283172795268230415e-02 5.795609338868116384e-02 3.100463541803722030e-03 7.290555325531532238e-02 6.902624224195852420e-02 4.162617060100807370e-02 9.425486516114250923e-02 8.950211626085552430e-02 6.556862818257568060e-02 4.323149218685291839e-02 4.994372046700402967e-02 8.162113978284790336e-03 2.128365608745041992e-02 1.176741027344973059e-02
1.466536612579358995e-02 3.236340483165776188e-02 6.766677214883279334e-02 6.764467904942673970e-02 3.384285303632278419e-02 9.486768975938479620e-02 7.912586546154150302e-02 5.793488301357719444e-03 8.124063760320551775e-02 2.607518628303629252e-03 8.833725690976007572e-02 2.358619418772811560e-02 2.730109414395553991e-04 6.399989861255739494e-03 2.937187852767806501e-02 9.031731447208873886e-02 1.943249128992090638e-02 9.547113901426890203e-02 1.460140256477078340e-02 2.156866013256004966e-02
3.371754276034204939e-02 9.042829968845851607e-02 5.837957621164877736e-02 6.705126819144767436e-02 3.732513746065170557e-02 3.450914141999286006e-02 2.614052145992180887e-02 5.915728054258524715e-02 1.662184120918397401e-02 9.968919523636046720e-02 8.757101368973635447e-02 8.808460569885079305e-02 1.479125514436190406e-02 8.030397884390377827e-02 9.538812635907781279e-02 3.456103189303655343e-02 3.824749126499153024e-02 8.804249668618405189e-02 5.368298915095223722e-02 9.008633980667880847e-02
9.336387345717318820e-02 4.633264954160576723e-03 5.441406382667628855e-02 9.699636115187683372e-03 8.304294929336346331e-02 4.000541338734182883e-02 3.713406680271920390e-02 8.725329042663887424e-02 8.754568995603460857e-02 3.383455577734211656e-02 6.008900893815233291e-02 1.171965399770206334e-02 3.604121633020657134e-02 8.230299799727132382e-02 4.205498878202865859e-02 9.664494530361711355e-02 3.091082275600972804e-02 4.006014357839587925e-02 6.934436425017406758e-02 3.021720146373182633e-02
8.158701385280366092e-02 7.526867938197315255e-02 9.589296574778631566e-02 2.737809715615823272e-02 9.911110477151087450e-02 1.843218229117081844e-02 9.012641839093925300e-02 5.441198013937460776e-02 8.578391055756829156e-03 3.720805434233805109e-02 9.846287012041200076e-03 5.418837416717562500e-02 4.574797223442116784e-02 3.418236958496231187e-02 4.388002635468912956e-03 1.122070199702532994e-02 1.777440605088512898e-02 8.044835118178182698e-02 6.370087883947618546e-02 2.184407728630413312e-02
5.163782412941702454e-02 1.464712150840996770e-03 5.789299339404381517e-02 2.447719052422443753e-02 6.399381375353985733e-03 4.322466512355494471e-03 4.637396351042888561e-03 4.785728423242733426e-02 8.048650070781343535e-02 8.461527063606195942e-02 8.019535495013511983e-02 8.091089826904467042e-02 5.057370271732615497e-02 3.480890277950724615e-02 6.549500115245328324e-02 2.708969749046134107e-02 6.079319361305830782e-02 3.753182463912722172e-02 2.784441747174330045e-02 1.640335750357739888e-02
2.968262197568298857e-02 2.817497107910113194e-02 7.033699915215159415e-02 7.243809682779843440e-02 9.290078849485322587e-02 9.278959425931466998e-02 1.518547379440528082e-02 5.210599188722508240e-02 5.389842778793852048e-03 4.204786960151681019e-02 6.576707878707799444e-03 5.402184638309126888e-03 6.069324906881487514e-02 2.130513173189682238e-02 5.209896285628045492e-02 7.486752540017869995e-02 8.144066452874766660e-02 3.924307598090678861e-02 6.040118739524106412e-02 4.104584362334884329e-02
1.854898700318030787e-03 5.750946274790570689e-02 2.551354140422864777e-02 6.231998848568025967e-02 3.996930811909117642e-02 5.518712014745316696e-02 4.634856903001818851e-02 1.389136898766635264e-02 6.865714223801482052e-02 5.001826570960876683e-03 7.473328697638623175e-02 8.377270095488636992e-02 8.931611477643221220e-02 6.922124369508829422e-02 5.886144502132596712e-02 3.181163465916760080e-02 8.178405982332526136e-02 8.747851419837383846e-02 2.290745545513428461e-02 9.038669095458415348e-02
