3.344075046336897339e-01 1.495415218253678402e-01 1.700353610878470589e-01 1.374463709118230875e-02 4.682859670736534002e-02 1.756811245572835120e-02 9.545827929656759692e-02 8.979422358923906666e-02 1.357183286029086111e-01 4.689329994213776304e-02 1.158976659032305151e-01 6.077336023318229141e-02 4.169496278304000297e-02 8.801590296596731311e-02 1.482762224716476784e-01 1.485387479001533118e-01 8.036234958292728936e-02 8.686448432382629092e-02 9.310735737162532943e-02 1.435070536385880113e-01
5.584813390147148199e-03 1.455125044884769681e-02 4.132458286817430188e-02 5.660575192715686099e-02 3.401510301763499881e-04 4.905552781944777507e-02 4.852478476743800340e-02 8.584798001494131636e-02 6.918949358454344611e-02 5.225239042817075852e-02 4.714384148194038920e-02 7.714420202281917216e-02 1.067681251997687486e-03 7.164590098975219534e-02 9.189642249455055867e-02 8.111074189958536462e-02 8.811429803525760995e-02 2.092039361009428999e-02 7.447896112238243382e-02 6.914856689073713147e-02
4.585064998304561046e-02 7.951734811976522710e-02 4.332451579522827306e-02 6.643131254779044426e-02 3.023120839535593796e-02 9.986836905232122572e-03 8.445258129142789449e-02 7.477841882854133204e-02 5.243993714890552577e-02 6.383183406395563642e-02 3.432399441150069206e-03 2.846803035738778784e-02 4.121613603234979689e-02 7.993677223731833481e-02 5.311773724631055349e-02 8.071083907488524334e-02 7.134678782173578537e-02 2.426573237492729573e-02 8.933289232098217889e-03 8.454401317753415523e-02
7.970943903730555447e-02 8.502904037520163383e-02 5.447058505194762867e-02 5.989647997098229010e-02 8.074097915490186395e-04 4.269900949463478756e-02 1.545801792378641640e-02 6.800308557963223588e-02 8.830088956056174332e-02 4.262712946875059361e-02 8.499966401390690596e-02 3.636276521758764757e-02 8.129514716837392407e-02 1.784266456219726557e-02 2.660220253688852163e-02 6.677544887058507045e-03 7.630661235564440087e-04 1.619081702029575784e-02 3.848676738086601740e-02 8.863395086288622382e-02
9.782534681864675508e-02 1.712327555978042717e-02 3.585363905332083351e-02 7.793372864424276403e-02 8.366306813396207076e-02 3.555976841359705792e-02 3.010985548223728270e-02 8.507122987539370018e-02 8.791579166427891667e-02 1.103131233978580511e-02 8.841334972768535860e-02 8.745195099732677724e-02 5.652546314777785741e-02 1.255594651010959531e-02 4.038647733544584173e-02 9.482933865758130798e-02 3.326937896379491416e-02 2.126022630796128507e-02 7.061186229803009806e-02 8.947368498812757406e-03
1.501984183362879005e-02 1.300023780087168450e-02 7.963464689452867673e-02 3.697193783436381054e-02 9.747311794378685224e-02 2.483016178098812476e-02 4.672686104683927699e-02 6.811026503591616210e-02 4.686338305565114493e-02 6.713873393910360643e-02 1.426625110046425560e-02 5.200974496335103447e-02 3.239028951218015078e-03 6.539025176340738932e-02 5.549832089947739910e-02 8.558986743124374907e-02 9.369695365415223187e-02 8.586581188641806417e-02 4.503556130580031042e-02 6.159412903922908966e-02
2.539918545290208510e-02 3.454638065728107138e-02 4.926577542497634354e-02 8.493567480732422403e-02 4.210635849095423211e-02 3.695425839487683634e-02 6.360680585119211916e-02 1.834497223678477340e-02 1.917363979048508638e-02 6.807772520503740932e-03 2.499883916936444100e-02 6.573805767664707422e-02 7.211138268141815966e-02 7.116836088604622246e-02 9.380005773492527954e-02 3.099122464931130042e-02 9.239528194506074765e-02 5.387428770579982124e-02 1.860695518526496103e-02 7.789182576380024314e-02
9.232727412710839063e-03 4.165290904953309475e-02 4.188901916811230836e-02 8.704165445343620133e-02 8.526025346484622514e-02 5.326900409739557252e-02 7.724633181423284922e-02 5.798829523155425714e-02 9.917179415568466282e-04 3.620798459297825192e-03 5.316190216605886504e-02 6.314358677439042833e-02 1.434198798504465744e-02 9.408412894763562573e-02 2.584982400013453863e-02 8.654477343892232055e-02 1.463535409043730320e-02 9.830227793893928090e-02 6.795748599242019961e-02 2.745784679635945510e-02
7.630387317739023567e-02 9.694326509683136306e-02 6.765895918572117917e-02 5.783704850401262532e-02 8.819936907385877989e-02 3.001785432023984599e-03 6.874974940618200359e-02 8.558568729353668858e-02 6.872725961842400533e-02 5.921798242806574492e-02 5.382920741680768950e-02 8.303920973924350246e-03 7.657653321864484053e-02 1.415875406162026137e-03 9.093070187770027624e-02 1.652528856029342880e-02 1.514855598216247219e-03 2.690847345603904206e-02 1.727277061505150301e-03 7.086666052951236250e-02
6.229824162669971716e-02 4.229423385724402629e-02 7.611555238134273815e-02 7.916901397004982854e-02 5.015234166455351597e-03 9.428656423328081460e-02 2.606444551454258074e-02 3.316160719720045308e-02 7.954409918279649327e-02 7.208472850064587267e-02 3.943087568055808623e-02 6.397149086072977109e-02 4.366260768705392675e-02 3.192035982845470299e-02 8.373512661573263849e-02 6.236810579710555524e-02 7.724270145586455139e-02 1.667937504980609997e-02 2.675961845670553688e-02 1.514524584972317713e-02
9.482457240522724692e-03 8.160886403234043907e-02 8.323441995426245077e-02 5.369039296768149394e-02 3.017435717055270278e-02 8.273307105322670607e-02 7.717309976702749208e-02 7.745146629165578639e-03 1.450486564413934303e-02 3.613409304621484439e-03 2.928980782031451874e-02 4.912491131672106631e-02 5.105145566622945608e-02 1.773164306162687900e-02 5.052185673976771624e-02 7.009264328655395726e-02 6.024954932042127231e-02 5.744092607300352316e-02 3.928598445583064008e-02 4.703810195253830401e-02
5.268877785642944039e-02 2.871095410656306079e-02 3.522339951026394467e-02 9.045018722733930150e-02 7.432762332152022255e-02 9.407394607297753231e-02 1.970000245857862764e-02 7.139289552976571529e-02 6.519675884582992742e-02 7.615702563966109291e-03 3.355388749863361803e-02 2.124088096584943186e-02 5.795301962529243039e-03 1.555957232402343030e-02 2.626991691598816805e-02 9.653455131514349086e-02 1.950378633890407359e-02 5.619757516532285918e-02 7.961054991597282804e-02 5.504730209442047079e-02
4.408186641864553397e-03 5.697405611654973723e-02 8.064836062453450971e-03 4.059899663769034328e-02 4.484250442657547464e-02 8.484576804440480124e-03 5.168797837357230057e-02 1.158665779838318269e-02 7.821904477706846659e-02 7.492798122435288810e-02 1.138085432118707274e-02 4.427681857621698636e-02 8.343680716929176289e-02 7.408725090426419857e-02 9.592296439894443250e-02 5.303706936057422244e-02 5.362578846662625215e-03 7.383590936523920512e-02 2.745757322872774062e-02 3.628076532598112358e-03
1.256378233943054173e-02 1.145576156404970502e-03 4.373193376669803206e-02 2.601063854390938193e-02 1.544058529571834537e-02 7.613230537272601406e-02 3.778146397258812933e-02 6.942490217677430020e-02 5.489608001549888677e-02 2.954784167896237421e-02 5.649833668798938391e-02 1.394772754305913069e-02 4.517823116788453192e-02 4.106749218488303654e-02 8.593665666822357385e-02 1.738108214419357284e-02 1.357439595160138228e-02 8.419242136691429401e-03 7.425597059377942594e-03 2.689347213011111792e-02
5.887109258824694408e-02 2.867592683617905744e-02 7.079700741988415036e-02 7.073647515618490533e-02 7.480409687140343600e-02 1.370913454684717994e-02 9.510333778817314787e-02 6.838389118281736068e-02 3.906769829613031958e-02 4.673206335032703551e-02 8.282241015471963896e-02 8.778989863254382797e-02 1.576224497054030602e-02 3.584177796475098571e-02 3.535472686797457714e-02 5.570477327063930173e-02 2.472534283863330254e-02 5.560360637164751124e-02 9.231009003860057849e-02 5.638371015417629334e-02
9.442543646040223171e-02 6.801241995805137885e-02 7.175580428396206856e-02 2.243636189441217121e-02 6.281608497943454161e-02 3.508416044618114377e-02 1.938349182709197052e-02 1.490156015831735174e-02 5.805912214271240906e-02 8.428411438096089503e-02 7.501769121060916645e-02 2.507446178865051570e-02 5.118544747330398131e-02 5.032281645366570855e-02 9.404415084436890115e-02 8.747075643334609185e-02 9.426990397431379148e-03 9.626681000354904427e-02 1.762711626970783416e-02 1.143382739776420756e-02
7.817554266768775295e-02 9.712374570392109940e-02 1.327070879546512518e-02 2.874489396404868169e-02 9.474007737606487956e-02 8.891731425342305761e-02 7.676893316138161394e-02 3.517245684540860895e-02 3.150905640848377515e-02 7.005537409969977980e-02 2.405405778961976562e-02 9.136910232864396686e-02 2.531841131096027736e-02 2.056798012459787328e-02 5.834665373011031081e-02 7.129668151932049003e-02 2.626835092516746281e-02 9.079961420207982234e-03 9.521590756950754075e-02 1.549795694228951574e-02
3.129314983076054990e-02 1.359529128432437374e-02 5.693761902087606658e-02 8.598220919220996017e-02 4.051129582066360924e-02 7.198524185895276151e-02 1.330521532531844277e-02 9.996462385895510394e-02 1.490102769320264010e-02 7.994234142790268560e-03 2.929588022531204317e-02 4.477133755900175593e-02 5.486481492117304543e-02 7.736155251389409404e-02 4.435609177893077432e-02 6.308119689294534871e-02 3.043372545013011202e-02 2.738192676059678782e-02 7.462488796352802212e-02 7.279947526496313714e-02
5.437674506213420467e-02 4.915693450416751958e-02 1.251854878123228633e-02 9.501187167323028870e-02 4.275599088915990609e-02 9.673350009223347090e-02 6.583983054312579630e-02 2.278312774840699634e-02 3.944416117829449564e-02 9.816187155093120120e-02 8.876169181441825873e-02 7.973582840637490066e-02 3.428496434167171980e-02 9.334547835896658818e-02 6.393281933422388652e-02 4.530262255073980344e-03 5.020727690837263613e-02 1.801577440740693634e-02 4.866338988014086431e-02 3.254119193012352390e-02
3.801871790451328160e-04 9.110126261690963678e-02 9.780554581565455152e-02 4.749647515659583680e-03 2.760054955499541274e-02 5.693628875380059295e-02 7.733078030412354753e-02 3.272411165618405171e-02 4.519569762264193102e-02 5.739736256244477863e-02 1.709740685857348216e-02 3.831904435725826119e-02 5.052091639624742975e-02 7.177461164156512252e-02 3.852109878733389614e-02 8.018643840951104884e-02 8.505608421745983194e-02 2.187459118316468359e-02 5.221656055605551627e-02 2.252584161451266775e-02
