2.274919686423836351e-01 1.292717012571396595e-01 1.428957695817583418e-01 1.442036671337733611e-01 6.166917790047359016e-02 9.053824728031566182e-02 1.386638346950357648e-01 1.002269424924817631e-01 8.761367323348204228e-02 1.185151407852355343e-01 1.268152020651601708e-01 1.447467814414375893e-02 1.148734986003807496e-01 8.521729831106543418e-03 1.389516421779875555e-01 5.140528687316650580e-02 1.368844327980991427e-01 1.135118422444959252e-01 8.589551731779490606e-02 1.163749486345679041e-01
3.526715256653978597e-03 4.164823717750710218e-03 1.052694799671383130e-02 8.536338670508440696e-02 3.235583905973848928e-02 1.428701847361815193e-02 1.818974637157100413e-03 7.780105363986540568e-02 3.960382518912676508e-02 8.894552672325355125e-02 9.250111172531383374e-02 8.079376838563090413e-02 8.441791456380243197e-02 5.223930419750313914e-02 8.238331213674049414e-02 7.912294106063059995e-02 5.216400807660747513e-02 9.070236707695844558e-02 4.365406611071809273e-02 9.751502553856243594e-02
8.821426893178166417e-02 8.893948299174203598e-02 7.915591519337324133e-02 7.089957594355465742e-02 1.576389189876705940e-02 3.528619113507969283e-03 9.711523184363786421e-02 1.115113035892787569e-02 3.772664844997097172e-02 4.487448090890452934e-02 4.073815894881153282e-02 2.540072462031016734e-02 2.671041564040917138e-02 7.291891126517728583e-02 3.258270039420354397e-02 4.163939524256898839e-02 3.681781137747509869e-02 2.159486808527041543e-02 7.152258473536175776e-02 8.524273877002892796e-02
8.932851416940940092e-02 1.233208071342128953e-02 6.291311889542675062e-02 6.246336520173800116e-02 3.576327088251884945e-02 1.104629885428898284e-02 1.817297443890513245e-02 4.543121707086406058e-02 5.771626208802073388e-02 1.788610737750776641e-02 2.720188873289212245e-02 7.447254084332323443e-02 5.121234452701220463e-02 9.550468165915598773e-02 5.363092921224747039e-02 8.211509316080489729e-02 5.048193935613818489e-02 4.717395662120524996e-02 7.845121271339554336e-02 2.465681637832863038e-02
7.855191894361920890e-02 8.300080218049002423e-02 3.931803840982658893e-02 2.811790462731060883e-02 2.275607303646121071e-02 3.600105676484523926e-02 8.098750447611768877e-02 2.166514258541817409e-02 9.867743893646223341e-02 4.191768223943664190e-02 3.096721441040954995e-02 5.594571840902800436e-02 4.561639043684775907e-02 1.048849636649429318e-02 6.347208568967792341e-02 3.525418849288907558e-02 3.530762270220124538e-02 6.540058755941202673e-02 8.687052824274135721e-02 2.366527208954131295e-02
9.602089973082297836e-02 3.156663024589214522e-02 3.215772853458883501e-02 7.957449625725994402e-02 9.760102332635796352e-02 5.409017713675809413e-02 3.563350104056929590e-02 2.916732090442152384e-02 9.697444015687067820e-02 6.134832231754481363e-02 5.103675119426534512e-02 1.096731659643508487e-02 8.662610223289790579e-02 3.895073706382230772e-02 7.755023154125441354e-02 7.353391318385482656e-02 3.492552422205324331e-02 6.811545653736521266e-02 2.750024685007189731e-02 6.878178004350424257e-02
4.437811909183186215e-02 7.799689337213198959e-02 5.817114246013437712e-02 1.015166792444012304e-02 7.957242075728665487e-02 2.081217142624181005e-02 7.252765713816089477e-02 9.571235644776866433e-03 7.661978505508686144e-02 6.744402613897280963e-02 3.808433255228670794e-02 3.888097683215856887e-02 8.705922003662865116e-02 3.477776047099580270e-02 2.217301501863696775e-02 4.020819738469490201e-02 5.026190458606832889e-02 9.866052485586460086e-02 4.174549916626921903e-02 2.468808051899187492e-02
4.845276218254201267e-02 4.895100594023314017e-02 5.357572267195558763e-02 8.974949909012208682e-02 8.655438890971743626e-02 6.844139874555381364e-02 5.095218577687687239e-02 7.540120730426355666e-02 7.083344255980232596e-02 4.684567952227182419e-02 1.166483476111855946e-02 5.274735691754284944e-03 7.560068701829948667e-02 2.047119436874873799e-02 2.436271834947956183e-02 8.689376870805509689e-03 7.617242796448496500e-02 3.029854390833527575e-02 7.349533275515628128e-02 6.170633909832223124e-02
9.706214064516627271e-02 7.251859394607979015e-02 3.411224448145826899e-02 3.471012145605745225e-02 5.727230933714510391e-02 8.543772733594366675e-02 2.428099096525243583e-02 6.497343283635234612e-02 6.951791731411624542e-02 5.368219925454909003e-02 3.417465368522207975e-02 4.337352030388356289e-02 4.115913237560693549e-02 1.502843265027353813e-03 5.901609987109436573e-02 5.068971504885483315e-02 7.066661998727473415e-02 9.008454181351482903e-02 8.924892304233250639e-02 4.790047433761458751e-02
7.523114962462575106e-02 8.626904377147340264e-02 6.512389089056271063e-02 4.642235608339287389e-02 8.068312309092966206e-02 4.904248265392400358e-02 3.783704863612535191e-02 4.535633883198110505e-02 1.963729049755365275e-02 7.905730680920419751e-02 7.274622705232795805e-02 6.595594953931321891e-02 2.665657108420986868e-02 4.750491487844743510e-02 9.087862099870189225e-02 8.135699868194586071e-02 3.156191980845676065e-02 3.608123039334131671e-02 7.111336811531691893e-02 4.986782157269475935e-02
5.703370006933993624e-02 8.732631085262677157e-04 4.373311402756829835e-02 5.143422775576337452e-02 9.042436393506178560e-02 7.749711485985816273e-02 4.051480200088415640e-02 9.512326676151322546e-02 3.495911663304374084e-02 5.528946508152959155e-02 7.537660200282998713e-02 9.619609571211289178e-02 9.838676042362867746e-02 6.130259854761188620e-02 6.846617631558402084e-02 7.772161277247939537e-02 4.179574335372672478e-02 1.657896906209199760e-03 2.563269120677076629e-02 9.075021813763003986e-02
2.864937595844304838e-02 1.409389070169225766e-02 3.624908177232847445e-02 9.556467411010090285e-02 4.856550047390774394e-02 6.880551245895381862e-02 7.307006317615676039e-02 6.547219185636703187e-02 5.322310895089718552e-02 1.973836115303348113e-02 1.765192796840489228e-02 9.377053509732352632e-02 5.605276865719032581e-02 4.071240985074734559e-02 1.746889788365367860e-02 6.976813406603445122e-02 2.404678585621300435e-02 7.988961176139419695e-02 8.840504099359289270e-02 8.794414584158988246e-02
9.684445772873059854e-02 7.794340433281476965e-03 1.455285132622463617e-02 7.435142466861237309e-02 3.386521974508911736e-02 9.725848335177678106e-02 1.770943757695194951e-02 1.884982748173378436e-02 4.677970314164136417e-02 1.862417625092422854e-02 9.992152332828319050e-02 5.364669493626988972e-02 9.869224346084046195e-02 9.535991380381948768e-02 3.845355108669151756e-02 6.074325589548693755e-02 1.408803982690153347e-02 9.514120258359846927e-02 5.063652394956037750e-02 8.721232871656903543e-03
8.712420417866822975e-02 3.100922380269575257e-02 6.364519914642907672e-02 7.870453062530155530e-02 1.552148636181482910e-02 4.575483690316422408e-02 7.091201219793372146e-02 9.335670840737619880e-02 3.344785369485010762e-02 4.957149675650404652e-02 1.325675764558805793e-02 3.950224388896404065e-02 6.174459957439124708e-02 5.683105675493954623e-02 9.437970268239738100e-03 6.172869799455621420e-02 5.772551462576023390e-02 3.213203330393506890e-02 2.549115892830259439e-02 9.810537059063757781e-02
4.058720366811644636e-02 3.016505641195066367e-02 8.470089061514951556e-02 6.152436069340168345e-02 9.315045525172167828e-02 2.298784034990669634e-02 5.929133587634183994e-03 4.301501881166391698e-03 6.608628439499598245e-03 7.356477340039935600e-03 4.012655282658333933e-02 5.067796800815423108e-02 2.855625957521872385e-02 6.608316242999984214e-02 1.459458036120098298e-03 5.982105317135637951e-02 1.577501100620591970e-02 9.209612436812279757e-02 1.196575434446089936e-02 7.418008536734378711e-02
3.667799903322827015e-02 4.758454066466737825e-02 8.858867952832003012e-02 2.608787996279309310e-02 4.586284916673302736e-02 5.927990996328963424e-02 7.301182268939897246e-02 9.211009617275277284e-02 5.073396696977158782e-02 8.092396947401178653e-02 7.780146741963878294e-03 1.929806260062343418e-02 5.559648691825339745e-02 8.367876470438261050e-02 2.986664192544090726e-02 5.210357405806684966e-02 4.611519132467480075e-02 9.843983101427264404e-02 6.891788040177569685e-02 1.473550265890037972e-02
9.699762426911720525e-02 3.067593447051075728e-02 1.447245577579805466e-02 6.038474796680333434e-02 2.867583695698554605e-02 5.238389649550656731e-03 2.074084881966812427e-02 3.303560030678238946e-02 6.267455031405411159e-03 5.379847799754999133e-02 4.197221451389183955e-02 7.375096626602864469e-02 9.646601133272385276e-02 5.397887546352023863e-02 7.101968370739228376e-02 8.232793576144042946e-02 2.610854055196666634e-02 5.735445820696186831e-02 4.822630160076829542e-02 3.201611156193093916e-02
4.577484506420181898e-02 8.559261907950600767e-02 4.372612284682797848e-03 1.210114685820396115e-03 4.975185986773129898e-02 4.288109755951711316e-02 7.118803280314649207e-02 1.732281878562467320e-02 4.865345714916050057e-02 2.144566017334048787e-03 7.286054425085465580e-02 8.346781651832634041e-02 8.271751479361466597e-02 7.439797564662775642e-02 9.447807538154076590e-02 3.666138004732744354e-03 5.607134192744653300e-02 3.665512297655598023e-02 4.067295103230533088e-02 8.624316535010901827e-03
8.961229248244330370e-02 2.695457487091619531e-02 1.136817107934734450e-02 1.434425577119495879e-02 4.528340501852582550e-02 9.788328146892899539e-02 1.402749723508728286e-02 9.122519437635884243e-02 2.900579200988438050e-02 8.047606341819718567e-02 6.728091499334282188e-02 9.840492368556164049e-02 9.415856179583848018e-03 1.757918557863791253e-02 3.155859340745167246e-02 8.932798904061184375e-02 5.062590654287527775e-02 2.355218078880426738e-02 3.946435278136484204e-03 5.404312562412760812e-02
5.558246557923426923e-02 5.420090208753040179e-02 1.357107740832153193e-03 5.801562906718869123e-02 5.287016250959732100e-02 9.653816012628131660e-02 2.544977857419743542e-02 6.973055906171876824e-03 7.071713859520926959e-02 8.523129294363482322e-02 5.998583407848157023e-02 4.452255698829030856e-02 8.660073108167337663e-02 4.546106445743672286e-02 5.448184488435908746e-02 4.291147826871193754e-02 2.002699300560780923e-02 9.975752040451781044e-02 9.517135278434107892e-02 4.858423419034185731e-02
