2.445123706313304945e-01 8.784953618082666504e-02 1.013061725076629116e-01 1.418687727274257071e-01 9.997053014255960490e-02 8.999347889886380458e-02 6.225818913531656895e-02 7.944681085696550515e-02 1.746707599514468467e-01 6.766250423192220198e-02 2.831997361785101863e-02 1.122681627953752426e-01 6.749350414683326360e-02 8.346409438883950482e-02 5.960354678139569151e-02 1.326170189138247690e-01 1.587773735103337192e-01 1.258719514597580469e-01 5.230535882806461312e-02 6.290245476245846790e-02
9.409208921952218196e-03 3.008593468764655596e-02 1.355593192769248903e-02 5.451008957966884533e-02 6.908360459506367179e-02 8.469010307382622560e-02 6.283360964853464126e-02 4.367382706250527713e-02 2.357863718369436479e-02 6.781257279279648276e-02 9.059863350556062941e-03 1.811713967672778924e-02 4.973951271217639386e-02 8.014331343744104941e-02 9.925427189821071916e-02 8.812476072805960903e-02 6.526798225354582539e-02 8.010626651327835274e-03 6.352987113426843135e-02 5.213501261019562460e-02
7.731322790599309824e-02 1.660898391343299668e-02 3.041440792291998443e-02 6.223002889885743266e-03 5.820860323693077820e-02 2.199623330121179901e-02 9.167736281686926503e-02 1.699804938555497108e-02 6.910679779653704224e-02 8.798873934086018367e-02 8.475990477511340104e-02 9.539282985189813380e-02 8.753364446147760686e-03 2.004782249603373132e-02 7.891549671090580809e-02 7.431635070373036889e-02 4.110699698311121031e-02 2.351859961480181824e-02 8.708577301403569448e-02 3.837923426442459152e-02
1.698844079498644868e-02 3.731992468261553786e-02 2.183081711797909760e-02 5.036157883181813580e-03 3.770200465249481936e-02 2.804404787850842823e-02 5.207788032750261531e-02 6.930319882302410361e-02 6.839268973470469942e-03 9.923912715752053471e-02 9.643119984280698609e-02 7.800021723883665548e-02 5.007993253178336102e-02 8.239431588437257092e-02 7.096210743120556774e-02 8.141201817723141276e-02 2.355203105509308392e-02 4.969817860143158073e-02 9.394885620865746356e-03 6.320820188084130820e-02
5.411908941408549029e-02 4.159685218329683964e-02 8.675631364630917441e-02 2.251521353033797412e-02 7.559155322086821838e-02 6.530695017536602975e-02 5.151569987292092812e-02 5.890999287943851637e-02 4.338480321955640040e-02 5.041948782712997457e-02 5.886107780187959521e-02 9.865820992406516832e-02 3.584855149786490142e-02 8.138817238332904380e-02 6.795116455337311956e-02 6.801316766799719860e-02 2.765871334650321645e-02 6.995735981533660053e-02 7.567975112831423767e-02 5.072964439328418035e-02
1.423078038065206385e-02 8.083111054664751660e-02 4.314404971572503161e-02 6.193647483793884856e-02 4.740451029629749735e-02 6.223162893060401463e-02 5.654377491226941777e-02 5.189974421426481188e-02 9.463996304504262991e-02 6.401740255598209473e-02 7.065678112654152909e-02 6.224071612059900449e-02 8.154704540482846098e-02 7.538951604583669919e-02 1.177659115646684240e-02 7.952881704257146189e-02 3.291287755390770713e-03 2.817489977646645688e-02 6.023866801473698462e-02 5.049560201822012040e-02
1.339896822946166216e-02 1.680064624876214177e-02 2.037220280004922376e-02 4.359688817841456468e-03 4.400294366536172674e-02 2.018280939273230448e-02 8.779702389108504090e-02 2.033794765578291960e-02 5.843664626357253367e-02 5.800841064752019355e-02 6.414722512825830891e-02 9.492828876586070774e-02 9.797656792001330217e-02 5.800540909478353602e-02 3.694920086348300187e-02 2.389304358376953628e-03 4.760525598341076858e-02 3.252316674477926522e-02 1.486054360516113684e-02 8.986082746799317969e-03
6.221447558825082130e-02 8.524639617504886635e-02 7.266805149976904299e-02 3.009495620224194104e-02 5.087407302072902843e-02 9.518312451180593881e-02 1.339458888468870838e-02 8.114981572226098727e-02 6.663033879932865611e-02 1.646857510551857917e-02 8.825429142976237706e-02 7.267346694050558220e-02 1.729988725251764212e-02 3.429525000625199826e-02 6.884055154085719219e-02 4.891888284070560616e-02 9.815070433781514572e-03 8.525166916002566153e-02 7.995767497631055265e-02 5.269714792706425149e-02
6.305857793583505289e-02 2.331477197766185228e-02 7.984121552755736595e-02 9.636350108851093887e-02 1.483630977639887119e-02 4.758721295881548907e-02 9.445682128175637154e-03 4.210064264489041946e-02 4.155207208921495726e-02 3.742106439479813557e-02 1.948264052061055018e-03 9.035790868282680965e-02 4.051875123842151732e-02 4.063989355732133824e-02 3.522414192728710175e-02 1.466313693583470856e-02 6.955499559185723824e-02 9.891828918627976197e-02 9.931688396825533172e-02 2.763901886708575173e-02
9.452690936705425429e-02 7.471221321812297755e-02 5.910054102234787998e-02 6.624667833912514792e-02 3.440967613150687499e-02 6.139270105903456287e-02 1.051180436703672699e-02 3.372359297304867998e-02 8.368526988966512592e-02 7.221913031474862243e-02 3.980772635258061909e-02 5.575396763606108724e-02 5.217999645361999506e-02 5.735849959850665425e-02 6.393501865020539965e-02 4.635865494404500103e-02 5.974108515641385342e-02 4.018148472138922955e-02 1.563065291672511778e-02 9.226751896501535211e-02
1.935241080953761447e-02 5.733586088295412886e-02 8.057591587147050829e-03 5.549345571994101362e-02 8.987082754877190327e-02 3.665484007833196695e-02 9.054823313780116512e-02 7.532769139213024712e-02 1.244403238787605837e-04 9.939043257415970667e-02 6.676416698006554240e-02 5.541349419157395872e-02 3.858536742071005943e-02 2.866891675919493176e-02 6.508171058021325339e-02 1.120482809430509846e-02 9.269424133762925455e-02 7.445883996720414899e-03 3.714978682849131436e-02 3.993869608642132418e-02
5.283115464372378778e-02 6.882507934481535417e-02 9.317837882533011595e-02 8.346010072481076236e-02 3.037832560675445340e-02 2.446372043368262583e-02 6.706270692344144801e-02 2.598565273154304286e-02 3.622910897684076398e-02 2.614072650859045315e-03 4.192531036341698436e-02 7.805315961719098972e-02 3.099659346531702386e-02 4.786348206667781491e-02 2.694035356906331405e-02 7.067277988645186138e-02 2.499753364945299719e-02 1.732479624086516110e-02 2.552495357383643970e-02 1.382306702113620528e-02
8.086735210201365098e-02 6.667828796303815198e-02 9.936040562814026089e-02 8.293028701259626267e-02 5.912005509220880084e-02 8.899026254021248639e-02 2.293267133907930452e-02 2.296653031386527641e-02 5.372487206678275978e-02 2.130035619980401654e-02 8.462842932388844885e-02 6.543430877229839369e-03 8.233009276623122485e-02 1.246226313962556231e-02 7.800679462336784775e-02 1.967841651258549554e-02 7.684118811354261058e-02 2.239898986334033781e-02 5.863507979027221539e-02 4.317736329914864668e-02
7.261530527867544882e-02 1.352776307712300063e-03 6.010971454485643239e-02 8.770278559037304744e-02 8.221059684267734147e-02 1.682582852405111254e-02 5.060121083183773127e-02 6.605865653066284038e-02 6.237687075978781866e-03 8.257133341327123344e-02 5.309772675973872119e-02 4.379166832865360320e-02 8.496399054391187700e-02 8.701830737677677952e-02 3.823652446427642376e-02 9.201625719612670229e-02 5.795863085517472500e-03 3.845592157006403472e-02 7.452529446945657665e-02 8.901915611482413837e-02
5.451538436003505739e-02 6.452170334247178674e-02 8.999838767951337526e-02 1.637814101651711290e-02 1.615611582222171647e-02 3.797317218478984263e-02 9.357363821606132226e-02 8.097977694586701303e-02 1.937977952195171424e-02 5.837953403816503739e-02 7.840813557644017717e-02 9.364539548430116100e-02 8.537470821380192809e-02 2.846321541862385784e-02 1.517970168169672368e-02 9.540354577078724585e-02 3.717109968673888709e-02 6.813058035704686044e-02 8.903308821101113546e-02 9.910967439255805034e-02
6.437189064921154669e-02 7.942281393192601735e-02 5.121147231348417705e-02 4.004491096263177591e-02 8.586930563989730869e-02 1.297285631917469845e-02 8.210408127693265279e-02 9.697907872638431015e-02 6.227980419259099287e-02 4.356424249896800882e-02 1.657078642357485629e-02 2.269054285332016210e-02 6.730003162843860298e-02 5.212352179368091865e-02 5.608540914726836690e-02 8.906143386652300153e-02 2.311053428110463465e-02 4.246754501954633915e-02 5.938350830451959855e-02 9.918164773781816546e-02
5.922551554320920619e-02 7.421049806178948126e-03 2.493721777695397102e-02 9.702532550879046369e-02 6.657529103677341242e-02 1.843538608277009092e-02 5.268143204430685705e-02 7.486874108547027229e-02 7.478180315587226734e-02 3.805505461761360744e-03 2.712619076119802269e-02 8.137358177866656217e-02 2.717446187577060579e-02 5.372955409321759218e-02 9.901186732570869953e-02 6.105169808551313970e-02 4.602058107359993655e-02 3.420983534387927322e-02 1.292124284717737284e-02 7.885892765736302046e-02
8.767324688185516857e-02 4.264560858474539251e-02 4.831680427626379448e-02 6.234277022502666271e-03 7.283718758421953501e-03 9.767821908931734187e-02 8.312772345310386057e-02 2.567704443512082435e-02 7.245406542788644655e-02 4.361233979679363104e-02 2.152436944691554777e-02 8.434249149813902169e-02 9.725917908058175076e-02 6.361494970711513430e-02 3.899780360608101626e-02 2.421963870796044541e-02 8.803051509702425337e-02 9.812439880195830688e-02 7.161751936608949654e-02 7.662419411870503155e-03
2.711970597810764612e-03 5.052265516713103782e-02 6.418304366057774046e-02 5.184578741313999178e-02 9.982745717716075273e-02 8.677260780815869434e-02 7.336832809461690981e-03 8.282450145894955373e-02 4.340082719761975683e-02 2.788588851474577135e-02 2.159591477340197171e-02 6.550479670839161328e-02 8.544503810627442075e-02 1.517928923613724029e-02 8.250438270881043853e-03 3.674843697677575988e-02 8.144195825850858439e-02 5.518152201602267125e-03 8.427376377617037950e-02 5.206757249825543638e-02
6.242427187116836307e-02 3.446832170846169524e-02 6.716732917101751743e-02 6.405510520688653675e-02 5.466525090501727496e-02 6.520257531431827847e-02 7.469791258103462839e-02 7.725841166863806064e-02 5.000468938016760373e-02 1.813874956732151184e-02 7.272826325727399510e-03 5.045773567707483725e-02 1.399671791135073153e-02 4.298500812954375930e-03 3.445845745826561085e-02 3.842956458349218452e-02 3.484415837779047953e-02 4.479691441681254299e-02 4.347160006981327929e-02 5.194837438115845751e-02
