1.946471338133284879e-01 1.595511588631683131e-01 1.210097845211779988e-01 1.132652164715627630e-01 8.131770793255412022e-02 1.428169677489742329e-01 1.004028511918557132e-01 5.971875285635235703e-02 9.113040615521929289e-02 1.355664780581704032e-01 1.408873959199557491e-01 9.107167238888848326e-02 5.859323969664165938e-02 5.044308922672952056e-02 1.067028269228246923e-01 4.441126638412187799e-02 9.418223314261689461e-02 1.073074827129141123e-01 4.670908064475319532e-02 4.307725532024919701e-02
4.254737630950160970e-02 3.033849596890138278e-02 6.073426500763685898e-02 5.271027853012222666e-03 2.735980799037109057e-02 3.814176162293522743e-02 9.882187183534082986e-02 1.046754448082578594e-02 6.007855941238039732e-02 3.141697446056790615e-03 9.648644582920851143e-02 3.939063738059265379e-02 9.711091189869833218e-02 1.250373115731239285e-02 5.565697651950565761e-02 2.206274604823982299e-02 7.070374464623989386e-02 7.235722405678250702e-02 7.844747595480545954e-02 7.702782013856351861e-02
8.631743462553941038e-02 8.320399434064762456e-02 8.136600737108484749e-02 5.578088893928774550e-02 1.255245919208873920e-02 3.103311945067117883e-02 5.635850420034273223e-02 2.297858061386254258e-02 6.528902773542917537e-02 6.946097329185332847e-02 2.914964288613197674e-02 3.002392125727557787e-02 1.788305484640650977e-02 9.738841642903155182e-02 7.837914779404822618e-02 8.222007805206087150e-02 4.277778835887063869e-02 9.648008875776735438e-02 5.145545514712880630e-02 8.789901053121086660e-02
2.274748981409126236e-02 2.633721381515508313e-03 3.369697696241471391e-02 1.785646758164828249e-02 1.650246075413148647e-02 3.321831937783891603e-02 6.766050017987021437e-02 1.934033335238584395e-02 5.903644737302277123e-02 6.551568838641751158e-02 2.640873580191785072e-02 7.606573275378902821e-02 3.208645905720127617e-02 7.814720163064983738e-02 7.568633693966231313e-02 4.957813077923612158e-03 9.558673017987628917e-02 3.411617788186076944e-02 1.837527737026680916e-02 3.092236076486497634e-02
1.321212599582932776e-03 7.877835853484094208e-02 1.104251186035981602e-02 6.493474446529044763e-02 4.165479572311388268e-02 2.725913924581678874e-02 1.159055495683302198e-02 4.732205066085612422e-02 1.674683809517167957e-02 6.217891756411269427e-02 7.854346061484321351e-02 5.407960214589877662e-02 3.298626706009799917e-03 7.477134793996710604e-02 3.850525560223253679e-02 1.562678489309319435e-02 8.822940209501838049e-02 6.649739608659249734e-02 9.790396794042122153e-02 8.290775755444018680e-02
7.576981726117545946e-02 5.500439871383945578e-02 4.086312151581250954e-03 1.923872456947364404e-02 2.315707513268036241e-02 6.688540466056726308e-02 8.342230448341061977e-02 4.153113966257315076e-02 8.496495534824707874e-02 5.048343404408426466e-02 9.649479526713361510e-02 5.355389274149095075e-02 8.227341485870603988e-02 4.930722207032146864e-02 5.152691446065195413e-02 4.768368610873716107e-02 9.563375419381252296e-02 9.072974904673444807e-02 1.747896174160030666e-02 5.527341706553612344e-02
2.271245248989373251e-03 2.650699541740915433e-02 9.218959717328942260e-02 3.222645638310382005e-02 1.498645868891661584e-02 7.638758955604482703e-02 6.579614974637752745e-02 5.528435174465642921e-02 3.360429349133625676e-02 1.903841756548785291e-03 8.610930884714517938e-03 9.671786775960622418e-02 5.381790574013998324e-02 1.390784105993722077e-02 4.060176510371526354e-02 8.488752612959236943e-02 6.802103787462307483e-02 1.909241962991568148e-02 5.800420360485664117e-02 7.635397965027701517e-02
5.333750294452755530e-03 6.652596170663531427e-02 5.421122954156063628e-02 8.766936547904724542e-03 8.586100480807754010e-02 3.012975756666922550e-02 1.985519153963524394e-02 3.156400461665775925e-02 5.669938766994314649e-02 7.560046355764635240e-02 1.121268307668910058e-02 7.464575126000433380e-02 2.594324655737178034e-02 3.078946591110591838e-02 8.860983983610482007e-02 9.969329660124297277e-02 7.362190468512473662e-02 7.257858531220146014e-02 2.989139664414871764e-02 2.002182493431509114e-02
2.984487101115446128e-02 5.676771168947269963e-02 2.964849141013280523e-02 5.850941833460848035e-02 3.686337268253523508e-02 7.698252219710165212e-02 4.404497626840558899e-02 9.486668285968956338e-02 3.523095099361117817e-03 7.449283930788709596e-02 2.970444795545190697e-02 4.638652051585673286e-02 1.777852769897400251e-02 3.074361947079649188e-02 2.930938041359702068e-02 9.592208898036701237e-02 2.542602285378059435e-03 5.065636245600003973e-02 7.348256008390424698e-02 4.357072737874257383e-03
9.999547574904492364e-02 8.531074585149989176e-02 1.369267500413236076e-02 5.499110823933920505e-02 9.772472471273375982e-02 4.902393275626503594e-02 1.960915711491758792e-02 5.831046100287597123e-02 1.188626524474875081e-02 6.351002528806641567e-02 7.357627459264741432e-02 4.146525180109320030e-02 7.704956328791166820e-02 7.774572702455606610e-02 9.154746593102591409e-03 5.955141380901568526e-02 9.322783210563356793e-02 9.017773353778082979e-02 8.662158155430356443e-02 8.557448842887638296e-02
4.502742306814105228e-02 2.296052876762432263e-02 1.144373198983508234e-02 5.694305473958832797e-02 7.784212121285927904e-03 8.843821821400477123e-02 8.752271334697315705e-03 3.105256587101547228e-02 2.379464611535451329e-02 8.374676039000655825e-02 5.144584130155158141e-02 1.524441327352146248e-02 9.111181226084588691e-02 6.322007075394875820e-04 7.647194031067185149e-02 4.417184445095659329e-02 7.795215444800919491e-02 9.292270085986945038e-02 7.104089958130237192e-02 8.585202600907426707e-02
6.105471405465168200e-02 5.544698201655041958e-02 6.037592780459332537e-02 4.978782205603502625e-02 8.343180874333194774e-02 8.260447114688292125e-02 7.446709504275722535e-02 1.074388471937816163e-02 1.854092010143603211e-02 6.024507002944143319e-02 8.512978668996394604e-02 5.797612857509953227e-02 3.126022963904991070e-02 7.551176251156310748e-03 7.262879744474208532e-02 6.180801604441226588e-02 4.485697653662698570e-02 1.565596106168807428e-02 6.073485147008472751e-02 8.072050303926561754e-02
1.240639214335007706e-02 6.194070287504380851e-02 8.572305931263740630e-02 2.721507421714750713e-02 2.894024901556406862e-02 9.814964617856304641e-02 2.322802262369678961e-02 7.876091441110640023e-02 3.111748118711574890e-02 5.143359239479405876e-02 3.642365067373926069e-02 1.698802474316465569e-02 3.445942786849277850e-02 3.303680649275092529e-02 8.878772164692888547e-02 4.252954582322964611e-02 9.558147631185050230e-02 7.549944077651574159e-02 1.592885702100327316e-02 1.704485172400900181e-02
4.920594736434648342e-02 6.834192560026199070e-02 1.882881716023989890e-02 3.699597351300053932e-02 3.582302389706087248e-02 3.032720030623749230e-02 1.394928219701841061e-03 4.742197568723938161e-02 6.989450014391536403e-02 3.618808959680615278e-02 8.997081935474855741e-02 1.248727672550965610e-02 1.114938554521437489e-02 7.786387828084234686e-02 5.695074068152170682e-02 3.252300322212642487e-03 5.815674811037663261e-02 2.905712553336271819e-02 2.350167836868666260e-02 5.074367742062102504e-02
8.678947017174304390e-02 6.524315150957935017e-02 1.336972283012117894e-02 9.259719992400161637e-03 9.777661268762337377e-02 2.493147212981149455e-02 7.680801604644275915e-02 8.574924423243274196e-02 3.615184631065792437e-02 1.928116388597735098e-02 3.024727662553339507e-03 9.767757627258367992e-02 9.639871877307172598e-02 7.569354513389088546e-02 7.072555517424887472e-02 9.395446244322847029e-02 8.347203838622432870e-02 5.025456903050001117e-02 6.117545873336627249e-02 7.209970067113847039e-03
6.073059265239785787e-02 5.553096093519053339e-02 9.598514032472543756e-02 2.423928559838717245e-02 6.280112169285706480e-02 8.598140354108439742e-02 6.657268182592444850e-02 2.403885105603734834e-02 8.015111864547014298e-02 1.192229588892292948e-02 1.194896980495568917e-02 8.960194550915441536e-02 5.450091270678374816e-02 8.433279757316079761e-02 9.878560573305350881e-03 9.129048906802650354e-02 2.935488632519988109e-02 7.441529935337053148e-02 6.794315930182075192e-02 4.173768713734892638e-02
3.225635088519851479e-02 5.053153930813978484e-02 2.650699395688254148e-02 1.757977365337815012e-02 3.833366235757666024e-02 6.290175168110526127e-02 1.163798572288574779e-02 6.973725676271452789e-02 3.271499067830180296e-02 4.540023530123219603e-02 5.190319011857257719e-02 1.443412562878591127e-02 2.856844290532900565e-02 6.681967143390128705e-02 8.019627920138519550e-02 2.944593545634999546e-03 6.071606218458580617e-02 4.290866894365814865e-02 1.392396114911930230e-02 2.128251597955464064e-02
8.231216377157310471e-02 5.973790427671620690e-02 1.681755366169069774e-02 2.977708522888126291e-02 1.402122762170066039e-02 1.490027777477974727e-02 4.343318320860315579e-02 2.412203856378961758e-02 8.608767893551973194e-02 7.258848693946773345e-04 3.836057544637099664e-02 1.208173662597339382e-02 1.671178771038467348e-02 4.689390924905789855e-03 5.219796768616961208e-02 4.629737906255964458e-02 1.522996242131883365e-02 6.188214055829843740e-02 7.776585848427897130e-02 7.778910783049442119e-03
2.109539887333874639e-02 3.010745956330440620e-03 7.021197785534456781e-02 9.931735448201496619e-02 6.995358726483896783e-02 3.314942276466429499e-02 7.427929557496738833e-02 4.337987429341211287e-02 1.024515857891492715e-02 1.900696282177138929e-02 1.371094339912041354e-02 5.868465956191736693e-02 9.456640982546703211e-02 5.215045628699427338e-02 7.618882919620918043e-03 3.030477210864248802e-02 5.192069550260602906e-02 5.967665036111668292e-02 3.389776364388338153e-02 1.724935284849435022e-02
5.751939032028570431e-02 9.674984712750483995e-02 5.421715951825070712e-02 9.657029582186343886e-02 9.541375388052908413e-02 7.640204987352700039e-02 5.099512192037362196e-02 6.388672277242538056e-02 7.321602518845880814e-02 5.624857850181706059e-02 3.098036076126758909e-02 1.776727179643721247e-02 4.713862538011323600e-02 7.827449921510917785e-02 6.104526598586935970e-02 6.267872994108085460e-02 3.642585211513769267e-02 1.219828590096475734e-02 1.601191348330093314e-02 1.496308350511020915e-02
