2.456475123666383431e-01 1.443642823458355928e-01 1.140737617264584169e-01 3.804760702087145452e-02 4.687215128322440305e-02 1.303583156973944779e-01 9.811797000836040838e-02 8.695823221004060632e-02 9.209712165171568543e-02 8.141727926922619207e-02 8.132024132221846169e-02 9.076170013992468366e-02 5.221488295743040298e-02 2.212852892527708212e-02 1.213030874345521690e-02 8.514082672889368431e-02 1.209404739308182347e-01 4.611623472647618377e-02 8.527273561153417281e-02 1.066968453446543591e-01
4.011440102711777422e-02 8.247446652182849336e-02 5.024092442373933459e-02 9.064103328198501452e-02 1.013319806614363799e-01 5.925643292600570045e-02 8.279067881869862922e-02 5.855751003349579653e-02 8.853036917706802456e-02 5.426310800849893506e-02 8.608789802721526774e-02 9.295562875162732483e-03 9.081709335916805792e-02 3.072519054609152908e-02 3.429537549270021690e-02 3.853733372012359965e-02 2.667885701640369811e-02 2.574223298720819050e-02 6.333746498671849467e-02 3.514278315338072167e-02
9.744206690291344619e-02 6.730909124791195630e-02 8.155104929550158893e-03 6.238732467967200018e-02 1.181112577106385904e-03 8.094762241341307840e-02 4.714805580480194852e-02 5.215768352684405779e-02 4.067098417453535175e-02 5.536526976348677201e-03 5.712048222318436702e-02 8.947081878385676479e-02 5.417327317261798857e-03 9.656056139222801357e-03 3.128722816627721448e-02 4.689366414839447189e-02 8.311132584335992335e-02 4.340164629144180330e-02 7.719179381317226550e-03 3.430914577250175623e-02
9.384314149570315011e-02 5.288072288477933813e-02 2.571345295790096810e-02 4.968487124506733299e-02 8.907180456603594476e-02 7.128741759401795164e-02 9.183654928628436076e-02 8.710748838780033032e-02 4.312659954316321043e-02 2.491462362243251558e-02 2.544426810094470304e-02 5.691639775077383424e-03 6.038034051961293190e-03 9.505678127831926729e-04 1.141419425805143689e-02 3.035027508935666044e-02 3.468667472089132149e-04 7.981335685859122786e-02 3.751612263108209527e-02 2.894681549564655232e-02
7.840346724083922803e-02 7.294107964592962123e-02 5.909771746912315799e-02 2.053664146199647017e-02 4.957875725154316238e-02 5.852395100340596068e-02 8.022565332217256040e-02 7.838356501956689204e-02 2.657638497538384464e-02 4.405841240785082769e-02 1.638226995770589167e-02 8.250732754488766807e-02 1.004849324947335587e-01 2.413447642927595352e-02 6.574417507568257324e-02 9.868436078951166313e-02 7.390001071742660632e-02 9.716182627784014647e-02 1.553495741584533935e-02 6.776163091772762978e-03
7.884935474261196842e-02 3.138272179702984027e-02 1.015884183587671269e-01 1.107482202727687673e-02 8.019195423253246136e-02 6.919336795357299008e-02 8.347564636857951470e-02 5.678300754640167036e-02 8.176006400610046077e-02 4.873380998686773977e-03 9.012547717627167332e-02 3.219479934806614152e-02 6.006553362065326224e-02 9.877080678490372800e-02 9.525802234729256746e-02 3.066231329621594767e-02 8.344118151701884756e-02 5.906316488269141435e-02 7.292326474642426073e-03 8.180445976818098708e-02
4.410141322996872365e-02 9.323038211988793345e-02 2.070876932384534824e-02 1.585401331353392118e-02 1.002875911532005206e-02 9.859547995862062708e-02 5.751013641599759391e-02 2.187646326558637892e-03 3.576038821393322936e-02 6.221393696891112934e-02 2.450024997574032012e-02 9.235462036809886921e-02 8.837929282106357642e-02 9.945493872728194962e-02 9.481058403394353185e-02 7.173714639484221611e-02 5.705381289539725870e-02 5.139300655274182950e-02 3.119017154295155789e-02 2.073965137499677452e-02
3.926934643760991717e-02 8.472903158688342706e-02 6.506647998708982306e-02 7.294372078494990030e-02 5.314415680293370359e-02 8.875575154368273503e-03 4.012944069870572061e-02 4.486561851393389144e-02 2.772564968832145690e-02 4.551035218922810585e-03 4.526412280186066506e-02 8.853728505839091045e-02 8.383796150780187251e-02 7.616749340284552361e-02 9.437592874394691578e-02 8.363645413283418706e-02 2.959263463892350052e-02 8.784752973448889390e-02 6.360562975288427956e-02 8.881431584085791586e-02
3.155030205956078915e-02 5.733209404828740197e-02 4.398301161296396672e-02 3.091116088059310540e-02 7.817370544623715445e-02 2.883996877377229331e-02 3.621390224738321034e-02 6.455103304383266738e-02 8.718027899912787759e-02 1.470293630078025118e-02 8.660313755768191124e-02 3.812648260135484413e-02 4.053290928142837951e-02 9.811704652896668238e-03 3.301120339482156024e-02 9.209207320760517956e-02 1.178870429507538654e-02 1.501349507957854684e-02 1.076739550331593138e-02 5.744742597642178705e-02
1.409988111003656654e-02 8.325641001044205292e-02 2.291649228118006199e-02 5.342023134332548467e-02 8.305329140274900213e-02 9.526800842923983936e-02 7.186354930371488536e-02 7.425148211454496439e-02 6.620045317759617846e-03 9.193179051544572711e-02 3.856297245056492656e-02 2.399310298840579003e-02 2.522209830464026189e-03 7.871959643014693475e-02 9.579535166631307497e-02 7.026436772577948631e-02 4.863790659937939492e-02 1.013306448445835534e-01 1.006679635868744094e-01 8.377109983782370095e-02
8.081369569236228345e-02 3.748689305007588818e-02 9.084152807077026937e-02 1.622497945805458433e-02 9.210677027280408935e-02 1.914654010897672010e-02 8.207761472326245700e-02 7.102073484705047346e-02 3.314439656695905741e-03 2.849757738412870417e-02 3.174504272114352793e-02 4.323863582547817636e-02 4.399863762274542484e-02 1.944947764949350039e-02 4.719269539167531696e-02 1.652836510750593790e-02 3.938921040143558705e-02 4.409861467359763032e-02 8.634807210173639502e-02 3.513118440159938415e-03
1.858368182793982554e-02 4.757927069047725860e-02 9.180030388469728742e-02 7.311662087273522459e-02 3.605614325043339508e-02 8.578447495361253561e-02 5.983104310998355740e-02 9.495796063842350254e-02 4.821305569089201493e-02 3.555817704484558889e-02 4.146354720648590814e-02 5.737910778957811681e-02 9.977299467495291674e-02 8.896218461372305819e-02 5.967702871072921161e-02 3.019882233282525363e-02 6.555957497758896878e-03 5.900474932983211518e-02 9.731613619211353094e-02 6.674606424492128542e-02
4.667858953708553527e-03 9.695958986203734309e-02 2.479719967266694192e-02 9.855638584104689515e-02 7.852014644503262433e-03 4.148571011586683899e-02 8.470406662945935417e-02 9.777805728892110387e-03 1.286236101599604921e-02 7.628067628944999734e-02 2.920605740385366633e-02 8.867879275254429705e-02 9.492073028946745872e-02 5.095695112713215930e-02 5.556952740947030539e-02 3.643875437240640374e-03 8.361975431598385466e-02 6.602040033326592172e-02 1.014772256062327765e-01 1.982868725335850540e-02
3.512714597578482645e-02 2.785661425028426383e-02 4.232415890223917287e-02 7.599149864570327317e-02 9.978627237712917389e-03 7.454494712670628985e-03 6.385717327930691412e-02 8.290253504030574427e-02 8.613437217531226542e-02 2.056026250021326940e-02 8.653064440921834355e-02 1.134979766356239775e-02 2.242933333350248179e-02 6.337124079529868337e-02 5.978187059708329337e-02 8.370834791665664187e-02 5.708012747646130230e-02 6.623135689754862387e-02 3.840910674886259535e-02 1.758082679763576031e-02
8.814535630543439415e-02 5.109799007898953305e-02 6.052973068708813326e-02 4.867850507235807478e-02 5.246698904904124883e-02 1.925829003386775665e-02 4.493095794276399241e-02 7.310772747243396430e-02 1.886746052672117965e-02 2.322878772303326247e-02 3.730517108717450875e-02 1.999560999982775977e-02 7.340404080679002741e-02 9.680034785357095883e-02 4.307732860012727927e-02 8.069721479610368620e-02 2.547750401871803905e-02 3.110743115599953756e-02 1.560875916207480306e-02 6.129850081286106200e-02
8.663495144781534207e-03 2.179779087162554696e-03 1.653289397124299218e-02 1.587342716658294781e-02 3.054144717424128741e-02 7.076806397616150490e-02 9.744584573124216720e-02 3.798082864868713299e-02 9.816861999664679150e-02 6.267691161688890289e-02 6.662579463599656304e-02 2.594921172074307267e-02 7.161983704813115748e-02 9.107353772705462092e-02 4.071900252655829416e-02 3.646601020553746908e-02 9.671938634526482115e-02 2.826811615973738850e-03 7.404695520092627152e-03 8.186870628052239640e-02
8.412347881954485018e-02 6.832586831872368427e-02 9.693575583030164533e-02 7.215644582252198069e-02 3.337179209758180803e-02 6.720644625716763743e-02 8.292390229339934027e-02 4.148755806404109958e-02 9.496185331468441626e-02 4.018169749640628646e-02 8.591668137452686260e-02 3.539561173115399889e-02 2.842534673872434275e-02 9.020260562927910619e-02 8.881737201606580701e-02 5.586084045850159274e-02 8.635886276022754215e-02 9.395680096141621751e-02 5.662738882993494788e-02 1.882182781503701852e-03
8.305965936233025704e-02 7.362097477416812419e-02 4.858482008594981749e-02 5.815718210311584396e-02 1.887168372287819154e-02 8.253661003131709806e-02 1.789262361511735622e-02 1.670219941201461084e-02 7.729727674238646984e-02 1.315812228009627556e-02 7.847537192200644551e-02 1.478954315744342857e-02 4.400645638779723812e-02 9.074794397582121308e-02 7.064639963942759282e-02 3.900944129088881190e-02 2.653215764296418602e-02 2.531445494690940518e-02 4.204590405291640243e-02 4.491256728758624694e-02
6.471505699486775065e-02 7.232222173537268539e-02 8.068397718735703661e-02 2.115647725725828350e-04 9.820042417805187329e-02 7.171690774401537349e-02 3.310081340769470241e-03 9.682732441051111749e-02 4.512937009135869343e-02 2.590193840251012874e-02 8.474083543185773060e-02 5.558443562010711991e-02 8.987794536903345732e-02 7.829708539716050131e-02 4.327613855662754833e-02 9.945728444000739854e-02 2.547038029071814133e-02 1.984930095059529026e-02 7.118243123131808014e-02 5.422055389800491815e-02
9.683120078874993264e-03 7.786472906270636152e-02 6.153779037436878964e-03 4.629602047570966633e-02 9.575109310037720201e-02 3.807777253234409520e-02 9.239313451742103833e-02 5.773052899102300295e-02 2.110468802147801373e-02 5.828918965059895485e-03 2.550683221696986927e-02 6.761259900415617086e-02 9.550838640103288812e-02 1.003547893194481483e-01 1.437629284054069319e-02 8.783764538465121952e-02 8.621388598262078040e-02 9.841291000000482181e-02 1.808745628849905973e-02 6.126084197344402321e-02
