2.265430604586861352e-01 9.102307873682233264e-02 7.320528445688145869e-02 8.951940329649094030e-02 5.780234243469076910e-02 5.437837184079982733e-02 6.748077709598217233e-02 1.297028079142441004e-01 5.557126481723508038e-02 1.282693524581953737e-01 8.415295116509904916e-02 6.829774075916800191e-02 6.253697399181631922e-02 1.168472513449527600e-01 1.101880659166856596e-01 7.187047384515575510e-02 1.112289615970347423e-01 3.438347389116688801e-02 1.262229071297126248e-01 2.542324301403221104e-02
2.694684739074522384e-02 4.414651608577299657e-02 6.791904281949623888e-03 2.742678240682220464e-02 4.665097413400332016e-02 5.403927306446588974e-02 1.924977872089681658e-02 4.435414880399834309e-02 4.536241543655893799e-02 9.822219338088981899e-02 1.794738108805107521e-02 1.156758826909598655e-03 8.841163320512372692e-02 9.707272967524349996e-03 9.062313566149411692e-02 2.603348574545727434e-02 2.325737858577015069e-03 8.366769649175920254e-02 7.562042074942610000e-03 9.150284542323838810e-02
9.859015243902979897e-02 8.190420743520233915e-02 4.744607792463439305e-02 7.702679519282765175e-02 7.169876469132425989e-02 8.725041216419954226e-02 4.118597313623161699e-02 9.320109814530068426e-02 1.049417310624166724e-02 4.713321285673313654e-02 3.306895786354679956e-03 3.824913146245513540e-02 2.876799518438100112e-02 6.693924185870740728e-02 3.876885742271252329e-03 4.915945905323396148e-02 1.127353185132625758e-02 3.848036269036408941e-02 3.943534818806959663e-02 9.088868901034857783e-02
1.012602625724710187e-02 5.875193397017730579e-02 1.108683812808465390e-02 2.557486273951644837e-02 3.578908057340562943e-02 6.133399407472905213e-02 1.262599993131056225e-02 4.000645321663788556e-02 5.592224148283689300e-02 5.790972398709442331e-02 7.062017159190643600e-02 6.436119941589533988e-02 3.009384259244785031e-02 5.892968347874993212e-02 4.796686856829743273e-02 9.563900425754362500e-02 5.123718433855120602e-02 9.714189558671738889e-03 8.767381733665303295e-03 6.908326035045068980e-02
8.224515962031259120e-02 9.037517499132469156e-02 7.195602265092478078e-02 9.665623039658162441e-02 5.122942894545804565e-02 9.903036887632188714e-03 2.146663369318400211e-02 7.580310926060498944e-02 3.563774377259210091e-02 8.876490319515076277e-02 5.216802494054284534e-02 6.830739418784345651e-02 3.762695926203418750e-02 1.933243355898909416e-02 8.430362781588231214e-02 2.627344123695268818e-02 1.193471346506356362e-02 4.888583880719946789e-02 5.304038866592003520e-02 9.893667769727988032e-03
5.222089820242815927e-02 3.719000002649171938e-02 1.247547559245421132e-03 1.230243157551128702e-02 1.018202771268400531e-02 7.127244781509517457e-02 1.017194972034762921e-03 6.210917975455076262e-02 6.391863208991949152e-02 6.605505253300950064e-02 6.321720026777166712e-02 4.844073443325217637e-02 3.225514345857211085e-02 5.328502951766694168e-02 3.381642099785183569e-02 7.573659429057733733e-03 3.663200649585605234e-02 1.020455621880383967e-02 2.515170201278282835e-02 4.030463204772447017e-02
5.725617506124070291e-03 9.248248343226917953e-03 9.292215757472414850e-02 3.750309958599097604e-02 8.422977575114673487e-02 3.707388284506272363e-02 5.370976283442974175e-02 2.820513471270393036e-02 5.970734183077075485e-02 8.746584054233491612e-02 1.133906861163678365e-02 3.772065840750448568e-02 2.972105892346430661e-02 1.193455588553713614e-02 7.629526833204763880e-02 5.576050129747071177e-02 9.454968250545781050e-02 6.416502961613079759e-02 6.630141933214786509e-02 5.619749238224994864e-02
9.468144027974807753e-02 1.161162144215975925e-02 9.920574923745648088e-02 7.724457615110053021e-02 5.433586019227353708e-02 4.042074671836425742e-02 1.241381761643028936e-02 4.738739149918291924e-04 1.792732165203693093e-02 8.350276764101963178e-02 9.453908416746009680e-02 5.953579220927120164e-02 9.509985933391505719e-02 6.745398588617845803e-02 4.717832021349421812e-02 2.940525246289430600e-02 4.075932339680074512e-02 2.995733770448708727e-02 7.661456017093826176e-02 6.314676892785048290e-02
1.479346941253227923e-02 5.852054374303125583e-02 3.766689994222278959e-02 4.436427069342024909e-02 6.550111049348313064e-02 4.422353318885452467e-02 6.100263294358243549e-02 8.015091260928337846e-02 8.987034553003271295e-03 4.298220619720732882e-02 3.784775277466326249e-02 4.780455131537861974e-02 6.551838399572726401e-02 3.699102832144061243e-02 5.985989333153081404e-02 7.682931262395112371e-02 3.255823676432445784e-03 2.918674780170382949e-04 9.722110771015880781e-02 1.687101974301794677e-02
8.407082172403465559e-02 2.083545680160781011e-03 4.297725846427407487e-02 3.068479448783282409e-02 5.448019864501412596e-02 1.790023907281263968e-02 4.544226706380688485e-02 1.767355560847484394e-02 5.285688297365573329e-02 5.182383920422417578e-02 1.401216253705234172e-02 5.881196320192468019e-02 9.438454540214327726e-02 4.445265899010875099e-02 7.017654862578488750e-02 1.804709657214844873e-02 6.865707095055639808e-02 2.793731359323316232e-02 5.431503690663009275e-03 9.981927361842345137e-02
4.291303779728788959e-02 7.505127379509431151e-02 3.590619097924591108e-02 4.041191509263900028e-02 8.544483313363597510e-02 4.172860708743388047e-02 5.287590559904956772e-02 8.435197641871916910e-03 8.137520371878859127e-02 6.179116546358516537e-02 9.036804472015824707e-02 5.709540761989051472e-02 2.999591105996681981e-02 8.491678099941780229e-04 9.812983662573877830e-02 7.490263138119231112e-02 7.244995517391634998e-02 7.625086418874103822e-02 4.460995111592028217e-02 6.326053947173303216e-02
5.259320050547078296e-02 6.738679283152475274e-02 4.386937598702034605e-03 4.775820286328381903e-02 1.785544152507976406e-02 3.361199851994706167e-02 4.303583623465802310e-02 6.041975054205774021e-02 9.365099467174485548e-02 8.100112692249895885e-02 5.924780248689140438e-02 4.943895392156719831e-02 2.032824529384133147e-02 4.620684396390668802e-02 3.553407936041891313e-02 1.862640981194302325e-02 1.381606945839177793e-02 6.649946345034549178e-02 8.525505699174157348e-02 5.200601744765855072e-02
6.709872590922920377e-02 5.857256032581536348e-02 4.912861612869280636e-02 2.217048020941285794e-02 2.271617492627072896e-02 9.096299883498882091e-03 8.210731079218708262e-02 4.650535979223069730e-03 3.501068821285296950e-02 8.117283365093373726e-02 2.807534471881899599e-02 5.688424940683042830e-02 2.434598862460931809e-02 1.311221510502679280e-02 8.606886448279028878e-02 3.212184819994245988e-02 8.581272309850596081e-02 8.149759962477198805e-02 4.251986931020407257e-02 2.902864831155549385e-02
1.380891176748189194e-03 4.013162167155023830e-02 3.950811346649452105e-02 1.047535392042253741e-03 5.061864844273053499e-02 9.787504415680414738e-02 8.649769695980465134e-02 3.860659512127702364e-02 2.825978608187079688e-02 9.854147866366899655e-02 2.917698402906310565e-03 5.624017964556050908e-02 5.423668730134581506e-02 7.940173286396706720e-02 8.525603871647592299e-03 8.220960869418816874e-02 5.929787329704477861e-02 4.380124838501960050e-02 9.570484795093438246e-02 7.536524618542138343e-02
1.479202294691265435e-02 3.459403800817240429e-03 9.635995211295408924e-02 5.730350050033779230e-02 4.430084339750837291e-02 6.492149684940877463e-02 5.030849822790907366e-02 2.652551961732615635e-02 1.012426677138256181e-02 2.881337199307344721e-02 4.263424661589774317e-02 3.209257386104317350e-02 9.574523960108728346e-03 2.937941259959072834e-02 6.524509381365438399e-02 1.870643817375517923e-02 1.108258086989225705e-02 9.090697087146593081e-02 6.751253786972404025e-02 8.327205758538080982e-02
8.166493297720123223e-02 5.562146557171675915e-02 7.812721206326428414e-02 2.249520112881540218e-02 4.865356927455241620e-02 5.543354301296508219e-02 5.420848821311631538e-02 3.899429950584565454e-05 1.908512804712090422e-02 3.966573680152577636e-02 3.143479987851133250e-02 3.760782917023787475e-02 8.544969279088264480e-02 5.842344138535230519e-02 9.903974450785393846e-02 7.833474903118697874e-02 5.638396610384617536e-02 7.127113348930756709e-02 3.305684568635249704e-02 6.353323333804564155e-02
9.222752720083006450e-02 3.387364819408699573e-02 5.784259688288957701e-02 4.486058094615726077e-02 2.436892187873171065e-02 1.860257671886573691e-02 6.523218826524600222e-02 6.749026823817375065e-02 7.738130725401271004e-02 3.895142657260372565e-02 9.423564007882656926e-03 2.186146721952426930e-02 9.530159176216966566e-02 5.579758049438893197e-02 2.883423085314970255e-02 8.423351773548390375e-02 1.451678700443420622e-02 5.097219755350870796e-02 7.819639463442995542e-03 2.746311609528064024e-02
2.129069235497279763e-02 6.807208022661738467e-02 9.891715834806395768e-02 7.277201161300547727e-02 5.367281831299142159e-02 9.353131340584500131e-02 5.686236384571810576e-02 9.989285269570066794e-02 6.006464373070268675e-02 4.998375044203318129e-02 4.219410797994132406e-02 7.225293351597972258e-02 1.036923742263324948e-02 8.241709266892270624e-02 5.534690412275759114e-02 8.872159756135948594e-02 2.220482653167403855e-02 1.082917919348591693e-03 5.696705785167702207e-02 1.525203211559431754e-02
1.852659217939490663e-02 1.917907333726975904e-03 3.601335495633384374e-03 1.278334921138419948e-02 5.683114236666220870e-03 4.642764302060079645e-02 8.460219482111394629e-02 8.515705796992827092e-02 1.998970441612997473e-02 1.764161288797309185e-02 6.324587981270643477e-02 8.482162868878573292e-02 7.164331284092739782e-02 7.928333223297051591e-02 1.454041438265014745e-02 4.423229026345854020e-02 8.885811878027473354e-02 3.494530202608871899e-02 6.044957804954509406e-03 2.509193530160484104e-02
6.130519722615007661e-02 5.694063401521293200e-02 4.193701086036572163e-03 7.804088478616827418e-02 3.472229676980486540e-02 9.683534286226821997e-02 9.347007749036068125e-02 3.995565217417750697e-02 6.525798480084477569e-03 3.782409617935104246e-02 1.936573397583307883e-03 9.756341413425538567e-02 4.822471126816652021e-02 7.615037700750321159e-02 9.422499614667258216e-02 4.748434344026013915e-02 6.345309168086978036e-02 1.561123752568377432e-02 7.314696469123029010e-02 2.103771090275501424e-02
