1.854727918997355063e-01 1.246221557464212010e-01 1.174103006601254218e-01 1.283556127737909835e-01 9.464470596252941292e-02 7.857696143925434196e-02 1.004085340329297360e-01 8.307070685206366378e-02 1.214722065857517103e-01 4.369441402337808505e-02 9.215627162648423742e-02 1.510159942182618953e-01 1.067908632043725881e-01 5.830553870410148248e-02 9.517134511259153773e-02 1.066143221574650801e-01 1.789859342852877927e-02 7.764199044395800331e-02 8.675795038950907812e-02 1.352445935413952582e-01
5.755618170986678828e-02 4.199763904363956746e-02 6.093438728278410821e-02 5.481165269588129246e-03 9.088515513980134630e-02 4.169231961095661021e-02 7.358662867934616381e-02 7.247148984133475191e-02 5.068766150743240356e-02 4.888255177768922183e-02 5.457687136779137971e-02 4.459406622993272729e-02 8.515540047730975337e-02 5.036896970710674770e-02 6.085431432802125562e-02 3.002395192148901368e-02 3.578966591268580022e-02 2.045819056879871842e-03 1.515717754369400039e-02 1.161297692365999105e-02
5.062851031686935871e-02 5.204604357155626082e-02 4.376346605447663241e-02 6.366406496556401007e-02 2.130863768244022419e-02 2.747301900404874875e-02 9.857904060006622560e-02 1.888591972641213979e-02 9.215076812832527497e-02 9.816683683583865561e-02 1.379570254524697948e-02 2.354409411076488143e-02 2.793115139097347710e-02 6.282870386128111551e-02 8.209691899954989214e-02 2.639878605663364963e-02 2.038933433144734034e-02 5.732775098153720938e-02 3.211198788133511756e-02 3.160386551956991669e-02
4.001658529811766285e-02 7.709368362594432034e-02 5.690570878753486994e-02 4.454072138253120650e-02 9.712256911028028031e-03 7.099042687832120280e-02 2.793793973731875310e-02 1.637674394604092878e-02 6.311367795979859474e-02 4.199962845961857649e-02 6.436993725322867621e-02 4.562095562681751926e-02 8.942446072021038861e-02 3.622936046234171217e-03 2.654136469973930254e-02 8.704329677084980676e-02 3.321188646631776514e-02 9.018077157334918048e-02 2.539184162470503603e-02 8.705640007629300570e-02
6.809236813772860664e-02 1.104295977529251571e-02 8.063742263844655978e-02 6.631220736317443298e-02 1.193999316706723102e-02 9.259052799758939190e-02 4.268807697603350937e-02 1.081034893255504795e-02 7.380853722667508887e-02 5.294350836333802657e-02 3.071771755948482507e-02 1.455098969102074438e-02 9.396366829260725806e-02 2.674563828600896864e-02 1.970513997172072124e-02 9.883098483713248505e-02 8.219162186180984167e-03 7.500088616935329799e-02 5.015937828090710759e-02 9.720516994714456863e-03
3.455150196344482227e-02 5.178729563126076990e-02 4.830134548543391082e-02 9.609787888865334304e-02 4.949396645174217180e-02 4.743029891342870341e-02 2.467211867572371986e-02 9.110542549489109021e-02 4.745143221686727586e-02 3.649182653053101300e-02 2.111511305524889359e-02 3.687797691621295254e-02 7.417030283384284939e-02 5.432789668789225757e-02 2.887516383479047516e-02 4.741863122542320369e-02 2.195097311190799191e-02 1.520830810452738005e-02 9.830544389314556375e-03 1.011362699997321417e-02
4.019879724386615089e-02 6.883246701422006397e-02 3.439284601820502638e-03 6.780931805784377875e-02 9.485388649710747855e-03 4.612184756001443120e-02 7.206711543161874178e-02 5.316498162220541224e-02 8.045611912607802951e-02 5.467679863054061840e-02 5.328179460747425877e-02 6.137248927161509555e-03 1.998463405450259453e-02 1.932121830758617639e-02 7.561515608125824427e-03 9.439286256652154594e-02 1.330504279146256345e-02 9.992635163618385219e-02 5.930391573831030050e-02 2.481155416570065761e-02
2.237774063288626783e-02 9.216964727796488066e-02 2.023759431865784775e-02 7.657805266872334815e-02 1.663898867662602296e-02 4.421367348089999538e-02 6.851964562048597218e-02 1.981112283853679948e-02 7.774953869339638890e-02 6.879907488897601953e-02 8.757840635747733693e-02 5.849044315826720797e-02 2.940979356070938609e-03 9.300678031418174729e-02 7.191840719505017410e-02 7.505354090550470092e-02 9.898444260301468567e-02 3.135417521590496553e-02 9.616586815472551175e-02 2.153712437563895174e-02
4.686245920850851641e-03 4.007564359295882200e-02 2.021465725139367717e-02 4.199143054804138631e-02 8.646562523732796712e-02 7.535994462126728577e-02 7.705696686605661982e-02 7.159632211292590864e-02 5.368612356342492009e-02 3.149438482884262674e-02 7.073674021942964740e-02 4.773998356135573939e-02 6.221140645662413121e-02 8.016246736660032068e-02 7.869708969629599093e-02 3.878485694713518228e-02 6.726298586493596743e-02 3.803345939649362129e-02 5.916941577192205703e-02 8.237909139279123161e-02
9.217876375227418428e-02 8.785736122312962082e-02 6.923234871209764385e-02 9.809496681979190669e-02 1.497498283576483881e-02 7.302946759935705079e-02 9.471470718611010864e-02 6.505333730479777310e-02 9.373917341443852025e-02 9.740933460861057880e-03 4.784896229083749480e-02 2.505450993655927716e-02 7.113238248608172443e-02 9.257185830561375992e-03 4.090768739638175888e-02 5.457752818053390048e-02 1.221216819784026741e-02 3.081063354907040072e-02 8.305315237879651313e-02 9.369882829266096280e-03
6.974592280936879607e-02 5.294783021400073508e-03 6.722158473625909625e-02 6.733435690867434209e-02 7.254844237594246237e-02 9.471648661841741701e-02 3.122717297518155105e-02 2.783654319490093398e-02 6.040462285605929793e-02 7.290393403326389521e-02 9.642708115075898645e-02 8.652122708219149583e-02 8.451599470390909474e-02 3.099046381792426585e-02 2.608696438347037072e-02 8.698246557498560960e-02 2.902941376627640388e-02 9.859478064628519889e-02 3.341008894442928229e-02 6.209265823382659200e-03
9.715007333073238938e-02 3.926406910560675811e-03 3.184446916553296432e-03 4.263625450098113001e-02 5.766777176170428260e-02 3.250253187945462401e-03 9.392449702208675866e-02 1.050063164857987369e-02 1.496109974265880235e-03 6.489386244322156716e-02 7.581939269231113832e-02 3.002600624857698630e-02 4.989518421364774747e-02 8.454306374046027805e-02 2.531469736940505921e-02 7.466132678278160351e-02 6.790585242251713505e-02 8.276841336863270671e-02 9.835284419682899237e-02 8.820817222886909170e-02
9.861786460719469682e-02 7.200697795860949713e-02 5.066762071682097412e-02 8.842862791939837264e-02 9.950239163310022061e-02 9.408006121025713764e-02 4.573388954811855034e-02 2.836890936605360874e-02 8.643036137847087685e-02 6.440069577219258157e-02 1.282811420550707994e-02 9.877220426367802619e-02 7.719811649928338959e-02 5.524086587068262333e-02 7.862367617127913322e-02 5.633501585791872435e-02 7.701454136092061864e-02 9.163908212481181037e-02 6.263920548502678598e-02 7.784315840754395255e-02
5.043496650098115014e-02 2.457743950907408451e-02 4.206441921361029485e-02 7.970061273768357102e-02 7.653353331226561695e-02 7.202969571542405802e-02 6.562659674929312292e-02 6.869556626962281323e-03 9.081440425659921545e-02 3.099689384184071278e-02 8.425319648565028630e-02 6.722029494541839623e-02 7.822656415310764999e-02 8.563134538094541170e-03 7.119365096748220441e-03 6.857474424632571675e-02 4.483695551328079759e-02 6.037014115786917823e-02 4.361145931361339045e-02 5.561954716453820780e-03
8.110960630990446396e-02 6.250076311373777005e-02 5.431044092695493097e-02 2.694985054909118313e-02 5.000192083137706967e-02 8.218650005636708201e-04 5.982623842080064119e-02 6.308250705568692329e-02 8.198904966292519525e-02 3.327533683537012982e-02 8.547932218316930952e-02 3.391487642382915585e-02 4.386917596395226160e-02 6.454717257926728680e-02 2.632468043532966429e-02 6.012540370426004005e-02 3.042326617755557530e-02 5.876863021341782907e-03 3.770462472466097614e-02 1.403611365220656243e-02
1.211584530045628624e-03 5.456277065263869658e-02 2.164041354361431399e-02 5.962325267604676182e-02 1.291703468454356157e-02 9.185389463214359285e-02 4.348128150176740203e-02 6.962954335347353030e-02 4.626109720360169208e-02 2.513877150377424874e-02 1.383298812421530737e-02 1.666222128391769974e-02 6.299494437932644242e-02 9.744906096724229028e-02 6.049972123433072085e-02 4.721566848454275545e-02 8.672223649300819792e-02 1.457103838556911279e-02 1.275394414267447957e-02 1.412568879997455618e-02
1.662667654407027490e-02 6.443647167170439560e-02 9.475955022132714900e-02 9.101081270532730347e-03 9.001542498706378848e-02 5.388900969557343379e-02 7.195081790191348858e-02 3.200738297902068485e-02 5.049844211864139981e-02 1.306282519018121639e-02 8.085675914043426171e-02 1.215405559413063052e-02 7.457624213082481718e-03 6.305576016785754967e-02 5.056151089966601925e-02 8.055901691122667463e-02 2.048803157573860986e-02 4.552295148331605978e-02 3.600945529520060973e-02 2.321487452201347404e-02
4.924134021305914821e-02 5.691554658118887222e-02 2.617240186081686362e-02 9.910348955643323576e-02 8.787930039386812608e-02 6.549438009536145966e-02 7.179489324218961410e-02 2.570842316228260163e-02 3.025099713709837948e-02 6.843193038469978784e-02 3.298939096074465088e-02 3.667219427172170587e-02 3.418847101189224219e-02 1.013255377215632747e-02 3.040346052170797217e-02 3.324868362388474358e-02 8.114118325161190359e-02 7.269428463998686696e-02 9.164696387626232454e-02 8.299180768785378859e-02
8.730258996340101163e-02 6.055106254696403234e-02 3.900480070503410668e-02 8.609142185284215931e-02 8.573330731444518335e-03 9.093518023735711053e-02 6.914869691075108127e-02 6.150974177368895637e-03 2.965041833703833257e-02 7.328869873041417293e-02 4.419759367733937933e-02 3.340292684280234126e-02 6.461810873815290734e-02 3.931554552069266295e-02 6.678582617261918930e-02 1.608610171708713121e-02 5.132747754401389972e-02 9.061188209906298474e-02 3.145508788455197297e-02 8.564962089077671203e-02
1.014685606745038306e-02 6.181973495714238043e-02 9.265168944763681191e-02 4.325529667878696971e-02 9.459034342165957565e-02 4.944409424500284533e-02 5.321799508511308036e-02 5.788580187490541956e-02 4.126840290561804153e-02 8.303529344101495679e-02 1.824571229695704996e-02 4.082164681694329389e-02 9.350540252435890487e-02 7.417058454504103782e-02 8.576610816725743769e-02 3.679172388892702067e-02 2.709950824218738952e-02 8.840496235746753140e-02 3.453947945146611936e-02 8.988727091252772528e-02
