2.267082952853466116e-01 1.187605839861938378e-01 9.463533001630994312e-02 8.375094469413338349e-02 1.200085486334607210e-01 1.045349475020048435e-01 3.926173007413789190e-02 1.543489080630138510e-01 1.228144141290163360e-01 1.612506529539831091e-01 1.173587224947068158e-01 9.415853593905162966e-02 9.318271735117830690e-02 1.194254503651042687e-01 1.220884557504826468e-01 4.857082011426971241e-02 9.241687109542671974e-02 1.004860377209285949e-01 3.125127572712566026e-02 9.566944324801912591e-02
2.685784563764814087e-02 2.809405636341732321e-02 8.379770378646406170e-02 1.032283838900201894e-01 8.056280921394770589e-02 7.945936655497667922e-02 3.432405016889891313e-03 6.240328110059224082e-02 9.155701256021532564e-02 1.046190748836113571e-02 6.297767628846405626e-03 4.641681862299259359e-02 8.566156523803561407e-02 3.849010168858994774e-02 7.337669467888852104e-02 3.978028956539949451e-03 3.502681749130320821e-02 4.543165164751266499e-02 2.462939143296780098e-02 3.817921202092772193e-02
9.928730154370701833e-02 3.746592880379988333e-02 2.041087034428128166e-02 5.593136424767606793e-04 2.352178700767059913e-02 1.001660142233580797e-01 4.401083523832249877e-02 8.594169423082984038e-03 4.852393298846600228e-02 2.474468423945819576e-02 7.499157276837294106e-02 1.657634820113599097e-02 9.495429560272755642e-02 2.539466133761929256e-03 1.225297226419750155e-02 5.651122082323857543e-02 1.633606962780395286e-02 1.253474026175220753e-02 4.209768267499328781e-02 1.046868444131967280e-01
2.838245757633187788e-02 1.065918734186318273e-01 2.931669362043023280e-02 8.078612797271100820e-02 6.742622072301741876e-02 3.188081730258875146e-02 1.038429840655720471e-01 2.521268443685324278e-03 1.090425434974712053e-02 4.748052682064840546e-02 1.014231085933477161e-01 2.900704725284169311e-02 7.802861415765215136e-02 1.148227267913414992e-02 1.037034003690155276e-01 9.772093846094888347e-02 5.220411785760501605e-02 8.700377165462212792e-02 2.256461353937990605e-02 1.551081183292562929e-03
2.169578722560970823e-03 6.703740814085953903e-02 1.014772591333487906e-01 8.229143599028464207e-02 3.887163986208917732e-02 3.255944596824445619e-02 1.009701026025923154e-01 2.762661419043081767e-02 7.226845609066892551e-02 9.066523510929927476e-02 2.120684872715483324e-02 7.159155816245346693e-02 5.045019214434153659e-02 9.276062961918546401e-02 3.862929269000112825e-02 1.105914501297874594e-02 8.085801976107372113e-02 1.025702004763072023e-01 9.243451379462820638e-02 7.717852764809322863e-02
8.137157315638728072e-02 3.431789185702215778e-02 6.895401673669381004e-02 4.306611409913322502e-02 7.546441358946974487e-02 1.994278047071111615e-02 9.966940014236262690e-02 7.616769207981724521e-02 1.324659305851972994e-02 1.069138617960371379e-01 2.472861227712998614e-02 4.263599628202648789e-02 2.987971293819219332e-02 6.690846624350262062e-02 6.193620497606638561e-03 6.672664864789481370e-03 5.787893181027412709e-02 5.443507843549003078e-02 5.613648370594029324e-02 6.922294300239846543e-02
8.665521510546335404e-02 4.390968414099061939e-02 5.513009368040087954e-02 4.908548092474699504e-02 3.148741482540217546e-02 1.775677730303754781e-02 2.911885457763335738e-02 6.278938934381467218e-02 1.010220474760877285e-01 5.008933347090075566e-02 7.196830299276078813e-02 6.783489083432252265e-02 6.414294618033948570e-02 9.801319595920201383e-03 2.598884650566202215e-02 6.844793507229748886e-02 1.845381746788907207e-02 5.595262653774212697e-02 3.501331963750254489e-02 5.021885260142112950e-02
1.037896483142174558e-01 5.419744250706466648e-02 2.478809157293543428e-03 1.021797766579497502e-01 1.840605769071251493e-02 9.408952446395507652e-02 6.330924574203460053e-02 2.040161546007682528e-02 6.221882335144058446e-02 9.236164266830419745e-02 1.763760525099085721e-02 7.531446475840539168e-02 4.142414792315771838e-02 9.122119326783326154e-02 8.810672809728904709e-02 1.887994745753166989e-02 2.642974775377845628e-02 2.921149484876405661e-02 4.997780208309766242e-02 3.259954096160248144e-02
4.047144882432283930e-02 7.059546259026097670e-02 8.773852979297833143e-02 2.453696464344573211e-02 3.612465051106566061e-03 2.151467839058080617e-02 9.501307854031125488e-02 5.201487729870181431e-02 4.010819163644060992e-02 1.449460695318269786e-02 8.882084759147124142e-02 6.415422996954278645e-02 6.430143668545379443e-02 9.306717010068975282e-02 5.620803943350906329e-02 1.034757521659582374e-01 1.052341830730644523e-01 5.691572939075199150e-02 7.105956735686576320e-02 1.967109510428220742e-02
6.343995953074396676e-02 3.673970398605371640e-02 8.172146477821597144e-02 1.011560229712809289e-01 7.412704872094635911e-02 4.227892651840717275e-02 1.050631190593074166e-01 8.134554066267388195e-02 2.860485812650981341e-02 1.715182489943090083e-02 4.288034862606858455e-02 3.709238500426501051e-02 9.380016645327816927e-02 1.453798077630451963e-02 2.135879943618326782e-02 6.326497945960678215e-02 2.477335938080062888e-02 8.128804515527136842e-02 2.840223927890453502e-03 2.177693558169496724e-02
6.016015139759450965e-03 7.907527333553522608e-02 1.462199826959266306e-02 7.021556251027438744e-02 5.305878241154409619e-02 9.252366899718833526e-02 5.350184341643537261e-02 9.673723463804299871e-02 6.420230866837464689e-02 5.328209954399429349e-02 2.234743285692889977e-02 1.390559260364027973e-02 1.026855826127225924e-01 2.989258607324623077e-02 1.960675894362218924e-02 7.712614883346272099e-02 8.815591958587945531e-02 1.341595648735429205e-03 3.199384241170805804e-02 9.544241014266872936e-02
6.229803923290934409e-02 8.186100379266479654e-02 6.831863589238204582e-02 4.625724968642338369e-02 5.547991707229384811e-03 6.584174874616806339e-02 9.453228449527997790e-02 4.492819452676212466e-02 5.663467402163788883e-02 9.844479728739635727e-02 1.064539365052948050e-01 6.731759169549053623e-02 1.868852591447955208e-02 6.259896787799913709e-02 7.367369878977766962e-02 3.941643145724724878e-02 4.612561559918034598e-02 7.577145337737022091e-02 5.534372498073852897e-02 3.612648889129908836e-02
7.999091021037653404e-02 2.166020274848268548e-02 4.034283484348692023e-02 5.881714012698710699e-03 1.715094295093088153e-02 7.845903717962833535e-02 2.576919206859568101e-02 8.539391016570292703e-02 7.687412436933355186e-02 3.845098015901752403e-02 6.814330646259544877e-02 2.491390720782929100e-02 4.324338549418444561e-02 7.641150281658914967e-02 9.849238908941357340e-02 2.571315891306879056e-02 1.060244663836044515e-01 5.117984852635874826e-02 2.385162634998908016e-02 4.198316150489498494e-02
5.720853690511096268e-02 4.500963932871998585e-02 6.232592610694516130e-03 7.849009680660859814e-03 8.651425737027098120e-03 5.843907257040508590e-02 6.304294657242875966e-02 7.533635530964255533e-02 9.107048116621425937e-02 2.653851496432547974e-02 4.133842637883116539e-02 5.027440384940190521e-02 3.905529503938573736e-04 8.881281230851566233e-02 5.152887526391061040e-02 2.367725428309564589e-02 8.192917935303439814e-02 1.028861648007246971e-01 4.200331971831601507e-02 8.008001131649548909e-02
2.992322790436528421e-02 5.532849830755431908e-02 2.290771455220341930e-03 1.002139200086701529e-02 2.048265620532554315e-02 3.974518776780739532e-02 7.819457977434284002e-02 4.070692394431615728e-03 6.687852692755852368e-02 1.612029201542140855e-02 3.673098906513166256e-02 8.429798192285892222e-02 7.359846379978250697e-02 6.933693069110735685e-03 3.804567806041635192e-02 2.777366447626563456e-02 5.461800684834649394e-02 1.979905316212363098e-02 3.247832163756909224e-02 1.705461688052312130e-02
9.908883650657691888e-02 8.261759443930863367e-02 9.078139469494941882e-02 1.457059140538083560e-02 5.068698511573445364e-02 1.047764327333162437e-01 8.141068882149962715e-02 8.974260683071583200e-02 2.370741303469113548e-02 4.469009380175500978e-02 2.397922755134457642e-02 9.587529536537474362e-02 3.448060620379261171e-02 6.565162616847121380e-02 1.013733126160477754e-01 7.435087313553805088e-02 6.956589047111527702e-02 4.986203618508024127e-02 2.224043725068913097e-02 7.932025592064168018e-02
2.155039418392876854e-02 2.342559388475990573e-02 4.187901551116177817e-02 5.836319052331551821e-02 6.884121109522441107e-02 1.875448762230398289e-02 2.111613610837207583e-02 4.200752332019406371e-02 4.265662678292004087e-03 1.053231409216968950e-01 9.012246388600175795e-02 9.868971614612731535e-02 6.005859665492953303e-02 8.115622522248901530e-03 8.442767445182297603e-02 4.930358896380203360e-02 3.030839813976340773e-03 2.111868279009626245e-02 4.201526976163130062e-02 6.867512084154313301e-02
4.131769767395990223e-02 9.728333946481171335e-02 7.258148659321866925e-02 8.847327029113602470e-03 4.812714167336945570e-02 1.097154150317096628e-02 7.239778935567728335e-02 5.359211245202165352e-02 4.332823752269918810e-02 6.065181060603180851e-02 9.752599564024644341e-02 4.445476327270329181e-02 4.211943483728558188e-03 9.448192801874687186e-02 4.450280697280425968e-02 5.841813490830436578e-02 3.309800209825145001e-02 5.751577826204123944e-02 4.631965136790233001e-02 8.931308697957576759e-02
5.376061011300276027e-02 3.354219680811166421e-02 4.113890621690086125e-02 3.826492459389947871e-03 2.014136591305294797e-03 9.790453730952750067e-02 5.594607012827455816e-02 6.690355263956715426e-02 6.641672844713802926e-02 4.676647077251155915e-02 8.322363120590799135e-02 9.045698614507360902e-02 5.553261512115306719e-02 4.914581994451531002e-03 7.451265127708116276e-02 4.076169467288422166e-02 3.572890701945625330e-02 5.282949383618051192e-02 6.515397931175004320e-02 4.926019228031640329e-02
3.710749837453793804e-02 5.111990909912013381e-02 4.163416282026197873e-02 7.123575778763757693e-02 1.010503593587068205e-01 2.780517397741727806e-02 5.933017179740872338e-02 6.546158339411014757e-03 4.376215064166916191e-02 9.294101488230252506e-02 3.741802317341167555e-02 9.700695022479675911e-02 6.081069276152499016e-03 4.231090300208079080e-02 7.791816973681446601e-02 7.118863366144984051e-02 9.816531404079335832e-02 4.939214736072329581e-02 8.896897054781106873e-02 6.739588857888474151e-03
