2.334550102217634593e-01 5.250988200449170640e-02 2.170954056016761308e-02 1.299181424804859430e-01 7.647148585962085243e-02 5.690822658568323034e-02 1.093952149590823042e-01 1.275883458697704143e-01 1.047839586602915818e-01 1.208974415707253780e-01 6.825168767658074120e-02 1.387255018972248233e-01 8.259530888566360418e-02 3.007521741223962569e-02 1.079036424305815922e-01 8.297040890139012470e-02 7.969036140704949256e-02 6.854346644205835948e-02 1.219556682253579993e-01 9.550055127660400656e-02
5.035526411787517864e-02 9.651048442138360217e-02 6.746294448661895038e-02 1.081550417564303146e-05 4.707621487124882820e-02 7.459728031679456473e-02 5.584661625781230099e-02 3.217987788552312267e-03 6.329733213241367507e-02 9.417758901565612129e-02 7.232477154504511618e-02 9.763774109253113564e-02 7.492707400583310806e-02 4.674832223277938792e-02 5.648474555993591301e-02 2.080965317469022496e-02 7.888304203071673515e-02 7.085932247130788571e-03 5.108790630677598893e-02 9.235479226840286049e-02
9.911511402296914464e-02 2.255887734434007877e-02 9.411751911182361652e-02 2.733311008613141871e-02 9.048418704696808978e-02 9.827546475123576097e-02 7.821225791128827431e-02 2.499461675736813857e-03 2.417202338482959956e-02 3.950608287732934598e-02 4.722130770018651003e-02 2.684169271446054314e-02 2.147453853393231984e-02 1.852646258098700292e-03 6.250461365345637288e-02 7.226930847666164504e-02 7.668656728905652586e-02 9.801033756339033731e-02 7.309098265421484775e-02 6.432955111444727328e-03
4.291860126905577832e-02 3.377036798886421526e-02 8.996707844156745515e-02 5.908157575149913798e-02 1.252102323522119587e-02 8.062934605405403660e-03 7.494706509546129880e-02 1.142036174110836605e-02 1.038864066570423066e-02 4.146210714703580172e-03 4.144857822545953280e-02 3.073146671575288993e-03 2.412665296687800665e-02 3.044435343055003351e-02 2.365609891939782911e-02 4.287185243745801622e-02 3.201100663101076604e-02 1.392458084107039973e-02 6.633083472504909539e-02 8.318907432116914857e-02
4.194462668924892404e-03 7.076791134706775233e-02 9.703799459666699601e-02 5.951702382108697148e-02 6.713592570765558945e-03 9.660570344860554270e-02 1.871842718091571919e-02 8.353543074551854353e-02 5.060834814757118189e-02 8.506155454681947614e-02 5.283794140845757964e-02 8.962528414360665385e-02 8.374725696612775327e-02 6.261555972906794609e-02 4.846377613248989413e-02 8.669244432352751772e-02 2.749705874657311366e-02 8.082824993164558491e-02 2.029101229759825570e-02 3.079138505445829996e-02
6.767697441851310003e-02 6.862039271143650920e-02 3.508397894972186543e-02 8.925761165025997146e-02 2.639270382963786535e-02 8.265685828799357315e-02 2.716879512612382572e-02 4.643652741281234508e-02 6.379430892983457835e-02 5.755423866789029230e-02 2.212263725887560206e-02 6.121341711385427931e-02 8.337136285545537762e-02 6.607810480885384363e-02 3.570434293466908521e-02 9.108437252106671433e-02 3.306860895519977278e-02 8.356529784172977982e-02 6.835744988593610294e-02 3.795482386948800888e-03
3.228408550571543190e-02 3.516226082946343617e-02 2.570331238098452417e-02 4.036589357579481452e-02 5.377210955182296082e-02 9.850096443354509901e-02 8.724138941746972797e-02 5.023143923596839339e-02 3.273084978191487335e-03 4.047334060459223393e-02 5.895386670833814569e-02 6.393321982276133075e-02 6.487041261046689287e-03 4.076816813851735777e-02 9.713492903559983738e-02 7.146694581633643295e-02 6.117246556815404690e-02 9.178216336863367908e-02 2.980107916776833163e-02 1.141132894822399768e-02
4.485231389035886779e-02 4.963498959720694798e-02 4.122797994770980440e-02 6.838384338978506505e-02 7.221435162060410584e-02 4.327435507059440578e-02 1.822226101363617554e-02 8.846669844928153892e-02 4.817192369506328314e-02 9.932253866873842069e-03 9.873396282207955177e-02 2.284947373985094649e-02 9.146004098257859427e-02 3.644865902321307166e-02 1.965519994494441258e-02 1.313237476334066026e-02 2.196157384862848158e-02 3.237883093958870973e-02 7.926597045917360695e-03 6.220300275914267957e-02
2.186427401028811016e-02 9.578323054104111167e-02 7.807567003081422596e-02 7.986528826419331262e-02 6.391077641693063138e-02 3.914892689671503612e-02 7.200456144089194266e-02 7.136986038238776753e-02 1.879775935494644445e-02 5.513092603553743087e-02 1.392471749222149585e-02 5.240853606373673673e-02 4.288505152117039199e-02 7.212435596575229001e-03 7.236794622550836442e-02 3.595800140246598747e-02 8.322028943217511798e-02 3.992268794389846470e-02 8.384227848606512490e-02 7.821620480472864234e-02
9.197594830018268608e-02 3.322350573554368192e-02 8.976843005777608575e-02 5.772392544988425370e-03 8.519197038317805060e-02 8.485545853483379697e-02 9.855990719821061674e-02 1.097816455561984126e-03 7.226979659651100799e-03 4.865767614417929737e-02 8.159069483113866317e-02 1.969416229501441597e-03 1.040586137923371624e-02 8.400180312925946413e-02 2.824270304072953527e-02 1.168608140441618339e-05 9.106163294247898721e-02 9.163665963132881787e-02 5.389355663490439513e-02 7.733078936832941952e-02
3.417981894441542157e-02 8.054839752468850866e-02 6.345373158413923631e-02 4.400890358884835228e-03 7.738476883525277628e-02 4.457244284790421590e-02 4.677405719258005690e-02 2.436501119698638793e-02 3.218016579974735530e-02 3.223994238482801727e-02 6.288555005926331487e-02 4.571521872929629193e-02 4.695574444735806097e-02 6.793442258143654600e-02 1.025470145011855329e-02 5.131099487210608046e-02 3.817016061835278029e-02 8.492435801988140395e-03 5.911991691199681986e-02 9.030672715819643148e-02
8.909117654855436275e-02 9.254174026870043077e-03 5.241329205870964847e-02 1.081684606512711656e-03 4.833251734634409769e-02 1.935738659094494996e-02 5.474993403744893294e-02 6.275021476860827285e-02 7.090023775985070109e-02 6.933823684888144878e-02 2.825986116019848712e-02 6.218251499436441843e-02 2.281591598200529911e-02 2.646115631317629349e-02 5.085530660187696089e-02 2.935920332402517513e-02 6.122577046899479319e-02 5.511146955703180583e-02 1.837737726973941513e-02 3.678672127327232977e-02
4.698070466996322886e-02 8.136058629091585948e-02 3.343292833615044840e-02 3.369194142328636732e-02 8.541582177544516236e-03 9.615911457335242496e-02 1.247292350869714378e-02 3.135673338991527143e-02 1.760327837750745930e-02 4.507991368931705406e-02 1.426165544644952821e-02 6.028157979676515565e-02 6.350639801491228531e-02 9.013680144734026673e-04 4.585795800893382318e-02 6.053435659856512552e-02 5.279295899928185265e-02 2.888765392694669920e-03 9.268543525973288455e-02 8.671422165033247642e-02
6.773677501184598160e-02 5.895648108731843529e-02 3.908385381019216509e-02 1.701543606056679300e-02 3.681644965333243091e-02 5.073145734493325620e-02 4.313434430815384080e-02 6.551462163375834646e-02 4.462582885460628090e-02 9.858674825336824488e-02 9.870796280880292373e-02 4.199175346526687336e-02 1.320128658858642570e-02 3.835038048982917364e-02 3.357765070003846525e-02 8.404588282064222315e-02 1.280290682754811095e-02 7.484049484772879735e-02 5.576084006902672086e-02 4.274271911901583731e-02
5.416420951123659955e-02 9.812400596648231110e-02 3.982747283372108094e-02 1.620793703794182194e-02 8.441510505190562286e-02 6.607861081864749297e-02 9.281580623751657655e-02 5.273865470820014029e-02 7.076963976484079710e-02 4.101037661831119507e-03 5.370343266504710306e-02 1.983793997538933068e-02 7.564935977628221841e-02 8.833781990264868988e-02 4.059256850477224732e-02 3.429346584871839979e-03 9.256224456722600413e-02 8.265921460510028407e-03 2.195345182246652080e-02 7.642537406101133912e-02
6.406237615670977437e-02 1.062208583977087943e-02 2.775759892422249506e-02 5.816108939786655135e-02 8.560485196304629119e-02 9.842073249577071303e-02 6.558236282019447999e-03 7.219831966674708501e-02 2.647145132268705764e-02 9.348086113991810331e-02 2.928032007482000987e-02 6.557534036649482340e-03 2.758627680187869524e-02 7.894431778485330731e-02 4.602066255339074680e-02 4.056460395646058897e-02 2.827810209435471789e-02 7.463750197924179548e-03 4.221525431224392583e-02 2.297716722532011646e-02
4.078611004790991257e-02 3.562089755606855784e-02 1.961824479480241135e-02 6.592611960701889873e-02 1.505691511757219041e-02 1.339077918570830139e-02 7.777310174975181345e-02 9.822139286667930236e-02 4.869577164913586192e-03 1.239726129889427014e-02 8.322859382650310556e-02 6.763544359206244416e-02 3.964419372502436117e-02 1.714826810817079647e-02 9.947633190669092490e-03 9.710489296147373217e-02 9.357928713498422924e-02 3.618680037277759859e-02 2.307637281208543487e-02 6.843455228775402466e-02
3.269918888112910427e-02 8.440792942338981586e-02 4.418803574141420137e-02 5.735366036422345076e-02 5.621239067915967391e-02 3.343743079167071919e-02 8.299258964653015436e-02 4.255723120359214406e-02 4.743656348987451699e-02 8.048236650510627588e-02 1.380649872848667241e-02 3.701151782635579007e-02 7.384951199843486913e-02 3.035550072773138958e-02 8.935862364089969256e-02 9.618645303986900208e-02 5.139861500421535889e-02 6.777432561548279999e-04 4.164113694128427495e-02 5.015952218945307628e-02
2.401887186646063654e-02 5.113603620982094811e-02 1.734604111826907463e-02 5.752895516430642231e-02 1.905922984372679027e-02 6.350210441031367559e-02 6.030087454123616436e-02 7.638611394969564705e-02 4.119190821794769392e-02 5.246261345378146201e-02 4.894810851943801056e-02 6.640769718259954824e-02 7.495150951776728687e-02 8.541593866784014111e-02 9.176816262863159157e-02 2.755128145623071678e-02 2.391175141577908322e-02 1.832800370652659661e-02 4.555534580782742010e-02 7.486333030589588378e-02
7.509173895423505718e-02 7.913582776449878953e-02 4.796083094328980334e-02 4.423257598200358576e-02 2.095967890181803586e-02 9.892827370252200991e-02 1.710607418145066935e-02 1.167380187846148859e-02 1.297495698672662678e-02 8.625850960902017861e-02 2.149381501789561499e-02 2.944979725211868335e-02 6.223999272176288650e-02 3.381319045293800646e-02 2.776835960517407692e-02 8.887298520407740932e-02 6.566097829626013627e-02 1.349566156251695917e-02 6.762698634267419462e-02 8.492391586265954362e-02
