2.111177040009556694e-01 9.756270810318118381e-02 7.510091465189980275e-02 1.054721729252135476e-01 2.801340859643409315e-02 2.675828411871795237e-02 8.190043434483136597e-02 7.272777643360361921e-02 3.696016313535767372e-02 1.377569560726336628e-01 7.813985057026613668e-02 1.380360325203328908e-01 7.540722604767069459e-02 1.379841029142617193e-01 1.973126048823352352e-02 1.059212189240320984e-01 4.392462376665560303e-02 4.507984355672311344e-02 1.064467883056464947e-01 1.200000485234052894e-01
8.391132825185661226e-02 3.419912265914383520e-02 6.603877086524341522e-02 5.817858690678825995e-02 8.049361692050505113e-02 3.535034801453925540e-02 2.652637399347897162e-02 2.997611768083923225e-02 5.807832335778709276e-02 5.420894545771829526e-02 7.378227812242997563e-02 8.100864505602489718e-02 9.820862427935796168e-02 8.579587930966364739e-02 4.696654121976821111e-02 5.151753812683268485e-02 6.123046096197947569e-02 1.845316498074507303e-02 9.729702878018968437e-02 6.054932060487288464e-02
7.829600252793804394e-02 2.387050673666063494e-02 8.990411007859266945e-02 6.389286469294908587e-03 6.531648780735284376e-02 9.810595547662720461e-02 3.214662889095807469e-02 1.106424472999191326e-02 4.262101575190468256e-02 6.891620259189827624e-02 7.119952245870246610e-02 6.070915459062928288e-02 5.991120352260335263e-02 8.888364010642985091e-02 4.770944540145978519e-02 8.969579490628122598e-02 5.404888528795485231e-02 1.325483417618361637e-02 6.259124695120377516e-03 4.060597813783645149e-02
6.949863409284379179e-02 7.678459470639766027e-02 7.405954627474176100e-02 9.742658190687851494e-02 7.853732267718349647e-02 4.670869293924041765e-02 9.574386537165485711e-02 6.086975471977038726e-02 9.363487095031464147e-02 3.520064379025667021e-03 5.867154049916162295e-02 1.064336680533628510e-02 7.435444088469565782e-02 9.049355970439765902e-04 3.122127893900502812e-02 4.848654259795474181e-02 5.734881826774873570e-02 1.305603327182882668e-02 8.976284640687359762e-02 5.997093845719892445e-05
4.209333189666916719e-02 2.239548044184269671e-02 6.457414074309267282e-02 7.535766158557777317e-03 8.915267609395871595e-02 2.456114516026339928e-02 7.569290677514932397e-02 9.670081896815674316e-02 7.815754385879053467e-02 3.439091027591782007e-02 7.293466784763520672e-02 3.410875852046992007e-02 2.322531084425395742e-02 1.901099441521985137e-02 3.096087089152644006e-03 1.278506192891818577e-02 1.401540386469386605e-02 7.589036001178900426e-02 3.437461162061290765e-02 6.964433522679712441e-02
6.510660993021426257e-02 2.402035772033339883e-03 6.052675273005553302e-02 5.552272595465832655e-02 3.022999873236713667e-02 8.890037361221658774e-02 3.791123335809081646e-02 4.067503263602352537e-02 6.308783238498646972e-02 1.446902303020355419e-02 5.706692650278608753e-02 1.523077198824197669e-02 1.971265203802381738e-02 5.609489502681809514e-02 9.856669338383723666e-02 7.361051264053128373e-02 9.741830893917763357e-02 3.793391607314633603e-03 3.071862364224530254e-02 5.089778024219258207e-02
2.413289995083469849e-02 4.238554968583796434e-02 1.765651694126702106e-03 5.713788831430599569e-02 7.430152037037807480e-03 4.581850339444776266e-02 9.777597622009762124e-02 5.138829618036025448e-02 1.883106828604097505e-02 3.150585770776781827e-03 9.119233974250257058e-02 9.979735582555371992e-03 1.923144963728593698e-02 9.089052077217021908e-02 8.484153534485296133e-02 4.684108695830895702e-02 2.766491307155544144e-02 8.374884126186728228e-02 9.877856711994974226e-02 7.205831339317611550e-02
5.848998983278681785e-02 3.301295869496542051e-02 5.917676665364192401e-02 3.835986605813865302e-02 4.138995403240670889e-02 4.639521408891422033e-02 8.322494291559723312e-02 5.733804329951182333e-02 7.889943221885337143e-02 5.048036524970731659e-02 2.694803298181751641e-02 1.923984483355902983e-02 8.654252747336353691e-02 4.677058502944017593e-02 6.403705668335211987e-02 3.112372468087001506e-02 2.488352612935549463e-02 2.726394588960177195e-02 5.688596193387270017e-02 3.185157682729533590e-03
2.416559013864702163e-02 2.653289222661432689e-02 9.627300986943604366e-02 9.956463743466337224e-02 2.080050690390371562e-02 4.768083432784134962e-02 2.381946711067774169e-02 7.814198769500180219e-02 2.511774932712148786e-02 5.550795317674204338e-02 1.543691647596708884e-02 1.793137941069604738e-02 6.075471854792531545e-02 3.084147722570307337e-02 3.074823236904831308e-02 9.697002273336115252e-02 2.637459466576012185e-02 6.328419696928325178e-02 7.897306892667521269e-03 7.814516169085210240e-02
3.475234415873115074e-02 9.329046756985526906e-03 3.363860543889322235e-02 4.314941929681941762e-02 8.407236770862769326e-02 1.380541017712950784e-02 7.208603520655987307e-02 7.522716939909837586e-02 6.837238454305819002e-02 3.982371607320212524e-03 8.567595846567284401e-02 1.049981016197076844e-03 8.761561363510195211e-02 1.855238879938360050e-02 2.614908439451423330e-02 1.378512510427597551e-02 7.150269800872900705e-02 3.515068242946722821e-02 2.903459759482598587e-02 8.383823958790785624e-02
4.157367349684425867e-02 6.920005681799304420e-02 1.551805528977410337e-02 9.977908312752144238e-02 6.450060146467487265e-02 6.764545181286239772e-02 2.274071245878446501e-02 1.855140104179551358e-02 1.068923610240129010e-02 9.944376108995844898e-02 1.660258644181297413e-02 2.776459649293538945e-02 2.767292512114827296e-02 4.293942326051888858e-02 6.876922387115784463e-02 2.093476089792422126e-02 6.361497853428688641e-03 1.095032859954008300e-02 1.109003308377399903e-02 6.129806397187812644e-02
5.437862741338576195e-02 6.346373072782787728e-02 7.636685950465064987e-02 4.364503215029861410e-02 8.669419525677569385e-05 8.245218783081952052e-02 1.942636304638258038e-02 9.080485584084325990e-02 7.497864796182100722e-02 8.953206131857217864e-02 4.208930527135593819e-02 9.241470121964112314e-03 3.578176047033119339e-02 4.861585742292492962e-02 5.043581407141951856e-02 7.824764923740169797e-02 6.632498782278295653e-03 4.766508809289685816e-02 4.842676559615115978e-02 6.574908740750952385e-02
8.161758384355455309e-02 6.962826504475010114e-02 2.601380381311699935e-02 5.282768943537172190e-02 6.140763946582078470e-02 4.857458595722941030e-02 1.190994955413788962e-02 7.199142772644327726e-02 2.325251222860172037e-02 3.932452415634744153e-02 8.241130703636793953e-02 7.687114088200897206e-03 7.564196316087622163e-02 4.100194696860560983e-02 3.449358493157188982e-02 3.886871826424758564e-02 5.712002493215522642e-02 7.479367815751639115e-02 8.168390504642551730e-02 4.644835312109250186e-02
3.767948037239648995e-02 1.839099441809801880e-02 8.116146528068965416e-02 7.341908130644068942e-02 7.411624064890298680e-02 7.957366873007553840e-03 2.730515762548528860e-02 1.120058084726244241e-02 2.371311627019637852e-02 1.242306480381255573e-02 5.949049128592497765e-02 8.134303463686613778e-02 4.451319241614307143e-02 1.486744124252818017e-02 6.462633490330337016e-02 8.865536707464188870e-02 8.653378922664707595e-02 4.633323985950661694e-02 2.466448118717692525e-02 5.755259599829615214e-02
3.026869071190682256e-02 5.340625388656750072e-02 6.116538064849386634e-03 4.284245923537891715e-02 6.851073512927859099e-02 9.118443391963124145e-02 4.046293734620290405e-02 8.501251711307497572e-02 1.691325119825377518e-02 4.924286588318906033e-02 2.036135503927849477e-02 2.849551535439066863e-02 1.402420577163325868e-02 7.180337345726459097e-02 3.005026179510609380e-02 6.375763825796755546e-02 7.836440018926343898e-02 4.804526390106660799e-02 1.922940455639271518e-02 3.269887632291984536e-02
9.488741957676272154e-02 4.987142794296012260e-02 2.584535335331517025e-02 5.538843065047405201e-02 4.415448427804829351e-02 1.288481096603636550e-02 7.412954516461466026e-02 1.178035979811902292e-02 4.960035538743961386e-02 6.392063912221522537e-02 6.160324439773512753e-03 6.337380081428715950e-02 9.446269022047100450e-02 8.058236097134106879e-02 4.877851951779495210e-02 6.153410992451108230e-02 1.904374118376268854e-02 1.619032112756381078e-02 8.924442714910468810e-02 2.620307762336859803e-02
6.336439955356736042e-02 6.451471447418034855e-02 2.026950902037250035e-03 7.600507213902134296e-02 2.723604474632109959e-02 3.294804378320970173e-03 1.513412229291152301e-02 7.701692368348916906e-02 5.326068397816521860e-02 7.369513408637007323e-02 1.537428392144383343e-02 1.778539087129761206e-02 9.670941059470782031e-02 1.847984210610767106e-02 5.853604816646110209e-02 8.951669975011167929e-03 9.254893627214291763e-02 1.773193971290174670e-02 4.153656304847985758e-03 8.550255924430141818e-02
1.697703734609722417e-02 1.383862959118540431e-02 3.897262430474036921e-02 4.299449439984247973e-02 7.931989311811651899e-02 3.466732634318302891e-02 5.139264657591873647e-02 8.952141342893177312e-02 2.703324531069115771e-02 1.962440329778936121e-02 1.560313093742610180e-02 4.455022827057952828e-03 6.736640592844332642e-02 1.306585604714749439e-04 9.305316449537077983e-02 9.750688490319328605e-02 3.744847782919182022e-02 2.851126145286271563e-02 1.495431660859913858e-02 1.786011531982859696e-02
8.203659866299983783e-02 4.376846454100953576e-02 5.313256832239219435e-02 1.835134017383811475e-02 5.653452563346266641e-02 7.574740076322594717e-02 6.085378223936326741e-02 7.398297373609839800e-02 8.135173588546565360e-02 7.771633872324366921e-02 3.188479669685721080e-02 9.834049799246297185e-02 3.597744566529147842e-02 1.425395900694004236e-02 8.013092735100309227e-02 3.702488584698607893e-02 6.473811992192433917e-02 3.780907881382156166e-02 7.238546248403029959e-02 9.146106162469805345e-02
3.182072310572854612e-02 1.925773506479522366e-03 9.440854402424779523e-02 8.778909737193396623e-02 2.802690010892590344e-02 4.457982600485528579e-02 8.140748576779589102e-03 3.973465356599510667e-02 2.638944082778023337e-02 9.036089865964036516e-02 8.699024316391598677e-02 7.694631370813707905e-02 3.847074038109104394e-02 9.289628519201877099e-02 8.211240557677601873e-03 3.300242743201788759e-02 9.383881520231629469e-02 5.074700662305656196e-02 1.079948628962024149e-02 4.307717858659037419e-02
