2.350465498755147375e-01 9.858787717245887094e-02 1.245964261796505129e-01 1.258575474659984761e-01 8.471552175686469788e-02 1.325122294992595595e-01 1.731454049465576128e-01 6.764247903319281496e-02 2.473379349694658502e-02 1.586947013581244403e-01 4.475381329808085507e-02 1.348396657008528454e-01 5.667646662845060579e-02 1.797856109526176430e-02 7.432861005596411164e-02 1.539418729070042846e-01 9.608374336773123359e-02 5.180965027186432148e-02 7.136759692039498781e-02 1.330062005294124772e-01
1.719672533752258925e-02 1.222563792155317982e-03 7.133028511133170102e-02 5.795382637144357724e-02 1.422541867699839147e-02 2.452084169164325984e-03 3.484940998001486573e-02 5.901139253941495300e-02 6.332652405211307289e-02 7.391184615017735993e-02 8.905434329401137883e-02 1.329623353810511881e-02 4.239562058885682459e-03 5.926407559880517845e-02 6.242272075803530218e-02 2.610654075587680659e-02 6.622476314022043842e-02 9.874138597553538954e-02 4.705234372939385429e-02 2.721858652789481761e-02
6.551255294878111091e-02 7.549992602225644167e-02 2.893522068366224595e-02 1.542189048718633007e-02 9.512695874840623733e-02 9.172209271148175358e-02 7.335393820801792975e-02 2.869142100983156432e-02 2.445275005063352047e-02 4.970132229236737947e-02 2.626426525031055892e-02 5.074668448172070523e-02 4.583082095341835249e-02 4.049065206258724292e-02 9.442698232848004136e-02 6.042774209254774681e-02 6.810319226848292329e-02 7.563454296861085724e-02 1.266610451415924911e-02 9.984783937118435482e-02
4.938786651272761286e-02 4.494822099933459131e-02 8.778920324848885071e-02 3.946936198467812518e-02 7.943108032857693068e-02 5.455247140647570547e-02 4.559788734514069741e-02 8.340379232937877516e-03 9.025682693296377401e-02 1.862244746100042564e-02 7.746990592632380102e-02 1.000916069282751369e-02 6.180245157064669093e-02 9.727143297259299715e-02 7.398827496542260962e-02 7.586268682178833045e-02 8.775218803671257228e-02 7.346613465858063685e-02 1.405929291706725648e-02 3.582071996990945223e-02
9.163653038629537839e-02 9.525518822567498323e-02 5.108310340890999390e-02 7.068347990435548678e-02 9.150824054180785316e-02 8.225524665226080501e-03 7.734825393750693889e-02 8.750148242182080593e-02 6.263758114416993761e-02 3.777311684694314997e-02 3.347906229849276910e-02 2.212904684352221679e-02 8.692559045695329167e-02 7.739755381397335487e-02 2.899090055848230207e-02 3.333608144734199336e-02 3.187531825822646075e-02 3.810324867364594387e-02 6.884828309032474392e-02 1.583155180724974548e-02
3.358859922437673617e-02 3.168712337273206503e-02 3.843073270099861549e-03 4.813033680825140603e-03 2.721926638152544209e-02 4.005968805066955490e-02 8.760711175419926000e-02 8.869856873713238832e-02 5.614027328884135110e-02 3.888359386042300470e-02 9.506831147072856980e-02 1.019012813873010348e-03 1.770664558546247713e-02 1.627427349250963953e-02 2.696469076454618627e-02 5.790580704256398370e-02 2.775074259715513275e-02 8.854310987924539356e-02 3.166212632212073337e-03 7.878315560045442978e-02
6.623053693188314661e-02 1.136630220810267572e-02 6.264583521810851430e-02 8.328422057025296199e-02 5.720820888159323936e-02 2.465586450169152816e-02 4.887132067162441168e-02 1.526952135303686481e-02 8.679560739363506583e-02 2.675179656862632094e-02 9.457908427582194244e-02 9.028338329839911969e-02 4.899364203919736455e-02 7.730295462224687220e-02 7.124465297513148110e-02 6.520075533812029478e-02 2.340719658820156202e-03 5.931985285543250885e-02 4.653647839453559087e-02 4.501659022466236032e-02
5.458906508404309799e-02 9.668247017610799576e-03 3.736671723018047259e-02 9.383924742795018981e-02 7.276388092879063074e-02 9.742328939155611711e-02 3.803385621925288451e-02 2.464765033591806084e-02 4.075609209943753530e-02 9.494878780868529211e-02 3.426646922530986877e-02 5.725489796491367925e-03 9.663270680413110769e-02 3.358036757363275226e-02 4.697982551524149120e-03 2.952875832015975505e-02 9.701485643342686038e-02 9.528677083812342463e-02 1.585388695770214781e-02 2.508957485948572208e-02
2.556820828875814439e-02 8.016771738258302027e-02 4.460794143039758380e-02 6.207756674032040289e-02 1.149233928474849981e-02 8.742614073458900015e-02 2.703022355225031051e-02 8.208206106384879908e-02 3.156274462593867958e-02 7.760192804975929448e-02 7.182673200257519430e-02 6.129856098776670370e-02 6.637135132065086901e-03 2.598710902293067948e-02 3.611716308630693456e-02 8.003996794348942900e-02 7.226182371659925496e-02 7.794219021983538054e-02 8.669800678072717148e-02 7.711152388871943264e-02
3.854957345313673317e-02 7.325758704711141100e-02 9.441958012767361075e-02 2.274385032441866850e-02 1.505368692018851408e-02 1.407191207217313271e-02 8.572632670579986847e-02 7.512343326753233297e-02 9.315061282582207114e-02 5.135952125909402227e-02 9.629042367637631605e-02 5.167067901382815104e-02 8.782002301525101973e-02 7.075100931034299101e-02 2.562755334405853163e-03 4.736864246826143904e-02 5.404529963855961294e-02 5.766673870171420968e-02 4.071034182475596896e-02 8.029971252225269474e-02
5.636434471073288599e-02 9.327777818113140718e-02 3.789984865785234452e-03 1.804567171367662745e-02 3.355599030495505508e-02 7.735753414142325368e-02 3.744491100089741842e-02 7.282448577956145142e-02 3.571120304015645841e-02 5.828833653252801089e-02 5.218193680586363792e-02 7.380226766393292726e-02 3.084607429879601334e-02 9.347290691054138678e-02 5.289296070681459572e-02 9.869600482276996711e-02 8.914362775482735646e-02 4.375924007846421215e-02 2.085741940015807538e-02 3.399563069257562770e-02
2.673365875986486589e-02 3.771953722563940042e-02 8.486435810332232377e-02 8.378511611316860619e-02 5.127867276398522661e-02 1.211288197690169044e-02 4.159796005779610450e-02 9.781920287986753393e-02 2.961692980831252126e-02 1.896356734064075233e-02 8.992518773770564675e-03 2.633212637421407376e-02 2.888870332780424377e-02 3.551451288080307439e-02 3.962264848399385531e-02 9.921193136842502980e-02 5.797479674110431885e-02 4.870690561702345489e-02 7.814165963015180794e-02 3.113721938004147122e-02
4.276783520425153640e-03 1.201817126954125674e-02 9.275025316468244949e-03 5.970895515185369734e-02 6.968149119764981136e-02 5.080750378499337278e-02 9.173168721777258394e-02 6.064955318671433337e-02 7.541460581814178610e-02 9.958237698434545260e-02 2.820727570070792611e-02 6.222726505257925381e-03 7.016949854855916713e-02 2.955245554769002705e-02 4.003252201412106637e-02 1.009148284658822848e-03 5.141910900822989350e-02 4.735749190505982725e-02 6.263045090265949300e-02 6.211071922141878782e-02
9.092569453820383008e-02 7.920005972600974165e-02 7.724487360867837715e-03 7.847181527276454738e-02 3.379605181024787630e-02 9.304190713670910939e-02 7.498702461802474184e-02 5.028029766258154676e-02 5.373177693263253910e-03 4.939588630476787062e-02 4.387229799191116192e-02 9.108911750487981573e-02 8.266103890702905521e-02 9.880156992006360051e-02 9.798141355681171116e-02 4.303915695511271317e-02 1.855483970393989775e-03 3.701680302402488021e-02 1.565716155162453355e-02 9.162768784927585730e-02
5.161653591593146073e-02 2.039696746098084226e-02 5.533316917903094434e-02 8.695795726172882156e-02 5.632546712500497398e-03 4.772851006465336776e-02 4.351481381461781706e-02 4.027265845757205254e-02 9.851470881156791648e-02 3.427874639965846487e-02 4.551663955671295114e-02 6.844863419013889894e-02 4.033929497416884058e-02 5.920932909843742986e-02 6.526132778631540954e-02 7.610006723652812388e-02 5.085260638418809438e-03 3.949137124996349169e-02 4.074385139001127087e-02 3.238543413382668351e-02
6.290998178644964522e-02 3.035121625351614588e-02 5.296216431944017478e-02 6.932278448535346416e-02 3.330392851676139410e-02 3.391103132952873189e-02 6.635748042476241615e-03 6.720118844985710493e-02 5.182486713056302929e-02 4.347687689699286759e-04 9.127994889701179781e-02 1.142645586561936814e-02 3.860645227979575761e-04 3.126442110013033515e-02 1.364290453062637701e-02 8.923118387450039435e-02 5.827504269284608518e-02 4.957891523176455317e-02 5.632945860436136543e-02 8.399197989517459551e-02
9.707449984275307031e-04 4.712941334505202362e-02 5.222345618165860626e-02 3.735147391167792374e-02 7.221925982542354294e-02 2.661276297812149860e-02 5.095675702764566189e-02 6.629788234449422724e-02 2.692593999315562661e-03 6.023127743442006216e-02 2.082756580081311995e-02 2.575979770848597916e-02 6.561642997819426559e-02 8.395971032886036245e-02 6.878350878605322266e-03 7.214544505486719661e-02 4.013694001855514643e-02 5.697528805273509994e-02 9.431635807530919235e-02 7.367695297687236466e-02
8.920669606238801341e-02 5.542008243945583529e-02 4.753926292370657530e-02 7.920053771095235395e-02 7.946644587494210155e-02 4.688233350397857935e-02 1.823339861008015442e-02 3.836173451645824573e-02 2.888741975471988133e-02 4.624242921492138086e-02 3.587893859601792163e-02 8.369047237445542686e-02 9.423937270257233545e-03 4.322710453624595273e-02 1.228892021393198676e-02 5.473112347847094994e-02 1.481530605385195098e-03 6.283175687737171944e-02 7.758572921541136147e-02 5.706674026821954154e-02
2.342594449853818619e-03 9.668993050194966965e-02 1.561382979541682363e-02 3.902885353023888282e-02 3.484634970004198834e-02 3.469593067333772568e-02 4.207346093849823054e-02 8.741481559716840488e-02 7.748161227889681368e-02 2.280802347177204523e-02 8.975186007291750812e-02 5.607848853173676151e-02 8.029588361004572072e-02 5.151610998786996382e-02 5.255112452492166630e-02 9.572905781473305120e-02 1.604145663683055265e-02 2.991489763933708346e-04 3.906772801608614926e-02 8.578255311883498102e-02
6.815684143110754822e-02 5.234693523133291532e-02 9.347009094833400034e-02 1.035351301657069269e-02 4.421505756552310956e-02 1.713285741123538042e-02 7.582112044176311794e-02 8.030045158412536105e-03 5.466791536677970131e-02 9.703587221099799209e-02 5.363326614536534365e-02 1.412743195592786050e-02 3.679401623996691323e-02 3.038037570706372467e-02 1.346996500940544949e-03 5.296551753440503774e-02 1.839979100816198018e-02 1.022062674040907782e-02 2.963006667327171620e-02 3.065861270258558868e-02
