2.612336787019879925e-01 3.121960449507420882e-02 1.676814000860046561e-01 8.270275683941208378e-02 9.176455592016945217e-02 1.363520959530045706e-01 3.466369459134974185e-02 5.933347081182741012e-02 6.577724490681108316e-02 7.851791517186397507e-02 8.633835276540857695e-02 8.295513070409807344e-02 1.527392371699921036e-01 5.151788413911745357e-02 2.195030171484381541e-03 6.697150988043318320e-02 1.497386795679518934e-01 8.666892910489124024e-02 1.041685000685719648e-01 8.824662550782705339e-02
2.757539287667137504e-02 9.079470185284431449e-02 7.952680733984978864e-03 4.468106741452573805e-02 1.353136433684237402e-02 1.053115912615264632e-01 5.025603594122990403e-02 1.061877004670845615e-01 7.200878849603846443e-02 5.432137238843944005e-02 2.458263743365953023e-03 6.765687521908782254e-02 5.187522518737596594e-02 8.979794224438893135e-02 9.878486710498517176e-02 3.256309883401636764e-03 8.545539449495201390e-02 9.468397529970871973e-02 1.971225115684467968e-02 7.398848781026717836e-02
2.716870613557528444e-02 2.702386491795514753e-02 1.022079887208551807e-01 5.701428269369984703e-02 1.022223343972857718e-01 6.377186165433315623e-02 2.551861401332115517e-02 8.340418904182089754e-02 6.448241862894174559e-02 5.485396808105189037e-02 7.727040262735447584e-02 3.645891084799440796e-02 9.511968420775765432e-02 4.364019001162987993e-02 1.062785342332822798e-02 8.739469210186792680e-02 1.002655478492824465e-01 8.622712813511326790e-02 6.833420624985048208e-02 4.466649182555430808e-02
4.594577588821260189e-02 2.226752533059784753e-02 1.052080780680204886e-01 7.256815976648589572e-02 7.989127019185530976e-02 5.841149077333643996e-02 4.037018545810164283e-02 2.396148409826287518e-02 1.315396650433068269e-02 1.039051661961713224e-01 4.273269030481666869e-02 3.974566518491291084e-02 5.235882692106564457e-02 1.723792046685692150e-02 9.275907140573265430e-02 1.265707652088458347e-02 4.323369511831722661e-02 1.206158922725711173e-02 2.255579129674966168e-02 3.969504572794698566e-02
1.022653131292063089e-01 3.873370459697463020e-02 9.164793448810450160e-02 6.877501364728783040e-02 3.672942042076220853e-02 1.011815727156080008e-01 9.294627722107660917e-02 3.355747321560299812e-02 1.307864167458724046e-02 4.920821664599907275e-02 2.022231030418635001e-02 2.053815186440691859e-02 9.092333103068758748e-02 8.508645972170192362e-02 3.348302108756728845e-02 1.696088980841178873e-02 4.703931473675463520e-02 1.012407238658908498e-01 6.650900531750920941e-02 3.881111854953230023e-02
1.039382607169715977e-01 1.048877618005358003e-01 6.397620575793025455e-02 3.057562639465120219e-02 9.600193874427433161e-02 7.194848422857932912e-02 6.605897355764192569e-02 1.706953305723325071e-02 1.720891046727237444e-02 7.257966534113931278e-02 4.881286292225667928e-02 9.969244714351419012e-02 7.128373099019059966e-02 5.814563760206571674e-02 9.672873955087982201e-02 5.099138238869175416e-02 7.878190795688250203e-02 7.683975731920605901e-02 6.629170929533204082e-02 2.087911925903721769e-03
5.168327468454345791e-02 9.992281870505263786e-02 1.459434233117258735e-02 7.627768567556508783e-02 1.478805066809779981e-02 1.002938045499930791e-01 9.577119815437690935e-04 4.215051724980941467e-02 4.857644779827664794e-02 5.391128599782262637e-02 2.404828894594792169e-02 4.294826881987863498e-02 8.258455533298460216e-02 2.732768882512244882e-02 2.574659576179058607e-02 6.901619739051484403e-02 2.515532838680603275e-02 3.987826990154696299e-02 2.720452686155080263e-02 7.533389894766415185e-02
9.575471505495308788e-02 9.673849159053210479e-04 8.622945727500076762e-02 3.381517254954091722e-02 5.524374143106087348e-02 4.244012755574249479e-02 3.361033603777091594e-02 5.120713673116909781e-02 3.039892200395483829e-02 6.027008886611585903e-02 1.205560055788405284e-02 6.208191771305770351e-02 1.704457780478850493e-02 2.835202397225729254e-02 1.338284810116443721e-02 5.322233942214523589e-02 8.027264930104080487e-02 9.366862856138886972e-02 6.601139282996250357e-02 2.565801290526199124e-02
4.923778559170748081e-03 1.860595444227067241e-02 2.910437105640169622e-02 6.048283990306444619e-02 7.456537295227035067e-02 7.753753932498960721e-02 5.872392419730603635e-02 4.089605760338644973e-03 1.513670965401372678e-02 5.875321898374073759e-02 3.100725844559352323e-02 8.143321811990721082e-02 9.943551593250582465e-02 4.539557617577063414e-02 6.304063034930096343e-02 9.265928942710366378e-02 2.560439765307354759e-02 9.069543640821726982e-02 6.047743686145416742e-02 8.999695203580779235e-02
1.021169375909190963e-01 6.584118676450236018e-02 6.714969618985722200e-02 8.652472244919937050e-02 3.512946058647208741e-02 9.600588321335160047e-02 8.193142124117355762e-02 6.506584296041054150e-02 2.191034500249619196e-02 5.955255426189403484e-02 3.259074883834860159e-02 2.232184854162300516e-02 1.048627781751726717e-01 8.094710380457473264e-02 1.037801795055994375e-01 1.436541605818275266e-02 9.062858086991999740e-02 6.027491621941361011e-02 4.303644709938806573e-02 3.531438630181725491e-02
5.617274561948386487e-03 9.029842610738349207e-02 9.935854986951855872e-02 9.451264354307868654e-02 1.022032644027613540e-01 6.088393537499584007e-02 3.139160332581017454e-02 1.035627661997868959e-01 6.011758318682243474e-02 1.004044338441150222e-02 3.888324890466361011e-02 1.860071233212268541e-03 6.880155066022390457e-04 2.382690108928891062e-02 3.015587702168736825e-02 5.436478564741421132e-02 2.792233277868606464e-02 8.846712593958275250e-02 9.742782133064184502e-02 4.608596744360952957e-02
4.573977743387055289e-02 5.231798570910101143e-02 2.830816267603992673e-02 3.474213374505980001e-02 2.086770810319677968e-02 9.781352294225645339e-02 1.528920156864196390e-02 4.298300487626111055e-02 2.824767508558211071e-02 6.309512196377140003e-02 2.608911676733879220e-02 1.048943315366685919e-01 6.553510311907671804e-02 7.792074267917188657e-02 6.315633788167886176e-02 9.251978633532605134e-02 3.440461454342418762e-02 3.231540204234059632e-02 9.220701082686674765e-02 9.932340064531056112e-02
5.696052306101042489e-02 5.349307704420261378e-02 3.814360220942767526e-02 1.489990922683484195e-02 4.054891338474417989e-02 8.413919923795033784e-02 3.760338197307031699e-02 1.006371682717388666e-01 1.476233297315231348e-02 8.381031967195136378e-02 9.268909533111956145e-03 4.895974839859015652e-03 5.719650581637943099e-02 6.680255005652467604e-02 6.674316823717452163e-02 4.315159763981651908e-02 1.197099085697055261e-02 2.828880152674259282e-02 4.237223967226335514e-02 1.279816329367291887e-02
8.781034785771535400e-02 5.435885468339197307e-02 9.897998942710181658e-02 1.002321114012935804e-01 9.232524209709525032e-02 7.494956226801889609e-02 8.764452730888062926e-02 1.005466486450768832e-01 5.350855231746337592e-02 8.710668483337573320e-02 2.017186862964622310e-02 6.682152214839462423e-02 3.400402484588228164e-02 8.618083435873387377e-02 2.371535438091980363e-02 4.170824926158762241e-02 7.731991917777612799e-02 8.835837917276613551e-02 6.347018665404705051e-02 5.077675913256938199e-03
7.882598750006623856e-02 3.571792146750885077e-02 9.980688723309898147e-02 4.125941335283285494e-02 9.411886027469548721e-02 8.324582202732076774e-02 9.428666666493570880e-03 8.777323902353117990e-02 9.494860348653488824e-03 2.817416316215170732e-02 6.857672480348774025e-02 6.868688235018656496e-02 3.636520532379134557e-02 5.867185120114616625e-03 7.530494802163106849e-02 5.579549554088156227e-02 9.057046205010158002e-02 3.462155052197004451e-02 1.048078678413815606e-01 2.807365929676764599e-02
2.697454879034786798e-02 3.486057607331438657e-02 9.824051989665673942e-04 6.234738420358440503e-02 4.678563428983590483e-02 1.347653660217943555e-02 7.363691374770797195e-03 8.151813540577672323e-02 5.496199273628633863e-02 3.323887949030075034e-02 5.817942407669102201e-02 1.100817699547105427e-02 1.035750501228569903e-01 8.249382424211551545e-02 3.818256791617587881e-02 3.409625289454006232e-03 4.346750588171120061e-02 8.375887201963347350e-02 8.151039216523435493e-02 9.117885949254508904e-02
7.842094606721773664e-02 6.445598860905267513e-02 4.202766102050312785e-02 2.493135979081285286e-02 9.947088013630003833e-02 1.002571312512833164e-02 2.039632839147179424e-02 7.014539655893721470e-02 7.072811028457358373e-02 5.365787387668958033e-03 8.197255923624809093e-02 8.191993848968631697e-02 9.772620805477694184e-03 5.154404645378890537e-02 8.118065215462642870e-02 7.573927179154331391e-02 1.000492060825729779e-01 6.526880248035336896e-02 3.510235204697082639e-02 2.978904186887272598e-02
5.705216662191558985e-02 8.047544629229044788e-02 8.509957925331124162e-02 7.942701145767144810e-02 9.495780300062744289e-03 4.944097930203262409e-02 9.600571425315454488e-02 3.763268273236261563e-02 7.586614026500446140e-02 7.836362931815274435e-02 1.420216145802771779e-02 7.013339121973319323e-02 1.349808989953476396e-02 8.071248045282164441e-02 8.967970406888020607e-02 4.294957755471656008e-02 7.025402573810229923e-02 3.867747120323906940e-02 2.959874276679983970e-02 4.931870938974936697e-02
7.416068784139799586e-03 4.437822939901816394e-02 3.579963756041263517e-02 4.169109584864870433e-02 1.680037359595870292e-02 3.561091242557107295e-02 7.198356374368006239e-02 9.866657200283038276e-02 1.992915173053668582e-02 2.651603608206406712e-02 4.385566874421584910e-02 5.007120039360672681e-02 1.032782283446765093e-01 5.600487048988831568e-02 3.422056943920814831e-02 3.526054712690634280e-02 9.040444904875809262e-02 2.393610057786087902e-02 2.647318780678363168e-03 2.815028486156033460e-02
3.876840099796343558e-02 9.326191422241292273e-02 3.136950355812768293e-02 2.486792039121852801e-02 3.532190945490994854e-02 5.141150397405472999e-02 1.056750443341836349e-01 7.671132793909510306e-02 4.589335917081117933e-02 4.902211918235598043e-02 3.000760008241518464e-02 6.093784111344029836e-02 2.586956230423365782e-02 2.858773781961355259e-02 4.784091546812575813e-02 9.007380560159131133e-02 1.294205575309684969e-02 9.419939328228191244e-02 3.246971179468876451e-02 8.131717664241724930e-02
