2.195336410282925921e-01 1.428406510018531139e-01 9.159631517785461752e-02 1.018526236600218737e-01 1.410201052408475986e-01 1.067409764490115653e-01 1.236598383633287362e-01 3.161886005793020787e-02 1.090591495050055731e-01 5.598534224529551351e-02 1.025604605720985413e-01 8.071181098002531973e-02 4.552897930252407244e-02 1.142051117528838228e-02 9.465965111533605758e-02 8.940011219818416732e-02 1.875119978710354518e-02 5.135527843601284809e-02 4.388088174313250350e-02 1.187607429660115649e-01
2.492551352725685260e-02 3.034568846612384699e-02 5.385924925169757044e-02 2.861826215953418989e-02 7.978854013082520291e-02 6.801412069497327073e-02 3.473448862322124631e-02 6.540496360467588921e-02 1.425610717879651108e-02 9.736982521736518847e-02 3.233974213991896995e-02 5.152388006797675724e-02 7.861683150537336628e-02 3.110770077547005477e-02 2.571662855604511799e-02 6.441600643285520789e-02 2.849631544255659676e-02 3.698341654983506449e-02 9.406364059143441925e-02 3.326668269358531993e-02
9.425176452506466018e-02 8.313706055574780762e-02 7.521544379284116066e-02 5.418290427859524805e-02 5.573927305940185040e-02 8.708009395377520889e-02 8.357114395532430628e-02 8.559255241997837382e-02 9.371507689388332285e-02 2.288685443556775015e-02 6.474928366808081759e-02 3.494377072427349434e-02 7.924718368828740853e-03 7.405120247097011534e-03 2.961877086530072256e-02 9.388419290742931744e-02 9.167854250333555555e-02 2.224114577133404907e-02 1.962378404954326361e-02 7.860347469887658464e-03
7.041599613600250940e-02 5.398105878169597027e-02 4.918745807986114188e-02 1.405145737360106312e-02 9.646289063565806343e-02 8.215294264520381362e-02 9.105870981199638836e-02 9.414643561403274186e-02 6.462301623315203081e-02 4.170818327737449427e-02 2.386630732828869030e-03 2.037077937100116934e-02 3.234254238792268286e-03 3.794400623983059089e-03 8.404995320764813149e-02 3.649365956455297155e-02 3.588370266056371393e-03 4.792872587206960244e-02 3.004373088378022028e-02 1.468344133115820176e-02
6.221188562658989257e-02 5.464487142195950664e-02 6.847890094076383716e-02 5.890707432574875113e-02 7.157072550992249482e-02 9.992111209790034698e-02 5.472893809121503333e-02 4.287609973944144642e-02 1.285673226341707727e-02 8.523386606569133273e-02 3.852590840644899532e-03 8.967654616717701810e-02 5.276341375021317143e-02 2.416561308105396808e-02 6.953931331718071762e-02 3.276397196239811196e-03 9.593183821605838490e-02 4.559267041479574817e-02 2.695284509868216966e-02 8.676888114820537068e-02
9.424304456919273265e-02 9.547682140933408390e-02 1.002302087547485010e-01 9.360627525162966422e-02 2.044890257195572034e-02 4.973232101853495429e-02 3.854191868555617573e-02 3.770543851631309035e-02 3.247083719407205249e-02 3.667758185192551701e-02 7.516689658791757267e-02 9.893854327723496100e-02 1.279573872161964346e-02 7.597154185410484595e-02 2.996028730140408436e-02 6.668162092529689167e-02 4.620984862623647021e-02 1.003199341747154083e-01 8.643420484501354584e-03 4.032702996526112832e-02
1.420622802094352946e-02 8.144311082999962370e-03 9.888781329457280167e-02 5.600287431490479084e-02 5.311760794445142403e-02 4.411258778579403572e-02 5.724399961472999981e-02 5.814000504233424182e-02 3.143468835442899539e-02 8.933276485515051490e-02 8.447378161579729983e-02 2.310473831090113436e-02 3.526737812314859055e-02 5.996032204660560472e-02 5.763083436254813618e-02 2.982169163239068929e-02 4.372446643093905877e-02 3.036655088465639585e-02 1.726878795076600831e-02 2.328615572166728778e-02
6.289818781341893761e-02 3.144100720430925006e-02 9.285424260310279343e-02 1.903459667424053925e-02 2.900990876421866149e-02 5.318524195176949076e-02 8.135339934987899368e-02 1.987705431501080033e-02 6.425369665697024113e-02 8.306362716867647655e-02 8.085475907619041336e-02 5.320067864136406033e-02 2.066400055306557865e-03 4.942297045546271972e-02 7.004663004126798764e-02 8.121170699198752840e-02 9.090322178635541761e-02 3.024573086630086283e-02 3.580957781825937908e-02 8.856326365797395628e-02
7.765492512018429272e-02 6.549368111668191217e-02 3.372489674640085505e-02 1.017897960517019293e-02 8.799253290873990108e-02 6.140922052025613725e-02 1.831952406144086998e-02 2.099773400258871450e-02 1.003476346290850529e-01 3.731740159194320283e-02 1.728073324847736666e-02 9.944788987444200257e-02 1.899135653983981264e-02 1.472904948181925910e-02 2.208278624492381395e-02 4.587616569545192174e-02 4.186443354772311637e-02 2.656907617490163534e-02 2.953152095257553095e-02 9.294197991024842620e-02
5.578431335732235430e-02 8.362572850700197846e-02 1.015252995181327444e-01 2.796536382429651649e-02 1.008155745646814733e-01 4.631171943307960809e-02 2.748198191198539600e-02 9.561400132306918653e-02 7.329064059782455787e-02 2.028039856517810033e-02 3.988905119809513927e-02 7.319314604725139263e-03 5.352901041847772656e-02 5.312532807058897855e-02 4.818477071023066077e-02 5.560271757917797236e-02 9.176410985903987738e-02 4.300113574971597269e-02 5.261442199155336868e-02 9.393007166547021058e-02
2.627601107471724817e-02 1.353894747698715546e-02 6.474498415987497979e-02 5.491107128784685626e-02 6.124475148456275803e-02 9.422472136914233909e-02 8.561254710064408746e-02 2.760716448695598249e-02 7.237766557250722987e-02 7.644060254879769811e-02 3.610169503945404035e-02 6.163555331641194096e-02 3.142673725754667469e-02 6.512376161129794505e-02 5.727343043254849546e-03 4.851604380574812275e-02 5.480532186782365728e-02 3.563836849144894070e-02 4.766453109723561843e-02 2.196062367407703927e-02
8.164853021361359597e-02 5.385641817267945025e-02 9.902542421022862695e-02 6.390754349558259995e-02 8.628843588338074022e-02 4.827899054072002510e-02 6.593871177934876315e-02 5.073553465073677576e-02 9.531553563664130202e-02 1.605130046610643221e-02 9.942812955098001559e-02 7.729571589944668475e-02 8.230958503165990148e-02 8.342052246590701825e-02 8.785713984306700586e-02 3.678368169120084259e-03 3.028651893131524206e-02 9.377245501389007420e-02 8.826840370439466288e-02 4.152596296585996799e-02
6.622295988866408467e-02 8.582470565220490233e-02 4.076914972963707057e-02 6.496124632045675168e-03 7.315314745371631622e-02 1.884751300363999085e-02 9.983297735346260970e-02 2.136477144035187070e-02 3.771251590966718387e-02 4.557766750817074386e-02 2.528614811275018900e-02 6.530769862308531681e-02 4.726380133721853199e-02 1.001682852988701189e-01 1.784635619294481015e-02 9.628166262372304940e-02 7.790915952363496044e-02 3.610623605124128888e-02 1.799314662401916079e-02 9.754841629990765317e-02
7.099607343048361385e-02 8.827434368182107693e-02 2.606566715359709207e-05 9.202177966198943349e-02 8.587869139007318908e-02 2.279444711656078426e-02 5.580994106142761479e-02 6.901218149267787649e-02 3.799889172612024718e-02 8.067741144834478240e-02 6.689390774296175013e-02 7.589715186626970478e-02 8.161072341872049885e-02 8.885338142913742909e-02 6.345017253900479826e-02 1.363208113933285504e-02 7.300727325979763926e-02 7.594519265870061653e-02 8.173827178158694917e-02 2.364122859803255775e-02
4.923106080594459588e-02 2.766075153219825153e-02 1.171162903484903456e-02 5.994248562221083515e-02 9.489617449550363792e-02 1.672165821102447603e-02 5.238183587497506621e-02 1.739419325651665044e-02 7.446435545265571443e-02 6.467860967164416885e-02 5.542665525373339369e-02 4.691320173442494607e-02 6.127716663714569828e-02 1.367547850944407679e-02 1.223394745745840298e-02 9.965938714292936484e-02 5.518052622566136517e-02 3.919691298044091637e-02 5.284028804156440384e-02 8.092979534483803195e-02
3.299511745004229946e-03 4.959471402193753320e-02 8.308019053773628426e-02 4.011730081624779315e-02 2.525726381745418622e-02 3.790545984421417325e-02 5.211738778434833047e-02 5.408682176267860103e-02 5.849672977084922898e-02 6.072147245320977903e-03 5.607453909097580291e-02 2.105303743432069413e-02 6.422794233219568383e-02 4.503865063884107678e-02 9.930836137079665504e-02 9.170420813404409066e-02 4.625208166073648333e-03 8.191437068268367372e-02 4.781398312951480600e-02 8.009870633922226701e-02
1.698797804875263467e-02 5.360836893843849010e-02 3.132323725419185884e-02 9.939650367408878195e-02 9.125056029767089627e-02 9.995045380397778179e-02 7.978814863113761757e-03 4.020581998317113159e-02 9.945641897122416142e-02 1.560659634689409193e-02 8.074627884351137652e-02 6.656815568397066174e-02 3.732606266089252833e-02 7.765520237861469818e-03 9.277611555887546602e-02 7.131412978124314350e-02 8.152374793468250558e-02 4.864315788483973557e-02 3.558148534960588194e-02 1.712422355305298540e-03
4.554555717975002777e-02 1.293633216200740579e-02 1.537536163288649206e-02 1.715767353394590661e-02 1.125252480775526531e-02 8.806781141791869549e-02 1.812398103408806652e-02 2.915848339108834293e-03 5.171016999696527450e-02 9.047117817331530587e-02 5.978835561200197130e-02 3.843546399339275998e-02 1.937743598587554975e-02 5.127145356344981614e-02 6.355107086558661744e-02 4.897726449370609636e-02 1.005736376863732018e-01 9.564535404013023434e-02 5.245882651942477409e-02 8.509377344570998730e-03
1.991564017151923466e-02 1.317766170915708399e-02 7.099741709920347199e-02 2.214999910884579704e-02 8.239360930577777076e-02 6.043156376180486289e-02 8.338024815898242847e-02 6.062159749645584794e-02 8.815172530520178074e-02 5.712791582134061491e-02 7.878350199446249036e-02 3.217474010740174056e-02 1.540414840532539076e-02 3.296806579270245702e-02 8.918760760116349606e-03 6.863353218567057323e-02 8.090362073191459391e-02 1.053107549876081649e-02 9.257533088413974487e-02 5.084326609793649032e-02
3.508969708945765265e-02 1.165564246127660797e-02 3.250895834605282975e-02 1.357957257803307782e-02 4.419446296606926138e-03 9.056038055288519184e-02 7.468842612954904037e-02 7.015617572776858268e-02 7.398787805803168360e-02 1.049155887401772777e-02 1.599922195624552818e-02 2.798295658422496335e-02 3.416101384572023392e-02 7.872300032751426702e-02 5.421319296890078632e-02 6.416135923355208159e-02 7.663656551221123547e-02 6.908402562867116403e-02 3.487522115749550761e-02 3.608876262621304315e-02
