2.529218593959311479e-01 1.140490400648747349e-01 8.968710827969715582e-02 8.282417122451195268e-02 1.016644986151636065e-01 1.484472172903678056e-02 8.715784361700752714e-02 1.200975710307907451e-01 1.675738794542667165e-01 1.282817656527930339e-01 8.861345248217863957e-02 5.127719647494260319e-02 1.193075205861046373e-01 7.421794093976058493e-02 7.811424347603804219e-02 1.216921452782953605e-01 5.938638752389514830e-02 1.450209961080906051e-01 4.702917162383660893e-02 1.188160004597060976e-01
8.400376826116552620e-02 1.502383607109487700e-02 2.880354632670609899e-02 1.508542003166850679e-02 5.325864236526633294e-02 1.956020707844713380e-02 5.540321227614510013e-02 6.479416597543377621e-02 7.481161865584877446e-02 4.858830308401518305e-02 7.968746349780350680e-02 6.017147780228249664e-03 5.699407451826248722e-02 7.402414611798897870e-02 2.111160268856591277e-02 6.147357887527920423e-02 2.428421437474836964e-02 9.811151636675380372e-02 9.265565797209456000e-02 4.973771048198475514e-02
2.983011896381996403e-02 6.262064417568158077e-05 2.350337241954192358e-02 1.991819890463113543e-02 7.398033039840340441e-02 2.313416133392247678e-02 4.472107007885772756e-02 3.300440974242122710e-02 6.121848495466240131e-02 9.261293109352281006e-02 4.500284813780659754e-02 6.146054277186207421e-02 3.513685770746211023e-02 9.168294524024854508e-02 8.292431027652091835e-02 3.597814686284002417e-02 5.593097762634505199e-02 6.693283868718190310e-02 9.030328117744991501e-02 3.472431039538759201e-03
5.285377099507609922e-02 3.864896613340837450e-02 1.608529641404963378e-02 8.160854199261642627e-02 2.482710579249445410e-02 2.097859472637309160e-03 9.781176727966403583e-02 4.662438529442534257e-02 7.271209708590024856e-02 2.024693339838669337e-02 8.854542044659186040e-03 6.803892606420967881e-02 3.061545369922338486e-02 7.227926674786842864e-02 8.331386885801077280e-02 9.657376383799387565e-02 3.270497525119073906e-02 4.701795965387951803e-02 8.890063238106407639e-02 5.257506379599678065e-02
4.917776278724685091e-02 5.096769216448251982e-02 4.311556502462512985e-02 5.467185585776757235e-03 9.255642712808924422e-02 2.437592605565772758e-02 3.843939051994326589e-02 7.529345767586005655e-02 1.738591599277721292e-02 9.102115256858496484e-02 6.338537605957444976e-02 7.604615607403347743e-02 4.948966293406067973e-02 4.255499815828812926e-02 7.775823747235510947e-04 5.355650781482546204e-03 1.849871706151351479e-03 1.681410745079626665e-02 5.749102615722482407e-02 1.448454291203518131e-02
4.372584960319047913e-03 5.444536366969674607e-02 9.500601586592935521e-02 7.489961700454175753e-02 7.278198550044590216e-03 3.228427746051854008e-02 8.138284450988692020e-02 9.481005884901286263e-02 9.467200805671413533e-02 6.144032232793528170e-02 3.371766962494420622e-02 6.371692608631525367e-02 1.631725929854043258e-02 3.003061268617818191e-02 1.562769681594680313e-02 1.549065120729561408e-02 6.845268834953657788e-02 9.960837923066578892e-02 5.874941385582682640e-02 7.322120959907398030e-02
2.031050404601042730e-03 7.428486209194604117e-02 4.729911910492960031e-02 8.552028643980068290e-02 1.075732957302098086e-02 5.637665679972619914e-02 2.643233464701357990e-02 5.626709953878605841e-02 1.203323113727573605e-02 1.880643492236828973e-02 4.791573981525202447e-02 3.304372248078080165e-02 6.840239192805847024e-02 6.819392578082908440e-02 5.371060166380479256e-02 1.749748603333005706e-02 4.686363424701720654e-02 7.245190165634120272e-02 6.971725579041584964e-02 8.267961286682640187e-02
9.183041937846828096e-02 4.257465323703647775e-02 5.489876306831723007e-02 5.282518120773843640e-02 8.994175360968928445e-02 9.885495558128107318e-02 1.404446023235722540e-02 9.685398705568726285e-02 5.991260972418677166e-02 9.251505177354012177e-02 1.955253919851297761e-02 1.780742103177301860e-02 5.356904076743595339e-02 5.322488124532634424e-02 9.345055949712484378e-02 8.488628613703350090e-02 7.617155007745450568e-02 1.801451210562448127e-02 7.369639955381393492e-02 8.415694948065013947e-02
2.323977946968376618e-02 6.960856801220159651e-02 4.244087276585058188e-02 9.838353135358879689e-03 2.795896924655678906e-02 9.139275793346263166e-02 4.559516832419096416e-02 7.752396804192392132e-02 5.939010850919008988e-02 3.800221323366427539e-02 8.234365298780882414e-02 6.769623477971928316e-02 2.765408924131512736e-02 6.350693144809516294e-04 1.509652570976518539e-02 4.811473313391573248e-02 4.136959446586296885e-02 8.340542554846354026e-03 2.658666337407648156e-02 1.995988947159191979e-02
4.827751420839824364e-02 6.844727550180856879e-02 1.596296726245246753e-02 2.621734473899796358e-02 4.548802083344344327e-02 1.187133080720632720e-02 5.690812606595411355e-02 5.940271401739413704e-02 9.267773450746902286e-02 7.741754845598197710e-02 3.793137179174913692e-02 1.379046409024266111e-02 4.985530650160594629e-02 2.273885436482102687e-02 5.527241464784419384e-02 1.973507709273273486e-02 1.205756336499739373e-02 9.209261848762501090e-02 4.703904430434639045e-02 1.274852820583181195e-02
7.829052544468996511e-02 4.110747813229487235e-02 9.305964474162130295e-02 9.691164036966472273e-02 1.960412584718255330e-02 8.751807375326556282e-02 3.493756097283445133e-02 9.512046375342642947e-04 6.573098850339169352e-02 7.174057175030378042e-02 7.728822716567870788e-02 3.373910402817960341e-02 8.507243767552090385e-02 4.357534577919180280e-02 8.069836874669504556e-02 8.809164364397682745e-02 9.745774590172763541e-03 7.292492332886581219e-02 3.768328911961865008e-02 7.360674659425241184e-02
4.448175962752667911e-02 9.318470200992599872e-02 4.478265188349406754e-03 3.294860738416754975e-02 7.473552595691580758e-02 2.599448667981947569e-02 4.892733568127372208e-03 6.360595423635401202e-02 4.855857171529461003e-02 8.381771430059975492e-02 8.515738208047142141e-03 2.237490116368715670e-02 1.413084450264886528e-02 6.146134097651465011e-02 1.171243200667845298e-02 4.185774828533819769e-02 6.681494154961321874e-02 1.508542704153442715e-02 2.997169171091085271e-02 5.598901189884335911e-02
2.776258826855300399e-02 9.698117398699329650e-02 9.146345248147275120e-02 1.862862189544328695e-02 6.996230878844326984e-02 5.121425796081111731e-02 7.717923623182444681e-02 4.449333539788148661e-02 3.081930094214101537e-02 2.233891788455224722e-02 9.555796663489123099e-02 6.393628027566365668e-02 3.516360742923908822e-02 1.519606011332051004e-02 4.426955258198683740e-02 4.346009154730279440e-03 3.790497452911548160e-02 1.971993451960174591e-03 5.322992983434789160e-02 4.861568634836554992e-02
1.930628595539373230e-02 4.729462596558395293e-02 6.564390944284282520e-03 5.067071499819284647e-02 1.554241902554013427e-02 9.709635512876813382e-03 3.254007673621000379e-02 5.740276333314710266e-02 9.011754624596735042e-02 7.308702535997488314e-02 9.415313219274631940e-02 2.848148679735878000e-02 5.088794544956755372e-02 4.833538998031339240e-02 1.274727557972708120e-02 6.066338407743210835e-03 3.750077357111358811e-03 5.672936702346863952e-02 4.129538495071083393e-03 5.103007495144955968e-02
7.479349962458248235e-03 4.036993738838289686e-02 2.720912003267659390e-02 5.595624850989969201e-02 7.416678411194847775e-02 6.349859763964724180e-02 8.326715639984606787e-02 5.740858885364250735e-02 7.252042764726339408e-02 6.812666370382909620e-02 6.739250890559272955e-02 8.183020991943730504e-02 2.702289518328573545e-02 1.349713555814813389e-04 5.436534240556629982e-02 7.380118943004126963e-02 8.655279282529687590e-02 6.658025403371338469e-02 8.787447094285402716e-02 8.945813141678021774e-02
9.029237960271947749e-02 2.397557543185246942e-02 4.364413972724528329e-02 4.708698659519434948e-02 3.762905418764883863e-03 9.046680368116180593e-02 3.997295050882584966e-02 4.590996249190415490e-02 1.804868179824473812e-02 7.423963128467486738e-02 5.098706295269728184e-02 8.824094157167729213e-02 8.620610923119273461e-02 3.645696384833292669e-02 2.415601864034222501e-03 9.204143986012883194e-02 1.686810805906855532e-02 9.168092152498859282e-02 4.929335329367942609e-02 5.132439346325144008e-02
5.240767412983737827e-03 6.536542659731760241e-02 8.680307761320840698e-02 4.663925421091211915e-02 8.155910554393686496e-04 6.134319259212698411e-02 9.236061075805192255e-02 9.638837065240840607e-02 3.810825706741737678e-02 8.657777769131416723e-02 5.735336204599494891e-02 5.070275495837131552e-02 3.385770105006898761e-02 5.049968731093901729e-03 7.465778021152939814e-02 6.732300948399959351e-02 9.846098273131480283e-02 2.404719151634600316e-02 1.761530394733982346e-02 1.692811009392426388e-02
9.635193882340664651e-02 7.118057663032915927e-02 9.170995250933983156e-02 8.722006743824910202e-02 6.974603290780130582e-02 2.160425735840108136e-02 6.622082025495569513e-02 6.976194899447450692e-02 9.135287052714020917e-02 5.384513313054284378e-03 9.739664154120303285e-02 1.961979897120884678e-02 5.901832695561022579e-02 2.774318083366102139e-02 5.976509651962114145e-03 1.393017131864208308e-02 2.394186788834711324e-02 6.896419917027848956e-02 5.736358402150634750e-02 1.869400831942520311e-02
2.479323475307213670e-02 7.347444925839782814e-02 8.614134944038076558e-02 7.771160248924237346e-02 9.613526247688157500e-02 9.543298814040772349e-02 4.181035759483712339e-02 2.937541344560127415e-02 5.289082787157250998e-02 2.886132823291907151e-02 7.779880449828883993e-02 1.665334883886112824e-02 7.162903823083488497e-03 8.230802901154657403e-02 3.062787185432466405e-02 4.512620225824020420e-02 4.748711015973211547e-02 9.845703355649616448e-03 9.215077125710192593e-03 8.590851825412763876e-02
1.648895680586424245e-02 8.004151169157140699e-02 5.346123614283734837e-02 8.973119437620737104e-02 9.474664300628068969e-02 9.070603760836097595e-02 5.499237905612986213e-03 5.381977569748076784e-02 3.228571993351741359e-02 4.428886195921655569e-03 5.180826199833406254e-02 2.045173649945830618e-02 7.067437115857078123e-02 9.168677469347587261e-02 8.211058803491946834e-02 1.549273237501391917e-03 9.434999112274090535e-03 5.458275561183398294e-02 3.795146718409780993e-03 8.727399393468722455e-02
