2.120083661772174388e-01 5.014163275173208478e-02 1.001177290649824247e-01 8.058850943011294787e-02 7.233561823116327338e-02 1.056533083473034373e-01 4.758254074898027319e-02 7.991037637868668789e-03 6.539189655650028132e-02 7.684654242959339243e-02 5.355227587975015108e-02 9.275368659524364789e-02 6.208818147259348441e-02 1.303688775824430879e-01 9.833834819532628890e-02 9.957697321781797117e-02 1.157204100870135866e-01 5.954585276294578622e-02 1.186133287684919546e-01 6.338038072830913527e-02
4.301131655166923196e-02 8.091833514276534911e-02 2.800051632357659914e-02 4.444552172566810372e-02 8.773260436315757915e-02 7.610552569595445405e-02 9.266140859292808230e-02 1.685476115025091870e-02 5.089270123166546311e-02 1.570615655736009794e-02 1.635543117401310267e-02 8.209496955814210573e-02 7.025625754112763306e-03 5.891177493207703370e-02 3.291121223885287023e-02 3.837983569406858836e-02 3.632119672518768078e-02 4.835641202009149237e-02 2.599605650572781729e-02 4.170605573879416182e-03
3.339546980841267415e-02 9.906090582156984459e-02 8.311542120835885283e-02 8.178946258998498475e-02 3.581040112222871191e-02 5.757572361274722328e-02 4.243262496104249944e-03 6.508037521636973743e-02 2.260595116013881800e-02 8.149512428690891541e-02 2.220199733254550958e-02 1.462987537789151027e-02 8.910162762353361632e-02 5.991247739552196111e-02 8.703984114588186882e-02 2.856222476099601424e-03 1.723872956809435926e-03 1.288461852449860473e-02 6.483927150503912551e-02 4.678931737985796840e-02
7.162067236745295329e-02 7.006875181598616609e-02 8.267606849037079098e-02 9.284439698832586130e-02 3.953243421133792457e-02 5.223161099291635801e-02 6.057567307991293393e-02 1.321224672673224770e-02 9.114767348769371724e-02 1.857121985074463785e-02 8.128150677231051058e-02 7.964251342534871270e-02 6.313770479085968612e-02 7.083058940973711859e-02 7.548413697859156224e-02 8.744679761297821652e-02 4.887133202865859977e-02 1.535220194794848642e-02 1.103993492544059866e-02 2.368868232927488077e-02
8.434829893938418366e-02 5.929409398663564729e-02 8.929701130010049559e-02 9.394806050907414385e-02 2.940236151457691419e-02 6.714352113639497632e-02 6.379567423399139237e-02 3.049912849661183881e-02 1.202658994121038639e-02 1.391684356482876354e-02 8.069763773351994185e-02 3.183903797866767527e-02 3.260211198637481822e-02 9.780895242167216008e-02 7.410767211497618079e-02 2.442609435739784632e-03 1.539483071337397618e-02 1.367283820538823906e-02 2.868777624587803832e-02 6.977464167137148454e-02
1.354995560104639389e-02 3.681857014272611750e-02 4.299653566168272489e-02 7.647071510777481151e-02 6.708430940516396657e-02 5.144740122247026121e-02 9.351905498344714740e-02 1.351371101241527484e-02 4.466093363967286317e-02 8.888673220144831244e-02 8.443053409754420341e-03 6.863540274614590708e-02 2.958738477147722368e-02 2.638078387378195444e-02 9.827336909225270478e-02 5.163864883337004191e-02 8.303957032735097277e-02 7.875537956494589598e-02 8.354240437664217991e-03 1.823048162894699495e-02
4.637108800070134651e-02 6.155133304044302887e-03 6.867283497151966364e-03 4.938431076408205528e-02 6.938525568455056192e-02 3.085989435128596789e-02 5.981708986008716158e-03 3.121726913893657640e-02 1.683704508227507057e-02 5.499750671308304556e-02 4.692083626833634669e-02 8.757090303245418719e-03 7.968182562451325834e-02 3.714558445848142876e-02 8.130651726026730253e-02 2.636986270940465740e-02 6.734798345265547229e-03 7.428437556182893031e-02 9.626947468747068526e-02 5.661844821504716241e-02
5.156923595031818325e-02 9.898928743253264384e-02 6.559882044998086026e-02 7.897827987025872465e-02 4.510718286794153375e-02 8.778508038635833566e-02 3.625108704672808102e-02 7.631837552984432893e-02 7.833029653604794973e-02 5.095725709206752607e-02 5.210623042625567303e-02 4.313028551429980845e-02 1.105794103276741547e-02 8.579341843276459822e-02 2.791502058367204692e-02 7.633905503611818077e-02 4.552909590618581769e-03 7.230285193550578700e-03 4.319586810069391686e-02 9.135808769413153452e-02
2.702436748725924043e-02 4.857642645686105487e-02 4.044799146135924506e-02 7.638406635716210591e-02 4.116883479605553536e-02 4.771259272070388358e-02 7.793886226926279026e-02 9.611362395650083212e-02 5.188846509707933236e-02 2.391331543018074962e-02 1.821169538100126870e-02 5.307960706404454831e-02 9.537729572577416381e-02 8.407146732594605876e-02 2.765944714676964525e-02 5.815823512001577766e-02 6.356493633417444056e-02 1.515722950178454223e-02 1.197913859569600496e-02 4.089937286571279640e-02
2.587381580331007611e-02 1.184707376127162176e-02 3.323506949187339521e-02 5.601892768894790875e-02 3.496648309063883631e-02 1.215557128642610375e-02 2.348111335340512598e-02 4.942716082333136612e-02 8.459973061749576084e-02 4.601724773963740411e-02 1.886953515391866232e-02 3.626766728474324630e-02 7.875838196676836211e-02 6.161600011959425527e-02 5.067327799834431268e-03 1.931485262984347293e-02 4.233699944206792409e-02 7.956384870022988054e-02 2.635654692749067607e-03 1.053728565226690408e-02
4.459979589291396262e-03 6.436098102773217533e-02 7.214070446286068028e-02 2.566756149562099583e-03 8.059507301902796295e-02 6.055563058902137252e-02 2.737025564216925139e-02 1.166617866667937244e-02 9.727830171931772796e-02 6.235471298146633493e-03 2.952569552607112874e-02 2.085715452524178337e-02 6.441100913468818245e-02 3.292853570579507005e-02 7.358026194057737390e-02 6.917686300190369064e-02 1.628774987274869343e-02 6.111977076733511594e-02 7.736153201212514485e-02 6.520047982140307619e-02
1.067848754919742404e-02 9.210711424511203171e-02 6.677995042347083243e-02 7.354942434246368455e-02 8.970220391203481691e-02 4.056392350112662110e-02 1.065494783155433028e-02 5.560826208800981330e-02 5.164677581872706424e-02 9.205727769507350555e-02 9.653198883674843356e-02 9.355647832278791987e-02 9.480601889870693411e-02 5.049455401655562892e-02 4.872565313620404182e-02 7.355885525574294703e-02 2.181659496313478538e-02 3.696902318840940976e-02 7.319265159141512267e-02 4.224618561834560249e-02
4.289837208642889588e-02 9.064677240710672032e-03 4.599632383790343282e-02 2.677074675848187951e-02 3.193870140176526679e-02 5.388801497190606749e-02 7.559745734407168072e-02 2.092822652183447263e-02 7.666313922579171165e-03 6.705976670228601388e-02 8.291245889088549870e-02 7.399608126669002250e-02 3.376629358285617583e-02 6.484179919378917079e-02 6.925412008222400773e-02 1.452017662528448606e-04 4.306300626293191672e-03 1.239624437569730817e-03 6.240582300290197643e-02 3.066499301768989272e-02
6.553606551469151609e-02 8.259071076855684090e-02 6.702256151652474792e-02 4.469653840127715827e-02 4.484835496540869049e-02 5.315737656295247554e-02 9.062137308225115540e-02 5.520415380667012539e-02 5.605678442438880721e-02 4.383394600955610454e-02 5.949499040445941495e-02 8.313997237372848514e-02 1.765799647884527465e-02 9.818359872413739975e-02 7.067085194741128118e-02 9.830936447465455502e-03 8.687441545894712680e-02 1.073485465350827554e-02 2.209179973160720067e-02 1.469176556372353661e-05
4.988405737715595652e-03 7.641873923803071955e-02 6.231109708004987230e-02 8.871821052554400289e-02 3.574463538655978795e-02 9.197618060624580816e-02 5.292809037816625928e-02 9.578954851417803562e-02 5.009760813219210629e-02 4.976014210794366295e-03 1.676439963127905955e-02 4.484953642087072950e-02 9.173507888244671060e-02 5.402991694413397661e-02 7.570645587517069175e-02 6.715568536617382012e-02 7.000172311054889129e-02 8.607830513768416347e-02 9.486363578405720975e-02 8.819685454915264511e-02
5.427801359494680011e-02 6.846646463385952508e-02 3.759167774506519399e-02 5.405131502479710269e-03 5.956427105556903051e-02 7.643401957360942967e-02 5.635717213167087958e-02 5.372822086131831543e-02 8.600178672196231999e-02 1.997498696872084326e-02 5.225703571783414658e-02 4.178839462679936889e-02 8.930351235684524935e-02 4.529193341673109358e-02 4.277804857194002219e-02 4.709537212381941645e-02 3.026957108690762205e-02 2.908718308477436024e-02 7.161696458436032919e-02 8.161526516705781831e-02
7.111260442268986515e-02 1.164342550803054710e-03 6.123446823439468445e-02 6.443181588133083115e-02 9.782512525118411406e-02 4.988627591785802645e-02 3.801667717221712817e-02 6.865232368901522109e-02 6.675587082497015656e-02 8.373437691777825542e-02 8.125057822347943326e-02 5.444774979129635151e-02 2.379758060265913075e-04 3.936311136470097699e-02 6.182023714599110126e-02 9.806564291319536109e-02 9.744799818064275865e-02 8.192325577884945753e-02 9.588850606657334241e-02 6.292945134924159134e-02
5.890539573936520029e-02 7.836662384574811114e-04 3.004432526547914581e-02 1.436000018625489642e-02 2.795870165785139388e-02 8.062613943158614127e-02 9.946158636256441365e-02 6.003104868246078758e-03 1.851173856788996749e-02 6.857616473189158401e-02 8.711643910839972360e-02 3.833671803349451151e-02 4.712796511681249106e-02 8.834407499566128419e-02 6.107098476144810079e-02 3.791553919167500730e-02 7.118241185766413515e-02 5.150251737493723170e-02 2.676368002738122032e-02 3.117907358961644754e-02
5.539099499630391332e-02 5.133631720252287978e-02 4.707376496236636426e-02 9.864132137975006875e-02 5.520568142623961255e-03 9.830869774718059562e-02 5.086377258464715168e-02 9.620365636856526015e-02 1.602650529943255853e-02 5.254976712855310983e-02 9.204478401338597737e-02 3.455965691823011110e-02 2.949060182486211781e-02 8.770462162554327340e-03 9.503535415296908428e-02 3.635961574424068088e-02 9.390617920899663185e-02 7.036420221813728670e-02 1.912752524886964997e-02 8.371195140689687009e-02
7.301717417721080572e-02 6.052107411380466817e-02 1.957569441132599522e-02 8.361513108514158354e-02 3.529271827253257360e-02 5.384724479169953476e-02 1.435422711671806642e-02 1.131196846763823406e-02 6.595979160551941611e-02 8.933352857771270639e-02 4.234533387140583527e-02 5.538298786385514177e-02 9.989242165157008468e-02 4.618235969738072877e-02 7.395690082657339903e-02 8.240506894497801049e-02 5.610608256101329294e-02 3.245075343513509347e-02 4.657000412006702394e-02 4.960680154965074057e-02
