2.702033876857830585e-01 9.741683028559872115e-02 6.526124999539870131e-02 6.633889996853427340e-02 8.649649076335216846e-02 1.262503103198086563e-01 2.202947792357490275e-02 1.303913398004478141e-01 4.071596810859197391e-02 1.505197055851082433e-01 9.031510135544769391e-02 7.839122750023252983e-02 1.576304049865914769e-01 1.381693499055051955e-01 1.683838627750831596e-01 8.873742009909996176e-02 1.091416162397559897e-01 1.175440403110548371e-01 1.171833606077972434e-01 8.659035516903638985e-02
9.284061168342211401e-02 8.525387630018960161e-02 7.249767537495692415e-02 9.274859115821240674e-02 4.368082196421910202e-02 3.906171318109646906e-02 1.420325605775593115e-02 6.882325725849436880e-03 2.808322278015582679e-02 1.514733133597632314e-02 9.653099516640459288e-02 6.560530837486593103e-02 4.355836874401319142e-02 8.660752798928611496e-02 2.117145286876270793e-02 8.643580571908106303e-02 1.243978429339348546e-02 1.239106010142071446e-02 8.082756011851363609e-02 6.207150908674529538e-02
1.330738866247540599e-02 8.526952198222437565e-03 7.302325052554708984e-02 4.882771723044687651e-03 5.342305931302261668e-02 7.847418423814672694e-02 7.865406169519524593e-02 5.563091803838132038e-02 9.191289956671143402e-02 2.404711494658714685e-02 7.133623836034708177e-02 7.053384838175101590e-02 4.352794584349628515e-02 1.744435422078398704e-02 5.412145687719745191e-02 2.975853092977977232e-02 9.771271611287568951e-03 7.689805868720867021e-03 6.604459611771654193e-02 6.393184285036922210e-02
7.811885919804538447e-02 5.200398263627314943e-02 4.992508687327799205e-02 5.998998707550585140e-03 7.254588703173102393e-02 7.972283178255475111e-02 1.665851618159102168e-02 1.230353004048356921e-03 1.141673862427192848e-02 1.738506546084808355e-02 4.507889636382381854e-02 1.913931895069229810e-02 5.871402510563194371e-02 9.422641448233370909e-02 1.059318089563465737e-02 7.595094518269579487e-02 2.516609301574562751e-02 3.685654635570546900e-02 2.655658386943997654e-02 5.381229408872872239e-02
3.186936183335488393e-02 3.959446604930294371e-03 6.928275230922587014e-02 8.792338751924384799e-02 2.489478559995199694e-02 6.799517394473700294e-02 4.847655756517115638e-02 6.489901032597204800e-02 2.353479197500887507e-02 4.143522003972251178e-02 4.242647527844511240e-02 7.618160680540414509e-02 8.679010645332617402e-02 9.443758330923813322e-04 8.747463301894646548e-02 5.179488798604275912e-02 7.262273074022575214e-02 3.096843357524919904e-02 1.093908441568991431e-03 4.603562210890783934e-02
8.106616268222827104e-02 6.521540850034619752e-02 7.725112158518876969e-03 8.342083775633002407e-02 3.056178120462503880e-02 5.930542891579280301e-02 9.315227265635461773e-02 9.527709096930001009e-02 9.979575077275359973e-02 1.971424452022543447e-02 6.916652907938444783e-02 3.985309420548166504e-02 4.742131285382076428e-02 3.303315001416062824e-03 4.631810940232768126e-02 6.225913545304452568e-02 3.891446064194364202e-02 9.074479844647995175e-02 5.254933579538183935e-02 1.360613931142450397e-02
5.757287158973342645e-02 3.151216580013539714e-02 1.227503519260202472e-02 6.611135386485168059e-04 9.984921284509978845e-02 9.626676176982450206e-02 9.548136313810946796e-02 4.531522962141355804e-02 6.331145769796352185e-02 1.339286479059225224e-02 8.920539073558084175e-02 7.305717177022559572e-02 4.210270519593217742e-02 2.347494108373457053e-02 5.165618526509867942e-02 1.706662258117386255e-03 5.667437774879210965e-02 4.426548955133818158e-02 5.879365549561626353e-02 5.794956867946659401e-02
9.902624780487077893e-02 6.415049650781426416e-02 9.765832144284270627e-03 3.532747842619817641e-02 8.673562300113100976e-02 8.319880172193648560e-02 2.451802409575139230e-02 3.794852647890456510e-02 3.548978890187093685e-03 1.713072357072554716e-02 2.808470996684064858e-02 4.685780626128834003e-02 5.322835302851445377e-02 5.948394685054828046e-02 3.123408609150978357e-02 2.934300061505854679e-02 3.210826959101125561e-02 5.650585433488544695e-02 8.267944039204405682e-02 3.701499105854266086e-02
2.662897710489488257e-02 4.067902524514790952e-02 2.701463585360045633e-02 1.376919140243676454e-02 1.990800961805369237e-02 2.971572135433825368e-02 4.100244327694059499e-02 7.791047767053832507e-02 4.956773738754206848e-02 9.759263680137855723e-02 2.102929002937605971e-02 8.659462169687508204e-02 6.434358219695039682e-02 7.301782866866333987e-02 4.808329778781945951e-02 7.975361890680034149e-02 8.526644059920381047e-02 5.937250558022494351e-02 6.606140477672582667e-02 4.771883996859423160e-02
4.271102914584019861e-02 7.454171589193084313e-02 5.129962112719243378e-02 5.651346674851953633e-03 5.277224316146425509e-02 9.961070223831898496e-02 4.010501371280537214e-02 9.048180120596419074e-02 3.115923995338620855e-02 3.483614664604593042e-02 9.514263683234197577e-02 4.005723469754765564e-02 8.705842958814564991e-02 8.045294497861779637e-02 8.599839094001937578e-02 6.404775061056315610e-02 8.011236689725519111e-02 3.479773014520244623e-02 7.232740618468198879e-02 6.613772906246000172e-02
4.881179472834393934e-02 5.331071254709331131e-02 8.180689540567483153e-02 3.478799975581308573e-02 1.563218571575258897e-02 2.988578044540610851e-02 8.000162149517137111e-02 5.050871784597256442e-02 3.587931263125761910e-02 9.230565380422794952e-02 8.414614753706016470e-02 3.155876206061295625e-02 3.758441344177291393e-02 4.661550828148469661e-02 2.604146387038916086e-02 9.811238557499135648e-02 6.003242037514219809e-02 1.205940249019501510e-02 1.659915843963666402e-03 8.786083450963538821e-02
5.768546240995478525e-02 8.556377241914704668e-02 1.204770528027650049e-02 7.446042115878691303e-02 8.527349774879217081e-02 6.432772465170709386e-02 8.770649241955660869e-02 6.243637181588091584e-03 1.316973769496626590e-02 5.800340410434326466e-02 5.753315245461858990e-02 1.167547068748246014e-02 7.454518928560004143e-02 5.942197423436802739e-02 8.002716926736291869e-02 4.395313795026439818e-02 8.074118844045735655e-02 2.809053169003583855e-03 3.362633909506686225e-02 4.657515776124909052e-02
8.134451177696311666e-03 9.214123311603240885e-02 8.371420292845921374e-02 4.276522685885932040e-02 8.630864080000577587e-02 7.015169332012573256e-02 6.394699159436485758e-02 6.303406720916682367e-03 7.668520288977032084e-02 5.152982227752899574e-02 3.103854204163387920e-02 5.246554619770461836e-02 3.163919564681543645e-02 1.770722109537658032e-02 4.058943039636728894e-02 7.724907656437707618e-03 4.452234797245388509e-02 3.429705311456863331e-02 2.672792889518170803e-02 6.519941967425904594e-02
6.154714763657053583e-02 9.564310933543261617e-02 9.724732989702036812e-02 6.392785713013286741e-02 7.565479598964453510e-03 5.485739411146195975e-03 9.102679486822073951e-02 2.682837906017455920e-02 9.651346216326468774e-02 9.272464699210930528e-02 5.365207898104928930e-02 7.451766887230282244e-02 2.524942510522733274e-02 6.257119477891313897e-02 3.197255965419705526e-02 2.124891239698989669e-03 2.668939143228658134e-02 1.749061776920790567e-02 6.246261687397811763e-02 4.146634637969770498e-02
5.021589796231752667e-02 6.491345974342377541e-03 8.606301211437766829e-02 3.633347388828902375e-02 1.643999075062774293e-03 5.128023568334947463e-02 9.669019759874832032e-02 9.067534709860629316e-02 5.142020534706727430e-02 1.309911053656326319e-02 5.298372680446450378e-02 2.557020733258921416e-02 2.772133671990316753e-02 6.350086531369625309e-02 5.724067632551570889e-02 9.249010633170015594e-02 5.227866851234780343e-02 7.755279358127004086e-02 8.534130502644370064e-02 3.972555673511463104e-02
1.199430066049819200e-02 4.376497862758535473e-02 7.062793980039552832e-02 9.994813111202677236e-02 9.720111047972197771e-02 8.872207394614130271e-02 5.397543459457133236e-03 2.724294453791351739e-02 1.416043864349837526e-02 9.863775861726051253e-02 7.950529855519328226e-02 2.082859583816136853e-02 5.379458159767014358e-02 2.200430314195811639e-04 8.943475445734519469e-02 8.820162280101855046e-02 5.683068038176717490e-02 3.754815329676906149e-02 7.586655548914045602e-03 2.662469750083386322e-02
5.134094468365368175e-02 8.200205165485624503e-02 3.334664189134979584e-02 5.635790804350247069e-02 1.318955598803380792e-02 1.573246385734031888e-02 3.708070284581423820e-02 6.833480851557617586e-02 3.417930082550540288e-02 7.955147376137026993e-02 7.103638598480473132e-02 2.171743872264822114e-02 4.514202526136469606e-02 5.252013317757362604e-02 2.135692408365976944e-02 8.549288571531572789e-02 7.070286039506032405e-02 7.646142230620694979e-02 3.016047743832416320e-02 6.282661746915602086e-02
2.846368750045743731e-02 1.089463260597928196e-02 7.102738352389041665e-02 1.977161928463028184e-02 5.725527510914660972e-02 7.073196527586385340e-02 1.909096596918245098e-02 6.023313069082184001e-02 6.496258705708439496e-02 7.997353563394443698e-02 6.061026023061856505e-02 1.786519366983554610e-02 8.575387212715281093e-02 3.602181360670941163e-02 4.762414647237303567e-02 6.158223107682656711e-02 8.467004359966112670e-02 4.018394324921037430e-02 9.999428736922030825e-02 8.621208545965697301e-02
9.041631625254631377e-02 3.716300010168527290e-02 3.301888168047645289e-02 3.915779751094331657e-02 4.045358282372050335e-02 9.920344053798306472e-02 1.757037904672940215e-02 5.305642915418515987e-02 9.633907812270592341e-02 9.053243690844356428e-02 4.780843544112148291e-02 3.582003651653736798e-02 9.802999077850407805e-02 2.466151948501425079e-02 2.932739630068612741e-02 7.716397928384322036e-02 8.096474918134349830e-02 4.049141156773420486e-02 3.723742023151898478e-02 3.963200481000257736e-02
9.777966285629770184e-04 5.725972997070616355e-03 1.526033007102514140e-02 2.201188590804920020e-02 3.440281177633430776e-02 9.353156079198875206e-02 3.790102004539769309e-02 6.390286793320304470e-02 2.634584955102093045e-03 2.352910470729392689e-02 5.148222839083479996e-02 7.809242277345659899e-02 1.145094945624293252e-02 5.082127087419502365e-02 1.625354240143748324e-02 6.110770555464957454e-02 5.472322906912111679e-02 7.200576643216585748e-02 7.363752070424417484e-02 9.273082950707452199e-02
