2.216654695635975614e-01 7.713403336506305386e-02 5.281331112061595640e-02 4.621724432896843343e-02 7.463777403827370760e-02 1.108053278845988338e-01 6.213998467884877808e-02 8.210894852229426444e-02 1.595787751440447821e-01 1.208659932137383375e-01 8.996313501527899992e-02 2.946939417508656275e-02 7.115553214115344360e-02 1.435862120600757408e-01 3.087515282375274603e-02 1.354592970671321117e-01 5.170489369101154142e-02 8.043856013565567342e-02 1.126031350054447072e-01 8.772743950755590436e-02
6.949721989602858363e-02 9.605293438633161207e-02 5.293522429897167675e-02 1.804655417303974163e-02 3.882652793432457561e-02 4.523468349521261866e-02 2.444623560974354057e-02 3.238160311099765043e-02 4.471530680643973077e-02 3.498942544442978919e-02 7.989208452797359750e-02 8.944250197704044225e-02 6.346516540369769033e-02 7.045508429402995432e-02 1.070956916980608797e-02 3.896089254173126792e-02 6.052680803892868111e-02 8.428952747300245962e-02 1.256133818289829722e-02 8.720196608893282519e-02
7.159852859151867588e-02 3.579564573868784100e-02 4.524681545645008879e-02 7.168080369272684937e-02 2.637189983848400518e-02 6.340961824352954468e-02 7.542374354966326078e-02 2.698842049256258355e-02 9.824294450629604547e-02 4.565860672465992670e-02 6.845975843429136232e-02 9.177111507047631955e-02 1.444820148846548413e-02 9.380596268765695189e-02 2.491341791952976850e-02 5.491511564935154521e-02 8.062798030833952245e-02 1.018431915176913963e-02 6.096741132265992569e-02 8.557729204402597656e-02
6.224795585235603362e-02 9.584284320828752313e-02 9.940392447154675071e-02 6.284426964146831718e-02 8.915376484786918798e-02 5.747859759556909337e-02 8.729118497270522969e-02 2.337297588046462204e-02 8.498423883869275774e-02 7.872491466234854407e-02 7.618245988702783411e-02 2.920983075957047856e-02 8.960564554183945984e-02 6.558979351343628694e-02 1.755097529082081526e-02 1.437194502300508450e-02 4.050595970211121055e-02 7.428665751378692172e-02 7.448363213436194619e-02 1.971187177472679894e-02
6.062875601162426298e-02 5.864102863904201851e-02 7.692591211420585218e-02 3.974431525766906198e-02 7.743893447403460591e-03 2.882075281588788659e-02 3.300630585342070183e-02 5.605984657555097839e-02 7.260677430256952392e-02 1.795729819035980432e-02 8.659944045743500629e-02 6.716604879827868524e-02 9.651800752390037041e-02 5.989714854889974238e-02 3.787947032072783854e-02 1.378378854922919332e-02 2.282946984853271438e-02 3.627758991053749160e-02 7.067682048070238199e-02 3.499417141689154225e-03
6.288202055966034265e-02 4.916735953054879316e-02 2.536833589003139114e-02 2.339998447962246195e-02 7.635351440064397366e-02 8.317447835452708438e-02 1.016667494464238569e-02 6.910327930363220628e-02 8.624468934955059618e-02 8.371098791339874612e-02 8.074777124185067434e-02 5.057368987397606319e-02 6.823103521398675431e-02 2.411016079442296692e-03 4.292561788540756595e-02 8.344459658701502969e-02 1.311978761079224398e-02 2.747683033762967839e-02 8.819836083924330328e-02 3.767067140035124106e-02
2.253434310917370662e-02 3.068369589601915859e-02 6.659638641123243052e-02 9.585099480927578020e-02 7.215206526746226201e-02 9.053902744000377756e-02 6.521463474946952166e-02 5.820304580354160318e-02 1.780761479832327840e-02 4.866340985019416282e-02 1.874460281134625664e-02 3.419018804889015911e-02 4.228272215051898097e-03 3.775570643836070883e-02 3.250802639951048262e-02 2.939254138914168188e-02 4.469931167634188379e-02 7.643640560079301149e-02 2.039594101515340881e-03 3.119155373131407213e-02
3.845860436895118251e-02 3.064896771877578807e-02 6.307911775965954759e-02 5.400809354416923752e-02 7.463051325714833983e-02 8.296726186241767942e-02 2.376607860699792019e-02 2.751585736520447897e-02 5.722612766429047149e-03 8.065579398400285482e-02 1.617538832452274436e-02 6.151345353748671752e-02 1.938937707892472023e-02 8.746927053911274230e-02 3.688242685346668909e-02 1.293814295242290413e-02 6.275839159050110305e-02 3.210975970323537692e-03 8.843651837535626559e-02 9.152282622299362513e-02
2.325396155076368127e-02 7.771851529488527088e-02 7.669511310916062030e-02 5.332256440469728548e-02 4.978300721055239908e-02 7.890619447185816260e-02 4.871368552335944568e-02 8.286145566390469216e-03 8.247078643782183860e-02 5.696491002814146193e-02 8.559747501043657447e-03 3.849765484544723226e-02 5.600266393151487505e-03 7.533296100502678838e-02 4.333064897606191818e-02 6.864280954631031550e-02 7.002160842571157617e-02 5.022451456718718399e-02 9.723785547741752022e-02 9.140527303896216205e-02
5.164469462838305186e-02 7.006475569658486557e-02 2.570113310619803922e-03 2.735117576368137002e-02 4.799059192491238884e-02 1.359473172679157710e-02 8.605129156768460963e-02 9.472713432038265546e-02 4.560728514303562936e-02 4.774525163135132783e-02 6.199775910664378359e-02 3.345465458550472837e-02 4.765118797323401184e-02 3.407342666858378250e-02 1.387533813509735960e-02 9.953095902700004327e-02 4.145534896345548330e-03 6.851484200430364713e-02 6.002140113706658231e-02 3.329982432528107855e-02
3.644813760189304086e-02 4.635992717440138439e-02 5.323735169924929261e-02 5.695083742353551637e-02 3.483622731938288558e-02 1.068882654960049555e-02 5.604854543986681481e-02 4.533104362194584694e-03 8.036175995801142502e-02 7.744950011066338569e-02 6.089275451902088909e-02 4.358023366835858670e-02 1.590592858379701394e-02 4.485156755098984593e-02 8.323866572944775555e-02 4.951280396972856934e-02 5.043394501616821346e-02 8.856954289313291595e-02 4.371156943053311830e-03 6.334486525518834461e-03
5.349709662197854598e-02 7.143692091600488403e-02 7.998398064169702504e-02 4.813029058683174904e-02 6.414477406157326200e-02 3.630681927502126677e-02 4.284436660333757266e-03 6.082566199715009475e-02 9.840280047777957839e-02 5.880394674575318073e-03 2.164493503726572145e-03 8.240204389164040855e-02 5.745866331036976471e-02 9.352011333527221471e-02 5.741597991198149620e-02 9.864232294059892270e-02 5.530718128084763374e-02 9.492951803437993386e-02 7.924271475050891078e-02 1.802921644344582935e-02
3.929193414185305766e-02 9.714524018816228512e-03 2.951133360392440771e-02 8.269457200547389308e-02 8.666504048700576779e-02 6.520539096775281040e-02 4.180529061450392186e-02 1.423021414624638971e-02 7.016639841354005425e-02 2.294803840511878967e-02 2.029377236037666066e-02 6.810404633866311286e-02 6.716803571688768904e-02 8.620955707948510516e-02 6.621802742232296701e-02 7.267380780483752301e-02 4.082538048230504452e-02 1.858528259389544829e-02 4.624574082416343934e-03 2.705011326809525843e-03
1.478525203605453135e-02 2.214293596280162563e-02 8.674691048267361981e-02 5.829959660303229291e-02 6.309298959822817743e-02 2.710202266765955603e-02 1.066291124946916555e-03 5.996402911169793765e-02 8.760786668827581780e-02 7.607260777207791591e-02 9.166086642148287000e-02 6.390865828454861397e-02 1.013860786708014119e-02 9.117876138957001220e-02 3.283315548299808873e-02 5.493223321946727467e-02 1.870411144590892333e-02 3.794636978975685342e-03 3.947305452186841701e-02 2.216318368140347828e-02
8.913046974558680446e-02 3.226035292244481406e-02 5.567014094237146549e-02 6.151544194912925839e-02 6.369101337529317619e-02 8.078198259609704890e-02 6.475374757913626711e-02 3.508125976965407317e-02 3.614257885931809744e-02 1.952304577595728383e-02 4.689094792512237680e-02 4.634469799062365669e-02 6.178969455779986103e-02 1.697760119152269629e-03 1.028094621318960226e-02 8.614693716865393092e-02 4.104244214377547606e-02 2.970346080431719715e-02 5.711501743989889912e-02 5.132664652890065599e-02
8.310778101907235690e-03 3.435973990975157294e-02 1.713165856770629963e-02 2.569017352182809827e-02 9.093896318593573669e-02 2.111705655331093390e-02 3.453713864627251662e-02 9.761329975089683142e-02 4.410896809222943082e-02 9.552319515041386364e-03 8.387099700261464730e-02 6.747089191266981978e-02 6.663377792555723322e-02 9.523464429169425927e-02 2.908069730575606540e-02 2.461986591714122874e-02 9.003476527807387220e-02 7.558528306432973909e-02 2.878522806207640949e-02 7.958504393063588200e-02
7.266775578578413275e-02 2.713925681053387662e-02 7.985718851776210658e-02 5.908530327314386738e-02 7.677163465018460586e-02 4.366146141584029833e-02 4.559927749957944088e-02 1.063117178141245213e-02 1.151265923688563758e-02 9.821790865969375062e-02 9.804209176500211509e-02 5.831559328307089202e-02 4.297002055313337530e-03 8.323256993337370055e-03 9.193560266257151670e-02 3.655343646925988260e-02 5.787624129977907844e-02 3.580232973011589909e-02 6.534055387464525466e-02 7.679615560768981997e-02
6.775549994346830029e-02 8.899175541169619674e-02 8.294592758767840857e-02 3.857330223797472701e-02 6.825347050727824383e-02 2.005897472270338350e-02 3.698509373717057125e-02 5.033149316037632132e-02 2.797460661302738835e-02 4.625479434026907172e-02 5.965992986394974551e-02 6.246653692462325602e-02 8.203656391242110033e-03 4.612940907770381183e-02 8.983354656247936887e-02 3.571314018712312688e-02 9.049299596618413932e-02 5.584138893739154508e-02 2.994230040861441122e-02 6.744963918602042696e-02
2.383484755023045423e-02 1.917716999563956470e-02 1.451043823968377680e-02 5.988938454418990531e-02 5.078199359140670582e-02 5.744530033425167270e-02 9.985904995055353006e-02 1.555856671190156831e-02 8.051012074200679380e-02 3.538906371455766836e-02 9.373402005900749456e-02 7.480726835410624054e-02 4.255300251540643924e-02 7.778698335185847690e-02 2.522170147789613154e-02 7.065439122256532423e-02 5.216047152019348543e-02 3.957467679111564829e-02 8.108317606792711518e-02 9.719113254154704284e-02
8.259795258272117913e-02 9.391891512179245671e-02 1.967079494383437016e-02 1.322037383361329699e-02 3.545949802111878629e-02 4.602810157752632719e-02 9.125366682904824389e-02 8.434448041808983998e-02 5.932939391076091917e-02 1.417535974851207373e-02 3.855592527298477151e-02 5.325624238327098664e-03 5.700097580554484150e-02 1.889406645951513530e-02 2.940911564224604410e-02 6.285334453331162252e-02 2.703732140745777196e-02 6.839174691685004359e-02 2.827112791584257545e-02 9.414018465689036330e-02
