2.160092148439699267e-01 9.829593548773507550e-02 8.793935430941131337e-02 4.578052572234879436e-02 1.251444092903266081e-01 1.729277319610975083e-01 1.106107849779762176e-01 1.245721631244925826e-01 1.364267435550113872e-01 8.689724596127826328e-02 1.213666436661768183e-01 4.629555683884066519e-02 1.582452551281041675e-01 1.424271467461910301e-01 1.434784219136749084e-01 3.711924783330619593e-02 8.829639550193263409e-02 1.121009344056853319e-01 1.091223697115263624e-01 3.382177816734346920e-02
2.262265908699280514e-02 3.714070231230775371e-02 1.220249190519771126e-02 5.167572090208109176e-02 7.700637596176682087e-02 4.825947054264128483e-02 7.108228443241282335e-02 2.999297238089847564e-02 5.683801673950902855e-02 5.179825977134589268e-03 4.508210879653800490e-02 8.989904565288568683e-02 2.252412790879557841e-02 9.661215991682628457e-02 6.486397922758117829e-02 2.144524840335238110e-03 8.487344032966044616e-02 1.663566218679058892e-02 6.028542904286511572e-02 7.323515259922834530e-02
2.717419239683742729e-02 3.995962429945996292e-02 4.652147192352674987e-02 8.133468591128441283e-02 9.946861417198070432e-02 2.213078812287841077e-02 7.923934586308571670e-02 1.704069054762435975e-02 5.162293261063938266e-02 5.009932347592593871e-02 7.113694697835036551e-02 8.649823043952430124e-02 8.097116664799410002e-02 5.658348870106699909e-03 8.270360667912654562e-02 8.289659944846267114e-02 8.124904027512735993e-02 2.163476327996764065e-02 2.804915544181322412e-02 3.929901082890230324e-02
6.423514680583083947e-02 3.020215130090795480e-02 7.305406672621027331e-02 9.109600170565057553e-03 2.572754791044329446e-03 9.849723640658333834e-02 7.029123328058271836e-02 3.676275576953965535e-02 6.652226598445815098e-02 5.353100660889358736e-02 9.268549390736542659e-02 6.739386776476380403e-02 4.769487899794680463e-02 4.295749575137173398e-02 1.417259163157937908e-02 1.303496991326278526e-02 3.597248153068654392e-02 9.168668377963536120e-02 5.909279446207898329e-02 3.861810603908486655e-02
8.078710791220819476e-02 2.581359093105051183e-02 1.451828520698201890e-02 9.375473619583388207e-02 4.263437789140531176e-02 2.237514159638116784e-02 5.652954424370573716e-02 1.429118245674436752e-02 6.345688411617554647e-02 5.545300665602013318e-02 4.149598189056078607e-02 6.758649976481716226e-02 3.315661851038898336e-03 9.029581183773313646e-02 7.251850935301776269e-02 5.379223472415616686e-02 4.840934241872893451e-02 8.984110841007400539e-02 8.085542875039614108e-02 5.879519179108665811e-02
3.635761812793835562e-02 6.412299551250263963e-02 7.864366192997906957e-02 5.473026454597068602e-02 3.898033898996260821e-02 9.279917306567219901e-03 1.007144808116571325e-02 7.552403374241790923e-02 2.519185395368042299e-02 4.788411430266781635e-03 9.872289262217270878e-02 9.394767369612239127e-02 8.462326974437049676e-02 5.790308669719079759e-03 6.485833160415672982e-02 6.801282577727087164e-02 5.117773895098665093e-02 8.509119213063873199e-02 6.800777790914817877e-02 9.003250062509483842e-02
9.916117069819133101e-02 9.717363212123913963e-02 6.395797553730013518e-02 4.228154581660799327e-02 4.247609571951515943e-03 9.469525532955487546e-02 9.919671514385620947e-02 5.157828007613185842e-03 9.087463220911956574e-02 2.361757056110186381e-02 5.038455350852175108e-02 2.051697361355725446e-02 2.742300466149086985e-02 5.313567931518055343e-02 3.111032356627290232e-02 1.709168194868795551e-02 4.095242184310640687e-02 1.253866144634077119e-02 8.107415816036576961e-02 8.813546692496926349e-02
8.988071501860843415e-02 3.767535606423172423e-02 5.898102067815247894e-03 6.710983890455035628e-02 9.494251153063586190e-02 4.487650375217815818e-02 2.618092988753012440e-02 8.439915568043275529e-02 5.735167367339614325e-02 1.874764649981419673e-02 4.597262801924870135e-02 7.318708800072645793e-02 5.786718328070747375e-02 1.617814901361057725e-02 4.862241436578557119e-02 7.379020273346047210e-02 5.811346409879702274e-02 1.955913151472680328e-02 8.888485112245220199e-02 6.795431002928857545e-02
3.243068136801208375e-03 3.405871154599501155e-02 2.744206890729072867e-04 6.949755899368996459e-02 5.666714755768445522e-02 3.343914190901533384e-02 6.044575739170320733e-02 8.148217883786142146e-02 1.508531963356593043e-02 7.739714753114415591e-02 2.415696755358697281e-02 3.430612512027272215e-02 9.135801453369118974e-02 3.978266461062307524e-02 5.368386604873955081e-02 2.326483287048350043e-02 1.566127766215862430e-02 6.806902676776759031e-02 7.953517333293104452e-02 9.568078526880341439e-02
7.307115796765890903e-02 8.815937952553440371e-02 8.904699061505405230e-03 3.060113862508472352e-02 9.453598785098710211e-02 4.724459527487345767e-03 1.514139864333641401e-03 9.233661352502098296e-02 1.966233594851665364e-02 9.343026097213368020e-02 4.035355422757157945e-02 4.878657336359396718e-02 5.853189519611329272e-02 1.563240995655240662e-02 3.757463510727955536e-02 9.381316410537024475e-02 3.840632714683172438e-02 8.012739950571352854e-02 8.155596319814917283e-02 7.604050270721264548e-02
8.062417654925639610e-02 6.230519646645369530e-02 2.800010207526827666e-02 9.471332199091844761e-02 5.509105962686671604e-02 9.139843457250057535e-02 1.432491689017051373e-02 9.315906570843340839e-02 3.184235903107679455e-02 9.673860770477171744e-02 5.079150789584761100e-02 5.184158631323675798e-02 3.436316641210473283e-02 4.140927832182488694e-02 6.524529094690043052e-02 8.829065073253609952e-02 6.625973103017626653e-02 4.231273212347567286e-02 9.495085058994118254e-02 9.090622189370589634e-02
1.573903468514760082e-02 5.701288292600148466e-02 6.214251416269161304e-02 3.183182943036427098e-02 7.073916411725669762e-02 4.601405201048219817e-02 2.236134475814934019e-02 5.116363696990840204e-02 2.737099440978368881e-02 2.050706912098777812e-02 6.519711173449416371e-03 4.482104259239150755e-03 1.671095101481120601e-02 7.879589525683483586e-02 6.614110105365171577e-02 9.623919870009894906e-02 8.154602366757639220e-02 8.640145031074274173e-02 1.226405426349982432e-02 9.810682490687876178e-02
1.790135696267962720e-02 2.741009136866705623e-02 6.500389658739706700e-02 3.306488263337101913e-02 5.747749041116809177e-02 1.291390386522793879e-02 8.303311007298797009e-02 9.227273908397183241e-03 1.996725686528924223e-02 3.420332594434431078e-02 5.406026446130133417e-02 7.532916298904068775e-02 5.776169819306613967e-02 9.103348460370386599e-03 8.562107590283155045e-02 7.198102195688851901e-02 1.534626646416193015e-03 4.123900981456837811e-02 8.833651442449619307e-02 4.079833968967161439e-03
2.513755952822523121e-02 6.464009313736322759e-02 9.531776092117616450e-02 1.895976106199901562e-02 1.754569628021835845e-02 1.291012038727226176e-02 4.192939469664766494e-02 1.547596211537701806e-02 4.119465104411701439e-02 7.630778934790044543e-02 7.453008110667223851e-02 1.531209907283294196e-02 6.190922173226276470e-02 2.298339558057929319e-02 5.524024449052538505e-02 7.319672796678423909e-02 8.245238871580433393e-02 4.425705218048717193e-02 5.327083026291543760e-02 5.005974945573619245e-02
6.710168202743625743e-02 3.876791061315302406e-02 6.794629367460902798e-03 8.208700502633414775e-02 3.057248271531222417e-02 1.831313522802299407e-02 1.163125236098900943e-02 4.334065406810510418e-02 8.570988154255880509e-02 2.439462518845407837e-02 7.503359048011404991e-03 9.232187526708136513e-03 4.143052437265101751e-02 6.170738916458812229e-02 5.236794080553628522e-02 3.760317147857481640e-02 3.552476436541629479e-02 6.319044629599358809e-02 1.263352668159922927e-03 1.656401906330674453e-02
1.042822610964921990e-03 9.817480202089235927e-03 3.849118548064257850e-02 3.465277458513678355e-02 1.645690911027688705e-02 3.453346357193265437e-02 1.848798079763074378e-02 6.238812547108937845e-02 7.042535597916182999e-02 9.285196554384944623e-02 6.384876156738494846e-02 2.196681885744648094e-02 7.453603911001467630e-02 5.998846297809801512e-03 4.473202567668255192e-02 2.343398558672691451e-02 8.958640834828089650e-02 4.620514378755576079e-02 1.885159658318602723e-03 3.881413214615928725e-02
3.399489646328440751e-02 3.500339559972241027e-02 5.627237192621653561e-02 5.090977042859870516e-02 1.618405310302152220e-02 5.680686144945176763e-02 5.260211368780409041e-02 3.588313415292524594e-02 5.562830833071422121e-02 3.649411290210041736e-02 1.149563333439579393e-02 5.042192163680500605e-02 2.012253869427451866e-02 7.113730206029167391e-02 5.874441485076582758e-02 5.671395975436234471e-02 6.916385130164930117e-02 3.477051763811461055e-02 9.911224406988659863e-02 1.524853277533298052e-02
8.382515152053839069e-02 3.324090889334946342e-02 5.387924747488708616e-02 3.029573796399237517e-02 4.354570880569531843e-02 2.544878826745573808e-02 6.210666790268672133e-02 5.327198603797884957e-02 2.349129392387593399e-02 4.095618275178724427e-02 3.598474333156211069e-02 8.732382835141316857e-02 7.202503549512827286e-02 3.247447794283416650e-02 1.092457287543979749e-02 1.923463643826913913e-02 8.778741079675546344e-02 2.829635428639291211e-02 8.359142348879260165e-02 9.683893015640281099e-02
1.940476113892411134e-02 4.810720612845650890e-02 7.420402258372285620e-02 5.166612933259652485e-02 5.390869331828877092e-02 1.503978933515213307e-02 4.049340731276662719e-03 2.594229566475762111e-02 4.271217720820787156e-02 3.348895418667485052e-02 6.589643200579965721e-02 3.134423705520661407e-02 5.996527501848634284e-02 3.410654204975002018e-02 6.250963484397563386e-02 1.345390963484998162e-02 5.025056831008678504e-02 5.760500426978929639e-02 7.647346484801598177e-02 9.632824974917097993e-02
4.623424843144439272e-02 1.573342360126816011e-02 1.442559820638942419e-02 4.214991398117139826e-02 7.756329359641994659e-02 8.200986776742347217e-02 1.501540714102995826e-02 4.893411474744305961e-02 7.784759560966043879e-02 8.646585308012744164e-02 5.476445327945267394e-02 9.514630010750343980e-02 8.907776883765076981e-02 6.232021871594638912e-02 7.326066214324687687e-02 1.566080613319620340e-02 8.497538584362090974e-02 2.590208348621128240e-02 3.676490233323467111e-02 6.528729699912228478e-03
