1.982956408691535222e-01 1.888252152134377998e-02 6.624723345495564519e-02 6.867883890285639281e-02 1.007321150384030556e-01 4.830177946768018926e-02 9.386649041480461808e-02 5.730290984502398044e-02 1.490930685816170276e-01 9.795631555734872487e-02 4.104513936911990957e-02 1.174212957873731339e-01 7.430091989721414325e-02 1.003305389375173801e-01 5.977729078995223932e-02 7.357261776753218352e-02 1.193491266628600583e-01 1.217037713987070557e-01 1.725255288386417715e-02 7.502827830872238479e-02
2.870842326717846105e-03 3.354815891222856505e-02 5.653653467202455346e-02 6.099604945670023676e-02 4.121828160364146565e-02 8.750412989065439739e-03 5.089673222372028544e-02 6.874586004108877713e-02 6.267344872837714298e-02 3.386042193189477134e-02 1.004860780385605640e-01 2.718179926768515137e-02 7.540366729601286067e-02 8.017164580036509336e-02 4.351693759902334861e-03 1.429911757782058139e-02 7.744373964183925985e-02 7.961130139574429387e-02 2.001747226378722613e-02 1.405068831263208903e-02
1.463116279578868806e-02 1.274761894229110848e-02 9.028907271640820853e-02 5.431060888076063436e-02 1.397735963409186752e-02 5.838579466500957299e-02 4.497695538421273703e-02 4.036421462501459806e-02 1.105368448221828379e-02 2.153482111922707873e-02 8.269393320698448235e-02 7.131423068953481048e-02 1.096313315062621627e-02 1.852438004284153936e-02 3.122800937121480991e-02 7.028338398734994275e-02 4.829355260628884206e-02 5.936512845934439897e-02 7.060385629055532242e-02 3.651192902326368811e-02
7.552728026186662780e-02 7.305379289502680158e-04 5.658125417871597007e-02 1.617756261278087068e-02 2.390752792566270060e-02 4.156590600644779337e-02 3.766266844286243753e-02 8.877415477887642958e-02 1.685448371655931879e-02 8.644908214272190028e-02 5.112001913112237950e-02 4.573537623509153771e-02 1.240306016041486112e-03 4.101343098628804085e-02 8.529183736314149833e-02 5.188559900229595956e-02 4.685879476900778329e-02 1.458694449295283579e-02 8.622793581404310237e-02 4.205906667994038090e-02
2.260569004692692188e-02 2.798073389805818753e-02 6.283402997842475746e-03 1.168618265690229974e-02 7.778346121674790253e-03 5.058096802075424253e-02 4.196999113791791830e-02 4.412689143836660832e-02 5.093570689964918574e-02 6.316319049085016013e-02 9.031482024966391853e-02 2.014648384326892319e-02 6.319931888785701446e-02 1.381346843348017946e-02 7.433588198861673657e-02 2.091466589328321371e-02 6.527131721476006621e-02 6.743697789169864065e-02 2.991394575310252213e-02 7.651486533812905388e-02
7.816656065507585072e-02 5.913028755192695912e-02 2.827899051181176349e-02 6.223257473080442970e-02 8.997499299646175008e-02 2.768152882773298670e-02 7.060881382296627096e-02 9.724576167717711994e-02 5.664182509848526142e-02 4.516518860329474250e-02 3.230064782430314835e-02 1.427304266678899348e-02 9.807393078633314110e-02 1.865200057236092793e-02 8.626591439996716959e-02 3.545296768943124316e-02 7.731641481222695234e-02 4.059912881701024240e-02 9.066497470194892494e-02 4.387487790345419303e-02
2.192750854129735943e-02 1.002872547390305236e-01 2.080303443520453797e-03 6.591846938292961200e-02 4.147916532615839036e-02 7.186186095181880396e-02 1.979479710962454841e-02 5.001308243428487232e-02 5.374811880486382587e-02 2.748873170186772949e-02 6.059554179815099251e-02 3.300862307486663455e-02 1.726230404468924104e-02 8.452387943734901432e-02 8.182768644854265805e-02 8.645108461123394983e-03 7.222546240630857428e-02 4.797796023536341631e-02 3.723201845756693440e-02 3.501243109688811916e-02
4.510724923607180997e-02 2.475507279658427438e-04 2.142874088098125143e-02 3.886950361807932353e-02 1.014161898067964251e-01 5.497431125547418140e-02 7.210780097743059447e-02 7.122795325837513736e-02 9.050310199786994192e-02 6.939954277976115304e-02 2.648450345231204497e-02 1.258835659710767947e-02 9.281693689012640580e-02 9.834338702936773480e-02 1.528920761210724073e-02 7.518454732297681631e-02 1.834651166521827871e-03 3.024383601208457430e-03 1.576849327043783344e-04 6.046522123543839750e-02
3.939768525602092841e-03 3.714258952289410751e-03 5.161192167616431015e-02 6.165355335639650936e-02 7.485693278194729917e-04 4.820857427266457898e-03 1.710406623949645502e-02 2.427505541529340061e-02 4.344019047309527481e-02 6.898762249818672643e-02 1.580760854424468828e-02 1.622096982843835092e-02 7.083673917820584864e-02 4.094703588835288399e-02 1.294230651601081979e-02 2.166986872317396007e-02 8.180528210666193623e-02 1.612399896322650253e-02 8.226017456145767737e-02 5.223629690649564394e-02
6.893030166671670900e-02 1.514230790992822373e-02 2.248929551411194341e-02 2.404966395174422053e-02 6.720511919752476804e-02 8.071225599471655576e-02 2.859028697789897048e-03 4.723275147392982237e-03 2.789346934604921419e-02 5.522342468395579490e-02 5.064483242339933022e-02 1.056743601441136049e-02 6.954497535683890064e-02 9.165011852811077997e-02 1.009035711721901346e-01 7.347711013807586844e-02 8.352670415703687679e-02 3.154719321258819733e-03 2.049108118389722510e-02 2.778258394394018602e-02
5.824781101474853229e-02 5.162565084314779673e-02 7.904393837007075985e-02 7.490146445872242209e-02 7.254350925901774383e-02 3.098106132237478556e-03 9.191981738899421273e-02 2.899531903313865705e-02 4.459537876016604618e-02 8.053566746208025429e-02 2.026116486396039792e-02 4.183661985068796996e-02 8.857541576094687605e-03 8.545540871217553736e-02 7.809119953828053129e-02 7.150930899792290463e-02 6.041479200696090596e-02 2.745680244447065710e-02 4.454626070711819805e-03 9.289131039354707464e-02
3.998102184509547824e-02 7.249283101881101588e-02 7.632148301425323300e-02 9.761065167935433981e-03 4.778202400984798287e-02 7.867529859940812498e-02 7.896502369067187610e-02 8.959993520554980495e-02 4.596992561884066103e-02 6.411741778767396371e-02 5.320028190652731359e-02 6.591807932479689693e-03 8.931232524215745872e-02 3.330993743033906773e-02 1.190304424410444650e-02 8.028336010812979484e-02 8.581093080762491887e-02 3.864854434804400329e-02 8.859687861459014657e-02 4.989939211422057125e-02
1.005563749142696084e-01 6.852570946991499989e-02 2.348018554459021731e-02 3.062292400778215268e-02 7.677528491410945226e-03 5.684660938633422783e-02 3.489383148591296800e-03 6.039820794768255979e-02 9.774034682836907698e-03 7.050195156524503848e-02 5.487455186458533446e-02 5.263423687830195291e-02 8.689820132392442331e-02 2.638385243802404342e-02 9.028009535334415026e-02 1.086089253862707049e-02 2.078774862393511363e-02 4.623212106133985783e-02 8.872450998900636987e-02 7.819895768365110744e-02
4.202527438758141970e-02 6.573405042913672836e-02 1.847835723999487548e-02 7.443214598658409731e-02 8.468011628297564264e-02 5.973300051916139754e-03 8.042453717950004410e-02 5.502195885863988417e-02 8.833330373251226109e-02 5.709505921140694412e-02 4.693076239575021125e-02 2.205499761236156403e-02 3.299305181649025281e-02 4.099287010440016282e-02 2.166510232076179765e-02 4.341178857930919760e-02 9.270684364198979177e-02 4.030304124581805120e-02 5.739420634458066231e-03 2.781624591375776029e-02
9.226705075455389482e-02 9.941882465718922257e-02 9.045770564914590306e-02 4.849532833933738879e-02 2.511775619226749249e-03 4.409565267308406672e-02 9.831338409853108973e-02 1.448507027613265760e-02 2.146381077953518624e-02 5.027167464058112517e-02 9.828569162374943546e-02 4.229869868598116339e-02 2.989883428313554799e-03 2.156220817622242839e-02 4.987543645431395667e-02 1.729355167676484631e-02 3.398943075439097433e-02 3.972433827254743394e-02 1.959790497815379340e-02 5.803841810600778028e-02
5.390984779720565251e-02 9.122468381285328554e-02 6.645316341033076502e-02 4.843370782651591766e-02 3.771370068878661386e-02 4.623394546656472981e-02 9.370204887146162120e-02 6.163654842348247759e-02 1.473844824912503085e-02 7.251703137922486941e-02 7.428412696051364672e-02 5.170981262043319870e-02 3.527911922278193640e-02 8.452517934768757901e-02 5.904136065568527103e-02 2.247124394007958201e-02 6.124288959232078444e-02 4.945931497142591615e-02 7.455160187655868187e-02 3.768486791493553135e-03
4.400088100299343833e-04 1.652241001521902522e-02 1.414023291604423783e-02 2.967547325722814933e-02 3.795438577974784983e-02 4.185539928086386141e-02 4.968220883711533392e-02 9.922270915398742619e-02 1.498052177009090609e-02 4.964036158656421477e-02 9.521548096545487394e-02 8.816593849557072260e-02 8.657921179402970624e-02 2.031251167349025239e-03 9.372028747890051581e-02 1.344231425269367362e-02 5.502184390853272905e-02 3.723937829375378178e-02 2.043757318000438694e-02 8.740171182970897512e-02
5.288738244538498945e-02 8.626056710791614457e-02 6.003525528845781410e-04 6.586897743654021586e-02 8.734361364446674436e-02 4.130027107238620765e-02 5.476030225193988937e-02 3.624975314461418435e-02 1.672075581296514346e-02 5.135797010652452116e-02 5.400790547867253405e-02 2.910872176735452427e-02 1.923893017907678943e-02 6.913725510502702343e-02 6.849138410587680970e-02 2.452769346089079053e-02 3.156285223793091343e-02 2.370023087728905312e-02 8.174762431491738868e-02 2.506170108663166238e-02
3.556979297100154591e-02 2.040855225656904720e-02 2.411566833892115833e-02 1.956213824505073987e-02 2.185245804618179619e-02 7.706643210043402636e-02 4.583108515805860844e-02 6.564256009236768552e-02 1.826826023817232358e-02 8.545887141205160686e-03 7.228060487099559339e-02 8.828136099814221094e-02 4.361421209888347895e-03 3.105019544733028658e-02 1.857071682123700995e-02 8.056379778807316872e-02 4.184056041735260273e-02 8.017375476696213255e-02 2.099363644686043015e-02 3.308206833866514374e-02
7.424407375552313781e-02 2.904883353490926925e-02 2.743955251402488416e-02 3.985376657275937345e-02 4.339271671855585849e-02 2.457890614803002333e-02 4.122986295232950599e-02 7.708024273556035588e-02 7.895404545729368950e-02 2.781201164801374789e-02 5.932564287843884038e-02 6.580948159812435860e-02 9.859577032462360502e-02 2.390002282122453275e-02 1.760613667238986393e-02 4.038915535813535768e-02 2.428900638613092078e-02 7.339493022246318388e-02 3.624521219843367115e-02 5.154947594281122925e-02
