2.563633780169583543e-01 5.468781632868448955e-02 1.281843181417665900e-01 1.318938635114311753e-01 1.254596601279875101e-01 7.059058922546589121e-02 8.183925804495621736e-02 7.409391667245154856e-02 1.326588865787355076e-01 1.129514381713595389e-01 1.385164706137622659e-01 1.132511754019804445e-01 4.541146724050301731e-02 4.738660397772702371e-02 1.093447237951824802e-01 4.497118679263138741e-02 1.275046991110615445e-02 5.657216599551265213e-02 8.494127069190751667e-02 9.287304614135480363e-02
9.578468648934340690e-02 8.821789083498680906e-02 5.474720655918884765e-02 6.855195495770315117e-02 4.093944133049254308e-02 7.652571780868287765e-02 1.095302170884056119e-02 4.638880520961602416e-02 7.154915712765579083e-02 1.791951553618294614e-04 2.001424890610695867e-02 8.217402549423897390e-03 1.923555116780762114e-03 6.875948499293436933e-02 4.019468802059290857e-02 9.241476154019444972e-03 9.965745846072121550e-02 8.731431917149817812e-02 3.014247959143585842e-02 5.031322420241491483e-02
6.635323290065212043e-02 3.301655518495388245e-03 2.581198151463857254e-02 3.139070156918893906e-02 3.718722777337815644e-02 8.309353729006938027e-02 6.654073336430446628e-02 5.129698728015105041e-03 4.907140917172429784e-02 6.613146208876104215e-03 2.767459877023552631e-02 6.793623854386873773e-02 7.486986869603956540e-02 1.815838658608101217e-02 1.951688930072490238e-02 2.916909050198698491e-02 2.684639521180555780e-02 6.532428275069092349e-02 6.186726534985635684e-02 8.499438623875876092e-03
7.336484923016949218e-03 1.622379401826085435e-02 2.442690903791559093e-02 5.719466152418807570e-02 3.041848749099949900e-02 2.992388523411784393e-02 6.636776219651201181e-02 3.058092203935890846e-02 8.659004337997906753e-02 1.911969965313078945e-02 5.579307935166875898e-02 3.898930225245057953e-03 8.914208479354866418e-03 3.221135584388846312e-02 3.682778768137746211e-02 2.413208018418159032e-02 8.210688932546546248e-02 6.091906739651049146e-02 8.818056762236528567e-02 2.711694078827156865e-02
7.018682687821861665e-02 6.126133794139410754e-02 2.318347388897706963e-06 8.274063376934955374e-03 5.581985328616131947e-02 9.724319887750965119e-02 6.530044909582331802e-02 6.481597724757023893e-02 1.325063706505766152e-02 6.529407735271267055e-02 2.390027919278819510e-02 9.763641106797990576e-02 2.674113088262411453e-02 7.037006995831408818e-02 6.925569476755800979e-02 5.452878527871073133e-02 6.986314719650289773e-02 1.325169519280093230e-02 5.430900654450970116e-02 4.560479395788260421e-02
3.394647745359476859e-02 3.599426025299562546e-03 9.734002320849174938e-02 9.572624270135650371e-02 3.899110897431166262e-02 3.115072925367971465e-02 1.293688074983382480e-02 1.013930027410678142e-01 9.763883100523278180e-02 3.885109556525221525e-02 2.395465672492854206e-02 1.619063878126154529e-02 5.354127164182385240e-02 8.622629595029962513e-02 2.554825077491775995e-02 9.911071832416971927e-02 2.208382183614554517e-02 3.173217198046988236e-02 6.384548238149138910e-02 3.318318034087196916e-02
6.412033801956044943e-02 1.499885070156211329e-02 3.304257249507907418e-02 2.872313326627199716e-03 1.855374767993444099e-02 1.955797082340927917e-02 9.029802234155141771e-02 5.612402071736507375e-02 8.216967745897968411e-02 6.916785277202391891e-02 4.904593129020177328e-02 6.056426244901511047e-02 8.898346863395318034e-04 1.753862407530712431e-02 2.822068328548379967e-02 6.399631382860225537e-03 6.603038974448360854e-02 7.847296332415112929e-02 4.889019138170591812e-03 8.061382532387632860e-02
7.522310605332038769e-02 8.361959697680046433e-02 4.744149513611924107e-02 6.551454772292486517e-02 6.516394421827878536e-02 9.914814664926789589e-02 8.371230396034612387e-02 8.197250885940807197e-02 8.696779175505418846e-02 1.661970127428535546e-02 2.545866721326833435e-02 8.022883983131579022e-02 6.730075351632222591e-02 4.365568127368208567e-02 2.366159184013993944e-02 5.545945500229158831e-02 1.940732835835800099e-02 8.121757311567216753e-02 4.427074978837164387e-02 7.834903792335130845e-02
5.491898413237705084e-02 8.304305662033441282e-02 2.186889601739395658e-02 4.215146962595062163e-02 1.272594889405714597e-03 1.167695033560844572e-02 5.437398229905647529e-02 1.018609136163943912e-01 6.507776539558644824e-02 1.131311947859701093e-02 9.667020498502829073e-02 6.925555271150511671e-02 4.918631462994720038e-02 1.467898842350793751e-02 5.491312086765513800e-02 3.774226651990226361e-02 4.098804382754431958e-02 2.660034665258346684e-02 5.326839575360396706e-02 9.337569566763680162e-02
9.744186418623365653e-02 5.719141983190728640e-02 3.041184131843025591e-04 1.542436016934944573e-02 2.893659553040189847e-02 1.006039969835116482e-01 6.734077468740930217e-02 5.625087593740125264e-02 2.430559358209362711e-02 5.698118189947144058e-02 4.777334645416696224e-02 4.955512888920957093e-02 3.817569061421332687e-03 7.904206699382096413e-02 5.674063368963441420e-03 9.755169054343994228e-02 8.005486395100336328e-02 2.056936687212148479e-02 4.741403621121274142e-02 6.158323368706468404e-02
7.760354531254083643e-02 7.569591950284626503e-02 7.533514185120385176e-02 6.268904538343962607e-02 9.310400673557076012e-02 4.856659493212812234e-02 8.280447431446033568e-02 7.211345057748551335e-02 3.021999491116944894e-02 1.497199455116907975e-02 7.125168558467206981e-02 3.524839711502989609e-02 2.354385468458900996e-02 1.297711491301205451e-03 2.624454669698046347e-02 9.041396756047750949e-02 4.846096297249956331e-02 6.876341444357407517e-02 1.360503118376082607e-02 3.548218831252246408e-02
9.803918482585656513e-02 8.296984506322317710e-03 7.866089988698925228e-02 7.970795318159723530e-02 7.108076734064722180e-02 8.084362603621850218e-02 3.340177959534158109e-02 3.484107281819113361e-02 6.596460184350172451e-02 5.952962919505162820e-02 5.444039704675605190e-02 3.677000132435465085e-02 6.171320570422626078e-02 1.087787407398766587e-02 1.756768539497148562e-02 6.334617909537433589e-02 5.058330893680210855e-02 8.220556993548708280e-02 8.718968367937295072e-02 6.401117433619933628e-02
8.616928562981185369e-02 7.573471639631448871e-02 9.984799922034988395e-02 2.273282857911986324e-02 6.018454561154826243e-02 5.839262607239049420e-03 1.026349291408426845e-01 1.026653864550973461e-01 4.124797908964455279e-02 4.114280832280193395e-02 4.410996433009589657e-02 5.771974726038220892e-03 6.764547380536001242e-02 2.861955951148533947e-02 4.066916339469697772e-02 5.509102078024973037e-02 9.838434188333038469e-04 7.709678759814993232e-02 3.594836569932730735e-02 2.443224896713611788e-02
3.995256885769041949e-02 2.428346754456294984e-02 2.256943613203407292e-02 4.913273818912811119e-02 3.433968044828521887e-02 5.043629627277715355e-02 2.833802805349783585e-02 3.937014825600608503e-02 3.750854277686396787e-02 5.456366050442972015e-02 6.376893130694585854e-02 2.592845085323369336e-03 5.421259383481455418e-02 9.132489535773251343e-02 7.505933662889531510e-02 2.798938035724710463e-02 6.426251676985608730e-02 5.936701513315115197e-02 7.449586643279539067e-02 1.006226655541205411e-01
4.896903647758469452e-02 2.180809354110200410e-02 5.287252757951855370e-02 5.948727331798631807e-02 3.277344396647736274e-02 1.597558175925003002e-02 6.348288683984178171e-02 4.094075136162470679e-02 7.276659737813560846e-02 9.530749180602783588e-02 5.729306669053183670e-02 6.263306283512751205e-02 9.455887007319400961e-02 6.864152823768661371e-02 8.761084909706036428e-02 4.480387939177488815e-02 2.206868445396589426e-02 9.024363705408199390e-03 8.871788613400766188e-02 6.865740002471258652e-02
4.630396090361069833e-02 1.079408109396520722e-04 3.522517990636798990e-02 9.929457828629120741e-02 9.804832336797519865e-02 6.958441267218300197e-02 9.415376588741287966e-02 3.702508551985866231e-02 5.675875014924800649e-02 9.245568078436947057e-02 2.837546419283672183e-02 4.347625721531678256e-02 9.729250267950106945e-02 4.346359899204864374e-03 8.770963574376936314e-03 9.760565887163666354e-02 9.151123916794712265e-02 7.714923588672446819e-02 4.660835668331415708e-03 7.786650652299106218e-03
5.883854697079389864e-03 4.545190017053286902e-02 2.900203885062023479e-02 9.670288760666333194e-02 4.087526125338269978e-02 2.477063178031244789e-02 2.773103695121838241e-02 2.415835160856757979e-02 3.286432701535206558e-02 1.928655416718060359e-02 4.263308359027191685e-02 2.942938923626963604e-02 7.185034149245263235e-02 8.735418992536043981e-02 1.496373332564017271e-02 8.774761546845059879e-02 2.800864889535430863e-02 2.208012121140680989e-02 1.001508382865002739e-01 6.583485414395152946e-02
3.474050072285739255e-02 8.105286954736884431e-02 5.785274698032726731e-02 7.613611099887933331e-02 4.509134239679633144e-02 4.421497774121584817e-02 5.523573802013857087e-02 1.362732831301479743e-02 8.072009278151447143e-02 1.421015350809270474e-02 3.689497482400913575e-02 4.587114619875488908e-02 2.200738286484160006e-02 7.809328406067459101e-03 4.448734819452862532e-02 5.516646641791908556e-02 5.689055986325080444e-02 5.703554392583411875e-02 9.755191683283728765e-02 9.016520835677364898e-02
6.510904625813317137e-02 1.175623463000673510e-02 3.508736669621457388e-02 4.363249597703934557e-02 5.342942354912664366e-02 2.977837228641868825e-02 6.477003475590858983e-02 8.839357919598445079e-02 2.058713760190895165e-02 6.600494937604509116e-02 2.089395153764990118e-02 5.738874847278097047e-02 8.781843648382033074e-02 4.445662997389919491e-02 2.299005813631471717e-02 5.073888805322653711e-02 1.239642606522749343e-03 4.350553745962035951e-02 1.005511745289559972e-01 3.900402534725436882e-02
5.650812820864720837e-02 6.022442228851052765e-02 7.172072616030140957e-02 6.677052398875428507e-02 6.181757830515528795e-02 4.251521198009788893e-02 9.240143021185158456e-02 6.622665012434895970e-02 3.164554344150780768e-02 6.865592166289127829e-02 9.886510766103415171e-02 1.100395401317129374e-02 4.084435728915337960e-02 3.101166138623851279e-02 9.804233513883625628e-02 4.025181676042771661e-02 2.888860230576491966e-02 7.183514320215157734e-02 7.527501226265408130e-03 1.006831192511610795e-01
