3.040623412677671000e-01 1.050949471630809318e-01 5.254460173951813751e-02 5.037452620370379969e-02 1.759965058230138490e-01 2.961184858651331325e-02 1.039496922227282905e-01 4.817360881601362443e-02 1.270621272065106666e-01 1.077014952686163873e-01 4.059979496875028293e-02 1.323934015361329097e-01 1.029717748951748252e-01 6.008285796640473742e-02 8.203570267943807726e-02 9.086428861341347418e-02 8.008057020753814315e-02 7.370800479086060675e-02 1.115220585403799425e-01 1.023630700453284637e-01
5.269818369532091457e-02 6.938914575846631683e-02 6.728640333527154127e-02 9.830258637462739590e-02 1.151427301046646992e-02 3.004982056650785938e-02 3.962323715821644554e-02 8.631057162126502813e-02 9.551929291464211769e-02 8.145695591410356817e-02 1.350720690504561040e-02 9.176653963155934068e-02 5.591344810735186105e-02 5.533186508596017739e-02 1.384205701985000841e-02 3.384969443355591995e-02 2.260264019411110242e-02 8.763580762078340691e-02 4.976637340966961164e-03 3.221361747659064884e-02
1.036282034376461228e-02 5.795799507947235751e-02 8.271374249897633923e-02 7.273781824348515834e-02 2.711288864812524610e-02 8.222323233801273612e-02 8.348116452314285896e-02 8.641904936741214016e-02 5.102296124421661777e-02 9.373947130355643476e-02 1.610602327284757149e-02 5.570799595804646481e-02 6.969136793512512029e-02 7.494034298980883912e-02 9.281161631681487945e-02 3.086801019099741014e-02 1.648942522893248695e-03 2.813896041652894781e-02 9.613453817052361461e-02 4.941500411346482630e-02
3.415253486959408946e-02 8.000817771416790514e-02 4.603400735984498893e-02 4.139653612519889059e-03 3.796839857615702529e-02 2.818027708757678967e-02 1.812026124751711306e-02 6.192704981123772767e-02 9.830392948616989424e-02 2.345321876638628913e-03 2.502822197427101610e-03 2.284484912271154272e-02 8.621397393076579707e-02 9.485867055657573599e-02 1.415232543085662847e-02 6.317730992400022449e-02 6.902512410512777474e-02 2.668220605138079890e-02 8.331758822603307912e-02 9.873404688430988119e-02
5.340090439567288239e-02 7.339876168585605931e-02 2.495810779823556466e-02 7.910900967258094330e-02 9.801208564106549115e-02 1.398122405095002588e-02 4.874998150530761992e-02 8.395798338421557594e-02 7.182542579673310834e-02 9.907616823202723688e-02 6.572284609732118033e-02 1.814913148504957580e-02 8.590641457438072393e-02 8.902116486198452527e-02 7.328850609629820878e-02 9.827456220283818655e-02 6.038770804784196478e-02 2.947422732679830931e-02 7.554787134834317630e-03 2.294572587882385412e-02
3.224466313562932701e-02 6.911261607860343104e-02 9.204937911760670277e-02 3.534599285743862673e-02 2.486656490607959402e-02 2.906092292762674223e-02 3.580772574777201650e-02 9.722968631632489256e-02 5.976006805960333047e-04 4.971454651904617245e-03 6.969218742365546754e-03 8.150867611264554780e-02 4.569877764642171769e-02 5.528807341986419210e-02 5.539685446637630101e-02 6.633793529068743311e-02 1.250773968931879858e-02 1.037328195195330724e-03 7.208421733681798227e-02 4.317359522050763510e-02
9.259320979718235756e-02 6.107545958374265699e-02 9.111247343139396160e-02 7.579449081171732439e-02 4.892686672581440105e-02 2.614910256258007673e-03 5.472334743630180576e-02 9.789522207889090211e-04 7.198356712658131318e-02 4.488106776572872714e-02 2.920061959020570086e-02 6.879199496690886761e-02 4.772334096395369069e-02 5.723139317851824726e-02 9.177807055373599088e-02 7.502204262820810765e-02 1.501458563650382013e-03 7.046950745226016055e-02 9.716154187987099955e-02 7.770907325987130854e-02
2.982092521211077152e-02 7.681119534985379749e-02 2.827958613411064859e-02 3.727361566110774099e-02 4.794528923532076492e-02 6.379911328730643316e-02 2.864942756117481309e-02 1.558728358038193908e-02 4.713062485314515465e-02 1.136446395107164678e-02 3.225627340385241876e-02 5.666758606780358115e-02 4.965905455175460143e-02 6.835554562127439671e-02 1.012161874107586580e-03 4.154145901061943175e-02 9.335869463183477102e-02 6.294134514364779776e-03 7.365553969825046343e-02 8.188720999080267848e-02
4.556898262031403718e-02 3.155577046495483540e-02 4.623352682234459915e-02 4.975874615221834857e-02 8.353586428400816555e-02 4.957846365909879781e-03 7.869477046387146624e-02 8.377007493265904714e-02 5.215896919436070062e-03 9.984149875737574620e-02 3.274158164731905130e-02 8.675002785346923317e-02 9.512535900287200086e-02 4.484176305265070994e-02 3.686608895499893235e-02 9.950172709789588399e-02 4.906588878617678534e-02 7.806352257827576038e-03 3.897476158592455553e-02 9.811150647690308757e-02
3.273403262750829157e-02 4.260703127638442583e-02 7.288094996833247019e-02 1.994008198287756939e-02 9.383971079630838708e-02 5.406832456714172862e-03 5.983623553682702184e-02 8.757482473000538503e-02 1.774567793700562376e-02 7.847185142492749121e-02 5.484935336280532397e-02 4.958386963928084618e-02 8.177104518921074483e-02 5.608525835563426404e-02 2.560979857120051703e-02 4.178876770679418318e-02 5.855260835523230789e-02 3.252721952507656861e-02 4.863210384823579008e-02 2.103984855695517631e-02
4.424631475768736957e-03 7.631602109985231863e-02 3.582464973885338827e-02 8.750096671023707695e-02 5.621736402681585393e-02 1.620532671654642196e-02 9.786826735790521425e-02 2.068478879556277100e-02 3.572531356314041784e-02 2.602761752134310699e-02 6.013307443883304793e-02 4.846814296582866582e-02 1.266751615684428428e-02 7.106677569143919626e-02 1.245152957956940920e-02 2.512940187476329218e-02 8.031546288265356548e-03 2.211528626021452837e-02 4.977616585737526522e-02 8.671038166331747343e-02
3.093571116235265331e-02 5.773149653569836781e-02 9.237954723136612700e-02 3.589301031219777061e-02 8.948709715313805935e-02 7.905195258865525820e-02 6.761159123966464790e-02 1.469763990523648145e-02 4.292103727167004973e-02 2.421850583394876896e-02 3.787418651816309989e-02 2.048508783608704500e-03 1.818229608155954788e-02 7.478603882039767947e-02 8.100063045222956337e-02 4.866989132393384834e-03 1.267575294318704776e-02 3.039455688511991799e-02 8.964536965503648591e-02 3.794092421449964114e-02
6.310368087666486103e-02 2.541183520566415999e-02 8.146582918875838741e-02 5.947290673108612119e-02 6.944501454973638077e-02 4.713086168048954971e-02 9.523012493434607206e-02 4.499217746516104288e-02 9.154555408519869653e-02 2.484501348562900835e-02 1.267722536901049260e-02 9.772488564186045112e-02 1.225815631971545298e-02 3.091702893142943623e-02 5.501564518619306808e-03 3.767369732892279777e-02 7.302647872100150039e-02 2.412954794974894387e-02 5.849838963029987959e-02 7.494345223424803311e-03
1.565842873437575319e-02 6.138991992216802362e-02 4.502973588398039712e-02 7.774884619289179968e-03 8.608246657925477940e-02 7.534964658416641592e-02 2.544212364950104721e-02 4.369605388123631862e-02 8.672728957583031306e-02 2.735000794075368585e-02 9.791262727385192932e-02 5.944338683271355173e-02 9.329328615693322294e-03 7.821530932349936294e-02 2.926991943716261593e-04 1.545261591281987812e-02 5.737727729305142077e-03 4.666226749417400760e-02 4.828605902229905766e-02 4.152437973512804192e-02
2.106629122121761455e-02 9.774214510384868215e-02 3.669547617678436263e-02 1.239446466143680030e-02 2.905296330948008501e-02 1.819920393405327630e-02 6.196747355888533593e-02 3.831871495029665065e-02 1.270276653258749569e-02 6.397897988450261531e-02 2.699142532804858080e-02 1.333673980475458265e-03 4.926823535338575866e-02 4.642940211312705096e-02 2.722253368742734436e-02 9.125591262600246667e-02 8.615745708535513248e-02 1.791641521287426139e-02 3.842152112332050673e-02 6.803285984223476912e-02
8.922514886399002254e-03 1.030293497853352995e-02 4.744738121499458838e-02 3.090008624648388214e-02 1.882003252076438690e-02 6.907043722735811686e-02 8.910147619789260398e-02 2.931291108531491885e-02 6.526966995086337653e-02 8.148175888745080864e-02 9.333415509668979704e-02 1.538769320946653692e-04 1.607464519452542900e-02 2.035138417427853272e-02 4.120261464442150079e-02 8.068041308150834812e-02 1.996755016925199147e-02 8.070333053112233035e-02 5.714724467257707025e-02 2.066110470207178917e-02
1.217408331029298275e-02 1.215319269660064538e-02 7.110611929089434569e-02 6.348398911987550297e-02 1.586285132115254973e-02 7.621423403191550372e-02 3.520363115247424762e-02 3.900623660185706387e-02 2.928683652818706712e-02 4.826916931622571294e-03 1.978571118240508853e-02 4.900964369051302727e-02 1.454569403649398456e-02 7.512573903118641150e-02 3.852805615323741384e-02 6.385246689595902754e-03 3.418829835861558752e-03 3.700075450740665517e-02 3.801546199668448534e-02 6.592860335712914799e-02
1.137527965259533917e-02 2.611799574545131675e-02 5.935410441114807867e-02 2.272006791589055441e-02 4.638671306179462106e-02 2.405882399280830086e-02 5.656715657157353194e-02 1.517942202696369661e-02 3.068604304277121678e-02 8.023157010008397094e-02 4.664208135042900022e-02 3.476716195683060822e-03 2.763447332058508593e-02 8.269527764753810406e-02 4.989726102398906078e-03 3.612978085621992158e-02 1.967518179717754612e-02 5.548203780951432157e-02 4.774149109059764445e-02 8.753621688936402689e-02
7.229523721478683940e-02 6.618776206017806807e-03 1.088400895521657308e-02 7.545025386862233563e-02 4.230819122490478423e-02 3.045686901966632165e-02 8.201653681044729360e-02 6.165136449282845876e-02 9.744570958704018571e-02 1.369532699178610535e-04 8.543682493815113466e-02 5.434165209193166091e-02 1.578883000005232295e-02 1.149621931601879643e-02 2.023309357787196616e-02 8.497192275504232561e-02 7.604741381586802018e-02 7.706143440456439397e-02 8.187024252411047309e-02 1.265475277245832302e-02
6.850215825129661595e-02 6.276177748868146111e-02 9.190668191083996297e-02 4.190231868224210399e-02 9.233483958022853377e-02 2.715385161575480100e-02 4.754056189233886454e-02 4.802073484086060579e-02 8.673854580815577864e-02 1.965324405428864329e-02 1.961850269679065242e-02 8.213489745611464443e-02 5.809656587518474691e-03 8.396125451072825041e-02 5.507293869346460702e-02 4.491814538019456293e-02 2.360696640109205546e-02 2.553269556458717324e-02 3.526970493686600039e-02 8.620561490806255556e-02
