2.294605259067502290e-01 7.672918887770439900e-02 1.093679781994646716e-01 9.074748158930390218e-02 1.329122058491415126e-01 8.060006303122813076e-02 1.305079137534510825e-02 1.531533901654266727e-01 1.133429915102040914e-01 1.308933054785428041e-01 1.097688485572486522e-01 9.441755461279750794e-02 1.310422377666183580e-01 9.721597048265401275e-02 6.237093196379935034e-02 4.144421765383072415e-02 7.576782367522071071e-02 9.643094083248299198e-02 7.522793333382434000e-02 9.257588849897099847e-02
8.392079630727716788e-02 1.141874002130808391e-02 1.806058108983285213e-02 7.188825180942357007e-02 6.438979357438842643e-02 7.602711833581674017e-02 4.318778865787290672e-02 4.939525392618513561e-02 8.743450104506030052e-02 3.877462352586130007e-02 2.344638317295562324e-02 4.163540798380908209e-02 9.982389566410240778e-02 7.828164430248493733e-02 9.266226104068809796e-03 5.748727625412580755e-02 9.283464657036839818e-02 7.587061784825060995e-02 4.694663440319934988e-03 7.774630028202494936e-02
9.802803421291262850e-03 6.220882563375616098e-02 7.860571451113403108e-02 4.929551648511201756e-02 2.653055371699367809e-02 8.054546844110939408e-02 1.076523138934878422e-02 5.498265932013171597e-02 3.460816282898043078e-02 4.628095247088312436e-02 9.598453509929971705e-02 3.968115747416742223e-02 9.906510519052638686e-02 5.364579417706932113e-02 1.621526460465050508e-03 6.198696185237476119e-02 2.581014362378123567e-02 2.547946836855860195e-02 6.841182679673689371e-02 4.480495033914647096e-02
6.496412366451249920e-02 9.185388812826171534e-02 6.238018200976780912e-03 6.342379240433214382e-02 1.113085673826364050e-03 2.175050501316949658e-02 2.146564801318070689e-02 8.521030072474929107e-02 9.291083282005846433e-02 2.733713302115592554e-03 2.295919585294075096e-02 4.456019108923210681e-02 8.008931274347323714e-02 6.266682297923366340e-02 9.659665117771673581e-02 8.030156304527519273e-02 7.251081571773880519e-02 8.838519749107681678e-02 7.876508400868301174e-02 4.989090151291469821e-02
4.776818350736692503e-02 4.354697792315334604e-02 7.408317785040341961e-03 2.167939919427552820e-02 8.134901795621321541e-02 4.283385412175309132e-02 2.011108796320472403e-02 1.927180734684513785e-02 6.902684795338402679e-02 5.123558199832478968e-03 8.288537088138539510e-02 6.018855325560730496e-02 4.484225328676116201e-02 3.527712248470730311e-02 6.006614345206623407e-02 5.410567660208109170e-02 4.326030865529071484e-02 7.244186019546332289e-02 3.333350096147508212e-02 1.292906679627503497e-03
6.537213052296950155e-02 4.217556158839266822e-02 3.736344114923952076e-02 8.875024412637225191e-02 1.230413878443719147e-02 3.895849999338185828e-03 5.909575898999113591e-02 8.943333502883771269e-02 9.443522529606802884e-02 1.145051497589721912e-02 2.172912316727116039e-04 3.974719097414403102e-02 6.083301368497965461e-02 2.972999840966196461e-02 6.490959851060455754e-02 6.230729525943476399e-02 6.705101231470640688e-02 3.895329997176049525e-02 8.528249986947251948e-02 1.793929026095929594e-02
9.570138881262098274e-02 1.675939664250761935e-02 3.295855088493100660e-02 7.863715195893883000e-03 9.924207334898524357e-02 6.247327056701029030e-02 3.064524273335977878e-03 6.083259826691883587e-02 8.041870949205907892e-02 9.451717477401123946e-02 3.410736727155172510e-02 5.728212004967736526e-02 5.804320049626963268e-02 4.274928609137693125e-02 6.533525662125654054e-02 2.804206847855391857e-02 4.533328425192306721e-02 7.264218749484045723e-02 3.180061432550086720e-02 2.251162416330029434e-02
2.699336388926164634e-02 9.994765911132230674e-02 1.678234773118875145e-02 7.750595284664641565e-03 5.427711692190229607e-03 4.572660019170293050e-02 9.930614323364178597e-02 9.235974648608397120e-02 3.505998288807551239e-02 7.774178812815472905e-02 4.344838012787213821e-02 2.897267953890568862e-02 4.273039951700337291e-02 9.597664620589302364e-02 1.770595801029815203e-02 5.208451112065574234e-02 6.120753970896068014e-02 6.434040511036870358e-02 3.092609548639486949e-02 2.472705238738426552e-03
3.603438833425309795e-02 8.842693539989557316e-02 6.585592481534012499e-02 6.971711709805337998e-02 9.111216081289100210e-02 2.129926965074156048e-02 5.672134650045315696e-02 7.232988962315120562e-02 2.267591848818062503e-03 3.829288619758708379e-02 6.020325216548005204e-02 2.264638058147252705e-02 4.912634110976298735e-02 2.196790434591494590e-02 6.847423504501502778e-02 3.245803154926314715e-02 8.627027272776244260e-02 5.449484183931146974e-02 6.678664684082345759e-02 5.113390051091121213e-02
5.494552126768891681e-02 6.906878740102173619e-02 2.367524131233561535e-02 4.796264223839494939e-02 7.909449161777466764e-02 9.567061315029652679e-02 9.346728131279996576e-02 4.953647022633796138e-02 3.294607942073159851e-02 5.987133093390515498e-02 7.884939188305774282e-02 6.202673808450531907e-03 4.528956603096417205e-02 1.788830254355033844e-02 7.357433450876500747e-02 2.616064817004719670e-02 4.412683076916700670e-02 9.558869065097468087e-02 2.849150868266200551e-02 4.255427552249753387e-02
3.612137388387428455e-02 8.592557485852753141e-02 5.658215074651930243e-02 3.593846059782545427e-02 3.094255686417853035e-02 7.833353913412842429e-02 4.120417476647685734e-02 4.900549943048539137e-02 1.699916404376523513e-02 7.467797238819579020e-02 1.979257087985548946e-02 1.588594763005867286e-02 2.222333204622709696e-02 9.039440419241860647e-02 9.421627938156663593e-03 1.730284476714854039e-02 4.294500074007287505e-02 8.489151126376069667e-02 5.385843004616195501e-02 8.821173900318800276e-02
9.316546180413565192e-02 2.891050207838029643e-02 9.141060817173676800e-02 4.666486499109787078e-02 9.420148839652930928e-02 4.138361030470227853e-02 6.544633605791383424e-02 4.003916186082163986e-02 8.849623204210976812e-02 4.117213139407750744e-02 1.162170786244223243e-02 6.875369992732680013e-02 2.907407994611133084e-02 6.700978283557404436e-02 5.002537232534870482e-02 7.800825122194489369e-02 9.511854959648757823e-02 3.926864481840386563e-03 1.484106718631379544e-02 3.245893829074144449e-02
4.582080672008118083e-02 7.284384803452526383e-03 9.421417777920751413e-02 8.839619253751387906e-02 2.396730758053439159e-02 2.312443398570085407e-02 3.303130231242479634e-03 3.752573649030441216e-02 6.618916615992397057e-02 7.138706420947125986e-02 4.399535920758537721e-02 7.838663198204776431e-03 5.722575797849584200e-02 1.009749875239557282e-02 1.013402555218675428e-02 2.087350164767827476e-02 6.063394482252603551e-02 6.010511012373764839e-03 9.825978974264985844e-02 2.127689338677970707e-02
7.160265898272984153e-02 4.709792176342877945e-02 7.238016070668602808e-02 3.872327781292944637e-02 8.824616955763708859e-02 6.711952298741720446e-02 3.929987970897309835e-02 1.908203440366468273e-02 6.337075805249428595e-02 5.649815542567914600e-02 4.604514736700883459e-02 2.978987411130167365e-02 5.284591586320822043e-02 7.000682302495118969e-02 4.289381627044291240e-02 9.123583002929097630e-02 6.862599898732965609e-02 2.725005730033267654e-02 1.297271432470271761e-02 8.230398658956333824e-02
5.286282215706702980e-02 8.933592769217099661e-02 2.038281519642942685e-02 1.622293328019686065e-02 1.071511812348401385e-02 9.083728576148142981e-04 1.540850573591723456e-03 6.458416429336102937e-02 3.565117892287961165e-02 9.388650690575846280e-02 1.773547408081353055e-02 3.020715435996139744e-02 2.702222174424626783e-02 5.042647836610059803e-03 5.471259616624458109e-03 5.245658792669651016e-02 1.093932473490233500e-03 3.714760638192439457e-02 7.476063228967792795e-02 6.429460220031073259e-02
1.900888333620433246e-02 2.640714551004752844e-03 9.205372185450785838e-02 3.214416222494986125e-02 6.280478934527888857e-02 4.154717303505777587e-02 6.676561644600208234e-02 2.687307095490315545e-02 7.444366776454226786e-02 3.488641916581808333e-02 6.839312904009807459e-02 5.122981054420291946e-02 6.912311849950529552e-02 9.231723724076340565e-02 3.769114753786002858e-02 6.862380515982990925e-02 1.605609604082736119e-03 3.261753247129417499e-02 5.292911658528909324e-03 2.292522971317411187e-02
9.873955353861220419e-02 9.570755184921120318e-03 7.897095773833585908e-02 2.737778627365621345e-02 2.340248554720985100e-02 6.542818098840565144e-02 7.194456788511231771e-02 8.837904225130605029e-02 6.126740939987521811e-02 7.694553899113060202e-02 6.231014941081901987e-02 8.237755344230891438e-03 3.062490966744546572e-03 1.477131626983856430e-02 8.692690005314221424e-02 6.583036535316143245e-02 9.698660821574615898e-02 5.916840033396005005e-02 7.328341281997532985e-02 9.394585263460884794e-02
6.155603399841703960e-02 7.546624689829910249e-02 6.873322135035575889e-03 4.021498670840237266e-02 4.420687879522908897e-02 1.606808124369290061e-02 7.133777175906701185e-02 4.209298512812871540e-02 1.006157832205693131e-02 8.569469034500290516e-02 5.818994280412902870e-02 7.977204972662221838e-02 2.773300811166546070e-03 5.846785344522863886e-02 6.480596428739199277e-02 5.709056028558088386e-02 4.682150542980051400e-02 6.737762964092600115e-02 3.823820786972997182e-02 2.615036558292023472e-02
4.364313697799823699e-02 4.635605901081573527e-02 4.858691450250116756e-02 1.030498850109475874e-02 1.301585376002588681e-02 4.477469276300288792e-02 3.015060923967141301e-02 5.657454021950726608e-02 7.834388321170516686e-03 9.924234258272621179e-02 4.355981155317866643e-02 8.305087390750935661e-02 1.162318950261047659e-02 7.556950333215067817e-02 4.421764104328650830e-02 7.373145466762469347e-02 4.832021555634538612e-02 1.371422676108554652e-02 9.909256026842132303e-02 1.431158205573112088e-02
9.654778824004905946e-02 8.045505824096951808e-02 4.297332039305690708e-03 7.866799681167972735e-02 4.137779670397149362e-02 5.068270580669990283e-02 7.728629296200051346e-02 5.819822007957420329e-02 6.640923896855120689e-02 5.293429764637685303e-02 6.455233453604720950e-02 2.256945400505463648e-02 6.227154769578119309e-02 6.433632644623213381e-02 2.303177233964133486e-02 5.450066500468851022e-02 8.229580395345290067e-02 5.759806232842412665e-02 5.019947703037439674e-02 2.051960799929117979e-02
