2.473582900414152408e-01 1.539170130937968506e-01 1.235402043624723167e-01 6.924229476467841371e-02 9.826316996732822884e-02 9.618757909141488482e-02 1.228264012999752686e-01 8.575838965858359475e-02 1.080453717257081059e-01 8.534789227401728962e-02 9.173691855995340372e-02 1.101489558186820178e-01 6.932239857419039697e-02 1.383024196414888163e-01 6.421286266348383287e-02 1.376684939201679170e-01 1.382964771002234694e-01 4.306294702210940184e-02 1.504771889656255079e-01 6.497071858034313141e-02
5.525848869316773299e-02 4.377084338868989649e-02 1.783363407983545867e-02 1.077992975448383147e-03 9.056903895074405741e-02 2.393322783042571913e-02 5.301245570762859460e-02 3.653379080356720238e-02 7.939094745115038432e-02 7.471805374144219192e-02 4.197726909740961965e-02 2.950190679419180395e-02 5.387086768205528314e-02 2.717955171148084270e-02 8.862233724395674264e-03 1.319439823302773901e-02 1.319320482691279696e-02 7.453381376156576615e-03 2.890043986635191381e-02 5.391014896308224391e-02
4.591868505893838270e-02 3.513323714406385578e-02 5.863644186395949170e-02 8.749734995251870484e-02 2.400188284466236999e-02 4.857018652586131413e-02 4.189546060935379901e-02 6.236060490730843675e-02 4.637995037440093699e-02 1.594557633400650641e-03 5.801061239998078767e-02 9.907472787800845893e-02 7.549052313407615677e-02 9.392290367016575825e-02 2.976392947390723784e-02 2.568655230096363040e-02 7.820769481296305226e-02 4.980007048455962343e-02 6.378611412324997239e-03 4.894589082841738215e-03
6.684375138994193277e-02 7.104089486614752202e-02 6.393441343803152321e-03 1.461435657051504168e-02 8.323103049629891614e-02 9.646514432113671711e-02 5.790970657557754919e-02 5.034687972025300717e-02 5.357943845338239419e-02 3.406051388064625096e-02 4.764891250942603768e-02 7.735828831525842775e-02 8.049796686029653259e-02 4.513323491851910924e-02 4.000070997573479392e-02 3.484455059619442213e-02 7.308606386606553672e-03 4.105734390540861922e-02 6.172670247517019620e-02 1.848199501809594247e-02
7.202782076026789659e-02 2.789983250386445304e-02 6.904171578526684117e-02 9.634950405314139654e-02 1.681632519093219022e-02 2.970155077265740351e-02 4.074399565812164559e-02 7.120781341491093375e-02 3.964813407824352605e-03 2.669485029341015642e-02 9.006943652080695584e-02 6.184842654771995074e-02 8.151367812976523242e-02 5.282749116899888853e-02 6.094016546807524016e-04 1.377022512112743326e-02 8.851396997130472899e-02 7.123125652409791064e-02 1.804487819654109274e-02 1.226781449434164589e-02
5.362123755578687700e-02 2.808038929754888210e-02 4.570780346003422943e-03 4.076884062296043387e-02 5.028540530025493727e-03 7.108607018756152524e-04 9.879754040542743088e-02 8.880718429256403978e-02 6.621142498613218075e-02 1.515980345405714205e-02 3.486711734573362531e-02 4.828937859841709278e-03 6.688414108407425562e-02 3.808304319695170886e-02 8.652009873941068907e-02 3.964206449822441081e-02 4.042656705032178499e-02 7.874633402570807572e-02 2.167170061431126366e-02 4.677652319450151253e-02
6.069012204181992165e-02 9.258680277922679003e-02 9.321835612525300463e-02 1.858498138803386240e-02 3.031012329020476084e-02 9.422437210447109912e-03 8.147114858578725916e-02 3.982597867455772017e-02 8.901420264524317547e-03 8.337341698118065636e-02 5.110682231274032983e-02 2.341994340912129102e-02 8.476193145407349971e-02 3.392782358577513258e-02 2.772819249988709572e-02 1.397276946621077778e-02 8.440190977620304347e-02 1.168209156020860728e-02 7.420738754431378120e-03 4.332764138605805018e-03
8.900663430624106143e-02 6.460043853735934760e-02 4.853507633342995370e-02 1.485468961495122267e-02 9.819259461357598973e-02 8.518600558363122188e-02 4.371551673963436704e-03 7.231223120751888167e-02 1.394404854233777377e-03 9.206586009728040532e-02 3.026984122268680175e-02 3.411719164927007331e-02 6.545656247289043106e-02 3.503094083847442530e-02 5.816195150111443113e-02 5.203144701602005484e-02 6.910629202779694676e-03 8.703792889614352102e-02 3.774960798389927208e-02 6.401701348153474025e-02
3.179329495103079550e-02 5.365672852567198586e-02 6.699259963928570760e-02 4.576965091503212846e-02 4.945902819637953279e-02 9.891464525482229764e-02 8.444635963804436596e-02 4.638812106760118598e-02 8.838942144879163854e-02 4.613259141439890465e-02 4.670486514276472184e-02 4.351158635037503247e-02 4.693409552936142481e-02 1.727694784817870519e-02 8.271474278353047049e-02 1.629616356556960050e-02 8.326459487376938751e-02 1.868063624177894802e-02 7.295755662214365063e-03 7.120875008819713137e-02
8.058639665904232530e-02 8.023296898893184093e-02 1.692636031371829233e-02 9.981836454260550884e-02 4.698583923849387889e-02 2.885994433899452538e-02 9.356544550129396176e-02 4.803947138973622272e-02 7.210909925865192915e-02 1.109522859921401386e-02 2.151990519447917471e-02 6.655883203542933835e-02 5.114428629400109838e-02 7.712658488798523893e-02 2.326858571605120579e-02 6.246884478571133187e-02 1.411678961353282115e-02 5.184898929479905827e-02 5.388075689917823374e-02 1.646365414960651238e-02
4.869654613173651780e-02 6.421795691486721636e-02 1.535986574129655224e-02 8.837991085747226583e-02 9.301612352301144582e-02 2.620057655484148151e-02 7.154790708457491044e-02 4.634887937018222770e-02 5.247387901941580335e-02 3.133841338485087585e-02 8.858569696671204398e-04 2.235918177021836359e-02 6.273798758579826607e-02 5.579272983705975408e-02 3.706038269921392569e-02 5.466347690730372078e-02 6.623728029885854462e-02 6.446784343461924027e-02 7.585093489242879239e-02 9.012012833668389677e-02
2.472222176503268212e-02 2.559320862718719378e-02 5.145228854645726019e-02 3.361487092327769544e-02 5.906333775510334144e-02 2.488102389145868676e-02 7.927234667274803137e-02 1.259729203852781934e-02 7.907017413668593342e-02 9.820190250448246685e-03 2.333719823779915187e-02 6.990628271207224853e-02 5.119166137590867166e-02 3.873195092688944130e-02 3.531091791462828006e-02 8.098889487784466379e-02 8.488162462004647524e-02 1.341422274679997598e-02 9.565949371173514126e-02 4.406918521290303925e-02
1.759796640905255879e-02 6.329485801375532572e-02 1.501059156834135856e-02 8.532849942849048130e-02 3.284546217809159222e-04 3.748566251090557078e-02 9.941902902639288692e-03 1.014208485079085703e-02 9.628531046991488374e-02 1.550711689513423197e-02 3.996769089443268780e-02 6.663917419947062992e-02 3.290669481545138719e-02 2.324030158122254719e-02 9.859353472283834130e-02 8.303373229328947502e-02 7.982374385731831612e-02 8.257240863664623565e-02 8.852801074773436474e-02 7.693035331358587248e-02
7.361043147753651428e-02 9.605952356570462980e-02 7.861112137492734520e-02 6.206068915759169885e-02 7.452592462586074551e-02 6.857344315239972954e-02 9.573679634665284433e-02 9.036576721558570169e-02 9.395550689563882119e-02 3.296271831340449182e-02 8.886890361177957054e-02 1.021436775761385210e-02 5.443427175638147070e-02 9.912097389039108142e-02 6.379042809947930992e-02 8.560625179434661058e-02 5.085077910991073896e-02 3.496251022412768389e-02 8.546692345308236349e-02 6.492406408825172892e-02
1.310279799106101040e-02 9.889166640714382173e-02 6.683543795862136039e-02 4.475901665659044737e-02 9.812921330093360428e-02 8.658807046285299513e-02 3.664138837673121957e-02 7.594265761977415409e-04 6.702635231680759142e-02 5.604218289911730433e-02 2.248311656522419474e-02 6.478863759239883446e-02 9.375788610222723918e-02 7.768386034290021558e-02 8.317049651767539908e-02 4.890120456215807376e-02 2.050910245247765731e-02 8.081020518283256460e-02 6.142600494436419034e-02 5.856895151825214363e-02
2.327893810207750866e-02 4.880604777969792946e-02 1.920132764997818653e-02 8.183812001721711693e-02 6.240361335224556966e-02 3.707332426534842157e-02 2.176872354607136892e-02 1.406971008874945486e-02 9.404115355027657663e-02 8.313702686243262807e-03 7.492697145688984040e-02 8.566800952819096648e-02 5.159904321092469159e-02 5.629371621042275620e-02 8.202868288958281573e-02 9.011872936228997044e-02 3.160357497283466238e-02 5.413297648513346744e-02 8.167655676019874855e-02 7.434892788179588152e-02
5.116551775845354366e-02 8.757965793033546664e-02 4.530467325045961328e-03 5.114206614612537560e-02 3.262738692871832574e-02 3.236691735249128815e-02 3.744292376854525817e-02 1.646530638185716988e-02 3.299074095908173521e-02 6.337777259001213526e-02 6.584219700449177315e-02 1.771035586884950374e-03 1.211323510269820582e-02 1.288041636104706594e-02 3.133673130028497011e-02 4.530276039151137808e-03 7.396415473141006169e-02 4.295466752261223320e-02 8.988079600442110129e-02 3.329438820173979963e-02
5.279860628438149545e-03 2.420543915260142838e-04 2.443590153898278494e-02 2.359405440543306531e-02 9.950044686028780561e-02 3.080655570891417672e-02 1.810401919768561685e-02 5.210872103494519625e-02 4.012582725476809831e-02 4.180084072905357329e-02 8.129228239865025907e-02 3.123952907056488926e-02 9.543304702481307522e-02 1.539511779460063338e-02 2.432380323689205259e-02 1.971284404518854061e-02 3.513374843360683730e-02 9.689935797516344151e-02 7.754022889749773162e-02 5.245605883161630345e-02
4.503727948829849836e-02 4.561521687762008087e-02 5.111612556223023296e-02 2.003538817201252695e-02 5.254036864414654562e-02 9.528418072379460368e-02 6.331686407926324922e-02 9.238127906026977199e-02 8.304462027054196338e-02 3.353175025130173022e-03 8.119561729437665965e-02 8.116156682969125069e-02 7.205832641804109373e-02 5.802747509520557456e-02 4.118853912417441004e-02 9.925147681297764868e-02 8.395166536144385572e-02 7.275019658506100273e-02 5.204818546587674372e-02 7.276350642127682455e-02
5.492842687817711678e-02 1.138005127600160218e-02 9.108931389902667763e-02 6.216252745915096418e-03 4.248954129125515067e-02 3.451921734528443780e-02 9.089999021160384551e-02 9.788541774080755653e-02 4.060909739618904363e-02 4.044147570019851305e-03 7.045611240841513634e-02 9.430605209355669843e-03 8.130331628915864195e-02 9.306334072663247081e-02 6.353119683324320865e-02 6.026096247180373622e-02 5.565018667064289964e-02 4.304195454953957389e-02 2.525807812042472206e-02 3.076458889820735815e-02
