2.542924545751100163e-01 8.386173737158213182e-02 8.939505213864643030e-02 6.454985171693825019e-02 1.849621068022215195e-02 7.732495933378930042e-02 1.225732700553299054e-01 1.144072001228332858e-01 4.551040010019264531e-02 8.946667390225336580e-02 4.364392212501387591e-02 1.174211385227447030e-01 4.265573523049348559e-02 4.790061117960614512e-02 3.586328899361883316e-03 6.023625162721379239e-02 6.550725717278142735e-02 1.560310651915659541e-01 7.173322644630134026e-02 1.423722891706611648e-01
7.166537038001409565e-02 6.818867762408549471e-02 9.825891202763530063e-02 1.038596960634232194e-02 8.402344422319656114e-02 5.597262512327318140e-02 4.872508610194128953e-02 2.656416540524221721e-03 2.938139274022431857e-02 5.387574228469686755e-02 7.811661961043588065e-02 3.634746288537826081e-02 1.964465726796279371e-02 1.133155379582026327e-02 4.395831400342951889e-02 3.464722811207459480e-02 8.135299387610547828e-02 3.896892011050286792e-02 4.586227997036715354e-02 5.196470313017412940e-02
3.683105748955683295e-02 6.974469054218596087e-02 3.604283130127329277e-03 4.520896350928777646e-02 1.588278734577809256e-02 9.277104853840333065e-02 1.517557228532642917e-02 7.320945354307657749e-02 9.572745513858164912e-02 2.288510876135201391e-02 4.623110293911428248e-02 1.553100890898784919e-02 3.023890101833072094e-02 1.504478365504757081e-02 6.125323743082502354e-02 2.576036594295613713e-02 3.298614627537253818e-02 8.844236107652067580e-02 8.622323537513396086e-02 6.840026771804942618e-02
1.967933783426041583e-02 3.171144869182951354e-02 6.528352507388998638e-02 1.889794358655092280e-02 9.109491606627474758e-02 2.312626770596655154e-02 5.912388279728821722e-02 5.911691339798263306e-02 8.399394067058027491e-02 3.635459154135903259e-02 3.183299079102198947e-02 6.081286236753676716e-02 9.028841973745767302e-02 7.531071932668024702e-03 6.466804897401222385e-02 8.911130891855850722e-02 8.352692275402025246e-02 1.409712851779976704e-02 2.390196098082907408e-02 8.630197174991148523e-02
7.638276119616351379e-04 2.174066813497443126e-03 6.371606166609507238e-02 1.001609897501280072e-01 1.642059484988732951e-03 9.860832470884979550e-02 3.056458259298876559e-02 5.059829244752751809e-02 4.112187540137208358e-02 2.386861809046130281e-02 6.230622703410251123e-02 6.591433402337275316e-02 1.092755858600815387e-02 4.361964642517717622e-02 3.178716941803218232e-02 9.842307531213112526e-02 2.967816160207005505e-02 7.698422567505958103e-02 8.829539163684688163e-02 2.009043785389135611e-02
8.436275206045978914e-02 4.502712804550697973e-02 5.675655690739084269e-02 3.326668691819176238e-02 7.814039726578800305e-02 8.620481828764965659e-02 1.309779983405206724e-02 6.178709404578870690e-02 2.234021404365298460e-02 5.630470101082547113e-02 7.789489011221899240e-02 1.187050379251501815e-02 1.010618168003460660e-01 1.926628869039745395e-02 1.903715845962672057e-02 2.303010925157168362e-02 9.495189056862721189e-02 8.639109263511526859e-02 5.106846426918858206e-02 5.250838614604296656e-02
5.640087329062445920e-03 5.012933644577631520e-02 2.437890594652560028e-02 4.409736396372195000e-02 9.708435588337920030e-02 9.641652553829205274e-02 8.470332897166117647e-02 8.159235531250581819e-02 6.347979851481531932e-02 1.324518630883912695e-02 7.356725462556400197e-02 4.630793181344401016e-02 5.193994270752134296e-02 4.840211643323234086e-02 1.009545121284051161e-01 9.218644921262873770e-02 5.174211623796153015e-02 6.343310650957639796e-02 7.046693894762277866e-02 1.998728895064489156e-02
6.517821107887038223e-02 2.086887832619928405e-04 9.218439631910822774e-02 3.733818885771334611e-03 5.061960321508927885e-02 4.597997911339378463e-03 8.589485777331309913e-02 9.881538826918598306e-02 4.457727787417482823e-02 4.045590370413694459e-03 1.307759684687678954e-02 6.361473771845163605e-02 3.175789779532178086e-02 3.541712487248344782e-02 7.425308692389685772e-02 6.504324688473436811e-02 9.440054414525551885e-02 9.975823990742060943e-02 7.372701105468082439e-02 9.444655506357867158e-02
7.762423895488573811e-02 2.026455302772493458e-02 6.893885839152315981e-03 5.902271095239984555e-02 2.552927640868439887e-02 8.497695888445817858e-02 1.318174842145653641e-03 1.476793007914196237e-02 9.916336878407884525e-02 3.145499070421613197e-02 4.031246388085643617e-02 6.789121229345337905e-02 7.170021894460183731e-02 6.576197911911599824e-03 1.710902694990240960e-03 2.894339912969712963e-02 6.344861536680049263e-02 5.482427226354181365e-02 1.345477396072516062e-02 8.128120804012253786e-02
9.694832730801267173e-02 1.788301781438142793e-02 5.843667270016909832e-02 4.717111094966520285e-02 8.334053005971913189e-03 7.504383476404885567e-02 1.021312519914016059e-01 1.062336569778836969e-02 4.908059484135892520e-02 5.903077507635484666e-02 8.096261400170801092e-02 8.236640179241563886e-02 8.595076225157295691e-02 9.196908945412693437e-02 8.924065449971228803e-03 1.330869607523423905e-02 4.755969314236355855e-02 6.127244044821969493e-02 5.140930364586210333e-02 4.566281077765556307e-02
3.657905845172497016e-03 1.356749831714638282e-02 5.325535315392339319e-02 2.212323792936280852e-03 7.754318118074689237e-02 6.809226888140479383e-02 1.082541632108353306e-03 3.376370906071302080e-02 6.804224826007554405e-02 3.104728553280108536e-02 6.374020235475474916e-02 2.739546245834300134e-02 9.342811268417001991e-02 7.725590638701299376e-03 9.607792081540815488e-02 7.327954288209086176e-02 6.536295784494804140e-02 4.590168900547504649e-02 5.432563853198453530e-02 1.815729829407567927e-02
9.596392833882838591e-02 6.833615530236074320e-02 9.423645551713960566e-02 2.015387849974107151e-02 1.813738347536562878e-02 9.699072518900370143e-02 4.291952307099997782e-02 1.120389231106150773e-03 1.526271779573298328e-03 6.184051389186254188e-02 2.428363007673885188e-02 9.756131802986285628e-02 4.110814285348585173e-02 1.980732480091627543e-02 3.850848769151125200e-02 5.911064775879125432e-02 9.918109998187724097e-02 5.063997145996163018e-02 3.690857625870062192e-02 1.224716069505311054e-02
9.236147312922585173e-02 3.175559270539995982e-02 8.529811408481535739e-02 6.659502707280065548e-02 2.933006443771042637e-02 1.545956415170728938e-02 1.849865046120055881e-02 5.621413588465346695e-02 8.703631457618714318e-02 2.387700399386698605e-03 6.696019313573381426e-02 7.187405841458299749e-02 1.266181720191723002e-03 5.123627433280763394e-02 8.422304150567620903e-04 2.170702549766630532e-02 4.255869180289695991e-02 1.422645193282040489e-03 7.371520494916261601e-02 4.636454479672261209e-02
7.438155035021590256e-02 4.520351220183365520e-02 6.004248224392109978e-02 4.572249891882799316e-02 7.496942595381537837e-03 8.799668670987201291e-02 2.299216376042093751e-02 8.980191685706363780e-02 2.355222878555834204e-02 4.369665446148771754e-02 2.759313522020439072e-02 5.340506183726104195e-02 2.557233011649847482e-02 6.827095847223989787e-03 4.874104309064337254e-02 3.598516547574742708e-02 3.323354679727971023e-02 3.744189656993106297e-02 1.081547805311193142e-02 7.590102316056900056e-02
8.427815609077825287e-02 5.373407324714636439e-03 4.948477633463220504e-02 1.020951009402892989e-01 8.848903685779618833e-02 5.671369801031009295e-02 1.235410906015503877e-03 4.037810413645444470e-03 3.795764369322537218e-02 9.012267106698877706e-02 8.241588552042616866e-02 8.879875059867493869e-02 6.671674802453196607e-02 4.754461392697389988e-02 2.236571300089398515e-02 2.542167264901790819e-02 4.436252158827703324e-02 3.043191552991017859e-02 3.921807368828742965e-03 8.256573977154889332e-02
4.805466545093987907e-02 7.469520626625252013e-02 7.651539520837659369e-02 2.124563615001666059e-02 4.856220303771208342e-03 1.017074194495432987e-01 4.885178646792941171e-02 3.080934179566364658e-02 8.582405533357308214e-02 6.097540866730442183e-02 5.181606373785812431e-02 8.767415596778029008e-02 5.099946715974029016e-02 2.026848181676355748e-02 2.373058831023081711e-02 5.842054854238031697e-02 9.795840299716836175e-02 8.890708467750468857e-02 3.604316288770399723e-02 6.637229247684714450e-02
4.527144931661179067e-02 1.310421858546762311e-02 3.192991978666250702e-02 6.829929875135401507e-02 8.521151876951592319e-02 7.296765792934412076e-02 2.885554262251800381e-02 6.016782802274935060e-02 2.669477986084470636e-02 2.662042664486973312e-02 5.034895365059467026e-02 6.164376374544475873e-02 3.217131433135224372e-02 8.039567986449931702e-02 2.066464137454086455e-02 2.398171969859921870e-02 4.463186137644328290e-03 3.728769575915311107e-02 7.092533464030471857e-02 3.099425644325892737e-02
1.088937138432190602e-02 4.780260333474155993e-02 4.587395487443268055e-02 1.854674737583732885e-02 7.326677128906790293e-02 8.678270128639273273e-02 9.011981044279789325e-04 8.282782790453763200e-02 2.489913686749981037e-02 8.461110407365483865e-02 2.065860550985184653e-03 6.068021363164573939e-02 4.949580150122832173e-02 6.157511266342752254e-02 2.981617960503428130e-02 1.500567744966956919e-02 3.293336696976312174e-03 3.539251321671069150e-02 6.004410069347875661e-02 4.106235860056708931e-02
8.076762440666249154e-02 1.904622796248253008e-02 1.848929602744759509e-02 5.407578183426489833e-03 2.419226206855627434e-02 9.737797741736459178e-02 9.402825371354608941e-02 4.909250940187959156e-02 7.490172583899989966e-02 8.183025790268096122e-02 8.898282905851576108e-02 7.024813559932850671e-02 6.748334721255015711e-02 1.126508948904283991e-02 5.717410058686258484e-02 8.588011340146391170e-02 3.479554390121493423e-02 5.237063373582620529e-02 1.068390717003522492e-02 6.092954681743908973e-02
2.809352703873020662e-02 2.613844998665219854e-02 5.400227749188569321e-02 5.126407980609409137e-02 4.819353820187411569e-02 2.965593555640332057e-02 4.989824998148034707e-02 5.366032535415987117e-04 7.576580289052671502e-02 1.985440098451616078e-02 6.078113380274202671e-02 3.668239198776158949e-03 5.881502104923026775e-02 1.887130206208631131e-02 5.764675461473536128e-02 1.894129185380185806e-02 4.663159734235211573e-02 9.186159833238152772e-02 8.441231595832621171e-02 6.731354567090372387e-02
