2.037107586097047229e-01 1.403666650799071380e-01 1.149552118455131056e-01 8.698014025421951789e-02 1.552321451458689716e-01 1.165727902387299481e-01 6.644458508323831947e-02 1.213236393114966727e-01 4.823452219205341673e-02 1.123029004218602384e-01 1.370249630409958175e-01 9.029308026135733634e-02 9.385404462203772447e-02 1.135554837659193267e-01 9.096492373335626769e-02 5.722758794082765527e-02 1.314669034992664298e-01 5.979674204297717038e-02 9.153301491026510917e-02 1.150221946204966483e-01
1.137241050828210510e-02 9.597281857305482722e-02 2.315340476438268111e-02 4.556971557500347214e-02 9.808194712947748695e-02 1.714328085962190176e-02 8.330922586367156546e-02 6.114371872845406758e-02 7.650443937410605910e-02 8.784618878551009313e-02 8.545995419298679785e-03 8.764416970421601283e-02 9.261914725089880063e-02 8.458095293228472256e-02 2.041276241795163607e-02 5.193408473552363347e-02 8.276801882480655514e-02 2.123850447599417990e-02 8.891330837912989060e-02 9.519689651442388156e-02
7.826890323010887718e-02 2.546123777263964525e-03 8.241541970409271833e-03 8.607740751130138479e-02 5.609636116856814292e-02 4.366214540150882562e-02 2.874436444479663497e-02 4.429212371324549313e-02 1.481266520979408578e-02 2.676514588522316447e-03 8.246435908539641313e-02 8.120425032438217949e-02 6.806846956750611799e-02 6.842618685401180567e-02 7.346223065198537183e-02 9.303052149846337271e-02 5.441285612837933050e-02 3.238178855469502765e-02 6.353885283867030664e-02 5.315516413321547118e-02
9.409749726921340374e-02 7.838176196741789004e-02 7.976906173019446267e-02 3.224803562589917405e-03 2.815642957085681339e-02 5.615283904720530517e-02 8.911137290693824098e-02 7.910134107568522754e-02 6.453206948430927070e-02 7.553630639405702063e-02 5.321686680945117431e-02 4.706886409167732044e-02 3.097532174566186569e-02 7.507994867878187151e-02 1.953966935190781795e-02 4.035260160614174973e-02 8.250168355548337731e-03 6.331189713276388908e-02 3.312767016885048016e-02 3.852970841000374902e-02
3.555619354397984017e-02 8.858582942394074844e-02 2.123767230300421804e-02 6.551023201335466617e-02 8.419997537746561067e-02 3.562103187155486739e-02 8.170179037629222291e-03 9.300072923932060920e-02 4.842207889581807978e-02 4.153901614636238554e-02 6.653391843601190458e-02 6.870708261136392048e-02 4.101844994143541423e-02 5.399654625971612998e-02 4.410552504768316950e-02 9.709311616024896008e-02 3.993534606820241945e-02 8.953953661749886050e-02 8.662311196093683274e-02 9.320417780833686883e-02
7.453638615355333286e-02 6.449956714779811473e-02 6.347895279004656111e-02 3.428137443182850685e-02 1.014296983355642695e-02 9.217972146867405014e-02 2.506435392657652139e-02 5.067494050988211735e-02 7.571161473090437521e-02 1.401991986186456110e-02 5.310607677083702127e-02 9.112010219419985901e-03 4.760186187911541467e-02 7.315272164845906810e-02 7.665313155432881831e-02 8.900364882510904130e-02 7.810597787714157469e-02 2.392296850217193876e-02 7.903849451613495503e-02 9.047258717959735796e-02
6.448370441430666122e-02 4.910267103656345417e-02 9.212533686109342090e-02 3.122996977744334560e-02 3.756395951018867696e-02 5.706041490991629189e-02 6.654618416817183191e-02 6.764528412655468510e-03 1.541056777050158269e-02 2.729086971653598218e-02 1.954730714472656741e-02 6.126629124334115675e-03 8.105886178082656601e-02 8.569409115656480280e-02 4.009835513003456864e-02 7.983924557560043156e-02 5.525253334957175300e-02 7.159288131931799970e-02 6.888035831928311647e-02 8.336183216107630189e-02
8.145579106597340691e-02 7.584038617082447531e-02 8.442660628528658728e-02 4.605331412324376039e-02 1.563859267774616799e-02 2.672720235035106612e-02 7.277146458207131574e-02 6.198694301309259219e-02 1.204263214077142680e-02 7.998224340591142401e-02 1.424051671280514124e-02 2.325810374855928966e-02 7.966289012273652936e-02 2.579083073529941927e-02 1.356500224759711430e-02 8.218712988427950838e-02 5.266214647978855606e-02 1.586024989430345929e-03 3.574629571331405103e-02 7.919453337507142976e-02
6.504270285107541238e-02 1.358653498173333432e-02 8.443446066330133337e-02 6.505629641244881078e-02 9.336424493032820238e-02 2.867535165695623070e-03 6.101394880009874955e-02 2.511402908441904419e-02 8.091180360042982134e-02 1.102635725992817759e-03 6.718300328234146079e-02 8.151548946770573179e-02 7.349018203671471572e-02 8.737432308304497741e-02 6.936586201562074117e-02 4.569044361616968891e-02 3.468731287489412729e-02 7.020723277455102884e-02 4.732088620856919614e-02 6.570526696433801050e-02
5.889121187075941309e-03 6.684723954504445675e-02 2.045072004553629905e-02 1.975076533946400550e-02 7.489137724321877354e-02 2.999857183837683142e-02 4.388128727557080722e-02 5.430434647521048541e-02 3.496211451264102238e-02 4.714183517286690134e-02 9.052158558626949292e-02 3.868859987065953812e-03 4.326576067040077689e-02 2.682258136456856790e-02 4.596849656368937054e-02 9.547235837772360956e-02 6.781044900601958247e-02 9.690440828698217157e-02 9.335688118263952423e-03 3.289579350004242370e-02
1.782466210910531659e-02 3.142007128169767294e-02 7.770801103267092891e-02 4.039216827410888055e-02 9.305368846979401171e-03 3.980829326479536079e-02 2.784895329201630965e-02 2.207195882109300872e-02 6.332389650458511432e-02 1.085434039202102380e-02 7.046809681657040247e-02 6.475813363592916594e-02 7.625494361267476373e-02 2.145817757485773969e-02 9.242435263887371910e-02 1.484183320802695549e-02 9.596739813317191337e-03 4.565744211571906574e-02 8.540680994617280697e-02 8.757098799326487604e-02
2.842001243371058625e-02 5.951488049794876473e-02 6.076955534503079154e-02 8.759486497894219958e-02 5.740164435711975210e-02 1.917626084617962776e-03 8.074998145319406406e-02 1.701240963409871368e-02 8.902546986071618873e-02 7.751484591224561127e-02 3.023533342368625240e-02 2.834353417093590441e-02 9.174273683837046167e-02 3.115216186500495768e-02 2.927998498143513650e-02 3.993129225658388626e-02 4.230902092772014650e-02 8.664260576271431979e-02 7.531405918070765981e-02 7.539301327825077836e-02
2.792242338080317549e-02 7.465436995652808237e-03 3.483195940097773280e-02 9.456336561962223886e-02 8.520663169075026744e-02 4.783607248581383392e-02 1.708966842554733231e-02 7.208285579772658047e-02 3.464003836887076526e-02 7.846760315061405977e-02 9.147684542272550325e-04 3.347725536821395675e-02 7.630265728226177935e-02 8.735810460770233876e-02 5.070460242608582080e-02 6.301638022752761858e-02 2.015767194166863396e-02 9.224089514887527652e-02 8.286580955035538487e-03 6.947957087474976529e-04
2.911249910232776086e-02 7.232554275828544099e-02 1.222478396542011660e-02 2.599721710253494189e-02 4.533359052608905426e-02 4.809242226848900459e-02 1.322417772268613852e-03 2.579799089052145153e-02 8.171305706351200682e-02 9.859014705492451236e-02 8.185361493757105367e-02 1.116265335586210695e-02 7.892567723324026008e-02 6.198515034173047999e-02 7.750576145865147037e-02 4.956890195718364339e-02 7.052535478663261859e-02 3.504604285117268736e-02 4.657253034384974122e-02 8.683308211347780248e-02
4.607342111451942501e-02 1.508365067212038592e-02 1.008178576775181634e-02 3.280358809094516964e-02 8.540970080708948364e-02 8.845540415560422531e-02 2.015461142537733341e-02 8.762468280838663082e-02 5.018828988105505928e-02 1.674301351710633101e-02 4.752948005342976651e-02 7.375684740217335056e-02 5.315727771839685867e-02 9.634396300686981496e-02 6.944568689335818557e-02 5.475636563353271369e-02 6.039341029840768205e-02 2.304079736585215241e-02 6.494767673861030766e-02 3.336925736618963356e-02
4.834314827821319105e-02 7.978074426881520687e-02 2.418624465096812573e-02 2.561390674059026498e-02 6.624794651203173845e-02 8.312199474156171941e-02 9.515892867392022891e-02 4.716966316965587325e-02 3.249389279809111741e-04 1.273214727235971733e-02 7.673350528968771178e-02 5.612540534247853485e-02 8.475630436092113085e-02 9.361681860666841437e-02 4.175785479201840622e-02 1.263525924465210871e-02 8.932738139582978298e-02 5.547803293690675708e-02 7.507028402180639104e-02 9.949871901614905020e-03
2.836003028634513992e-02 3.519407304730799713e-02 5.835136170329855571e-02 1.933116337556232273e-02 2.769948624714733271e-02 3.397576826637658393e-02 1.867720351015667067e-03 3.139421705079675773e-02 9.251855690892255013e-02 2.989089732628650437e-02 5.718151532311469692e-02 1.811904757865080359e-02 3.931728874831863507e-02 5.682616334253958595e-02 1.031842944091991912e-02 2.945087538392332505e-02 6.672729919644199148e-02 3.990317279710536152e-02 5.710201239714915444e-02 2.494125559203158593e-02
9.446938296580166539e-02 8.678888277335679302e-02 1.038723514060806499e-02 1.661006736177428333e-02 8.254206863533975272e-03 3.228899105328534441e-02 3.540914373462494130e-02 6.490993805226445701e-02 4.616594522146744151e-02 3.960240148238804159e-02 7.872752192939326196e-03 1.339877773388247276e-02 2.172649099639322248e-02 2.708409429953478886e-02 9.350020261154046164e-02 1.786178466114495336e-02 3.682138844482459039e-02 6.980193448342962570e-02 8.164718328339500009e-02 3.094027271082999686e-02
1.200136731845730109e-02 8.827102517346802069e-02 5.188222769401373141e-02 4.484018000832258599e-02 5.028946230151522256e-02 7.896586124565610487e-02 7.530957200557146514e-02 4.694835410210919380e-02 7.998724340900665794e-03 2.028952969169586437e-02 2.760945681933538870e-02 8.585059013918935888e-02 7.395842022645203462e-02 7.957120843688561540e-02 6.394835653587455093e-02 2.901533832987642988e-02 1.844962840915053207e-02 1.204793804615345064e-03 8.519950232903018145e-03 4.452248247247474894e-02
6.048106850428267706e-02 9.272382687361835352e-02 9.832247201088104016e-02 8.878380651103459642e-02 1.129362467129366859e-02 3.516861641464458232e-02 6.828462760069085868e-02 3.006177589403421710e-02 1.306561530201498858e-02 1.999828725208229255e-02 2.657743926808455934e-02 3.799903528281950438e-02 6.470566569285650382e-02 8.859244872341943966e-02 5.212812315396070373e-02 2.478228909532574978e-02 2.171637494534571847e-02 8.923768706052477573e-02 3.136035552422067416e-03 2.421560566829870226e-02
