3.162612149284722007e-01 6.652495831276772353e-02 1.120880275213157334e-01 7.631588860796539864e-02 8.126644159347974627e-02 4.558163662081043954e-02 9.136982759737552473e-02 1.122850823413179683e-01 8.124112363488503186e-02 1.047510247213572360e-01 1.071906220871045035e-01 8.940845982524295299e-02 1.129975215448903725e-01 1.219467594800125315e-01 1.310597953042159092e-01 1.026537268584004486e-01 8.757875630132454237e-02 9.355871646269947606e-02 9.843373807058621028e-02 9.726942935836552229e-02
1.813069316663706854e-02 8.477827562888588797e-02 2.915755515255127536e-02 4.924103162098671105e-02 6.914350152031002728e-02 3.098401859989076412e-02 4.851574183683742686e-02 7.884958135955211569e-03 4.342700398500020514e-02 2.432228025151176448e-02 8.677461989534078490e-02 3.752177387644250323e-02 7.172513664510940523e-02 9.092687391269280162e-02 2.227096873680222203e-02 4.445080304923368364e-02 1.343579428211743101e-02 5.293794265271739574e-02 1.448989438877349573e-02 3.930876827226275488e-02
7.225616370880351413e-02 4.449027773380984097e-02 3.479716360557581073e-02 7.152459644250830535e-03 6.607918034648783967e-02 9.786187889507570736e-02 7.915365980105471336e-03 2.964334467196428138e-03 4.143302834200510848e-02 2.694538243088684393e-03 9.344058403912633426e-02 7.496046720303706570e-03 4.348720349372042770e-02 4.114287308601543430e-02 4.776387085497812990e-02 8.866160970728776541e-03 6.469339494732166684e-02 4.261770101973674785e-02 9.797519165991190604e-02 2.721868679564549975e-02
9.563152447194478434e-02 2.882446687323686474e-02 6.573324360016341572e-04 1.534132734613581454e-02 5.284712825192205282e-02 8.752352043594646691e-03 2.998174573589000927e-02 3.636309855546789038e-02 3.346879596435905352e-02 1.339956269776945187e-02 9.016069411832527969e-02 3.158568199276473587e-02 3.870282769553874680e-02 6.928406851932926436e-02 1.397098596698959083e-02 6.916408896647012472e-02 7.934989270827363939e-02 7.307954381251972886e-02 5.530665292006983758e-02 7.339336312692219810e-02
4.623087915219967203e-02 3.267613938575378990e-02 4.522425410940195123e-02 2.382649249017030485e-02 7.659239520639317400e-02 6.577334112849596293e-02 5.954350599170581820e-02 5.671919250913442373e-02 1.502511364663291528e-02 2.452444751775361212e-02 4.766394003718325140e-02 2.088065381407570170e-02 8.079687379631357580e-02 1.251851028450780105e-02 2.874414295320837365e-02 5.610638179477833894e-03 9.255307075106392056e-02 5.496874905772191483e-02 9.986095354028781679e-02 9.820807410044424257e-02
7.832182862086665975e-02 8.584650454922321261e-02 5.576370203066820935e-02 5.628120784913279856e-02 2.828545636649937300e-02 4.479589129137503956e-02 9.467069374384778913e-02 2.343540214453039561e-02 1.631337391776268783e-02 8.908595504777261365e-02 2.599946374777791988e-02 2.823783681792326958e-02 3.579871647784765853e-02 9.243025507795887830e-02 3.075291537097422229e-02 4.270451431273911830e-02 3.103814973151648726e-02 8.569076148958190697e-02 8.786236715984258039e-02 5.306277377045322263e-02
6.235007975325886076e-02 3.388544140346649945e-03 8.320576494839393433e-02 5.897507132608033331e-02 6.656601602545719754e-03 4.859181814895740387e-02 4.027640052499199819e-02 9.175658350228040050e-02 5.791473569625658208e-02 4.406894208398527690e-02 9.067523829705948987e-03 3.287663128960231079e-02 9.661595377632332948e-02 2.845994216228926732e-02 7.698641558621420466e-02 4.259470726899686199e-02 8.228536938605757189e-02 6.456648728901226431e-03 4.516441783160684426e-02 7.278867386311617393e-02
7.596122779885577936e-02 1.324056996329203706e-02 2.659127559377181399e-02 5.154415989245594854e-02 9.880316428510807492e-02 4.198325637845826824e-02 6.844037608244347114e-03 3.862788441039182591e-02 5.036430180901992071e-02 7.686042329700899789e-02 5.718322519049170993e-02 1.821237990729749484e-02 5.144511582826927394e-03 1.769512924411063143e-02 2.660745753325000421e-03 2.557881208718208038e-02 5.101655993346244922e-02 6.957633437802811238e-02 7.435462589501441732e-02 5.327975686726259957e-02
9.668220634177221440e-02 9.173037196721450792e-02 4.795728665994040268e-02 4.007942707570160551e-02 3.289187097047056169e-02 9.917406891115557177e-02 4.617892077823086000e-02 8.214763367979212305e-02 5.590605118088296660e-02 7.705804277738266539e-02 6.737902750654345407e-02 6.245847244202631932e-02 4.468999285793084919e-02 8.890124534881922724e-02 3.428977093064411452e-02 9.070588656379569015e-02 9.267238440323194437e-02 4.957024381811443725e-02 8.850576825885453358e-02 3.519561685353523109e-03
2.440466872665539994e-02 3.773446923179956530e-02 2.913726966914095481e-02 4.547610990783575169e-02 2.837477789008967591e-02 9.202398180318685506e-02 6.372642086517485427e-02 3.634373249740487782e-02 9.417848828634611813e-02 1.235449742877836729e-03 3.032010593830994014e-02 3.418887441007247008e-02 4.491490450222014597e-02 1.977546543298438694e-02 3.889338601668597406e-02 9.497556951137853254e-02 6.200622268361336009e-02 4.012745461468471275e-02 7.035670457826517787e-02 5.009010771936698442e-02
7.889448618510434830e-02 4.962382515410164452e-02 8.024260780453702779e-02 6.952804599099997318e-02 5.831512152239749086e-03 5.489418481522759935e-02 5.335068598610448465e-02 3.728240373184737305e-02 4.876118322994441728e-02 5.799715594396033513e-02 7.499000338633275697e-02 6.460057075677428469e-04 5.152098819927002776e-02 8.063486145321978327e-02 7.883997046941998432e-02 2.612714272298677452e-03 5.016902380132586686e-02 5.637979717130697788e-02 2.678717295975611284e-02 2.239476611969478878e-02
4.392114629942627663e-02 1.562035063328626227e-03 8.068069035042135795e-02 6.819746421498880384e-02 1.345800888527613065e-02 3.702963117832492115e-03 9.093771993981503501e-03 7.932091527313579749e-02 3.741373730591272123e-02 8.821007365178333559e-02 5.455505742249810996e-02 2.149042386428604706e-02 3.391565700268211331e-02 5.115016118882120821e-02 8.299582321894088954e-02 8.021838187502761119e-02 7.241348695530970547e-02 7.763429596099312435e-02 2.697051267885388834e-02 5.127254826422527473e-02
3.647165095569670362e-02 7.578068091821707486e-02 3.255698259752883017e-02 1.240077920864647402e-02 5.264134484478245023e-03 5.398458400747283004e-02 1.353075237467251703e-02 3.916566496798631891e-02 2.365760532687334605e-02 8.554762177937202949e-02 1.876568388672738077e-02 4.489500935169976614e-03 2.125012048314536481e-02 8.436766273332005350e-02 7.020789994287116031e-02 4.841055625764337927e-02 5.599203226072553552e-02 7.078936073278804808e-02 7.047439530435510580e-02 6.434646297939650150e-02
5.534636726436707038e-02 4.607216899128577237e-02 4.781624127408243968e-02 8.237958573491813152e-02 1.377352557071254233e-03 7.218503339267647034e-02 6.726413809191486570e-02 8.721454261692794530e-02 8.866314543388027769e-02 6.317533372301420425e-02 6.496267193087235103e-02 2.915688316996585538e-02 1.088072707726494073e-02 1.548436121186427296e-02 4.481360173981532857e-02 6.841113042205222705e-02 9.215323981923001506e-02 6.902138344235336787e-02 8.047868522714990425e-02 6.689960991994806094e-02
9.218692083016077898e-02 6.310340037509463984e-02 5.190091283644341497e-02 6.933615495090234004e-02 9.413489309762504420e-02 2.757484243854193759e-02 6.460305000883774518e-02 5.404686103953525861e-02 4.430907844184459043e-02 9.098207663394609901e-02 1.892757583071218511e-02 3.748505161731787577e-02 8.224105056769893951e-02 1.465897678994550028e-02 1.438735040622734010e-02 9.732740863108225657e-03 7.683471587445507567e-02 6.858690662766769863e-02 8.169829795081806623e-02 4.893542252480830718e-02
5.905658348224396281e-02 4.677782692301907241e-02 5.442444336781402520e-02 3.916733895820800893e-02 5.590593064912407345e-02 7.455027119080225029e-02 6.380559969483272365e-02 5.785533482662047478e-02 1.656472392760858364e-02 6.978873551866134062e-02 7.973331393104422793e-02 3.742151498727874781e-02 8.980326992934675734e-02 1.182744507549722372e-02 2.885264157857243827e-02 6.944980168371930884e-02 4.126116880402354303e-02 6.142697436308600795e-02 2.362521332083710249e-02 6.694321510922117413e-02
8.607633257810522187e-02 5.163975157524600818e-02 5.780914999698219536e-02 6.882924011174000600e-02 1.957416137721079696e-02 2.377389814967467794e-03 1.262267137166266442e-02 5.763850892475404220e-02 8.690576838663938153e-02 5.924098395486546847e-02 4.180037508550149550e-02 2.678434610467144220e-02 8.223279822956694463e-02 5.319328813691707319e-02 6.982151197625941462e-03 8.498922055823414368e-02 2.125016476891346262e-02 6.763413011225059834e-02 7.504063685038986527e-03 3.778982910341255677e-03
7.312057592910119197e-02 6.318174126726203155e-02 1.931998666651825458e-02 2.565690042524461367e-02 2.949965486790409250e-02 6.462252785002862987e-02 6.952096497995807756e-02 7.334932921168446814e-03 8.163133280926412882e-02 7.815885626639056116e-02 4.850067545488952192e-02 6.633836813195205517e-02 8.385180248404788816e-02 8.871135290804896267e-02 6.175358062537992382e-02 6.319502678558715225e-02 3.561318456225642110e-02 3.266508852770151627e-02 3.933411941584796616e-03 3.880302725458965180e-02
2.360981444390105807e-02 3.829326861829346340e-02 5.564600653495137966e-02 7.216788120336939394e-02 8.273130873900114146e-02 1.990491447116171653e-02 1.423103115896793419e-02 7.560637467349362595e-02 7.525855582555907031e-02 8.147589808859338756e-02 5.303885601843665726e-02 5.234152034029596057e-02 7.063547511381434996e-02 8.930255180697133088e-02 9.565894871344293726e-03 7.683764371735835041e-02 8.329748437131044569e-02 5.937057251215444031e-02 6.081268111375405516e-02 4.194155469888427405e-03
3.531052674833651261e-02 1.355289985023147049e-02 3.271951006078394064e-02 3.303781206767059109e-02 7.190030459728287415e-02 4.005627505565445556e-02 6.675215079683630148e-02 3.166684073023036394e-02 3.055155162220180368e-03 2.391619053217081126e-02 6.681055907512090108e-02 3.621860495952613362e-02 3.588874160806211633e-02 2.236816068039593208e-02 4.304062234253570873e-02 9.382715257711494311e-03 4.890850855841843980e-02 9.656015553178007305e-02 2.440209072376989946e-02 5.421399401446672095e-02
