2.527469323657470235e-01 8.025449259288941484e-02 1.287130243385850026e-01 2.917943501414957397e-02 1.741701908487149897e-01 1.542288924500428704e-01 1.409177827236149372e-01 4.209406676939645570e-02 5.441084216230064607e-02 3.962062410648070632e-02 1.033532824619500801e-01 6.711085378475020735e-02 9.412848298935030944e-02 9.004326387372273144e-02 7.484071291365476664e-02 1.289182344313199446e-01 7.575928048142931137e-02 3.061379233103454084e-02 7.222295852593213494e-02 1.603620975706844254e-01
3.191955088346636743e-02 5.400545174986504104e-02 3.694709225208347991e-02 9.253664063465949496e-03 7.531880645481335568e-02 5.004978721366570155e-02 2.174401713788320836e-03 7.451189081481655874e-02 1.472461509337182929e-02 3.329897466637217474e-02 9.379351548810108130e-02 1.258535485701137852e-02 5.465528382695022946e-02 7.922980792515478196e-03 6.606757665960883222e-03 9.857465967360738712e-02 6.574611706801204714e-02 9.589721209395639379e-02 3.380856153120901514e-02 1.081382488119944120e-02
7.960761084759748751e-02 3.475720173544616463e-03 9.961942872607137955e-02 3.437712754496129869e-02 3.121205532246916839e-02 3.787843448781526290e-02 6.795553954544936159e-02 6.869409706531038468e-03 8.389351599274100235e-02 8.007591995475876745e-02 1.645659213684466313e-02 4.209185713434909076e-02 2.940805243981711378e-02 8.503071057415002854e-02 6.976218397326482135e-02 5.738494389368453685e-02 1.248795974857793735e-02 6.777378720615333252e-02 2.062655045974043366e-02 7.447915992190679707e-03
8.418063056877085615e-02 2.996629977871437950e-02 7.368211104627930830e-03 2.004630766726216498e-02 5.091300667194941648e-02 7.480826869067325365e-03 6.619585556372589719e-02 2.443445154075726475e-02 3.934863061304884335e-02 7.318550339856151610e-02 1.143343795328542051e-02 8.203271654384153289e-02 4.554908615567761221e-02 8.595616849579867935e-02 5.789611269791553744e-02 5.841482877005879648e-02 2.632583896573592683e-03 4.839642751104102081e-02 2.383560751480895412e-02 8.176825122187089678e-02
6.209722744407730755e-02 3.494127391668280097e-02 5.039253051311457648e-02 9.156617105251048383e-02 8.850623472946567150e-02 3.329157378646030452e-03 8.648864885499513155e-02 1.934017821196920561e-02 4.358813727189336101e-02 9.561489808453005335e-02 3.006597102069195199e-02 7.558047368474041239e-02 8.879214164678576882e-02 3.878452831109447003e-03 3.484433363978858139e-02 6.657342593034580591e-02 1.214664074544187337e-02 4.773925029769518491e-02 3.136686967912252072e-02 4.358290073280431109e-02
9.853774132414243325e-02 5.166588941245049693e-02 8.791175548397138495e-02 1.233839399338021448e-02 4.311297560946569969e-03 6.371911436620349145e-02 6.943611601470160710e-02 8.501674694724072057e-02 3.530535388944977537e-02 7.659935548465122979e-02 8.810286158875942075e-02 1.139721754151419401e-02 9.111856003341066434e-02 3.316972749397180398e-02 8.450749065200896526e-02 8.017038213152925807e-02 2.463311048323621119e-02 7.699361232020385595e-03 5.219885560029154103e-02 6.298655895463152465e-02
3.615407416124945955e-02 4.363305647954899419e-02 3.911229762339446525e-02 2.081068533412590293e-02 5.339849136559937648e-02 4.749331780272240261e-02 2.396969358854404014e-02 7.117393708321838319e-02 9.544044130501726231e-02 5.939687468352073188e-03 3.944272317237103309e-02 5.217545084796912369e-02 7.066614279864895376e-02 4.380850125740087982e-03 5.860245110265754898e-02 1.732645613258370146e-02 2.440039405377432413e-02 1.854158851102433170e-02 6.591774049704239580e-02 3.101550625835264308e-02
3.439713173390516326e-02 6.361317578827156705e-02 4.997931827570389202e-02 3.917184020768382097e-02 8.116867667130682473e-02 1.667134993392921372e-02 7.004417671261284339e-02 1.879789658360977653e-02 9.876418695039362872e-02 2.851899480213998528e-02 2.228290424257685365e-02 9.492797183988463394e-02 4.815174722384895495e-02 6.266082742787701387e-02 2.435244003812471469e-02 3.505307846046502862e-02 9.346014214933638653e-02 7.420300020479908901e-03 3.032032757840470716e-02 9.023868721108857516e-02
6.019521710681401822e-02 5.102268890240323901e-02 8.144905024749715672e-02 1.150953831724669391e-02 8.408479755458635185e-02 1.202318420698072002e-02 3.456548157502128266e-02 6.191281223015560053e-02 8.756117087792780751e-03 4.703112920361629968e-04 9.571385880330210427e-02 2.962166380608951752e-02 2.256079698495513583e-02 7.388811783870567751e-02 1.495499848655112984e-02 6.094791055058068618e-02 6.677072035602059363e-02 1.937614741451057152e-02 5.092140925380093247e-02 4.168002744899654277e-02
4.485403636889868928e-02 7.554295727642672265e-02 1.845002835672039307e-02 4.780188628002762091e-02 8.645136242922064895e-02 4.691947391734838796e-02 2.215512027324284539e-04 6.377368943559627579e-02 7.656839072221927056e-02 6.992342882702921869e-02 6.487454252958206602e-02 2.337448470279825108e-02 9.364436823425681400e-02 9.644309657437689920e-02 9.553132118052598543e-02 1.416529889918146691e-02 2.148310402127029395e-02 2.885102784160968950e-02 3.508295257566965836e-02 2.217893426549829780e-02
8.762327626109657486e-02 6.441333322402041650e-02 5.766182240271874870e-02 5.591569256168269636e-02 1.775158935422195203e-02 2.655774693438782766e-02 1.926110890399339651e-02 3.348862598585562733e-02 9.452321633214652574e-02 1.857027078028193959e-02 7.225122357104793447e-02 3.176475458730362161e-02 7.795541636128290597e-02 6.042584197139630464e-02 9.917011614957622900e-02 3.606738574964751115e-02 2.458447353077346589e-02 9.674402589601988067e-02 3.119462593510916731e-02 7.080311797002215857e-02
4.410616860897814684e-02 5.592127510663437440e-02 8.068938680304911515e-02 4.798156631470177486e-02 9.678337744042143399e-04 5.373377948378130903e-02 5.550700566442003103e-02 9.964821011927262051e-02 9.464738115781608230e-02 6.326590843319211677e-02 8.354504401250141543e-02 7.052026145876522101e-02 9.092461920303535061e-02 3.673449752962418963e-02 5.870613192049675688e-02 2.225034247563577663e-02 9.801535283946578858e-02 7.665565574308695618e-02 5.456862132735499499e-02 6.279256364977119087e-02
7.964882466962364127e-03 1.481082182704864837e-02 6.181146580592799394e-02 2.315534924066882383e-02 1.185497799687052021e-03 4.687630376290111145e-02 8.073097108116411569e-02 3.733596577185659821e-02 3.030563748260921633e-02 8.015751175094409930e-02 2.128919124503914073e-02 2.670034180788072309e-02 8.630322466553018435e-02 4.411178934589992523e-02 2.122244903301653482e-02 9.298630443595568007e-02 5.585787156373905882e-02 9.257425975746019775e-02 1.246104736716776608e-02 5.057129764770897096e-02
8.373201767312465904e-02 7.857478957936853137e-02 5.646842628487278720e-02 5.451762317117830187e-02 3.341025132366406275e-02 8.625281860182676397e-02 4.869072377400945201e-02 2.453809726893393592e-02 9.514357290780395271e-02 7.983358508831345235e-02 4.871533284260019109e-02 7.744550372202238520e-02 6.848087701588213838e-02 9.665116341354154650e-02 5.715710879808791334e-02 3.563007808026014134e-02 2.795299125404704637e-03 8.007430696924031088e-02 5.122496482018271124e-02 3.282520816780864353e-02
2.847413381117811643e-02 2.106016934362575643e-03 5.324158291995065989e-02 1.682540416937180691e-02 8.248195715162330577e-02 3.472372107269777741e-02 4.510807808717984257e-02 2.725677073568814196e-02 6.009863056340430248e-02 7.837686228463086602e-02 4.497816187751592365e-02 5.547379237193189594e-02 1.014677565261055264e-02 4.798276679932146627e-02 1.276574724308060516e-02 5.319654787657995820e-02 6.117376804049199507e-02 6.794398303193653621e-02 4.910253865112786109e-02 8.615283968384634949e-02
3.556535336395211244e-02 7.395942555563937704e-02 4.472838930269405072e-02 7.595682947333735890e-02 4.365980286487189388e-02 2.344589529853262702e-02 6.769175223094114902e-02 7.020105682779424761e-02 6.597618262216244089e-02 7.853858216120014613e-02 4.828907668243011264e-02 9.792411606117447376e-02 4.016293933650375014e-02 3.246089596817976208e-02 9.875515905612648748e-02 9.633023850548723399e-02 8.300596998011453009e-02 7.192322207810007695e-02 4.051626150316520875e-02 6.980486483204983994e-03
6.632480748364831535e-02 9.066939391019103456e-02 5.031882212914520758e-02 1.761121508342284800e-02 9.217368761845312619e-02 3.497961981098068884e-02 4.510310203777445452e-03 2.744472801810659071e-02 2.256839510374406693e-02 4.255682466207216796e-02 1.981711990174668536e-02 5.925339553953932331e-02 5.329099217077035155e-02 1.658798851984394362e-02 5.698811708812698967e-02 3.570794478554071422e-02 5.368268999744368192e-02 8.863366661967458926e-02 5.642283699625649102e-02 2.225305800514286794e-02
8.579358071315990042e-02 8.450135787018708822e-02 4.059288880542889777e-02 4.883755457663250393e-02 1.977934212571610603e-02 3.292994231023343987e-02 3.657859754442253225e-02 9.997309890291683487e-04 3.513607423601479429e-02 5.699926551674168451e-02 6.538786082120061349e-02 2.394685782542215272e-02 7.485354841044443430e-02 6.280065629133498029e-02 7.506026304637450353e-02 8.006209235932976176e-02 1.653418373698783972e-02 2.780854591779191587e-02 9.088999213493781371e-02 3.502931401425647684e-02
4.594939955967380918e-03 6.737574871916863009e-03 8.202339626524325633e-02 7.982028535544270775e-02 6.620678633440814365e-02 7.375571168844106962e-02 4.361889914111206912e-02 8.648065342247640563e-02 9.619821608338159635e-02 8.158636852039724552e-02 3.922421159861511075e-02 9.381165225769691474e-02 7.432880116437803886e-02 4.783550195384511650e-03 5.800956835466645339e-02 9.420046726689036698e-02 6.029036201293624941e-02 1.194166624420896043e-02 4.747310731939402562e-02 3.195029400562206245e-02
5.105702278118101622e-02 5.862831932832331117e-02 4.221823185739845274e-02 8.080625575854709364e-02 3.641605734327170441e-02 5.997759297993154187e-02 6.546911304095512363e-02 2.021509708902688093e-02 7.784365635130297001e-02 3.186344934659414430e-02 2.810211013977083339e-02 1.361871816145515668e-02 5.078981853824668380e-02 8.679942542023594276e-02 3.206394938423053759e-02 9.367234425920736851e-02 5.073033365061770106e-02 4.511197160178564980e-02 8.013406230908622085e-02 6.686375968208582710e-02
