2.836687437985189186e-01 9.555427039933694910e-02 5.812628654265420552e-02 5.944173994817266576e-02 1.012398770261430936e-01 1.135920989025350214e-01 1.168719215695418756e-01 5.119231037219963698e-02 1.433676194285418148e-01 7.987621850734946682e-02 9.157779350928077489e-02 3.874778423817882428e-02 7.710640278873415188e-02 3.789613500391474099e-02 1.164882479258514264e-01 1.128739442726677533e-01 4.918377483383851861e-02 5.831530100852502785e-02 1.693796626395190352e-01 9.279846765889757099e-02
5.780323915675529556e-02 6.694744969541387147e-02 3.981889359469913819e-02 5.561210549377137297e-02 5.222651089473998726e-02 2.643316311839531002e-02 8.964254032904836467e-02 6.325137252594650872e-02 4.786237515734029918e-02 7.488435016859694426e-02 2.533734184255628449e-02 3.225650814841326403e-02 8.507260976487802939e-02 9.267685441496927023e-02 4.585669697431261904e-02 6.047569277613023403e-02 4.303005853819454052e-02 9.219252088323151573e-02 4.016573103537734307e-02 2.349937140579744232e-02
5.298988265830713307e-02 3.728067056439848120e-02 6.185374549067555044e-02 3.289978946034800844e-02 6.930274181639664577e-02 8.924080673058484847e-02 9.479674459749576343e-02 3.744740210048400769e-02 3.046234462502191154e-02 9.701505808237986805e-02 6.345726182902486356e-02 7.576580376522452920e-02 1.158225717962113729e-03 8.111616436069736188e-03 4.580159940375816592e-03 1.019627185352886024e-02 2.737594345493665760e-02 4.337136177291425754e-02 3.052235159538133763e-02 8.104588581483260223e-02
5.212795400703067877e-02 2.271813772678859047e-02 7.199355875155381834e-02 3.057704338845517247e-02 4.457172875297176623e-02 3.192084668301577860e-02 6.204401020002819206e-02 3.251196788209836236e-02 8.810270272562209515e-02 5.874210136128685950e-02 6.498035310244196228e-02 3.708923208133652386e-04 6.193276953165584298e-02 4.514414230771476855e-02 3.013848147693359847e-02 1.658700032578773811e-02 1.606280620610619700e-02 6.507330972516922607e-02 1.049655241410774043e-02 6.951154815041078738e-02
7.033434304723357178e-02 1.817410473913605613e-03 8.944282540089500133e-02 7.382314122539199164e-02 2.936165560831418761e-02 6.173462299528664071e-02 6.053875095665195612e-03 5.172781343640411866e-02 3.700213205502849573e-02 2.292278696885044140e-02 3.960943271567019495e-03 1.831641078149404221e-03 1.921255847391201230e-03 2.991020847681883504e-02 3.490471913684705524e-02 1.338956098048701450e-02 9.739919747894959512e-02 2.063472883032484509e-02 6.973259928723513079e-02 1.005940152775661872e-02
4.334274770005389771e-02 5.236045100955464410e-02 9.666047671103901451e-02 9.351223730993675487e-02 7.059095173319414329e-02 6.330162514273846019e-02 5.944150853488244096e-02 5.948673929314168829e-02 3.937691687151263775e-02 2.014391237189083750e-02 9.089821905797904056e-02 6.956566011187798049e-02 1.394533549367227374e-03 6.468088547403814947e-02 6.537051907906667181e-02 3.003064250834241999e-02 3.979813968775336441e-02 6.385708569483508623e-02 3.252509354136708108e-02 3.076474734101437847e-02
7.071431390064657208e-02 8.016112647515381828e-02 2.985752379927793243e-02 1.012623216323840260e-02 8.369652395314271243e-02 9.625801420973068012e-02 2.288881943584412243e-02 6.648962765324351216e-03 6.101259202030311773e-02 3.875738043160389945e-02 9.966987035728915034e-02 8.600168391708161442e-02 6.531716131832325523e-02 4.087678769996270361e-02 2.516675755675808202e-02 1.885884246073299408e-02 9.301481018382974295e-03 7.647813653264196043e-02 5.563087340865593977e-02 5.217023360571274027e-02
8.915722209012988397e-03 5.878013430387301480e-02 8.886292905268938780e-02 1.260152674677515044e-02 8.720311072714692635e-02 4.819735686213286185e-02 4.562661366720793116e-02 6.372485906633466868e-02 8.648263156612216729e-02 2.654528059867711232e-02 2.282987011726792664e-02 2.890386193570726459e-02 3.129028216790339517e-02 1.812586762141807015e-02 4.552682089224860396e-02 7.865033586099386131e-02 5.262009300006764874e-03 3.154642996563603724e-02 2.276424535035074387e-02 6.375755367296580267e-02
9.998572744505251908e-02 5.364838798757658872e-02 3.888052689900919900e-02 7.636589362072772336e-02 9.016140803118391500e-02 4.410669352039497948e-02 9.483223791402803360e-02 4.127850204359541364e-02 6.157292820891666074e-02 6.772224757788380956e-03 9.679470435796705408e-02 8.007760315698871090e-02 7.792310337902899620e-02 3.720091953970119242e-02 5.389287506793386667e-02 7.694536129868846663e-02 6.691098156556841980e-02 7.783108802472987753e-02 2.708101382328059747e-02 4.685768965835810512e-02
2.982876880000839837e-02 3.348906352237727285e-02 9.713414076838709776e-02 5.451906748883857123e-02 8.655448381465785657e-02 4.098114712187306448e-03 9.986834716318437888e-02 6.943534543918764013e-02 8.800759818886927377e-02 4.979222733020760572e-03 6.435713721327954162e-02 3.120880792680739285e-02 3.943816889082817773e-02 9.888712278292641211e-02 9.577280095459572706e-02 3.298284463366280006e-02 2.692506168560795596e-02 1.445750653665104496e-02 9.000556394485094425e-02 9.744840780707127170e-02
4.203989369637798484e-02 5.491917265302795337e-02 9.434277257857126564e-02 4.808560824708179443e-02 2.461778533309716410e-02 6.234886489869534421e-02 2.833404021931369698e-02 9.241026119730127997e-02 3.471363695346670747e-02 4.472784325102217157e-02 6.378936861334619235e-02 2.567998056482479006e-03 2.138790609587293279e-02 8.342361070912397703e-02 4.218557868615624255e-03 7.183731746747493152e-02 5.905351635706121427e-02 3.702060614652596254e-02 3.513529959280004000e-02 4.909509007727331197e-03
6.223628226873406666e-02 3.620922319984817145e-02 9.423760960600092995e-02 6.797511457118122005e-03 7.423546118428947516e-02 5.293983275519281023e-02 6.793954846800165370e-02 9.145392256596036884e-02 4.974081097307314625e-02 2.224131419117504616e-02 8.616635204606282530e-03 3.287441128376585031e-02 9.273368942022432171e-02 3.006851201367208987e-02 6.966224773416311578e-02 2.875039274903173903e-02 8.766049491999874932e-02 1.937126556919032197e-02 8.489594643298882526e-02 3.093619250719897851e-02
2.027154170154722712e-02 8.340826000649775862e-02 5.663272270255229751e-02 7.321177302285941831e-03 3.690147582720165048e-02 1.170418821740718679e-02 1.664598340596136136e-02 2.143935567903362469e-02 7.115049303212034326e-02 5.670340260412376487e-02 1.445017533128005807e-02 9.688074336143333298e-02 1.705159145359768161e-02 3.056816429622974049e-02 6.547582199094326670e-03 2.066894817812625889e-03 7.372866576361694624e-02 8.409773421037125551e-02 2.153679709709789558e-02 8.822075554720401613e-02
9.092331774473115524e-02 4.113865110764178962e-02 1.093435197510159856e-02 6.123764795030589569e-02 5.025909439398515421e-02 5.088764062604551885e-02 4.094084301447484253e-02 4.078413291911792138e-02 4.719441391917041095e-02 8.341970138741042207e-02 8.758096072231552620e-02 1.875556824772865033e-02 8.463379981869065261e-02 4.555347369813816938e-02 4.484737533123143299e-02 6.115912686418698702e-02 3.740799559962947746e-02 2.640574096251471423e-02 8.158032560714531534e-02 9.616450331724328560e-02
9.713859731072156667e-02 4.255369606450309927e-02 8.579685022402949723e-02 5.262724921175179760e-02 3.879157012507185309e-02 4.175378281422251203e-02 5.166410473038876572e-02 2.136708373553478785e-02 4.645036758056193815e-02 6.286227020206167082e-02 7.469113390180748486e-04 7.464834548958723670e-02 1.721340410593070677e-02 9.953951906237668013e-02 1.877265661513070200e-02 8.132387859447670619e-02 2.849957433953676129e-03 2.042936106214161829e-02 3.138503296337389475e-02 1.936989183817697940e-02
7.988452738980633683e-04 4.730625771644948047e-03 4.445997641568365938e-02 1.997262429239007528e-02 6.944831392393278902e-02 6.062245150218104062e-02 8.602456087330061230e-02 9.945690071861179593e-02 1.988914224005715672e-02 8.323779099297351491e-02 8.761542870724803311e-02 5.053990288495474603e-02 8.700177764161640126e-02 9.396066692742216508e-02 8.496199171764082236e-02 1.316590513884163816e-03 9.028397517869618527e-02 3.953072543158453293e-03 6.266213914628317172e-02 5.306369348369937428e-02
3.827575359570012381e-03 7.613018133662707854e-02 4.056060301727835299e-02 2.714860324648931192e-02 5.695583126112122724e-02 7.582902810511679692e-02 3.571566139320012795e-02 2.514797430569594427e-02 5.225269545694510159e-02 7.378413304467267009e-02 3.780895780681375190e-02 3.299431204093754982e-02 6.848183763500119425e-02 1.911080618047054230e-02 6.716105587145047850e-02 2.773417236781253875e-02 6.790302919296918593e-02 7.034639297525696611e-02 8.053344025963728170e-02 8.051396067552901714e-02
9.726890071539091853e-02 3.834169365956732745e-02 2.566589319611782896e-02 7.378791622222632962e-02 8.740431490928474156e-02 1.595912800312936433e-02 1.861289670998340570e-02 2.287173812006723303e-02 4.003310963680459245e-02 8.733234714933890697e-02 1.891295501739140988e-02 7.369960013155438250e-02 7.314420885088587787e-02 3.628992607977193224e-02 8.892433419296484620e-02 7.306794894821048991e-02 2.571571829259068631e-02 7.784311383975334175e-02 5.839636077035564171e-02 1.748226969534740979e-02
5.429456776333943524e-02 9.700922144800244729e-02 8.022171439609782073e-02 9.275271806883816916e-02 3.015453232866066591e-02 2.055670087266225823e-03 9.741568909042853941e-03 9.947938836402923923e-02 2.485883014337058119e-02 3.841024899418130772e-02 5.276778959622106108e-02 6.653558476662234378e-02 3.153614211494818603e-02 9.532758351820849740e-02 1.485987891794919927e-02 1.592475971825787692e-02 3.783977899725900207e-02 5.093110922980192967e-02 8.832966300296152262e-02 3.513722314335959718e-02
1.077966980083049434e-02 7.008726429697705040e-02 6.882544891163761003e-02 3.448458381942043349e-02 5.152959877257657501e-03 8.342986746215759475e-02 4.573555711013968517e-02 9.383871739364560427e-02 4.523357794778574276e-02 2.659420185040699616e-02 1.309188630484368204e-02 5.155372609137721940e-02 7.207032792509025787e-02 9.892463692233360861e-02 5.826683773925922733e-04 4.888060368980365333e-02 7.800108899185867473e-02 1.728631734209746737e-02 9.339435332722816063e-02 8.429672075865768388e-02
