2.479529382431881479e-01 6.760957642256462674e-02 7.529925502716511287e-02 1.225524872373460750e-01 8.182593550117117642e-02 1.288531298488075627e-01 1.208808273394829658e-01 1.628876083931600216e-01 1.268238332650343803e-01 7.003570466650393955e-02 1.463260080456325885e-01 2.190170745236092592e-02 1.401241596032010706e-01 7.685663130842762536e-02 1.066278061741099820e-01 1.027001678003501423e-01 1.475384438809413112e-01 9.252811129430825454e-02 8.220872673125437236e-02 1.059447660483110454e-01
4.583511104947752407e-02 1.763737915798037348e-02 7.838046687249863864e-02 4.591595633752170585e-02 6.998639392277841709e-02 1.103045710092792446e-02 7.038896515698090349e-03 5.032501181820739355e-02 6.788759615141545800e-02 1.705537659407088420e-03 4.918942623926413765e-02 7.294393415679421844e-02 5.829397862464424929e-02 9.675035914218686750e-02 6.583551675537177572e-02 9.237205943317769452e-02 5.673857293924329526e-02 9.456786273358838701e-02 2.429042974787754602e-03 6.297487726499105543e-02
9.092468332372823092e-03 2.445336756049993829e-02 3.177158763133754865e-02 4.026209181203618814e-02 1.917496924336855452e-02 9.117510870143256951e-02 5.205224750208545942e-02 1.036046639578482725e-02 3.855629965590143260e-02 5.504228747811989314e-04 2.061884775058065583e-02 1.441170933748966250e-03 1.355855645841226066e-02 8.927825516694748095e-03 3.345229548291429877e-02 4.449865525726782317e-02 5.860656805122767959e-02 1.656492982216499141e-02 1.747157866803894120e-03 3.798171405523770305e-02
6.282610501578157758e-02 9.447233256375194010e-02 9.809516781475235980e-02 1.182656760888817476e-03 2.744113363950830345e-02 3.944032533723031142e-02 2.923979065777762218e-02 5.681963045224961567e-02 5.501322640626627597e-02 6.937783900042397700e-02 1.381994759553289639e-02 5.070233766392272245e-02 6.037883308134629062e-02 5.976620224480786586e-02 9.633361373693682950e-02 2.577601339478476430e-02 2.567418570815499165e-02 9.587628194100604462e-02 3.074719683824848199e-02 9.895336662050059628e-02
3.625635553747693501e-02 7.287113422084778858e-02 3.320366684767766391e-02 8.633214875079292180e-03 6.181949385598385638e-03 5.721636035454709390e-02 5.073399971068644904e-02 4.918479303428118649e-02 4.487008001448918038e-02 6.370372167872798141e-02 8.207343311760088855e-02 6.552407050034615710e-02 4.291613435397371307e-02 5.853975987416534799e-02 4.301367514310801971e-02 6.466537874652458773e-02 6.895804494264934359e-02 8.212913276765636261e-02 5.877804802960671926e-02 1.000402299561610336e-01
5.206476038731775585e-02 7.056570348568612372e-02 9.007096221810023673e-02 2.509420155122702237e-02 7.460683561840526778e-02 2.200067346671569918e-02 9.495833252601788843e-02 1.351390751507669345e-02 9.819603677674665354e-02 3.562585041256311619e-02 9.159648024332735228e-02 7.487666699380991775e-02 9.679243672676390853e-03 2.175952920795894141e-02 3.112484321932388470e-02 5.836722000132115590e-02 4.489442281356842077e-03 8.195351939318462620e-02 6.064703458171412376e-02 5.296997408185686457e-02
1.225891086118866338e-02 8.620812177212734684e-02 5.064174687635132621e-02 1.223245380748190503e-02 2.637982682133305917e-02 8.695173813249587602e-02 6.249259092743120192e-02 3.410511433394733394e-02 1.200494363543891732e-02 4.322333317519574947e-02 4.920861399582578816e-02 1.441709243184918429e-02 8.614960162719742520e-02 2.973742454893962481e-03 1.377213925639956919e-02 7.893743266298647310e-02 5.489252868325814744e-02 3.468755896337688549e-03 1.213481122122718817e-02 1.973644726298801402e-02
3.456846740550562763e-02 9.087455585764315016e-03 3.315427632330279761e-02 5.170622651887291782e-02 2.662061735774762586e-02 8.677664494367226533e-02 6.132781701936616814e-02 3.734260462902559696e-02 9.017040594591989311e-02 9.754730706130430862e-02 5.883597574155938204e-02 7.812956051791328238e-02 3.198788227047168892e-02 1.215558644120233976e-03 8.653840778954575985e-02 1.410887093405934108e-02 7.643861168252860661e-02 5.813870744181066919e-02 5.785101444057740017e-02 4.926488804661689064e-02
5.305533790952286083e-02 5.846368972198461023e-02 7.294954642785299315e-02 3.196293581075956153e-02 8.524689417325537200e-02 8.484208900354250904e-02 1.624187177072564103e-02 6.374698972794003160e-02 5.146440136026424889e-02 5.905895494596791889e-02 6.402554366168861089e-02 3.363923040522655110e-03 6.123920996113934451e-02 8.131521471911749843e-02 1.841724879319098923e-02 4.308616555112673718e-02 3.686413954307311835e-02 7.038777832152652569e-02 2.770557712553204169e-02 1.908597831589191329e-03
8.798369488300079866e-02 5.446102226634685212e-02 3.606803380002965298e-02 3.357340067929674016e-02 6.651927309964626722e-02 6.250422511640777758e-03 9.284953537365592258e-02 8.398983948190891224e-02 5.357736158663212178e-02 4.884818067961545912e-02 1.182721538512963334e-02 8.861564921513320758e-02 4.159837721627158286e-02 8.410569946578989875e-02 2.428674904812186050e-02 2.371231054960078188e-02 1.948559025155019442e-02 6.004799900735422608e-02 3.301604297738888055e-02 2.794386825229025484e-02
1.812391129190993669e-02 2.845671576303857378e-02 1.430149634345764462e-02 7.672750793923117929e-02 6.091073366506932069e-02 6.263487587554748826e-02 4.927990867285467202e-02 7.981916866923514930e-02 5.125048470057877448e-02 7.935799627072046003e-02 6.700958130633735514e-03 9.628041289097903632e-02 4.151975154851875877e-02 2.946944533851642012e-02 9.991352751040701030e-02 3.845349170446785841e-02 4.310665916050956253e-02 5.553931329059313970e-02 4.787546387324851521e-02 5.234158096915329100e-02
6.492440130642426754e-02 2.801217388249768042e-02 7.740236342469798692e-02 1.916372133368645161e-02 2.890275873326064726e-02 2.619102624527532008e-02 3.331138856332557102e-02 6.065845517786983693e-02 7.216692505968233529e-02 5.657215297388590303e-02 6.089734053087830778e-02 4.471086362252672808e-02 6.677630155136875245e-02 5.443217699372877860e-02 2.250768168649203496e-02 7.590733467211539798e-02 6.026042980706149826e-02 6.878772846701986313e-03 4.372085626027511635e-02 7.251996913111001877e-03
4.171044350795654471e-02 6.447530781720360593e-02 5.094363910649164773e-02 4.378433980388595631e-02 2.442316222050502916e-02 5.774311177850865312e-02 1.738515246346745632e-02 5.168019842505622991e-02 8.691914542783953090e-02 7.456505430397322720e-02 8.114119188586495224e-02 7.956049877901891221e-02 6.440713557617973317e-02 1.430333211082391795e-02 3.466247391490199364e-02 8.254317178628932383e-02 4.517199221623698080e-02 5.974551937266456281e-02 4.840788158351105874e-02 2.445127150365662347e-02
9.311878033988006675e-02 3.476350602242264665e-02 5.229801147315129434e-02 1.207266372578350531e-02 4.354057959435373576e-02 9.418619922594760607e-02 5.015338397734558223e-02 5.650028072153177178e-02 5.002787352381794783e-02 5.341289873739775429e-02 4.094425659486675834e-02 8.690970672197072255e-02 7.839789096773623622e-02 3.002230812326954837e-02 5.824599851750716928e-02 7.513056340092946761e-02 6.537107850465824488e-02 7.258269198823374957e-02 1.984935848473987074e-02 4.093650394869684586e-03
3.556343123711798622e-03 4.253360841739770026e-02 3.972732673814834310e-03 6.782506087407394468e-02 3.299244821902282132e-02 7.145052492049887294e-02 3.289067198381055712e-02 5.763211703748618436e-02 2.007538106551082224e-02 1.254839236077466731e-02 7.413492271557960145e-02 8.131465983239531681e-02 4.558307228575409625e-02 1.400726118372860873e-02 8.468001144760499421e-02 2.869464198265095703e-02 4.027135091234074898e-02 6.956626115835569391e-02 1.971535995584915851e-02 6.875227209260158234e-02
9.861612625930377476e-03 6.892008665374885212e-02 4.127334868841286974e-02 8.466321010946001313e-02 6.348901360343590927e-02 3.279766283540980123e-03 5.876453552576047651e-02 5.567421583931512347e-02 4.505349138865596265e-02 4.149939357479203589e-02 2.845861932103953967e-02 7.897879251660167021e-02 4.740377188496572997e-03 8.561813889583370918e-02 5.657616714577836520e-02 6.850524162985905567e-04 3.113819449981852783e-02 4.040206347028187789e-02 1.037077509059185568e-02 1.640382536686203069e-02
9.259276937104045499e-04 3.570770366105809057e-02 7.693844151426630640e-02 6.640596626568354144e-02 1.247575229188582942e-02 6.421048523838325528e-02 4.785690004327364244e-02 2.699974390635027921e-02 9.421985216185893575e-02 1.392710469679429679e-02 5.671543722826649474e-03 8.722057054230836909e-03 9.059155018594887421e-02 6.073897280339489446e-02 3.097438059133189939e-02 8.038415276044671987e-02 1.281970098820839517e-02 5.457452658368423110e-02 9.838351423415797603e-03 3.968849302485200764e-02
9.323735977042671430e-02 1.049300642370871312e-02 8.821535002747521448e-02 2.893231517812610426e-02 5.006404575000682200e-02 3.325651887592123712e-02 9.619824673941311521e-02 1.017545449048103644e-02 1.311179433305589143e-02 2.438265698846646054e-02 2.041350730441793358e-03 7.909862853105201208e-02 7.331049945540192569e-02 2.205786740906064830e-02 2.330419977871055898e-02 5.342183007720264359e-02 2.851985801336680282e-02 6.085039612992645258e-02 1.389686596798265714e-02 9.468242860190127785e-02
9.722076400901333293e-02 3.284542204635739621e-02 4.940028848978311737e-02 7.989963013162314220e-02 2.873730217169369328e-02 8.965494323383595143e-03 1.576792701398041030e-03 2.839592476756361630e-02 3.861329882180115219e-02 3.571262692745260509e-02 3.408039433028830101e-03 2.995042374550550487e-02 5.867971132256372124e-02 8.200262355908241596e-02 2.495791052043880298e-02 6.839181713145064956e-02 7.104646958451979466e-02 8.645761764847478825e-02 7.157834001716723016e-02 5.940478506213738713e-02
1.929740874535154638e-02 7.618205043064335547e-02 3.807693205338782277e-02 9.076641768074715511e-02 3.893618025322405363e-03 2.078922549303244272e-02 2.931263492435567074e-03 1.547048412828582777e-02 3.818584972723298998e-02 5.494885365531530959e-03 4.845247163076428672e-03 1.343748644918145712e-04 7.588493749594672766e-02 2.673475221224175594e-02 4.332718632408502461e-03 4.842022964452934869e-02 6.505769671302921026e-03 8.178779505874693651e-04 6.922491177576825527e-02 9.480983175944331098e-02
