1.947931494448346679e-01 4.741737738783208256e-02 1.573581633241904476e-01 5.482992097620311561e-02 8.203926824106019811e-02 6.374841791115568035e-02 7.671317700718366384e-02 1.361687239314520181e-01 1.056289262604416246e-01 6.293159002533223190e-02 1.678071288787998938e-01 9.262184405047328706e-02 9.139589924444188607e-02 8.980135901278787913e-02 1.319641185747265077e-01 8.949728103100601517e-02 1.285066029097645945e-01 8.759399743527003512e-02 7.794713035248920785e-02 1.377608357276420281e-01
1.931578121100852030e-02 8.852109598997361106e-02 2.656612669853044770e-02 1.003361631534827048e-02 5.329930192749731538e-02 3.841651997862749641e-03 4.395466851319149854e-02 2.343213888833411973e-02 5.862200160946515193e-02 6.059283039857132902e-02 9.273924209053087397e-02 2.888293814820100044e-02 9.288968253581238177e-02 7.753108471054076523e-02 4.182534426886204415e-02 2.291379353329520141e-02 4.426170464664369586e-02 4.045983782594091832e-02 8.110888960572830431e-02 7.116111666059436736e-02
6.440049556877322501e-02 3.863783395665421061e-02 5.616703197527994629e-03 4.281982335490151087e-02 8.594578600713453920e-02 9.272848385505862157e-02 5.345346852611135985e-02 2.495797641509502063e-02 7.124645200727884597e-02 6.763865143519326439e-02 6.340517714687222972e-02 8.711718954236646884e-02 1.069267575530654692e-02 8.454651536874741025e-02 9.589486538767962032e-02 2.878210167555848159e-02 2.638898355327877823e-02 2.273622995424010723e-02 3.272078704197234691e-03 5.347814893987247464e-02
8.486555159741017429e-02 7.232591822139504412e-02 2.144963574489766600e-02 1.444167036797433523e-02 3.567717702216496173e-02 2.463172837605380819e-02 8.802642456732391596e-02 1.158086838877915407e-02 8.112001551602626703e-02 8.898773714934446466e-02 1.001287974572130472e-02 9.750441725506898971e-02 3.577438155938544861e-02 4.811920388452897712e-02 8.377550738797651109e-02 7.735438721476775581e-02 7.683620538328805871e-02 6.830729983059101451e-02 9.146260549253659722e-03 3.242546921106107677e-02
5.672318550844893809e-02 7.833812516735601250e-02 9.889146953897975934e-02 3.823474463711917792e-02 4.982259945144901225e-02 2.680254998026422586e-02 9.776050904075782311e-02 3.281599413799577564e-02 3.750266636826787153e-02 9.521152325016059292e-02 3.637513568681365744e-02 5.053123123141385620e-02 3.605346450010689374e-02 8.767135400545809920e-02 3.972766318456635859e-02 7.513316178803652878e-02 2.392477053761298336e-02 1.845982872130558228e-02 9.096214139376633534e-02 6.498808282864491914e-02
8.880817843044051807e-02 8.576321002890299749e-02 8.335660320114465782e-02 6.525369676458099566e-02 9.818653195622323304e-02 4.105604453679839033e-02 3.313260984564927319e-02 8.469226355748064872e-02 3.851579884088305455e-02 7.973867732619274729e-02 6.808914256503344198e-02 9.976252319310312255e-02 5.625424170066329471e-03 5.034832295401257124e-02 9.924810858145421966e-02 6.623264266177741888e-02 3.976313826439493992e-02 1.650554258794807369e-02 5.533187949429682617e-02 9.382710157354040570e-02
4.471274368287697643e-02 2.696273770781822121e-02 9.528138648377855457e-02 6.292406146238464781e-02 8.292004045315318206e-02 8.722153310657121406e-02 3.136277687049604957e-04 9.964840757852267902e-03 6.415518183303231536e-02 1.636609377866514795e-02 4.987566484886843399e-02 3.456372951009231004e-02 1.322259724652818935e-02 6.278979766387955685e-02 6.027677195771109775e-02 2.400797598858284143e-02 3.452800485914222367e-02 3.388003469019858910e-02 5.742350635247787244e-02 2.755841047703001812e-02
7.339525767903919140e-02 8.670095792053578165e-02 2.708912174349719162e-02 6.205891807993136212e-04 9.445056704549181781e-02 4.131402788641116985e-02 6.813824905893563211e-02 3.987283710985152496e-02 8.480808913557182083e-02 5.536271785920748173e-02 1.783331923716484704e-02 7.384928224328084212e-02 3.774359638175645015e-02 9.496459083676678237e-02 5.565881950471551765e-02 4.319580405916936816e-02 2.306767438768713221e-02 8.375341710178557664e-02 2.900427810555685978e-02 6.103940671747570129e-02
7.875766278373344531e-02 8.590671290474556632e-02 4.667886391222828696e-02 3.098295648855649287e-02 2.021923405063852375e-03 2.740687986218139083e-02 4.293364757588106345e-02 6.614748746485135666e-02 4.195933258565083535e-02 9.878923324392555050e-02 4.443080567296758127e-02 7.295808344975730775e-02 4.687662209348241599e-02 7.797954680152002771e-02 7.268728469097501810e-02 3.888090528990299083e-02 9.229183865624830674e-02 3.918111731657869523e-02 5.039383306365896771e-03 6.108413613635169798e-02
4.470334553452062765e-02 4.170271207721477913e-02 5.887553981034689132e-02 9.116735091033574545e-02 2.538776716600742514e-02 9.836275298705164649e-02 1.105664299385772376e-02 8.324762362377298441e-02 5.798425430266281044e-02 7.753081870738243869e-03 6.349306373876932585e-02 6.138153522167936332e-02 6.079050898555946048e-02 8.341962784928803887e-02 8.186742858427571712e-02 7.301761710030547914e-02 5.339261819479451665e-02 8.003265494420638837e-02 9.504155621310070301e-02 4.802885121850946487e-02
7.179432021918241702e-02 9.144350316505933662e-02 9.032244475885370383e-02 2.117672112293233003e-02 1.906503904102625768e-02 6.986586535419617161e-02 2.725188199481234572e-02 1.080558492343031141e-02 9.444682671485327141e-02 9.354544524101787717e-02 3.762255649744220692e-02 6.536742225321960642e-02 8.147974897654898518e-02 4.274596481326872754e-02 6.654342002696671254e-02 5.543932518359273587e-05 1.850456118156298610e-02 2.594969849354045351e-03 6.383608444190842779e-02 5.070483160289451091e-02
5.226837342756051469e-02 3.394850253861580319e-02 4.121156372689408626e-02 5.698360126472726966e-02 3.525129487117956151e-02 7.268061908692270007e-03 3.518986120656691918e-02 9.048289199829853691e-02 7.612038377900198771e-02 6.102630216695187348e-02 6.106659817043053051e-02 3.260694285863398323e-02 9.094183215281971544e-02 8.169263195317914839e-02 1.097634480957486794e-02 9.123549326274044136e-02 9.885155822003423298e-02 5.794189905431923471e-02 2.784116884127030376e-03 9.866596610931255285e-03
3.781923378788683288e-02 6.383446990513702568e-02 3.404947207958695238e-02 9.833974513198941170e-02 9.302653134089690357e-02 4.422788317191028717e-02 2.488008006716911982e-02 5.065551426479934088e-02 1.168601227313467196e-02 9.525728382743130218e-02 9.687005182556278349e-02 1.238589467989478256e-02 3.171140309192143486e-02 7.346341826968935673e-02 7.390496637482922571e-02 2.086266577962854474e-02 4.715957572850571454e-03 3.432804161901848068e-03 2.775484230685323558e-02 7.492755684526435089e-02
7.050543859611835967e-03 8.103033798257985865e-02 3.441564296112853676e-03 6.740045899218394254e-02 4.322277112985603575e-02 9.606734366674010706e-02 8.414866819613776167e-03 2.336855727066409344e-02 2.100684942221844528e-02 9.134783398443253877e-02 2.310659561674262286e-02 9.041356154445567839e-03 5.763042141043236977e-02 8.240699299430453983e-02 6.102696080240491844e-02 5.910465344832960960e-03 4.098828492488226782e-02 4.023408902014169973e-03 9.280166808812074022e-03 8.367044839871635997e-02
6.496013452215346207e-02 8.047088782536991614e-02 9.202368606681070318e-02 7.590317756165183838e-02 2.953475599381122363e-02 8.626853541148865601e-02 2.379047365369100359e-02 7.417586377198882863e-02 2.698577086995344182e-02 2.547675655211028081e-02 6.461705851220982122e-02 4.612985005850809422e-02 1.766263025214009907e-02 3.382003589505524349e-02 9.827317913675787109e-02 8.125634123243718684e-03 3.423150861562418543e-04 2.957314989556464324e-02 7.268467884137745638e-02 5.364413364315576138e-02
1.938644138113479118e-02 6.802060447471119931e-02 2.677698003545684463e-02 8.996669825439367052e-02 8.810830640638245975e-03 8.168478522160821376e-02 2.587433894522309791e-02 6.378500558554388300e-02 6.116904517405138964e-02 1.083052451544595091e-02 1.418165915702804952e-02 9.269565208526575617e-02 4.118800310871158221e-02 9.090682662922590362e-02 3.863895557691227056e-02 1.457611612474285501e-02 7.271451163835923603e-02 9.140676114137608055e-02 7.416654026356921114e-02 4.933730909183132313e-03
1.294177344228852975e-03 5.001833898804700085e-02 9.929902439126814251e-02 1.705948301488418098e-02 1.949856504281577418e-02 5.795577369610158819e-02 8.788317088188435378e-02 6.438864502464466955e-02 6.962183024416161714e-02 4.186663463604536894e-02 6.135783127068006847e-03 3.672481664316534777e-02 4.964178630368434875e-02 7.923836118752507207e-02 3.906938020627306885e-02 4.092475146520766632e-02 8.150105492572669308e-02 2.668864381429569832e-02 9.737046702428143064e-04 9.636741919588810712e-02
3.091508057947346677e-02 8.881882771713417446e-02 7.934417945367017166e-02 4.919844195399902115e-02 4.186202027311586304e-02 7.402765040834731469e-02 1.863172399317386541e-02 2.184716754888406387e-02 4.282193890211071635e-02 9.737389675785175502e-02 2.349348574561363132e-02 7.424193019511696190e-02 9.877693666465882372e-03 7.628208970471574146e-02 2.349565620361085058e-02 2.858427777437686640e-02 8.578015694729218543e-02 2.796004534728858959e-02 6.246822389680146970e-02 4.700216916720189458e-02
6.049722520608801640e-02 9.407001883162952049e-02 7.783969737687762569e-02 4.911151629003635000e-02 3.565207738626444828e-02 6.474514547892150362e-02 9.875243935430119691e-02 2.163699769796128061e-02 6.304676370793259321e-02 9.319149624807064602e-02 9.324131115233556810e-02 2.911891156709323081e-02 4.029165213173720173e-02 9.684280740963423229e-02 4.823565150760345324e-03 7.883790166759284401e-02 3.111810942374864178e-02 9.838417733163533352e-02 5.272608496773831949e-02 7.831418557778724310e-02
2.686350110077984077e-02 4.188644068493455747e-02 8.807695105842422434e-02 2.986262472665169102e-03 2.363899290567996955e-02 4.535666791616704135e-02 4.242002684725402345e-02 3.629359786643283903e-02 3.050006739875370590e-02 7.758052371575333006e-02 8.276853844053772002e-02 3.109421639241390090e-02 9.164429448829858674e-03 8.566399576929668858e-02 7.716510860408240524e-02 2.035987395596101923e-02 9.780523394283285876e-02 4.408565007657181539e-02 2.469763497160373453e-02 3.778843016992540493e-02
