1.987497811319424712e-01 1.162786211217762683e-01 1.210539237702380755e-01 3.895718610739980908e-02 7.682399207790091555e-02 7.731077578161063557e-02 8.245976146541536544e-02 9.903910559747672315e-02 1.484450787978626174e-01 5.998278614222948835e-02 9.467303543144306444e-02 1.040358156744191770e-01 3.125759745873042672e-02 1.583224478638493582e-01 1.551970456141375521e-01 7.771483244006376079e-02 1.177663614748425402e-01 3.798563344286041282e-02 9.338757558449127527e-02 7.820363924879458750e-02
2.923593943627327343e-02 7.338936124281079942e-02 3.992013890630322082e-02 6.039213340378028066e-02 6.225825690037742333e-02 6.756331727342054783e-02 9.166716713101201452e-02 4.958071322264637898e-02 5.336829935985816509e-02 9.401215951962262063e-02 8.209457783730840508e-02 6.726566957801459468e-02 8.038161370063706679e-02 3.029022344264720168e-02 1.104093626919251496e-02 2.727842134969669236e-02 8.558134438939529742e-02 6.503142536672602142e-03 7.144633587151807963e-02 4.346594825346920127e-02
9.948228670799741380e-02 6.349164619233751972e-02 2.708026645459925622e-02 9.169998300890891407e-02 4.659437663011643110e-02 5.303457137701170915e-02 6.146194476489200142e-02 9.271061228739230220e-02 8.057216357188214106e-02 8.917656223071191227e-03 1.089851786310147607e-03 8.083962628304341980e-02 5.366289714307899417e-02 9.423936132978695535e-02 9.903725913593534880e-02 2.567873635954911679e-02 8.178080048958941140e-02 4.695741817801098172e-02 1.864490489506138646e-02 8.579163565136598002e-02
8.252243922504381990e-02 5.291599812054031959e-02 3.890407191753828681e-02 8.525406891017039968e-02 4.899993169532968450e-03 2.977080398653855417e-02 6.622763755288217646e-02 2.433835757369440245e-03 2.827036797773653520e-02 8.078312881391498668e-02 7.577308688422751404e-02 3.992587207420982692e-02 3.815524928607492289e-02 1.519540826971479443e-02 6.388872055661946880e-02 2.861921051208878020e-02 3.040018673724334194e-02 8.840097646541816845e-02 6.699654088824519294e-02 3.214078723124750431e-02
3.288642971097566550e-03 6.642763312542361576e-02 7.636345914073805474e-03 2.453806928198537518e-02 7.696302950246348105e-03 1.664216318179439005e-02 9.316052869842289530e-02 5.059498512608704562e-02 6.931213228874193166e-02 8.096779578077498152e-02 9.433331888913631946e-02 4.004823427883157788e-02 1.152964590505625199e-02 4.397173136829364559e-02 4.550879626668189598e-02 3.173876642198094483e-02 5.008890845281296911e-02 6.728763715532706802e-02 5.347827785852415916e-02 9.764073660612891670e-02
1.457821153685867621e-04 6.925012593278793982e-02 6.858438624246088536e-03 9.599013099823103246e-02 5.973285357336328982e-02 6.272095440861884252e-02 8.250732292284979411e-03 2.464312112147145836e-02 7.432979880305604081e-02 2.978745255783420490e-02 7.569646797929141524e-02 9.944369809025517537e-02 2.780273416031807734e-02 7.601128566480884474e-02 7.912897732160222020e-02 9.340609838312728674e-02 9.490503107910484848e-02 9.233344484999685131e-02 8.426037092462670963e-02 5.222131867759719631e-02
3.312645689978067909e-02 9.924259987391570448e-02 5.402062720887684799e-02 8.500575498713981368e-03 3.380024429042739753e-02 5.998406648191060425e-02 7.380354245482363684e-02 7.150400820230069787e-02 1.995057330370095944e-02 2.343721805341569906e-03 8.202414987573662664e-02 7.591933811786008568e-02 8.138983743034533536e-02 6.988656132445036917e-03 1.205418073615891622e-02 2.603365186097285344e-02 4.023195755557060910e-02 5.183955771805408980e-02 4.193488288774552264e-02 3.862425751531570195e-02
4.343627366253477277e-03 4.624121297746990739e-02 8.555600397011817182e-02 9.927725779089661973e-02 1.394331382449555227e-02 2.331385057845593300e-02 2.782571604642316773e-02 7.666375717010008584e-02 8.954796819735072466e-02 5.766184383492274634e-02 8.422086856610105920e-02 6.840702847644743179e-02 5.286956294707428200e-02 8.080278662908882414e-02 5.365838175061006521e-02 5.933927619292128641e-02 2.272322072539206816e-02 9.820488423328371796e-02 3.678029277607280240e-02 6.021189530362536582e-03
3.645969475995591846e-02 2.213039992229535319e-02 5.553975421405377665e-03 5.164206535811532300e-02 9.620143075422900314e-02 4.688448730247977286e-02 2.526842338941293132e-05 3.683118379671962428e-02 3.324955299688871213e-02 5.859587980469071339e-02 5.405309330644039734e-02 4.947183297539291952e-02 4.317833904048903881e-02 1.902493196218026095e-02 9.803374149532045889e-02 8.423260639164560637e-02 3.885015120074342132e-02 8.279450242181687902e-02 2.437277867055867228e-02 1.029377733639130765e-02
4.203891974626115108e-02 2.424094577091292710e-02 9.318240091507484779e-02 3.263878617945054073e-02 1.899264411787894569e-02 1.305600118244427781e-02 2.723464217158522052e-04 1.385659158144752004e-02 6.757546827252229604e-02 9.161409606976793352e-02 6.997992780126860435e-03 4.877314133018361558e-02 9.293225253513615058e-03 8.833671880423238365e-02 5.245130647257364997e-02 2.658597330211850615e-02 5.434368768487451290e-02 5.837843566497461639e-02 4.327810745805452802e-02 8.120545018249164526e-02
6.953695404839356498e-02 6.091317783862627323e-04 4.707099418966101401e-02 6.584751776682178093e-02 7.817489100818214576e-02 5.889318234650553702e-04 1.797253599622022913e-02 1.807303706748552077e-02 9.281496297628817616e-02 6.563283783884421574e-02 2.831083087980218460e-02 1.726707276647687639e-02 5.603514037445492951e-02 1.804320649042989722e-02 1.363300226795260972e-02 2.920780651220808086e-02 2.642931959058435545e-02 1.762988845294153478e-02 9.093357898587521582e-02 1.827556223563713347e-02
8.537147257476737638e-02 9.384171033388444272e-02 4.952315138375516096e-02 9.530187299154518898e-02 9.267567536088881786e-02 3.924884423480817786e-02 9.414056291610035931e-02 8.543509404645686922e-02 1.919560276129117504e-02 1.765699749608251601e-02 5.094898461317114852e-02 4.970865501623416421e-02 9.635025838708416446e-02 5.491154989187462671e-02 4.676007293842043139e-02 1.153696953062988183e-03 8.976777798024182520e-02 8.004421610558085098e-02 6.155312073559666974e-02 6.834543603257108024e-02
1.554412413668298035e-02 1.381339918308101093e-02 8.040580402147468400e-03 4.731164779197665621e-02 6.973452086198564381e-02 3.947931034491528740e-02 2.910046698074295751e-02 1.768154561266173028e-02 7.371305773130250316e-02 1.473979355187444822e-02 6.718872765227712658e-03 8.268145189996305155e-02 9.821029971903594280e-02 3.549798301478631485e-02 2.965135426515887185e-02 1.310507448159545923e-02 4.793908982508113259e-02 9.354196825567283324e-02 8.839678801258737950e-02 2.575414008951672218e-02
2.794674907890504559e-03 8.911262402740538491e-02 3.641761352280148498e-03 5.594333739617304846e-02 2.107709888606880411e-02 2.879964365753147348e-02 6.087500654139931661e-02 6.600480176598957915e-02 2.528074864766669677e-02 7.485709078457786214e-02 9.755894665047078196e-02 8.177016839475492738e-02 6.358515886320485755e-02 3.000343270850881761e-02 2.729079042622462037e-02 2.512929155620227326e-02 2.253380396305013772e-02 9.249996660861077580e-02 4.848383316693788414e-02 3.565392594212826033e-02
4.651528863629509486e-02 4.992796628450355684e-02 9.153793857226771857e-02 8.195127618223572996e-02 8.063824876997469082e-02 9.107201441614372339e-02 6.369760866678586889e-03 8.441750968419116374e-02 4.824933573480020416e-02 5.462875694973264029e-02 8.016056845423508159e-02 9.806638119494118233e-02 1.073086052457748046e-02 3.174024542000915272e-02 8.060979986637852035e-02 8.589218337634739464e-02 2.238205439543974537e-02 4.157129755582046615e-02 1.062289668136441427e-02 4.337174163406756766e-02
9.288896934267384942e-02 6.693060009265702770e-02 5.073756392105477353e-02 6.143562601996990780e-02 2.800916033300800134e-02 4.381294701062366133e-03 4.726090705752629406e-02 9.784323622922744268e-02 6.484155359847836031e-02 6.327191764911493932e-02 6.004972222063320771e-03 5.138374600654196933e-02 2.539644206182630967e-02 2.518068051068966806e-03 8.076844692847699736e-02 4.906597806619799468e-02 2.563204324275860854e-02 3.586426118859555728e-02 2.574960170348316105e-02 3.556260892206898616e-02
8.730004138253101564e-02 3.130306085594216498e-02 8.801397161205859465e-02 3.122065838003562958e-04 2.999277984668702324e-03 6.748117208616151441e-02 5.213099870713518158e-02 5.204505225318979689e-02 8.122469171625307238e-02 2.308044578364293331e-02 4.714196557862435077e-02 8.318113487619277491e-02 6.478015788069790837e-02 8.737243908786929136e-02 3.153495568365698859e-02 2.621268784682528885e-02 4.353452193070307674e-02 6.434112823884452492e-03 6.406969436838551302e-02 2.145375069758001171e-02
7.212147372992906008e-03 5.948071315175962673e-03 2.403388819744395333e-02 1.417056159410732402e-02 4.352639518693869614e-02 3.030458460011632715e-02 6.203361214595289053e-02 3.789981877997206094e-02 9.097619326744127433e-02 2.467594309297439781e-02 3.127204162308677704e-02 1.326380937414748523e-02 8.244256091875505621e-02 8.544926677075388721e-02 6.023293462703788181e-02 2.203136803608803096e-02 1.370077746706615043e-02 8.477895900237225613e-02 6.156120225694612647e-02 1.701414628319412176e-02
7.859112182423597104e-02 6.911773693681981523e-02 2.781248301652361563e-03 5.364309418142537006e-02 2.110598540504263904e-02 4.918419179181099908e-03 2.032626661224577053e-02 4.950788741804371118e-02 4.658904098472563260e-02 4.601751728880318359e-02 3.717090578082297286e-02 4.032184232644547839e-02 8.265152886790901043e-02 3.988753751037103085e-02 8.036237855315618572e-02 1.767476447649578633e-02 3.313325546139213318e-02 3.291537555776235385e-02 7.220576031457158483e-02 5.610701094737245015e-02
7.727790501083335595e-02 8.431825635406932362e-02 1.984469971169645908e-02 5.918125489230852132e-02 8.628551826284024118e-02 7.914334381391529769e-03 1.626972590947681901e-02 4.569231269427335290e-02 9.010533522868335865e-02 5.147724737609515183e-02 5.187283772167218532e-02 4.688428513562942213e-02 1.843715085622543715e-02 8.037723142482403049e-02 2.112409766528923483e-02 3.840369134125277972e-02 1.555039280079839777e-03 5.750375258295199743e-02 3.377186230755307300e-02 7.213145027098566420e-02
