3.090162441049562614e-01 1.015077518566986775e-01 1.083942817834053357e-01 1.277705382048996974e-01 7.174617598217170045e-02 1.673752803494256702e-01 1.159571368533364732e-01 8.612657214274738182e-02 9.606473839960230632e-02 9.377920961400140754e-02 1.293735260927693087e-01 8.797625317716527282e-02 7.536888954050148526e-02 5.501219645466087077e-02 7.928622545923472154e-02 1.265147651849366783e-01 1.503226859381988079e-01 1.201103490433257648e-01 4.390034299615393210e-02 1.356024560084894692e-01
1.684494806215478674e-02 7.841466541651626043e-02 4.743796060620952132e-02 1.127465793187882974e-02 7.639376717256179949e-02 2.553012723729861794e-02 6.471621386111575669e-02 5.584378357015445937e-02 4.067411985038413280e-02 7.945286292048527044e-02 2.681339897124733820e-02 2.249122823823793832e-02 3.667428085297346624e-02 3.904374546212699415e-02 7.881073264378996024e-02 6.934233596466179983e-02 2.308994482611675947e-02 9.680246328167256553e-02 2.887775416489542224e-02 2.768846709796291342e-03
7.200807870514637499e-02 2.137993976516661121e-02 6.606600753898000944e-02 5.901151498930364003e-02 8.030586146673379666e-02 4.346936893879791569e-02 3.844404743353588977e-02 6.728563559370887015e-02 8.354094367851845615e-02 1.348831328045162550e-02 4.317205854989979857e-02 6.475027044513859999e-04 1.957994938363641010e-02 7.054843336361636685e-02 9.576420029858989658e-02 5.193007749879509360e-02 4.403416064659232410e-02 9.957025702896728225e-02 3.535273542240918720e-02 1.020521000304045606e-02
4.588801940131802953e-02 7.569498966199611489e-02 5.230157394749588434e-02 8.882324676640328265e-02 4.875593981887285655e-02 6.897174090160229643e-02 9.701932634115580101e-02 3.349062877071308508e-02 8.752653403082459593e-02 4.126973764704682662e-02 8.826584021178257577e-02 8.918773524052289736e-02 9.128451963670020097e-02 5.373418897567239748e-03 5.369426166499885467e-02 6.551046245936729961e-02 4.196435819188793284e-03 7.208614075035836566e-02 4.934638278686891838e-02 1.223295745565245070e-03
1.918784410381200317e-02 5.055171212026991073e-02 7.877837141855464909e-02 6.975708730448330896e-02 4.124849033951099447e-02 4.354833419558046086e-03 9.601725144214801055e-02 7.359576974027975949e-02 1.690326263143096183e-02 1.665185538280627986e-02 7.633666812252566658e-02 2.871153577967940074e-02 7.946231447629491240e-02 8.918012126734685407e-02 7.734427762402802664e-02 6.532258836468878005e-02 5.626304408384959210e-02 1.271015300954372353e-02 8.089578415744137080e-03 8.800369833116250540e-02
4.140118491570005110e-02 3.938718446749844143e-02 6.518580552545270856e-02 1.289629671309205916e-02 5.793487114902517998e-02 7.187195409177343786e-02 8.819963513707973490e-02 1.487183068041479997e-02 5.781099940962466932e-02 3.657220449144369528e-02 7.983014986833811277e-02 2.175228970005568460e-02 7.528956409295721464e-02 1.020922851236288897e-02 2.107934283913600812e-02 9.722930757975868643e-02 3.655303843462740648e-02 2.758334413036371904e-02 3.063911293900454386e-02 7.962181976210885859e-02
2.063686739168845222e-02 5.572422812024202532e-02 6.535220001408868773e-02 6.160985872166344079e-02 7.243780337036072325e-02 3.288548436850569252e-03 2.627360518396125791e-02 9.269445259026894146e-02 7.740999409464767445e-02 7.830064638149987488e-02 5.947939908670692166e-02 6.126510632573377996e-02 1.635972796364583079e-02 8.161592831984477991e-02 3.176911597922964930e-02 5.615274955227746168e-02 8.483542250349669633e-02 7.409630717566671743e-02 3.342064231121496393e-02 6.396663240920022475e-02
8.729680044985942133e-02 1.192116100137713408e-02 5.820668403164145494e-02 2.606884240130113994e-03 9.977994531466805039e-03 5.706134167603255092e-02 6.700207343715612607e-02 6.460401106557507600e-02 6.617666529718700674e-02 8.399965696692147238e-03 8.762593015693520213e-03 5.865780097746409183e-02 2.043694251678378551e-02 1.749364337506491632e-02 4.780522149064436732e-02 8.301137109574265038e-02 1.042215067794195586e-02 3.400298514570612024e-02 1.319585063312331968e-02 1.804971431310260430e-02
5.099809671974176242e-03 1.476983004073450026e-02 8.049546666971907349e-02 5.757000865758987729e-02 4.505832571707654721e-02 8.352319895345289291e-02 7.665147935395827394e-02 4.554131614858743238e-02 5.849937391926200020e-02 2.175490694535353597e-02 4.735761506494726852e-02 3.338694253084752844e-02 9.638655874580093208e-02 9.126424036644933957e-02 7.124269922542637856e-02 1.988630282390935200e-03 1.544249340628183267e-02 5.431125718425603571e-02 8.064860752961650059e-02 1.510079951492204796e-03
6.531881253881950677e-02 8.197319192986970982e-02 6.217896884188021250e-02 1.916295417826137382e-02 7.983777477858200119e-03 2.951912421246032439e-02 7.560769992761945391e-02 3.129356490584265377e-02 2.887944485202686984e-02 2.045828861074116059e-02 5.720919145201553563e-03 3.590548422161931458e-02 9.167401935222979636e-02 1.785722903571884852e-03 5.904255537422795769e-02 1.973552601133270537e-02 1.923366039603419120e-02 6.809124699094047661e-02 2.922058536704304210e-02 3.747273055038658277e-03
9.676380932663165846e-02 9.808038605764761442e-02 5.455997839974903452e-02 8.903824215866179559e-02 2.306336005878875314e-02 7.815037916884515212e-02 6.513919488072832109e-02 9.298465400129418690e-02 5.294993637293848865e-02 7.935207362468357783e-02 6.427083422233750842e-02 2.997678791487519423e-02 9.975360836198018943e-02 6.942483683363592784e-02 8.882910816564744405e-02 3.129741988852618312e-02 6.746136353734233544e-03 7.197780869665811043e-02 1.166482625305753727e-03 3.898672450189331201e-02
7.040471008735667280e-02 2.298423625061276829e-02 6.417125081878409520e-02 2.513306949588907380e-02 3.877206112755509498e-02 1.496011425764964950e-03 5.955937368574260038e-02 6.159896308603399900e-02 9.667323337662868388e-02 2.916956126023753301e-02 8.050945606903081586e-02 8.163060311891258414e-02 5.775397521820524981e-03 4.560294745171368513e-02 4.484000708170247235e-02 9.411906699518468589e-02 5.429604150711585947e-02 1.439778013009168633e-02 2.282793646368622836e-02 7.200296025528918342e-02
1.280687613146638294e-02 5.369612885297412458e-02 1.362227974647634010e-02 9.156454209679827649e-02 6.421704461500864214e-02 5.472991593541708805e-02 5.560843040094399364e-03 1.718370910392308382e-02 4.871283693433328676e-02 3.315094400021609961e-02 3.714138074326563815e-02 1.158993422564553837e-02 2.939217971802210450e-02 7.884496063630459795e-02 6.293084823346574430e-02 1.518206838954845421e-02 3.676268141733283340e-02 1.520365658254294733e-02 4.465221437336145544e-02 9.018757938128717233e-02
3.606129666396730438e-02 8.537266471165952386e-02 2.206555439234772140e-02 9.440347188422631985e-02 1.881585539539208998e-02 2.437583519040850341e-02 9.996769383932177511e-02 3.338735532907540632e-02 4.158198184268696584e-02 4.207475133705634862e-02 2.312198612772460582e-02 3.163865404962964284e-02 5.148096133657653617e-02 3.873888972207677889e-02 3.080190090620696028e-02 1.040359333919621543e-02 3.960342288695734014e-02 7.660791884130094265e-02 5.669292740068006264e-02 9.935234878852306287e-03
5.315332046912736585e-02 9.467716032741313459e-02 2.216296855829982468e-02 6.911145393432557849e-02 9.471308876209603989e-02 5.178490606103061666e-02 4.121072683482931986e-02 8.877242543469499036e-02 2.559825669329871684e-02 4.624041872185022384e-02 2.040916371800594151e-04 3.363395843197033303e-02 8.574341328961666148e-03 7.947383856658493673e-02 7.005187737359923339e-02 9.467673976024310045e-02 7.272141876620064060e-03 6.775487228501037018e-02 5.105469844163873505e-02 4.788072039347147056e-03
5.167556697876549143e-02 1.392396691267572262e-02 4.139874043206817622e-02 2.722635016000154659e-02 7.539358288717708245e-02 8.197496421215488827e-02 6.615196554789147532e-02 4.084550868913780497e-02 8.469930284958887556e-02 8.664941754275720665e-02 5.219424272023616418e-02 3.960751638415502263e-02 4.092376779151522120e-02 4.011787260492621909e-02 7.981607628372219820e-02 5.458793069612950799e-02 2.736069315766102156e-02 7.275621195056147794e-02 9.454102335056319140e-02 7.739865281142788156e-04
9.575863362149561464e-02 5.667434196979307531e-02 2.832164888704235065e-02 9.727955020905910966e-02 8.720676243526033489e-02 1.119761357317206052e-02 5.134560031350232645e-02 7.914762871314617865e-02 6.233798648288596533e-02 9.130066712123860451e-02 2.573944492695508235e-02 3.180709192291863302e-02 5.998961508091694983e-02 2.784166684349779347e-02 1.962358721568328163e-02 7.842301714743407648e-02 2.369900957651806250e-02 2.872510359863134077e-02 2.482218740548090136e-02 3.651442973153824767e-02
7.250633928598919364e-02 3.135015660314131175e-02 1.579708553690343381e-02 7.172035501184993028e-03 9.959560979965595418e-02 2.373045478829665170e-02 4.126605283061096641e-02 3.466357455259994405e-03 9.025748745090704517e-02 6.520257157632458958e-03 3.680012613642692776e-02 1.654073713652688335e-02 8.349871094447593178e-02 8.664071777934169438e-02 8.718150105340161105e-02 5.817579147446821225e-02 2.966428316123370656e-03 9.877931830631153653e-02 6.609946397929104822e-02 1.468218647049235326e-02
1.291881702977648594e-02 4.237370135229008572e-02 3.793182068816472463e-02 4.675891921076528318e-02 4.768733806127010283e-02 1.234131773189881681e-02 3.983922822240453659e-02 9.490850481533154304e-02 2.322390806602470104e-02 4.792926919582940481e-02 3.493023161527403220e-02 9.378891045819937045e-02 2.254384938473434977e-02 3.181756900371914693e-02 4.800829991929463081e-02 6.969497208846914260e-02 4.372844903495581859e-02 3.563273375095710183e-03 8.372178102964867186e-04 4.694274687803726837e-02
8.054235153629951682e-02 1.283466519329080728e-02 3.033599050313886755e-02 2.219673813427469611e-02 5.096719016271655106e-02 8.694440600276172326e-02 2.872594810765623230e-02 6.368604882657107058e-02 1.663342894201421882e-02 9.154648662087497279e-02 8.020070005486315545e-02 3.021030138703319212e-02 7.257424502536578836e-02 3.578137953930043968e-02 4.934234792143289694e-02 1.689689461236332409e-03 7.212951010656254956e-03 7.545245297907077209e-02 3.827066084665987911e-02 9.934392988561603632e-02
