2.183157930308098349e-01 4.020573769043488815e-02 6.803115515811389291e-02 1.263526236543411341e-01 6.929927680811938384e-02 4.876877826862436455e-02 3.188527616261634806e-02 9.727530930856287394e-02 2.339268949201733089e-02 1.273213679501129514e-01 1.020502952018855353e-01 1.236938309629874583e-01 1.133497035960800425e-01 1.368644986424136789e-01 1.132269643833247047e-01 8.661912919955873369e-02 7.836991572527010619e-02 1.452780457117462953e-01 9.890665976609075427e-02 3.502626398640579231e-02
4.802828661583766201e-02 9.267045350771960233e-02 8.365347178440135645e-02 2.434008461857444308e-02 7.061802581993988082e-02 7.504383281026983038e-04 7.589110064624204899e-03 5.748665876032071909e-02 3.647324940214813349e-02 2.622171580416301703e-02 2.252425884626395661e-02 6.580439523947206881e-02 4.209859363443562569e-02 6.221156971318742707e-03 4.390167346001486864e-02 7.480299184855623840e-02 7.243782937680236234e-02 9.016365093389180907e-02 7.398402563897785167e-02 6.303632522051476339e-02
6.174675523427944346e-02 3.492445944219781107e-02 3.723223029138737067e-02 6.584296317382017094e-02 9.799788878944462600e-02 4.038862772293666525e-02 9.763688120398919534e-02 3.289390334882265343e-02 3.330439728791682180e-02 6.917213968663780965e-02 2.878274092053323733e-04 2.831730247617006077e-02 7.389127675486163727e-02 9.097461199666723175e-02 5.755541372707484969e-03 2.192911120724640173e-02 9.741801366908536819e-02 2.631233868339970597e-02 8.578807985768920064e-02 5.678953392698891239e-02
1.686473325888479188e-02 1.070112175986949292e-02 5.711456799836709536e-02 7.302263866457782415e-02 5.663998206563351095e-02 2.181407802270894994e-02 1.149539524290625961e-02 4.173190712665919566e-02 3.535295098832205024e-02 2.488287336693105825e-02 4.321152098223896010e-02 7.688874249611254985e-02 4.612078657922307617e-02 3.113422767997335930e-02 1.931579932087278476e-02 8.636828473862810662e-02 8.288111716444701571e-02 5.691257307114257202e-02 1.743130694119576773e-04 1.395416941207711092e-02
9.086011382569769701e-02 9.290051124736438404e-02 6.644889372218509838e-02 7.042388002421021143e-02 7.995156769554995213e-02 5.096191284192971849e-02 3.250573959901977006e-02 1.567698583211483282e-02 8.828423800634010651e-03 2.565059473406697960e-02 9.642477625257898921e-02 2.190253461628373366e-02 3.817144611550959271e-02 8.996010111207797255e-02 4.788279753230163804e-02 6.551810947497740956e-02 5.098020889866137356e-02 3.672097734225037574e-02 2.327906620924857783e-02 4.221688148382540980e-03
6.993587662961435469e-02 3.853680738907348108e-02 8.698573435238063367e-02 4.378834748352466999e-02 6.202245041704499556e-02 8.003574024167846301e-02 4.205256633809047184e-02 7.123503658071315969e-02 4.146879450652982135e-02 2.690954776383130964e-02 7.958091798120670718e-03 7.632690156134473713e-02 6.695757114746374306e-02 3.628981359175537103e-02 4.312469032325812190e-02 2.009606801279448934e-02 8.519044870902853228e-02 9.356669141431241121e-02 6.942752439030131645e-03 9.643341864253560103e-02
3.758710172187851393e-03 4.779852858550610872e-02 2.443291949805799501e-02 7.750374038028562916e-03 2.205567667963526102e-02 3.656974864849900364e-02 5.879022391741051297e-03 3.941870558944561564e-02 7.340592058219201632e-02 7.501524646677132369e-02 2.950296324213275406e-03 8.557832650928504092e-02 6.055546679120528408e-02 9.846042778133946849e-02 3.140344768769028766e-02 7.430847606047212561e-02 2.762474304086452032e-02 4.808429397432292807e-02 9.030075888608050938e-02 3.578282152246253789e-02
8.019754852424565428e-03 7.805069857596132199e-02 1.765490636916677847e-02 6.258898180467163674e-02 7.307968471520088355e-03 2.745410563804318114e-03 5.436110100361066233e-02 5.742259622256828955e-03 4.024828696181714099e-02 6.172774090169309835e-02 8.429531546491413063e-02 8.117440519588093109e-03 4.162495878803670890e-02 3.341842497526813921e-02 6.565024315285375445e-02 7.765471017230153594e-02 2.626232265701317070e-02 4.654367833185346637e-03 7.294805238631682509e-02 3.389470581280151079e-02
5.301455376726615931e-02 5.734267145879695660e-02 8.170780945749792079e-02 5.878304964403912453e-02 6.815369554351255466e-02 5.304771946621534423e-03 9.826437774082646959e-02 7.618646130196898847e-02 8.376895957611471544e-02 5.475848948828113821e-02 6.132599291847048995e-02 8.168296647905776142e-02 8.922078336768912710e-02 4.365953510597792020e-02 6.373117306973068164e-02 9.922435109172841883e-02 1.253386074262081810e-02 3.932861374614071009e-02 3.075630236174513657e-02 8.245599985908749763e-02
5.442724851612676384e-02 4.882242728813292187e-02 9.778250396131779598e-02 2.089717524866535614e-02 9.817600917464119892e-02 2.753030332359719667e-02 7.650565185993425665e-02 9.090847078918348756e-02 9.991730116699554243e-02 4.058981658510699836e-02 2.999079182000105245e-02 3.530241337098152105e-02 2.320215527368548955e-02 1.040028264161355770e-02 1.706541528758105317e-02 4.140734717684150384e-02 1.172939938108581541e-02 5.512400003114466263e-02 5.755674652067008928e-02 6.389917705999505204e-02
7.977204510397455095e-02 6.066022286781779654e-02 5.203464575676108872e-03 8.717528161731158409e-02 7.015720141839948409e-02 4.950435524760028738e-02 6.054253239547048582e-02 9.293625683255743453e-02 2.169138201946507749e-02 2.561866606818944542e-02 1.110529363135638430e-02 2.303999903839414401e-02 3.344700646620577672e-02 6.197608810943771446e-02 1.120295816101950573e-02 8.524313069462408077e-02 3.876170038078240870e-02 8.056971315302467740e-02 7.830797901960917518e-02 1.391874220700624158e-02
1.847430401422255411e-02 1.953649317502559324e-02 1.418428044780558651e-02 4.212717247831365697e-02 6.582645494892468141e-02 8.001455643432023312e-02 9.819238577680544991e-03 1.930286514383521349e-02 6.311245137828312701e-02 8.020983757007604797e-02 3.589175313963000134e-03 9.352893809078478837e-02 7.995538413735191197e-02 3.851609791167196623e-02 1.433241931774390659e-02 5.172583664103187762e-02 6.353581032511379512e-03 5.217730627842111224e-02 3.092869843064556534e-02 7.292220985090056007e-02
1.313133884522293959e-02 1.121510923335261589e-02 4.500657427504387020e-02 3.754506459301885229e-02 3.989079296723562623e-02 3.098575246356765137e-02 2.297849885345850870e-02 5.734756426796338430e-02 5.508934130439346183e-02 7.005701970002574386e-02 8.766243767681013155e-02 9.678711375575371756e-02 5.159032090803752912e-02 4.920675531343888381e-03 3.411488689342091762e-02 6.913720489318382623e-02 4.731620274676462401e-02 4.365948043253610467e-02 6.589398141564649369e-02 4.639365863670358303e-02
4.797917689755598625e-02 8.430673557461794421e-02 9.454179388252191563e-02 2.550796711365752728e-02 1.109859233115724313e-02 4.607167602097866910e-02 2.262868416366751317e-02 5.173536987704818041e-02 5.668704633228419110e-02 8.320365608325665241e-02 3.974072985381829626e-02 1.036255811307553766e-02 6.648033076077324022e-02 3.952585228993966970e-02 3.066752622729344152e-02 7.291796728390243648e-03 8.600173369921604652e-03 3.983450125568848560e-02 4.257333438994253400e-02 9.215103451241556110e-02
8.608107250391373866e-02 3.976707882801083088e-02 7.756120353886064578e-02 6.840592534361238097e-02 1.370147373201539148e-02 5.597151618001560552e-02 9.106571714573153190e-03 4.848504336527934000e-02 9.766330591489588708e-02 8.608939585852573573e-02 5.516607265388448478e-02 3.926926083369828430e-02 3.467966531745608066e-02 8.642061398531240834e-02 7.784135270630626602e-02 7.051941877963738281e-02 2.742993011702932193e-02 8.931644548227546387e-02 1.072870389600080222e-02 1.119076747821207141e-02
8.062239585567559930e-02 4.193272505945191964e-02 2.223080728134249270e-02 9.333277795944404376e-02 1.382306283319835287e-02 9.131081667189741569e-02 8.747970055073490958e-02 6.171625476013904710e-02 3.537315733834885123e-02 7.727840169106970324e-03 2.964163732105556948e-02 6.219977539184871201e-02 6.350687832317895853e-02 6.241686642698403287e-02 8.756053234747718239e-02 8.792038961179488021e-02 6.059712528626365335e-02 8.273047128056335020e-02 6.079169931551980932e-02 2.882332385690615853e-02
3.775048269613756700e-03 3.083235322392939917e-02 1.223692742898813135e-02 8.665176182083972334e-02 7.323703555803316723e-02 1.090643405640227132e-02 8.856949028528225687e-02 6.328521853207813574e-02 7.791189081208904632e-02 9.120685444782350437e-02 8.399170241994846631e-02 8.516843892316176834e-02 6.690517351896861642e-02 3.159354106057715716e-02 6.997723218261142630e-03 8.854088552708838655e-02 5.011538431276192640e-02 9.407416172029191281e-02 6.847029807705309890e-02 9.565231841085548858e-02
8.613123038975055434e-02 2.363645537391531257e-02 5.534561465806492331e-02 4.499514419771417917e-02 2.562858650665111957e-03 6.325304932804709686e-03 9.791899152788441363e-02 4.174875441792925967e-02 7.402245002380625216e-02 2.426282581657120130e-02 4.885852082208445163e-02 1.812015015181021177e-02 4.522605542349522612e-02 9.850210777674130169e-02 6.337082206453815980e-02 4.958680815840087880e-02 7.006186464067083730e-02 1.534759383685968591e-04 6.066533007040560144e-02 6.208740254519071189e-02
9.441143846560637320e-02 5.667388072759580592e-02 2.442275591074737420e-02 5.747298255729195449e-02 1.343850420056358352e-03 8.207365209659744920e-02 6.471637935031104849e-02 5.640926641616048759e-02 2.828443560746808638e-02 5.336297017433251633e-02 6.319285059770056445e-02 4.997212954689816966e-02 4.381506294750805997e-02 2.617577919845461010e-02 9.056870321790302936e-02 7.780662077061611948e-02 7.461866035047738654e-02 1.198329834133378229e-02 4.798238976938934419e-02 5.007276459960368492e-02
8.287095630305627014e-02 3.722309446930771940e-03 3.429625078376701691e-02 1.305981829947761019e-02 5.369745689340149619e-02 1.355216861825955278e-02 6.197591837796234855e-03 2.064557795293416043e-02 7.030377481177396692e-02 3.095945560522739282e-02 5.127612442475875526e-02 7.489010549844925257e-02 5.014810035087655798e-02 9.994779341466043798e-02 7.876767677452350958e-02 1.091950020128217361e-02 3.988264742308368638e-02 9.856853153634290154e-02 9.795808577451710353e-02 8.142695354821193054e-02
