2.949881558494866218e-01 1.590013883483182011e-01 1.583849873806367770e-01 2.299868646267594352e-02 1.090282780969582532e-01 3.670101037599952931e-02 6.441112068963997239e-02 1.130675144206662180e-01 7.147305358155357780e-02 9.034201903255122124e-02 9.636063227477101312e-02 1.006725805814546459e-01 7.069340925864835146e-02 4.499409633906563399e-02 1.247182546600855840e-01 1.051712301922338305e-01 1.108544481476122501e-01 5.637494431682529838e-02 3.272404322090530920e-02 1.226376056549978721e-01
1.496866582778738630e-02 1.359985049304975914e-02 1.096913070518553725e-02 1.721664529919340186e-02 1.485790914087106208e-02 9.181870060660443644e-02 3.063338905316727312e-02 1.343824168608333085e-02 7.104669949688993680e-02 2.688764277380365636e-02 8.545510481850659978e-02 5.375021782386127378e-02 2.885255827015154365e-04 6.482002746326513687e-02 8.232156742376550707e-02 2.148708975931104201e-02 5.874266802625859735e-02 5.918200471168030830e-02 4.663133654024465523e-03 3.864008283857692932e-02
6.780795973527026232e-02 4.442709701718307314e-02 2.883155903670220344e-02 3.855653147715653456e-02 1.385336596591505570e-02 4.608538386009689014e-02 7.928472680020762220e-02 1.101606683176109547e-02 4.348061906044312780e-02 2.886438530393356169e-02 5.506434780137750562e-02 5.730875825651052941e-02 6.171677877909820253e-02 7.085836752453794629e-02 4.658976812726459138e-02 6.120841768541151334e-02 7.244947893481096246e-02 7.303116499204058421e-02 5.607396251788874381e-02 2.590501758403702948e-02
1.330418202863109522e-02 4.316269033917827236e-02 7.099645455109036829e-02 3.668496956757616532e-03 6.200971132954399834e-02 3.794699765136541614e-02 6.217476951495087834e-02 6.111176696995175572e-02 1.275730930431998728e-02 3.537735682384839792e-02 6.771054297933269683e-02 6.091247842697399689e-02 5.330441398968285838e-02 3.808457023466588209e-02 4.466930549568191161e-02 7.477607619340251310e-02 6.173904756704735874e-02 6.350525182613012132e-02 5.153120184834424772e-02 4.750160300867174723e-02
4.537237228994751848e-02 4.948370316677255798e-02 7.102541470194503881e-02 3.441160712611368577e-02 6.013933702108164442e-02 7.683712040144081989e-02 7.354701838012089876e-02 3.570373454237325828e-02 2.305842137074757409e-02 7.567970159023262866e-02 3.781351665230477110e-02 4.300195580066005357e-02 4.012425864191847963e-02 4.037944119209806865e-02 1.578106910139323235e-02 9.431597151949179525e-02 5.452224101388785521e-02 9.599549616447448919e-02 5.331647157621413613e-02 1.092210806769086141e-02
3.625509988521600363e-02 4.465293853508400801e-02 6.964693554746885507e-02 8.086990357503409318e-03 5.299279110963348721e-02 2.380244074733413318e-02 6.325911686671921441e-02 1.158528931601415790e-02 7.173977859421847014e-02 1.342061482979817243e-03 7.021732537898651115e-03 6.794320213543657283e-02 1.209541852487073903e-02 1.247449732843932714e-02 4.552239402994676803e-02 8.339793529894243274e-02 5.184061538195125496e-02 7.906408732617714596e-02 1.901562027721790532e-02 6.322698537936063956e-02
8.772949334047722147e-02 9.156303434576712474e-02 1.746366987614450528e-02 9.027930393580003987e-02 9.164674212718557089e-02 2.880140183489023065e-02 4.647816352172651211e-02 5.758933617424913387e-02 5.065684884277495137e-02 3.140654030224315080e-02 7.865177417466759358e-02 4.694484391657194333e-02 6.602523474905945544e-02 9.856367340399174726e-02 6.299351527075310042e-02 1.981540812437953061e-02 8.582687762183260904e-02 3.328195414937403646e-02 6.476366441464946611e-02 4.596332630548336656e-02
6.687203347249684460e-02 2.054525221552747777e-02 5.045061155752363080e-02 4.605293673862609696e-03 6.104835881922191648e-02 6.688253064496096911e-02 4.498148639397579057e-02 3.801891786583021932e-02 2.413840733284911087e-03 8.771067591507485106e-02 9.223769019096642041e-02 7.616053256709368058e-02 2.744175030324646006e-02 6.171827460741115268e-02 7.059567690347262614e-02 2.669095199789688413e-02 6.957950052934744334e-02 8.653490337994029780e-02 6.150654237704311633e-02 4.878308383438335893e-02
8.728096997807655369e-03 5.793169032346447145e-02 6.694983955154026889e-02 9.322415792684379809e-02 6.782246626711760373e-02 2.329662558280785195e-02 5.472753980469550333e-02 8.328953841350750231e-02 5.718020503354216688e-02 9.630563109069102679e-02 6.434804192926561750e-02 3.341293199932037633e-02 3.278880702958401200e-02 7.112822847964013484e-02 9.490710973965391095e-02 3.761351787430087384e-02 1.010794297718274962e-02 4.844708153204149714e-02 5.749146973687618151e-02 5.245436265913582669e-02
8.728742811227221954e-02 4.918829581394897066e-02 9.658613910825864304e-03 8.430765517257307606e-02 3.180575675563174221e-02 5.756504075926371922e-02 2.979200569530092782e-02 7.541404293100159584e-02 2.280147962560619048e-03 8.393627839077245911e-02 8.124968831430923188e-02 1.396897784313011481e-02 3.479387636696503611e-02 5.660129854878828692e-02 1.300253857185147514e-02 3.890711060693827217e-02 7.461326877297925174e-03 4.285359774111530129e-02 3.285600832039651392e-02 7.161763415919712716e-02
4.150562221478953234e-02 1.368717155830334728e-03 4.797040592067609854e-02 4.531319186450236819e-02 7.410292937953930070e-02 8.098578237079114006e-02 7.242339337387557197e-02 4.550401398956674393e-02 3.778023809472189076e-02 5.580005128861476038e-02 1.518179041731465562e-02 2.733244009124519147e-02 1.764353905687199471e-03 4.611642773898059350e-02 6.621321496542058316e-02 2.907930071364946134e-02 3.382297995133001084e-02 3.177668976496481751e-02 5.261292087174491983e-02 4.627177569978784683e-02
4.377205943463080562e-03 1.059558981411233905e-02 2.040261601915429809e-02 2.980177282241613934e-02 7.664489355171949514e-02 5.425474638399060967e-02 2.775444890306908580e-02 7.096066804924650202e-03 5.053018711061967733e-02 4.235311588034235131e-02 3.627337248239237422e-02 3.827499484934211715e-02 9.998273445975439100e-02 9.579848035962312824e-02 9.318940358798594170e-02 7.349652133907082219e-02 7.682329191726239292e-02 2.361688709110927598e-02 5.776281865749565564e-02 4.725478850732944130e-02
5.922275365008701498e-02 1.876101326093745567e-02 6.418716786204528568e-02 5.875589543435886380e-02 2.180908390009577216e-02 7.245845851017103378e-02 9.745763756194106286e-02 2.175851238380402050e-02 9.879351700155435123e-02 1.205933578698224068e-02 8.429241537678087981e-02 7.036407397321951807e-02 2.946537250731661242e-02 5.797195728093207379e-02 5.902255284219298098e-02 4.410220867103416265e-02 6.945632658129842485e-02 1.806735004385512378e-02 2.272706679106678562e-02 4.573662645061147419e-02
9.541132941275159984e-02 1.560679885276795680e-02 7.669653353058819567e-02 7.663557181672900342e-02 9.892743450548940887e-02 7.857836250092715968e-02 6.596322962973043269e-02 6.940014468523179880e-02 4.910251757750375839e-02 4.275490612802725077e-02 7.999414897433981819e-02 9.707368911413239224e-03 2.037870067176973665e-02 6.542179568600794970e-02 5.273309747268781211e-02 1.840898900547477401e-02 8.103973211754833539e-02 9.425411903459069568e-03 7.371064369624101553e-02 5.464671318092922253e-02
8.409521967168905043e-02 7.034521573498490887e-02 2.746402071986277227e-02 1.096752568295517039e-02 8.896214728867468668e-02 1.109823994349794576e-02 9.082030280204834646e-03 8.980236506468544655e-02 2.236943514546442524e-02 4.502209754965117577e-02 9.901305045525665705e-02 1.275751404320093520e-02 1.400635234832335943e-02 3.099174429049385282e-02 1.278441024956482666e-02 4.604452050828126281e-02 2.174687348065532794e-02 8.306913587988343228e-02 1.439925610016085100e-02 4.909774536087673641e-02
1.208227203817747834e-02 3.904436155465506458e-02 7.877765196771539802e-02 6.559870877659672306e-02 7.836362456673889865e-02 4.802964468411290849e-02 6.331255744477737313e-03 7.079213353535881992e-02 4.540151700167698728e-02 4.221859979013543873e-02 1.101898055588529379e-02 2.961609073079553289e-02 4.737867059328649405e-03 5.999852413291781317e-02 9.253213864189198390e-02 2.460916418748142556e-02 5.091410626025436731e-02 9.327018744215824497e-02 6.215584001149454529e-02 8.534930995657637187e-02
8.840477933666856733e-03 3.632320894584221277e-02 5.615495968922571551e-02 3.205560055221653298e-02 1.253751526363788837e-02 5.797185567357923675e-02 7.972356874350300382e-02 5.802062315770713241e-02 1.299912378407515161e-02 4.843762361948403955e-02 7.315540025521306139e-03 9.651765037883106024e-02 8.828036356445528865e-02 2.703161700966916214e-02 9.686072228208376239e-03 6.838868145202468829e-02 1.335388238469144111e-02 8.022113804294984940e-02 2.642102249701737751e-02 5.838556632351215442e-02
6.410189232326322928e-02 2.121952270550752154e-02 7.097780153081574561e-02 9.713172238016654081e-02 5.857266287817545353e-02 7.483400760565439916e-03 7.803700124266554905e-02 7.872317006312219700e-02 4.514483688768614750e-02 7.741765153476824757e-02 4.622895477142590498e-02 3.479091032372617909e-02 5.019020867622456944e-02 1.216789189527838280e-02 7.477928224184143824e-02 8.600148894020798185e-02 1.648969121591248484e-03 4.279738958253076660e-03 1.698606041362772309e-02 4.405822108792859654e-02
6.391638052938318493e-02 3.402797088432519060e-03 5.421130351102368405e-02 7.939287482526553863e-02 3.309198970859087569e-02 3.396253280728900640e-04 7.997326311165998958e-02 8.307504713966099019e-02 4.805368267804996374e-02 2.911200723662730333e-02 7.431824642166268147e-02 9.395410069512903639e-02 1.502806758928235814e-02 3.402464315024959080e-02 8.667264525180677637e-02 7.162444356611906426e-02 4.497101037182104494e-02 1.722385119826118707e-02 7.342677905336547628e-02 4.811315845136440728e-02
3.847266778563899342e-02 8.985913029685821396e-03 4.909142378321765948e-02 7.782486176563606362e-02 7.132202024098897863e-02 3.880601873311529011e-03 1.928194246459766920e-02 9.527593550247112630e-02 6.262722414672558524e-02 8.898163626720521913e-02 7.009878284427788209e-02 4.931506288491922796e-02 7.861487360133372071e-02 7.586358102028299688e-02 3.309834174972542398e-02 6.037396513511017471e-02 7.821653948855550320e-02 6.722890460998321577e-03 9.874049650282847035e-02 9.701746835758696952e-02
