2.188185651580835112e-01 1.509851819005787465e-01 9.831212868666910909e-02 1.486031628628461942e-01 1.033220956061499662e-01 1.418112528052739574e-01 5.121681157243410110e-02 1.056819491837459879e-01 5.484096040671529448e-02 8.970681990203288603e-02 7.717877378561269208e-02 5.167656427789611012e-02 4.182500597641025664e-02 1.322497330669065441e-01 7.758682441227235382e-02 1.073712415935112185e-01 4.678514150363542734e-02 1.071693371716111731e-01 3.036692663019685545e-02 1.318210386663380695e-01
9.691562029461733840e-02 9.774224756379980283e-02 2.893775074412893375e-02 9.225196490183877607e-02 9.822771250230412018e-03 1.390913780895862775e-02 6.764297936967560154e-02 1.293766946908443509e-02 9.678363342711304718e-02 9.906572694889737019e-02 6.763644633098865599e-02 7.346153795211456117e-02 8.121150435354365649e-02 6.135238102876449523e-02 5.749991877044158956e-03 9.272882466809459490e-02 1.957029800857895685e-02 1.644859035417009160e-02 6.617295566395868522e-02 2.755856651019080936e-02
3.650889500741945348e-02 2.671409300400562521e-03 9.090593221260212520e-02 8.290944692667551186e-02 8.156199775664436935e-02 4.643599660100902748e-02 1.965714441502610862e-02 3.627233508727889522e-02 4.068178988254481099e-02 9.378474842897423225e-03 2.235066960956745563e-02 4.306760493092686576e-02 4.760969509858484910e-02 9.095277227066306258e-02 2.848765157285996358e-02 9.263415342194315782e-02 6.602461997157826890e-02 6.027552991653062874e-03 9.123766394605531405e-02 5.016707065019201939e-02
1.385363733964326688e-02 1.198614002865146071e-02 9.209737292002324882e-02 7.616897519645478287e-02 9.926913115730388870e-02 9.883056029640652218e-02 3.489532278125575399e-02 5.170732315353602365e-02 9.565420735308927114e-02 8.841544843117332686e-03 1.435560556986797964e-02 1.116435699672462326e-02 4.091848603952938368e-02 7.134911980645280982e-02 8.456251247075383115e-02 7.716947075118545107e-02 5.338947438621721719e-02 9.499728118799710685e-02 1.218837692908970698e-02 5.107180036405589013e-02
7.149222530390121622e-02 7.564555007402937181e-02 8.394630975546459040e-02 3.002625939627365931e-02 6.140436372821775346e-02 9.969554786308937322e-02 5.116221642678998871e-02 3.818494819902956694e-02 7.755396426209693050e-02 1.631416528372647834e-02 9.946597781270323513e-02 2.752417805339209267e-02 7.702443845949931422e-02 9.549292904697034845e-02 9.396866764645689374e-02 9.856058558115118884e-02 6.089008789105058300e-02 4.076305876885304852e-02 4.395217335209366388e-02 5.405924837105235276e-02
8.374546047199075971e-02 9.323294323450063981e-02 8.275009241398035079e-03 4.062566384392810037e-02 3.015311431228586900e-02 4.622748196970991735e-02 7.218309882427774438e-02 3.675933816116222497e-02 6.266254441210467041e-02 5.173138435638591909e-03 7.437132047070342533e-02 9.658724584872543928e-02 7.031811657188617726e-02 9.554987889381022503e-02 1.313598820594649198e-02 8.018140461725023482e-02 2.053983325176709368e-02 6.859124884065996575e-02 3.346628898594407320e-02 9.719340917301964866e-02
8.571011449784546321e-02 8.498421295500990791e-02 4.928816694586351382e-02 7.255487436086028100e-03 5.723215271884252338e-03 9.459167920715516945e-03 5.454871863196020243e-02 7.670815934546115766e-02 5.505249134196356364e-02 6.974965992403421577e-02 9.582901531069115686e-02 1.193032279773826969e-02 3.125819447157707209e-02 9.214499452030404381e-02 1.574951445886279069e-02 2.803869651009278929e-02 8.774881687955886356e-02 2.250774163464154543e-02 3.114432308209593922e-02 2.635864762457112986e-02
3.384335722196444435e-02 6.393994248662940305e-02 8.866868803963035006e-02 3.010389539483792135e-02 7.059507932525743712e-03 8.217265940686525882e-02 6.505663551694321201e-02 9.318580801957429549e-02 2.442591997761822675e-02 3.996540801247966401e-02 1.881417086499159860e-03 3.493887475744380383e-02 1.296545067008825214e-02 6.679162493025896097e-02 8.316714414277737166e-02 2.610612853094234145e-02 5.056097766936783894e-02 7.503763537612140322e-02 8.579749818026216612e-02 2.102374965671255369e-02
7.281292409398019971e-02 4.533549728775573828e-02 7.973123119416550275e-02 8.211353324073589199e-02 2.216246718053215339e-02 8.241278214867910068e-02 1.286331507601656821e-02 1.234582095754429600e-02 5.099672183219534916e-02 7.754653803114452959e-02 5.881700656938747968e-02 3.569987176888078650e-02 9.245768704577367325e-02 5.962623798550248724e-03 7.917550659919855849e-02 5.306929404100985126e-02 1.616868304681066265e-02 1.237347373220654221e-03 1.215603283432487112e-03 2.971992379314878502e-02
5.325591362614127272e-02 2.825396132628445189e-02 2.197244892679297776e-02 2.701355882029743416e-03 7.720648374382781121e-02 4.310185600680850604e-02 1.674901889745638098e-02 2.497351013081493612e-02 8.778409433639511317e-02 5.154075415344755440e-02 5.647422916083010697e-02 9.388703844476711802e-02 8.432980947658350046e-02 1.306646181826827229e-02 3.352980719228138180e-03 3.992222934884524094e-02 2.030100904690227553e-02 9.397612215453092499e-02 4.660837441253972563e-02 5.195832823552749835e-02
5.567945491873306507e-02 3.478209867036868158e-02 5.553538756663942838e-02 1.613698714488343055e-03 3.597315303366049877e-02 5.398228366759399988e-02 8.445319879692059217e-02 2.520708478279994058e-02 3.081901620290315030e-02 2.698864120318007764e-02 7.708198284501435738e-02 3.828524633119079548e-03 1.429105619404506117e-02 9.710989932247061397e-04 1.499847933755816924e-02 5.442227144376685088e-02 9.512007165634975281e-02 7.250870853561305895e-02 5.210188485693248439e-02 6.290061358296201999e-02
2.269189556360675861e-02 5.176438479131010434e-02 4.333190530096445170e-02 4.228162870442040561e-02 7.152663373844253547e-02 9.493325430330451509e-02 9.510713108906164448e-02 3.362555589660128769e-02 5.253249521405511935e-02 4.286138172082479963e-02 7.502135109114249634e-02 9.147808385345165827e-02 3.818334606715894503e-02 1.588548966274386937e-02 8.334222753970410916e-03 5.142207617778069006e-02 4.565731819379371947e-02 4.025517109810572425e-02 1.218392804232498738e-02 2.424329082008448710e-02
3.478615948826557780e-02 6.081699524129222101e-02 3.858274855238762874e-02 2.511071343235526943e-02 2.561816018419042079e-02 1.004009752857386653e-02 8.317532676515249079e-02 2.901257226006277723e-02 5.258594473224711963e-02 7.932578084166443111e-02 8.341450197970987079e-02 1.951434289707315584e-02 5.570801594058377715e-02 8.499037441275084093e-02 9.510240117189183717e-02 9.271503183699819628e-02 8.971688576495194523e-02 2.686662278472894475e-02 6.245319114790784387e-02 9.003372912274543172e-02
6.796443125588770562e-02 2.990201393219965587e-02 7.307418798606413191e-03 8.957642622892254824e-02 8.587273305951770297e-02 8.584794994898692355e-02 3.153063730383320190e-02 2.203210929750661073e-02 2.191681883164926792e-02 3.747868762571953533e-02 4.716725436735316745e-02 7.201124919894162646e-02 6.530903447220547109e-02 6.144472628331967834e-02 6.342908374943447003e-02 6.180056083081735679e-02 7.217091300555462940e-02 8.911943082480244804e-02 7.462667662500953314e-02 8.710659460727004921e-02
8.201695993776283999e-02 7.931628303274301794e-02 4.793172610734459937e-02 5.075049090064331914e-02 4.082768392212352687e-02 4.050575842604268312e-02 1.860837490362329469e-02 3.672184238701271808e-02 1.053745723610215526e-02 1.321781062723364000e-02 6.575570265843578253e-03 8.252131442472659950e-02 7.883837024444556585e-02 6.360289375067144924e-02 9.273848752372415571e-03 1.521609465253928074e-02 9.525794481798247060e-02 6.848323203366646350e-03 1.993895749282094398e-02 6.695271789143875107e-02
1.015711012909777979e-02 1.935222546920838463e-02 9.320007285787910989e-02 4.948499742472233648e-02 9.463822086588542792e-02 7.922588222119780754e-02 3.118220260985346201e-02 8.818318620689366560e-02 6.746689208752810335e-03 9.392824158981477600e-02 4.002793369632733772e-02 7.238459222355685119e-02 4.716917566073343393e-02 1.876930471224473942e-02 2.888582373765389427e-02 5.223659080996770343e-02 8.227995133547761492e-03 1.007391885167874387e-03 5.350473916199093710e-02 5.678457303442124154e-02
6.255728398206622520e-02 2.931517549876824433e-02 4.897573450396813799e-02 9.717916343546881275e-02 1.772542845700404365e-02 9.208513633119144726e-02 4.048119585225881667e-02 3.683673217976998066e-02 3.407692932479250425e-02 1.809859099322175258e-02 9.214789416791335785e-02 3.462357713774244505e-02 1.781805988871108110e-02 9.192961294966311980e-02 1.050769052622439054e-02 9.798007718569437530e-02 2.595824876998620301e-02 9.561494338158171846e-02 2.340580140531491049e-02 5.696831677499303477e-03
3.142555496167059176e-02 1.488244972359464976e-03 8.852538771011722596e-02 3.846694426198787875e-02 4.816756644247736224e-02 5.681240570402599360e-02 6.145348950060672971e-02 1.816877259272523665e-02 3.115478886335845340e-02 2.648195772527269995e-02 9.983017805656627108e-02 1.796997481904430080e-02 8.289669627838629207e-02 1.241455490730534322e-02 4.211656821727194464e-04 2.302584378146885907e-02 6.231551905179075201e-02 7.663891433509054107e-02 4.249478028244906697e-02 1.237086621554501879e-02
2.929541372421171769e-02 7.598772596949472657e-02 1.058010296748432971e-02 4.208314409159719452e-03 6.481396717558689236e-02 7.706441649325003473e-02 9.895905664205342789e-02 1.328265939115720433e-02 7.282303458258310158e-02 2.500855860265934968e-02 8.096126707622113006e-02 2.671225467869160763e-02 2.688419912297316389e-02 5.536999953284258563e-02 3.205919828429720092e-02 5.681026110902229198e-02 3.563214717311103188e-03 7.066327221658058599e-02 5.043431925545180383e-02 7.388039299332276044e-02
6.055589821129293837e-02 6.342492998037667362e-02 2.161569220119254064e-02 6.087855329947932520e-02 3.408658396825897663e-02 1.875235672524494523e-02 6.792831656729449163e-02 4.747574783158541728e-02 6.091556123738355727e-02 7.700427403471393761e-02 5.369644925274930265e-03 8.696525003824771838e-02 9.100306635557170454e-02 1.107213878577760838e-02 7.814732617475980692e-02 1.612285182266978353e-02 6.597022302677295336e-02 4.806649470803821267e-02 9.885986935092004602e-02 8.413322154778279591e-03
