1.609294455333279972e-01 6.328280097073320232e-02 1.056300731458531539e-01 8.830002897464550582e-02 1.026224833920576784e-01 2.998769534272090198e-02 4.830271124765776053e-02 1.049537452745104571e-01 1.378286736026571591e-01 6.495447910863449970e-02 5.189097726721908499e-02 8.559589781429316480e-02 1.574389724029770510e-01 1.034188755756829808e-01 8.460383023950682202e-02 3.505557126214610408e-02 1.001720741198409981e-01 8.520873051105197493e-02 1.449292132099251340e-01 4.529379709744074667e-02
3.131474721721696358e-02 6.113641293210269473e-02 3.005760889524249427e-02 1.592848279076417711e-02 9.472235933650952067e-02 8.902872878054890124e-03 5.689231044512756130e-02 2.128967835613229317e-02 9.891213246437841056e-02 9.962258925272297894e-02 8.876039709961951185e-02 1.615181060547133882e-02 8.381312895557506415e-02 8.678899194905932007e-03 5.930972555903948895e-02 7.103952586539166725e-02 6.737275927503313944e-02 2.847120174677064772e-03 8.476017643480036889e-02 2.066302345135290208e-02
3.546820356466712232e-02 5.856704404071355619e-02 5.636794273670103078e-02 3.088136848291020073e-02 2.746296651650748100e-02 5.073780618973301737e-02 2.302258217588892819e-02 4.842923861080233178e-02 3.716567191883204252e-02 4.332998255690420630e-02 7.119696490969087965e-02 5.281343151351820808e-02 9.624276703602813177e-02 1.378216581280122864e-04 6.646990780103792518e-02 3.640606484168005391e-02 2.546479024887320433e-02 9.895966796731583970e-02 6.114276543016271964e-02 4.481826042400935406e-02
3.081447805721032607e-02 4.685722906113098246e-02 2.097346868713267920e-02 3.530034337468681421e-02 1.707716103184930834e-03 5.540405213413693297e-02 1.245675935212853247e-03 9.227633257443637604e-02 7.039645186889807726e-02 6.422084005027205167e-02 7.666133589908190327e-02 2.988894970785348562e-02 5.681135081134994907e-02 1.598683079889305983e-02 9.441084791394761810e-02 5.599642385635941744e-02 1.596253857382667896e-02 5.169334273947499142e-02 3.757037760808904642e-02 9.948514337395308882e-02
7.584509677176710235e-03 3.502072547173892131e-02 7.827307894273087541e-02 6.138381528731295944e-02 6.077779625543272557e-02 1.857694281635697761e-02 5.954442717223456388e-02 1.821717929256776516e-02 9.317173837305309236e-02 2.540283132601578453e-02 2.290999915994925903e-02 2.446564771605519439e-02 1.862255632891507418e-02 6.021947891710815320e-02 7.064987663177904609e-02 9.707181245677928838e-02 9.332618155083745315e-02 7.008848760391543642e-02 2.767667287556554653e-02 1.884996596611665564e-03
5.416636779624786624e-02 7.747421250096520051e-02 5.449273553016042992e-02 1.819969133400329772e-02 6.845382223656205217e-03 1.910078603438436539e-03 2.229291962368057378e-02 4.975571101249198075e-02 5.946080276461684910e-02 7.567065543581896758e-02 3.430514221165279626e-02 5.453851251416080154e-02 9.842208444891525909e-02 2.962261088166407222e-03 5.535788103310491926e-02 6.226497313711398807e-02 2.820849892498122902e-02 2.826154857238704146e-02 2.371520934470625758e-02 8.292087305831567778e-02
9.641547403898247104e-02 4.152745736458302028e-02 3.060791549504826570e-02 6.864902382999196750e-02 8.926138743735280087e-03 3.802353198049021610e-02 4.512884812712666949e-02 3.998121462951312322e-02 1.678498966574951817e-02 7.145754349414443207e-02 8.890965264173959770e-02 2.885170660938878376e-02 4.275981390537077209e-02 2.466139093004529256e-02 4.006672723726979746e-02 1.313349576123110790e-02 6.652252959379316433e-02 1.728995050570564240e-02 4.148610395982708227e-02 6.647258916394450934e-02
2.496295428522245230e-02 8.432794291132719722e-02 3.542951043413289478e-04 3.434248508138067896e-02 2.407994598721845472e-02 4.416769086028197316e-02 2.064049616177798981e-03 9.522957030511691734e-02 3.883520999920754557e-02 7.731033327477124240e-02 8.755167298862454039e-02 6.718483188079671375e-02 2.585670565924171049e-02 1.073301530208411493e-02 3.378108200798320138e-02 3.092018376603819160e-02 5.143418579795865780e-02 5.963005164199509933e-02 4.514687713571755023e-02 8.832267695388079654e-02
1.164767440833283131e-02 7.594040876709283461e-02 5.151382757130952561e-02 9.761121584874143942e-02 2.814432158124046193e-02 6.876722979870478203e-02 4.371841590223958518e-02 4.695394655348539628e-03 4.764084588267947229e-02 6.964269683639452702e-02 1.220215777962900885e-02 2.921292886890014800e-03 8.512485993735334489e-02 2.100522627696149724e-02 2.052458232335713229e-02 5.846104115267145712e-02 3.747657093367545017e-02 6.239751672644956726e-02 6.677472980483692422e-02 3.279395613227433642e-02
2.427601041119390596e-02 3.343814766214393830e-02 6.840089557410196364e-02 1.293290960774334808e-02 2.073780297490899344e-02 3.549213062856001327e-02 7.510950423102626117e-02 8.313319735733171872e-03 2.844126851462151079e-02 5.520137581432576351e-02 2.889488729123594959e-02 2.039532847426490936e-02 6.379556487601268158e-03 4.232531182122591107e-02 8.017289870659683598e-03 2.364722995559766228e-02 6.493350087039508056e-02 4.072743078316415355e-02 5.425419965570200086e-03 5.574918501490356074e-03
6.767140681357329546e-02 3.728684858106429134e-02 2.722585474840059222e-02 7.281844416356604566e-02 7.514123953177656579e-02 6.963799093221280379e-02 2.775722716302965465e-02 7.910881472118337296e-03 2.535658611003889507e-02 4.260957017909259431e-02 7.400460318409401994e-02 4.927296894913693603e-02 6.696420298067128074e-02 4.437788590309245385e-02 5.436729022389307636e-02 6.719101452722640866e-02 4.596283248857036159e-03 4.283399579859054063e-02 4.815763642242564674e-02 7.373804141585391103e-02
7.176325425495391763e-02 4.148670934485514800e-02 8.090041577666649830e-02 2.054842317680338933e-03 5.827057066649252159e-02 7.322039682886100076e-02 4.129365372022628794e-02 4.942922140517363311e-02 2.676883025695353741e-04 3.229151806176439043e-02 4.446996791932150694e-02 5.704950274701963558e-02 7.617135260207236191e-02 5.717183411110622615e-02 3.542139067252814133e-03 8.530969246946046303e-02 9.429473205625416021e-02 5.861369361687092383e-02 4.391713052208643525e-02 8.930867965621186455e-02
8.789169404821484122e-02 7.792644936652526333e-02 6.880210530516614464e-02 2.051717633856481315e-02 6.180222053102200214e-02 4.223261717096600532e-02 5.883317916993555802e-02 2.605557398325807419e-02 2.269724739226569588e-02 5.065469063483729953e-03 6.031763876875406022e-02 1.461529793052984694e-02 2.305764944560393520e-02 8.457291595427141040e-02 3.875423602740527690e-02 5.930270349807842921e-03 9.212929471409696258e-02 8.186036984299831232e-02 7.520831618998494172e-02 6.527092296069567090e-02
1.939391595692366993e-02 2.639057220221033978e-02 1.578364240267882265e-03 3.565806538355074246e-02 2.583206712362548160e-02 7.472229840777644926e-03 6.444164695894410988e-02 3.060055182204935061e-03 1.696145132917381559e-03 4.619407344837787172e-02 4.974159927301594064e-02 4.849631729730186514e-04 7.158937661226920379e-02 9.690658352607951775e-02 9.894968992997410506e-03 3.676955254896715347e-02 8.272782518143477481e-02 4.351148288101974043e-02 8.298133532009972779e-02 2.390989564247533380e-02
7.560220267503769964e-02 2.185036381538761965e-02 7.350466443179949627e-02 5.941943802938798314e-02 9.018831002354103787e-02 2.527905543497983853e-02 7.280501496381941440e-02 1.758159946231724335e-02 5.119859779584071818e-02 1.650132609726285768e-02 3.766150505975412316e-02 1.690466776412409208e-02 9.966511182606949126e-02 9.447306945708093540e-02 6.464902450841192305e-02 1.968109836627260009e-02 7.530478191542137878e-02 5.496900312270356498e-02 9.070632998328105601e-02 2.204597184569178150e-02
7.804834551254263841e-02 5.532593869670841130e-02 9.642574575801551862e-02 7.812662354799865261e-02 9.925240311415506334e-03 5.572870746195485170e-02 1.753419025307839663e-02 8.003229523025456871e-02 2.853152698135870413e-02 7.193049449392273365e-02 7.828065432476215280e-02 5.378762288079193266e-02 7.382244819586557261e-02 7.542740916723715550e-02 5.546952659057455964e-02 4.541516486311208967e-02 7.591710145101143725e-02 9.038887540542241139e-02 2.314926708224110050e-02 2.847876382897549657e-02
8.362455701800303176e-02 7.631141680809158667e-02 8.439742623815493783e-02 5.083102220771826274e-02 2.373112130545962373e-02 7.468693608005821938e-02 4.146543364543842092e-03 9.664630169616118469e-03 5.630987854856918384e-02 5.775127649780906203e-02 1.772489843467260975e-02 7.494665166512391730e-02 7.510524351034038315e-02 6.188734892802399967e-02 8.113356869664176130e-02 2.527911165005337912e-02 3.604493234737982370e-03 7.468724565312902242e-02 2.618820116577239704e-02 3.660174984595511438e-02
4.486772464267851923e-02 6.596382011234533382e-02 8.560864195058875969e-02 1.882081403132349756e-02 4.433895402608827724e-02 3.075583299101644283e-02 5.957991484323810205e-02 9.447566667260946793e-02 9.704536598774704537e-02 5.000811155820999304e-02 3.757505606272748544e-02 3.589500013380197280e-02 7.879531434379496990e-02 3.183513717978370128e-02 9.040232543687971856e-02 4.247100625129736351e-02 3.767905641367942648e-02 2.420854715063901555e-02 2.386094919351891205e-02 5.674924906160804666e-02
3.645527532196329856e-02 8.582798491358141491e-02 5.016396826876558246e-02 7.495339472010077025e-03 7.530765957675850109e-02 5.361013410833904980e-02 2.040287382491034942e-03 1.766079726792996185e-02 2.311433323278988539e-02 8.064439058240889524e-02 3.322151747900168456e-02 8.813035148205872193e-02 3.019147139021505482e-03 7.690844773819427438e-02 3.326442087776892292e-02 8.689318606957407987e-02 9.754643476707081096e-02 4.828115385672379634e-02 8.348282982049359813e-02 2.148542798551770355e-02
1.197613115035094447e-02 8.599159621358011540e-02 8.128048388220571185e-02 1.456985278204867701e-02 6.906836381531518410e-02 7.332241457959537412e-02 3.163630799919200237e-02 5.473501301112466966e-02 9.819646304394340219e-02 4.006971329908837198e-02 3.331722134284925696e-02 7.470092075058687442e-02 9.300259144097067221e-02 8.923765796600124922e-02 4.813367095976037874e-02 5.603020510698560053e-02 7.946992828695596811e-02 5.015316842645718698e-02 6.395416276241565334e-02 7.005378804373282864e-02
