2.377261007866759979e-01 1.309969721668514109e-01 1.044431292035330194e-01 1.091669908373596315e-01 6.489282000622782764e-02 7.741800462957600104e-02 7.910481070800695624e-02 4.191910625435758819e-02 1.008562792342587999e-01 1.031601511116210790e-01 2.875859743778001049e-02 1.259198247133974657e-01 1.052063587018091106e-01 6.693863338297645349e-02 1.265360454655093669e-01 9.628124249346033114e-02 9.963284267480490564e-02 1.096413029090017033e-01 6.937950741950071887e-02 4.408836889723852931e-02
8.633872812011052222e-02 4.441159571219044366e-03 5.296954796765188100e-02 9.222741712957938098e-02 2.995550689223484137e-02 8.520533686107037430e-02 5.555552181691101460e-02 2.328294392411313363e-02 3.639326708365802493e-02 5.641519125583310812e-02 9.199844595053757734e-02 2.357612907371628083e-02 4.422670087080129986e-02 8.392641832014985370e-02 7.319932501967596483e-02 8.353006676220361970e-02 6.719749334078978231e-02 7.279333815501393135e-02 6.396441540995334574e-03 2.940678077699447959e-02
1.907225750382633006e-02 7.048352113747558163e-03 6.381114683418372124e-02 3.907072068375710971e-02 3.105260715203602903e-02 8.790138828078647437e-02 6.141360054231632948e-02 5.203618062808598732e-02 3.374855842622143109e-02 1.926026476237978693e-02 1.444755846038181524e-02 2.523913896131827622e-02 4.327311785434578145e-02 3.417320180263701268e-02 3.071133401954052877e-02 7.513501126485117032e-02 7.577607418262027883e-02 7.731914786460791778e-03 2.416385324732905904e-02 3.401365092205295426e-02
4.347895136019696433e-02 2.995046591161820791e-03 8.700365131539072872e-02 6.811141234292493463e-02 5.355320214142215290e-02 7.672086250798069995e-02 2.398585467818931116e-02 9.614240982672484642e-03 9.199314574558020707e-02 5.741829853233079706e-02 7.815377630360852146e-02 8.460346806626314886e-02 1.154640689359112161e-02 1.451767737353090205e-02 6.509878829924888033e-02 5.339920746924248229e-02 1.065219927484925035e-02 4.701218242164043742e-02 5.698700356656771944e-03 4.248884680168732442e-02
6.235740213278733596e-02 3.975130354784268960e-02 3.958639491064579879e-02 1.039676808553763321e-02 2.575031599303043844e-02 4.146030565989709121e-02 7.559688791707341871e-02 6.417165904238612828e-02 2.582134125585749951e-02 4.342420508980351923e-02 6.787602167245283813e-02 3.321056838865486111e-02 1.505084053472878318e-02 9.987708481214108147e-03 6.499410923311575716e-02 8.850695660253407593e-02 6.028353594922312292e-02 9.650547815150775643e-02 6.806720479184225764e-03 1.152878656072355880e-02
5.851884516715676748e-02 2.632683884309942185e-02 3.386543885675307591e-02 8.305146689679365757e-02 1.053464096279025514e-02 2.333622149016070443e-02 8.045251247890085333e-02 3.132113979403888110e-02 1.557825897304926377e-02 4.810234813972822515e-02 4.373875439752822336e-02 6.124703183734421519e-02 9.900747860990127824e-02 4.815037185638933181e-02 4.789360920577868941e-02 4.722536676385969204e-03 7.031071662372848086e-02 3.746319477135021808e-02 3.603171761158974196e-02 7.647099723930884940e-02
1.639303836689362179e-02 3.047591263843707488e-02 9.894764928127769421e-02 8.586251728881923173e-02 8.827375657131354691e-02 5.291246689846016565e-02 3.695155355008356013e-02 7.159848541037558411e-02 4.192242009612937720e-02 7.569744168352146585e-02 4.154792331866172250e-02 3.750582631083104745e-02 3.270800927562265287e-02 7.870047891727501022e-02 4.588881425019683546e-02 9.718392357098333545e-02 8.615378497963527282e-02 1.523036508229361902e-02 6.019077549334516525e-02 7.589331724859654793e-02
7.662943305878526512e-02 5.391363878353772239e-03 1.149169156742125934e-02 6.167619417834688950e-02 5.103244357024073335e-03 1.954445786042148525e-02 2.550403383315105396e-02 3.092395669924665955e-02 3.772203241252678613e-02 9.430956124573584842e-02 4.947137048717158841e-02 6.989688161251293719e-02 6.055459468284840607e-03 1.315637922029001643e-02 1.424102571417694765e-02 4.711879348028336599e-03 7.090514163483650767e-02 1.013892589044472839e-02 4.169339109721965919e-02 3.662609199995381370e-02
1.122929617888729359e-02 6.029659489606495337e-02 7.951898490027964339e-02 8.536705331004283692e-02 2.689542272124686648e-02 1.960941941312199961e-03 3.167224208985042547e-03 5.770596590149548732e-02 4.059654233652410134e-03 4.107563366821214562e-02 3.414660523923678664e-02 4.299690247733589654e-02 9.339382419326171247e-02 3.396571811210270797e-02 3.564792661904521431e-02 4.523388397187086407e-02 9.287742418915782838e-02 5.712557158349917258e-02 4.897746352376139423e-02 1.065194528930352158e-02
9.768423505420978370e-02 8.849929015210213079e-02 7.760828201727399539e-03 4.519315970114871212e-02 3.706967351458197862e-02 1.629161407694140751e-02 2.456338216037316086e-02 2.987034334381208009e-02 6.256729259992992176e-02 6.680672059162107157e-02 1.882006478112021805e-02 9.083190273129131131e-02 3.926464960655660225e-02 7.150679150266205097e-02 5.251158654144704591e-02 8.657299661708522942e-02 1.500422779970647137e-02 9.332433674949169866e-02 6.541937889444714160e-02 8.516683566370791825e-02
2.727599275758726613e-02 6.161827359501342860e-02 5.595826314866789858e-02 5.646356674890819216e-02 8.873505119370772576e-02 4.343803705711794111e-02 4.100292651039955105e-02 5.690723640944186923e-02 4.373285550979366491e-03 5.637497095317599988e-02 4.172563211258853433e-02 5.238929930833214135e-03 1.140387349590722514e-02 4.309200343808980427e-02 9.818333530297868039e-02 6.503954351569632419e-02 8.150869134837979146e-03 3.600360957419690769e-03 6.829192530140973383e-02 2.075024664145082298e-02
8.564783165175347823e-02 6.058683180947911640e-02 1.214988839468123015e-03 3.705710770601931131e-02 1.406285739489654581e-03 7.616034793565067129e-02 6.813246498909068805e-02 7.995010665602149402e-02 4.312789601302651626e-02 2.722625994033377531e-02 9.501215574992388779e-02 5.380014990764060007e-03 8.093672488484499050e-02 3.073205679894180919e-02 9.421399289223250650e-02 5.393579726730851620e-02 7.382403002527135327e-02 6.391170365116140284e-02 1.175771738786546413e-03 4.902947763083895238e-02
1.439348181665248833e-02 8.569326195211697528e-02 1.981319932522766086e-02 4.772140982120295916e-02 1.494121523199845071e-02 8.751622684971514798e-02 7.949816331473114062e-02 6.341046987437677640e-02 7.614915809017619441e-02 5.349300301481885178e-02 1.775275894421735230e-03 6.226325000044618391e-02 6.566084013876979930e-02 5.780425775749109540e-02 3.117615028015493714e-02 3.748961154617606178e-02 9.148353292176990281e-02 9.668504085723809982e-02 6.135489192688368260e-02 7.045587799339673996e-02
7.324623679660274833e-02 8.206038083336877897e-02 5.993612702033501022e-02 8.187692599707492580e-02 4.633934920783288475e-02 3.913941697858513979e-02 3.571400267685929247e-02 9.182073214752306534e-02 1.796127257830638577e-02 4.307648257663935359e-02 1.049301383809644363e-02 1.816477037818231555e-03 5.653274388717200588e-03 9.109489760169675598e-02 7.105401370558784083e-03 8.436069371722888788e-02 5.931453534202775491e-02 9.985203744438451989e-02 9.446153485001376748e-02 5.928510646851087307e-02
4.153136632383191279e-02 7.688521751919712155e-02 6.913384676859003763e-02 4.118813146935682706e-02 2.413240490391475174e-02 8.952651005436674386e-03 8.821811797742828976e-02 3.933847916624746976e-02 9.804264376796378855e-02 9.473275383265723770e-02 9.108517046579955867e-02 4.305213057296500972e-02 1.276242741503755967e-02 3.802889867726731016e-02 9.343977187340944679e-02 6.786465817132257550e-02 6.613357062182241564e-02 4.450304292313109200e-02 8.642736886502966559e-04 4.140272494080587951e-02
7.309100777762721213e-02 6.234270996647472973e-03 5.058208128378717527e-02 4.845430804318474199e-03 9.760714258316446901e-02 9.375927048784860052e-02 6.877753124666834139e-02 6.784326308872754008e-02 4.646216809550114679e-02 4.337067363733444758e-02 4.228075770588819726e-02 7.366556230244623860e-02 9.331054903256606747e-02 9.918220345198221211e-02 3.140209878826849543e-03 5.293327490268351365e-02 5.990030515392953669e-02 2.766928822632620799e-02 6.489724267374534505e-02 7.064056720639835807e-02
1.034943648278548005e-02 8.256850783636678071e-02 3.228203342302820439e-02 5.634424569895166851e-02 7.211688200505605995e-02 9.250909725519923521e-02 4.529973508929372589e-02 5.148979721491613731e-02 2.118204470886439136e-02 9.151551769896039412e-02 7.840673823979271359e-03 4.216444928681593179e-02 8.664433333346489852e-02 2.016992811751612547e-02 1.131443059185273207e-02 8.730236741803115708e-02 6.510035466194583065e-02 9.792068297442793612e-02 4.735347258975369789e-02 6.422443346546958132e-04
9.245464783806356737e-03 5.658405389736818197e-02 3.424435983896739755e-02 5.093326966588995926e-03 5.364369692349883062e-02 6.200867139755880664e-02 9.359611419862624154e-03 8.336008089602141291e-02 7.840539534157819901e-02 7.925502576122965548e-02 1.579433745957037338e-03 6.317441182269768751e-02 3.325141557546692356e-02 7.075687972503656720e-02 6.363994315212904984e-02 6.463176819520694005e-02 1.197278613847898611e-02 4.520703086282439748e-02 2.553492126630959799e-02 6.806232254442387553e-02
7.415372301757568174e-02 2.465618436270281683e-02 3.283593020356064679e-02 7.039121931025697776e-02 2.231203509065807916e-02 3.513991849312465832e-02 7.882545272277418844e-03 7.135790918820682227e-02 9.952300010678108433e-02 6.768241770097867260e-02 2.341097750715004366e-02 5.354571949640898887e-02 7.851267489628144247e-02 4.966165073270061708e-02 7.998350940090448447e-02 7.053732602226130133e-02 1.321928038651520995e-03 5.467927431520690912e-02 2.511911986494706067e-02 1.682810025037259280e-02
2.772420671032285386e-02 5.251205215968122314e-02 1.373678272239764464e-02 8.799596283403798500e-03 1.212719721189423755e-02 6.851872641804940267e-02 7.618772189978180454e-02 8.681949031864787114e-02 3.606416354999464335e-02 7.532572653023955622e-02 2.896112513944144873e-02 8.528915098890488267e-02 9.128154926849949002e-02 2.746829533804433579e-02 3.000306404608155467e-03 4.424516914784067112e-02 3.668689108913859853e-02 7.687869782700199051e-02 2.023936974832373295e-02 5.236613526613451142e-02
