1.303732704301809597e-01 6.341031950368562764e-02 1.161387558902001182e-01 7.655114246596515792e-02 1.400967139574422204e-01 9.720424814971403982e-02 1.119959209510334140e-02 2.478264954579179752e-02 9.153059754350413579e-02 7.407045555403918291e-02 7.532970247059186941e-02 2.581784200418617975e-02 6.650430734276714662e-02 1.193378667823387779e-01 7.845837416334125458e-02 1.419653510097022286e-01 1.133641576719154054e-01 2.056470467531068547e-02 7.024053172552581492e-02 8.755010283932961046e-02
4.447569772327565618e-02 7.829933799462396316e-03 6.671724203971413081e-02 5.211371110312434940e-02 3.414029139884677128e-02 1.830832767377394907e-02 2.964520075824550460e-02 6.179842083477937731e-03 8.736929052212132063e-02 1.157100715915626576e-02 6.522196920199839487e-02 7.699384075275181316e-02 9.432719356491414686e-02 9.585966885348057298e-02 2.719110105206725900e-02 2.669820827058204740e-02 3.176083859998072439e-02 6.416593249991046910e-02 9.666008526164659997e-02 8.815810495128750812e-03
5.716234262305735364e-02 3.752870544526318297e-02 6.416166143455437343e-02 1.018814664964731199e-02 1.439078245125660106e-02 4.891166371815325320e-02 3.793415393592172724e-02 1.865637140207251563e-02 3.058177214278398268e-02 3.586933171502441203e-02 8.507213737448551805e-02 2.974252667748011978e-03 4.103221799358316990e-02 3.059920174119937913e-02 3.920944047221430057e-02 2.456545249024458949e-02 6.173749942548496794e-02 7.288530006396859440e-02 3.714750883360040667e-02 9.317844890435547645e-02
5.856809484448635694e-02 3.332557656032144461e-02 8.245440347332075315e-02 1.378770423096356036e-02 1.655657859201191753e-02 4.563127223906866814e-02 4.774044547949909956e-02 8.268802023659361372e-03 8.583094990009298986e-02 1.639665484888683938e-02 7.444483186364421468e-02 5.474240646297717089e-02 7.353599268312572407e-03 3.194077214714097224e-02 9.583535192662688551e-02 9.440437169931745198e-02 2.084905063753119889e-02 6.024214245130873890e-02 8.874010023100387806e-03 1.711195460697549978e-02
8.225610529851744290e-02 5.291756828054747924e-02 4.214491748259682757e-02 7.902697383854566382e-02 4.354608837405285482e-02 4.249898891886134955e-02 8.696208010887916673e-02 6.151289328653571087e-02 7.818448498689689607e-02 8.551681182615555876e-02 1.495584417457939200e-02 7.841857829934868740e-02 5.400089982257529064e-02 2.423443000054428462e-02 6.957454523996156603e-02 6.059485278762477556e-02 4.831342954690307639e-02 6.906812146176226352e-02 5.384542247792167835e-04 4.442695922838701267e-02
5.028709299506609054e-02 7.485692799730137015e-02 8.459420549142308843e-02 7.246587510748285499e-02 8.318780575408740718e-02 4.202349739832456077e-02 1.365532068807966473e-02 7.498930094190392470e-02 7.770038720811629773e-02 1.078732007260214780e-02 4.454946266532811006e-03 1.640137737869452536e-02 5.947966006454952215e-02 8.720526746095719206e-02 6.252884473532611953e-02 1.658429689011333905e-02 2.818033689937971074e-03 2.000412740823280869e-02 7.419232605928813284e-02 8.053610398373721446e-02
8.112536879322253258e-02 7.738611601477740631e-02 8.081131699618661346e-02 3.463512577361909511e-02 7.260399090520884557e-02 4.577775295055871996e-02 6.526848188927091010e-02 3.680454213446125028e-02 6.253200913668399696e-02 4.633953856032096974e-02 6.922753450456251012e-02 1.991954791395322746e-03 5.740198361228146529e-02 5.340104321918186930e-02 2.568441754599699867e-02 6.213784250508885831e-02 1.818814109823374547e-02 9.091959794743349754e-02 1.425115814358277749e-02 1.211670122169328234e-03
3.617536351681726464e-02 4.190850603812082409e-02 9.390796115918281783e-02 2.872021297203508627e-02 4.531312432901110632e-02 4.355924055455118182e-02 5.869234612059806566e-02 7.808944159310093891e-02 3.460667276491120881e-02 6.852397773902252354e-02 1.226615668800924534e-02 1.510506275390426437e-02 9.188078632125445955e-02 4.167344547892503498e-02 6.762109714044906017e-02 8.482443655427357454e-02 6.352055398069193781e-02 8.660869132499754430e-02 5.896520297880350481e-02 3.318494917887138129e-02
7.757220524325348331e-03 2.607118339916835240e-02 1.889571957246306833e-02 8.016359235254513771e-02 6.602324043865905046e-02 8.554641078729029180e-02 3.896146581385585839e-02 9.358349033960051966e-02 2.817269684863268550e-02 7.112022896014173756e-02 3.826432922130366260e-02 5.617175772684002144e-03 1.014184079794265905e-02 2.495569531703848570e-02 1.462712984764661522e-02 1.151402764012693369e-02 5.363277958821514174e-02 2.474969888353316730e-02 5.420960486890016861e-02 1.384165863948098180e-02
1.029244078946062180e-02 3.402248731283576133e-02 8.471471732628470253e-02 8.705905411879406863e-02 9.740044737794634200e-02 3.626498145243326615e-02 5.077496062872688745e-03 8.542992711027841413e-02 4.021824407297257958e-02 4.652099332462245052e-02 8.913460206306778044e-02 4.348256372507162265e-02 8.820855855546115565e-02 2.764379641546159741e-02 6.222836910592326881e-02 7.175467906441823640e-02 1.063473817701152818e-02 5.748264327710442267e-02 2.924513684513342648e-02 1.909554347596211996e-02
3.574850649347929149e-02 1.745733184046570699e-02 7.058160564328384845e-02 8.093547132349930562e-02 3.863210958267766781e-02 3.696652820780190613e-02 8.142425375627235229e-02 5.356593719076277460e-02 1.255468984689910375e-02 6.060582906243075496e-02 6.667781290746598033e-02 1.891790015749540699e-02 3.918732553526164258e-02 3.507686389637753449e-02 1.982084253785502265e-02 1.115621183586489387e-02 2.924150250839302467e-02 6.794427498646693833e-03 1.149422954530967579e-02 8.668957320101816633e-02
9.442325958815708797e-02 9.818999179562793583e-03 7.804075748795625059e-03 6.007435318661812768e-02 3.225488405191784258e-02 8.728765581837788501e-02 6.994178496860810335e-02 4.747969522587791938e-03 1.675705770279312112e-03 3.663880305072175769e-02 1.458132366077005172e-02 1.360241385278716623e-02 3.786002963925010761e-02 6.898322187669658767e-02 1.148942829381838183e-03 1.444772124762836590e-02 8.135255313206735811e-03 2.244111955818366491e-02 4.058078013622249541e-02 7.269301753079845940e-02
1.095311501558450355e-02 9.826046060533200066e-02 4.740082750847271487e-02 4.072066538937094138e-02 6.658509494068734491e-02 3.149814510604866113e-02 6.711921288492476989e-02 4.800118459407000382e-02 6.337680067423581698e-02 2.383908429048408120e-02 4.003665919625161440e-02 3.422979474414133277e-02 5.248204265783972672e-02 7.414340478794091693e-02 8.694483625056208254e-02 4.193437216138846957e-02 9.975010065094651324e-02 6.738989869221718998e-02 9.580594973236478129e-02 1.280524865976403505e-02
2.160041219804353929e-02 5.855554084615162413e-02 5.703122253056334273e-02 1.038946660095213526e-02 6.628013048807053498e-02 9.749089973023242206e-02 4.017171956048126713e-02 2.384245718286027993e-02 2.713740138068556837e-02 2.584294964011407680e-02 5.036155533656406016e-03 1.229044914563315327e-02 6.808444473735933422e-02 7.544427702003848879e-02 5.404731653683109149e-02 2.073099184636622086e-02 3.449057224915330622e-02 9.166470058456410719e-02 8.775041631441454770e-02 8.505296013177265566e-03
1.995144288613204427e-03 9.294694116657439831e-02 5.462226174580006588e-02 4.385827913413446050e-02 9.327947463415382778e-02 4.754980911140582051e-02 8.662927538281389728e-02 1.666814376343630708e-02 1.674311421823926425e-03 5.924295345361853260e-02 2.766031262074166927e-02 9.504551201935707017e-02 2.446956746932717197e-02 7.110839227265787488e-02 8.384783271529128168e-02 3.349340860557277477e-02 6.599594065501644680e-02 5.741401115819436130e-02 5.864313843481431393e-02 1.087048746654059074e-02
3.182207377708266144e-02 4.711783714403081774e-02 8.007533275117414973e-02 7.839074108529286988e-02 3.882816995967985907e-02 6.992851170904001989e-02 7.106205044056917997e-02 2.026283531044242858e-02 8.398087530623249419e-02 1.623568889627757892e-03 9.821854555681675675e-03 6.591035540037816498e-02 9.213199791832715757e-02 7.242332613275884179e-02 7.542812656607328359e-02 4.060908977851194340e-02 9.616227101782004461e-02 6.053196188972156944e-02 2.369156782580129905e-02 6.671271801070223495e-02
9.749775290971990360e-02 2.927270787722786871e-02 8.492543516919802415e-02 5.062952722369883779e-02 7.345916992953935298e-02 6.847505546186266612e-02 3.203114102922795248e-02 6.797953850126969844e-02 5.962220600819122945e-02 9.322299707451178752e-02 8.579271738913119005e-02 2.789067828791259862e-02 4.399409762570474780e-02 9.463485834491774940e-02 5.962417227480527882e-02 2.460477999977150974e-03 6.889599465843599529e-03 8.500435182885451857e-02 6.645950011568138582e-02 8.159893868376680293e-02
4.033139383354032020e-02 8.232921010156026009e-02 7.571245342512156196e-02 6.928557307388222286e-02 7.271263645938112752e-02 4.683198738049407228e-02 8.053191750319521613e-02 9.181290964601769578e-02 3.900277035496216294e-02 8.988539849966779849e-02 1.008917722232181152e-02 1.608551961026585472e-02 6.508102741503175859e-02 2.407742366751540811e-02 7.423963055806595546e-02 1.865169444886833824e-02 9.983937041326744477e-02 1.056321521290973925e-02 1.334787134890191851e-02 9.611304284960368871e-02
2.769220367596327004e-02 5.296116265585724264e-02 8.803628892271476297e-03 4.028393844538169337e-03 1.914770450821331668e-02 9.231772534476641312e-02 5.302474865767528578e-02 3.415301446176503136e-02 3.823292746445541845e-02 4.626269568673609112e-02 4.250847507891875043e-02 9.728998372179341325e-02 6.470790486643822337e-02 1.801011733823628877e-02 2.345241684417986860e-02 5.516282743026179602e-03 9.272380494907567217e-02 8.955744506003314453e-02 4.257365705124719485e-02 8.552443725451847056e-02
5.628503449576621048e-02 8.092067005879177710e-02 9.855819292045780999e-02 7.560504734259976267e-02 1.923705888227766891e-03 3.551114635310514273e-02 6.667658795908360837e-04 6.078786733288393807e-02 1.036275408250020400e-04 6.275237673807321226e-02 7.774549954194877321e-02 1.648527161995272557e-03 5.181724120261082395e-02 3.518113792710863413e-02 7.571284808144543299e-02 9.762365879682988190e-03 7.304919389188052614e-02 4.819634445147691869e-03 5.131708746024688655e-03 2.812508115489123148e-02
