2.834009964852921559e-01 4.643410086566388678e-02 1.182561967703190386e-01 5.654916565880820090e-02 6.074052696024115350e-02 5.064682437703182244e-02 8.743937710444030231e-02 1.120186829014121199e-01 1.560925833098585347e-01 6.437683263997585892e-02 1.199656186269678765e-01 1.140426681413649057e-01 4.943052696681139724e-02 1.252372734933989706e-01 6.957847536945363509e-02 5.332873276906627963e-02 1.126637371785503688e-01 1.380459860819001176e-02 1.467405831773789249e-01 9.885754147494035804e-02
1.570847085816418206e-03 3.165891377099949028e-02 3.247837121103352293e-02 9.868103934494472373e-02 6.818347696093537968e-02 2.742271698908215274e-02 3.462841521349527968e-02 4.302192804940870030e-02 7.693863972414695385e-02 4.688591763469773799e-02 1.557457304513169133e-02 4.973517252826738233e-02 2.518595467197169008e-02 6.689283804514671583e-02 9.659264785254629421e-03 8.839058853397464832e-02 4.866646064834058427e-02 9.240597498222003284e-03 7.205384449288744497e-02 9.139216620132172009e-02
1.214648680984891163e-02 2.350787857695069150e-02 6.289603735566826059e-02 3.288536327138450593e-02 6.929120737775316952e-02 9.368647320270351297e-02 9.749232511194352857e-02 3.754877731197883706e-02 5.843426251232495400e-02 9.932960185248629337e-02 7.058908329437980911e-02 4.648338853761735910e-03 2.978767796053449768e-02 5.892355944201876222e-02 8.176202645324011364e-02 3.125062648395837955e-03 3.754927752168716465e-02 9.917168424493977286e-02 5.679600957674581230e-02 1.234969901185020182e-02
7.224780932839873493e-02 9.018542228258924487e-02 4.386137467121713901e-02 8.406152230849649187e-02 9.603258333655895207e-02 5.946971969432125749e-02 5.209265545402067682e-02 2.910482085382576356e-02 4.727305645516750865e-02 1.689685002507335110e-02 4.434687590819117592e-02 5.235831562571754971e-02 7.984774684261228272e-02 3.607126560417387579e-02 4.354708610933677448e-02 4.138889183213091683e-02 7.650734510540280198e-02 8.985302714480003505e-02 9.704521111394899535e-02 7.986017706177461761e-02
5.929124445666945908e-02 6.491558239010236653e-02 9.899076004006535090e-02 2.280395492095880355e-02 2.195397122831356518e-02 3.052188205741823918e-04 6.713702768616518213e-02 6.617380229686764537e-02 7.516879526663813871e-02 4.731988110052536695e-02 6.690568929177130586e-02 6.765075811089731050e-02 7.911404639024928465e-02 6.013318166805750598e-02 9.753562993255054936e-02 5.834685917315362430e-02 6.508969526673302752e-02 3.937377681504342086e-02 9.563565468321165441e-02 3.410953922761884860e-02
3.894151450497004840e-02 8.650088985328791003e-02 3.076931340616859828e-02 9.911138733304581880e-03 4.952266785772618807e-02 8.564127835696190572e-02 4.843973601090208192e-02 2.374029014949297165e-03 7.412172675595302129e-02 5.856763283595745051e-03 4.982282552038572176e-02 3.325260266234993795e-02 6.031444254406355399e-02 4.454683157631761370e-02 7.448051007007382152e-02 1.481219780788650686e-02 2.573895643600209240e-02 5.183512963006245422e-02 9.683582894735209834e-02 6.812639009777178567e-02
2.755392282050139752e-02 9.764345747827340993e-02 4.215829746750302670e-02 8.648434937716975232e-03 5.084601970293766565e-02 5.504704955170106051e-02 5.414426138259509705e-03 7.743627013744447743e-03 6.158928322261095212e-02 5.075646520858478200e-02 5.724657102101911310e-02 6.906569842924929759e-02 1.546063585650374675e-02 4.666986464257735778e-02 8.012248639486883872e-02 7.028288062648506418e-02 2.474108238633261625e-02 4.067766765034641629e-02 8.085757552074820942e-02 3.722112766195837669e-02
8.587669186821764167e-02 1.061820144259657643e-02 3.484098012132968991e-02 9.415738764256574578e-02 2.274043700019756902e-03 3.489164608749674434e-02 5.007442588370284581e-02 7.157936387720346960e-02 1.111280300879629104e-02 1.295264852728960150e-02 2.063244628593713381e-02 4.910767321086073611e-02 9.438294025430346568e-02 2.008724886764348336e-02 7.334189958882916804e-02 8.320902148362589734e-02 8.634516946227607792e-02 9.751694637597368986e-02 4.616162774325208162e-02 5.338894270055055680e-02
8.183581152979628459e-02 1.143450092196351964e-03 8.808657761010475762e-02 1.272950470517072476e-02 5.245959066285044853e-03 9.314050424884091905e-02 7.375831485169775936e-02 3.105670184962281560e-02 2.590576208151462723e-02 6.270213779294642187e-02 5.135618324097082632e-02 9.520072058361159217e-02 9.111721111403858764e-02 3.366389302487820395e-02 2.360585036466946937e-02 9.746223697032434241e-02 1.778434372974189298e-02 4.663621763227812633e-02 8.246369299917288842e-02 3.407027494275849389e-02
9.933790089299027182e-02 3.493367696057621263e-02 3.762226562353177071e-03 9.159200062198763481e-02 1.134232565549374641e-02 5.604511891433096304e-02 8.202572731956264684e-02 4.737744087497742021e-03 4.223635295556546487e-02 7.045020023635721607e-02 6.935765065101662241e-02 1.795838037066183057e-02 3.144144991646702358e-02 6.424183687537789178e-02 6.470576857442429664e-02 6.342575087405281919e-02 3.006521512925664028e-03 5.331555350254646441e-03 8.989389601250760697e-02 9.799690936726526691e-02
2.926908820930412825e-02 2.533645814215762515e-02 6.709023961529213265e-02 9.925681194124749696e-02 4.545673799094286649e-02 2.682843306042056661e-02 3.336409456478555552e-02 6.854432573138417861e-02 5.902689642501613571e-03 8.382504542456320484e-02 1.826938943521650913e-02 6.315599078265486666e-02 7.906215174329345174e-02 4.350813633439708922e-02 2.080121622127492284e-02 2.967622918857657638e-02 1.702655476047840871e-02 6.542907383551954670e-02 9.596961410520626901e-02 7.155765812839125217e-02
9.518002181351788160e-02 5.083705216139681321e-02 7.952414599160007036e-02 2.702880365232623872e-02 4.977938792158845965e-02 3.838034847441269826e-02 5.374632557946560502e-02 5.121315116554744917e-02 4.507027028958295045e-02 8.065206844567703037e-02 8.376587178643786491e-02 1.872083033102271005e-02 3.976157540474645311e-04 3.980207495827083053e-02 1.515041113829185401e-03 5.481101649898947881e-02 9.533953327375961628e-02 4.589852970752583521e-03 7.394875381522514335e-02 2.391640816177532936e-02
4.786469773850961229e-02 8.618474320374505671e-02 4.596753566397609320e-02 7.760553422933964829e-02 8.023537653141578352e-02 1.517220893498503337e-02 6.142821337182661351e-02 4.871427215721412657e-02 7.966109289194153731e-02 3.630589524849781036e-02 5.300171827765826071e-02 3.555126189157271910e-02 9.590591340362124295e-02 3.965950274287441402e-02 3.082386770298187889e-02 6.804563654405644535e-02 6.198256960377349772e-02 5.723123114079742280e-03 3.540114583879083732e-02 3.462935009535829389e-02
4.782692113653046889e-02 1.677076344970450730e-02 1.387162318301921049e-02 8.758582514512913697e-02 1.673495018041172219e-02 3.977471347320869072e-02 8.841862159884604500e-02 9.290140769055053871e-02 6.862581222973851598e-03 1.000462362303186116e-02 7.818038876358063272e-02 5.168275078181271825e-02 4.755732815374730249e-02 3.376954225736450432e-02 4.440785517851867509e-02 8.680478984021916533e-02 1.793020632585126325e-02 6.611179269203051878e-02 9.155318343590423957e-02 4.603669392903353744e-04
2.183379820253992382e-02 5.563618646100010334e-02 3.398966607416784719e-02 3.083042685602636196e-02 5.202767757500749435e-02 2.847690733316613626e-02 7.044381538652980113e-02 7.331969010446349327e-03 2.846948557813241618e-02 4.397583082245135749e-02 7.219343624503561652e-02 6.857444055369465996e-02 7.792840793326627491e-02 9.890350209601445064e-02 7.367883219457821431e-02 2.144755427546421109e-02 9.199686140132820600e-02 4.921030651923374161e-02 8.808133345956448146e-02 4.605169731719199744e-02
4.690148910430452095e-02 9.213781028259616923e-02 8.948629227618011550e-02 8.361850633694041524e-02 3.980609633899008515e-02 5.152943857112173703e-02 3.921299746020843330e-02 7.839580271200452533e-02 6.722650918047017032e-02 6.403183966039714681e-02 7.682423664558747645e-02 3.183266514254556173e-02 7.318460951447534890e-02 7.284623480999617706e-02 8.955367595962640537e-02 1.218251450976404280e-03 3.182238992441375341e-02 5.377726936783329414e-02 8.081769546312717045e-02 2.189208625169739714e-02
5.552595132563560576e-02 3.964371162259847786e-02 6.204260183508036874e-02 7.157444587068778619e-02 3.358184269259290380e-03 2.106008583081653285e-02 3.194983117924932170e-02 4.227507947252634457e-02 7.327629894629251323e-03 1.710312430532414871e-02 8.138037859738729562e-02 6.819055751442817948e-02 2.587451283566132368e-02 3.223121224462661971e-02 8.429235129821882611e-02 6.787719909066690371e-02 7.251244089629693690e-02 6.561277521390719569e-02 6.007578991377095223e-02 9.162295231782652261e-02
7.881241777108667634e-02 9.000780124142382030e-03 4.818565037616256291e-02 4.957030382922524014e-02 8.530884729471277517e-04 2.331924778477531199e-02 2.296245123401227314e-02 8.670012561166418052e-02 2.645240201025939042e-02 7.732956563693594437e-03 6.321552683584857890e-02 8.845722755634488621e-02 8.816692449241214646e-03 8.443579145501270422e-02 4.251630459339759277e-02 1.846386341506651638e-02 4.720823243193912611e-02 4.746388080673000220e-02 1.710745105945968986e-02 1.186334088500472575e-02
3.336225237058967202e-02 5.703978653870747650e-02 4.367072692988521049e-02 3.876746707387887514e-02 6.349583708855063846e-02 8.252412711714639248e-02 8.835173431349835349e-02 9.480823751597856203e-03 3.826565751130415333e-02 2.798395879570341263e-02 3.985888011575122736e-03 4.407826009402571708e-03 8.832649624388855258e-02 7.338178587319897639e-02 8.573205525753324965e-03 7.523469368948158820e-02 5.347375343678213711e-02 7.931260602845417729e-02 7.142079272111716282e-02 2.488047284579451152e-02
8.667345444624037498e-02 2.082905113730100510e-02 9.824833484283806984e-02 3.865328446161580417e-02 5.595614754431287724e-02 1.838713638063389430e-02 5.247770846713206011e-02 2.923714096460537995e-02 9.779344756738706998e-03 8.433721429550544713e-02 3.206921670573655014e-02 3.180196843218618952e-02 9.582013815212687621e-03 1.057064741207269787e-02 8.459416080438664221e-02 3.710197850137264552e-03 7.376958225539252678e-02 8.843297246955071633e-02 1.016274656376308164e-02 6.967539595427928167e-02
