1.887283643864126337e-01 8.703997724257987734e-02 5.323445249015110181e-02 5.516497808836465233e-02 3.894797133898471320e-02 8.531829330954429635e-02 1.236829447322634196e-01 1.108306126090186222e-01 1.152060513950946691e-01 7.388344329511914443e-02 1.039546563144026492e-01 1.448451717904560287e-01 7.591929617560899679e-02 9.710678262541246053e-02 9.625758152864766215e-02 1.364819794694648036e-01 1.544973137796486484e-01 1.173655982842704282e-01 1.711653760417227443e-01 1.226644519641127140e-01
4.323058763578990077e-02 9.860697415560952528e-02 3.890555854966735311e-02 2.810533989670537316e-02 5.341974894267323415e-02 4.480894067643079182e-02 8.121885560482544619e-03 2.433156657197024439e-02 1.304100475818709137e-02 2.568274570581467048e-02 9.739496215989820738e-02 5.857003696080653743e-02 6.598293700110220705e-02 3.597901649041426037e-02 8.189217808807180976e-02 2.622578022037075351e-02 3.463769607252342730e-02 9.390556285630871636e-02 1.614932538031044196e-02 3.619728321752959527e-02
1.146389524446412948e-02 9.470049576859719195e-03 5.856220053166782957e-02 9.355579250347001441e-02 3.936849251757067875e-02 1.551470033160444809e-02 4.716920268712067321e-02 8.346873521563853704e-02 1.117093213582769431e-02 4.545724899811941916e-02 3.485634880129730856e-02 5.862444062439295389e-02 2.173689184330450733e-02 4.496129259790960196e-03 8.057270383001549630e-02 7.345678845501717180e-02 8.116795256760048205e-02 4.546118408957335044e-02 8.463215320720376966e-02 4.619235234856575861e-02
3.508708635031154970e-03 2.672524003013021596e-03 5.637036828307984138e-02 6.796866801667432456e-02 8.066608779767198145e-02 6.367397013280295948e-02 7.282940793306499905e-02 8.609400296948455100e-03 4.781301113619146337e-02 3.778385379881198797e-02 1.959083180278453629e-02 3.856065861619339952e-02 3.865103493356070175e-02 6.775841121306727666e-02 4.357049439512095113e-02 3.292810925916333370e-02 6.738999305022956576e-02 6.517116386865394462e-02 5.647970396750170985e-02 2.796955718346383520e-03
9.581047903923847753e-02 7.688951046803266243e-02 5.998503177055263674e-02 7.417973740684150052e-02 8.483055763280246409e-02 1.326668180190238196e-03 9.640238197950139198e-02 6.055863980244574618e-02 9.368635198020014432e-02 6.443546904575235545e-02 1.462265534631005531e-02 6.465441724427004044e-02 4.639290500435572229e-02 6.861496659580054724e-02 8.316630842791226941e-02 1.061551238432970751e-02 7.181463836463493344e-02 9.270239085453769437e-05 8.867804651871091792e-02 7.195650516817364561e-03
7.774405314419162438e-02 7.329659487136210017e-02 1.325184745449314990e-03 4.270468931331610624e-02 7.782932574720453911e-02 4.230680094417765824e-02 1.168812630844465877e-02 3.440592912553772781e-02 9.156077466751616489e-02 2.897656349957006272e-02 8.057795831240983919e-02 1.866570471891736485e-02 6.032332773404162213e-02 8.258215763892783057e-02 2.993392416076565837e-02 2.407834082240122367e-02 8.778728991396911319e-02 5.462821063732886673e-02 9.592042040294351812e-02 6.987327133041622285e-02
2.932421842788818234e-02 5.554190271379361166e-02 7.792019036293551526e-02 6.157683205583805441e-02 1.857530053263892894e-02 3.297473334198872813e-02 3.469686127059512688e-03 6.936439949724240717e-02 9.308315310703679790e-02 8.868276415653758571e-02 2.511141958702622912e-02 8.581600493089078241e-02 4.362457962647095511e-02 6.647041351638262319e-02 5.278411576014686857e-02 9.735662749768966839e-02 3.102851978883376660e-02 9.473384801794101917e-02 6.708420944843955513e-02 8.662855815001345439e-02
2.039223890939427866e-02 9.810529242596843780e-02 9.219927750979173969e-03 3.790979678494346694e-02 5.415467965863884209e-02 4.111598281002026151e-02 2.075632403306561236e-02 2.592651843359192881e-02 8.741788142570867948e-02 1.543646242529661539e-02 1.129657468854982152e-02 9.805288073995609144e-02 6.273787902598988719e-02 8.592878945905796373e-02 1.181358797121285879e-02 1.109373131813941142e-02 5.599468697337034451e-02 1.062737657364132282e-02 3.391496759347985973e-02 8.384200304825258077e-02
4.566171029633414591e-02 8.808705192162009923e-02 6.537368213421759777e-02 6.491244001676688483e-03 9.378472461155638873e-02 1.671301081571652247e-02 9.049048877967301452e-02 7.075137234469927594e-02 7.864973749950276982e-02 6.209183406593812848e-02 3.437460965692253761e-02 1.775420502681248833e-02 3.742036600340321872e-02 5.204255474294653544e-02 7.828789543396752482e-02 4.709483905541619886e-02 4.428315546913388911e-02 9.658881663691896990e-02 7.612059619398037864e-04 7.902249363898082579e-02
3.290983290560948321e-02 9.047920879214517431e-02 1.096121543309276462e-02 1.404227960449090477e-02 2.581965035014732734e-03 3.505427884512059278e-02 9.638890959756300780e-02 8.267112732181121360e-02 7.320407466160576415e-02 9.906846433902562199e-02 1.927080625176072134e-02 4.780476958829982942e-03 5.558559053429928953e-02 1.178356207755241331e-02 2.730653716166459022e-02 6.776456501678647382e-02 8.140957209523010107e-02 7.888147225374830818e-02 6.947287820900192867e-02 6.042936587516715280e-02
4.683790660675281325e-02 4.892040821875943968e-02 9.776062523939266224e-02 3.842310812749991783e-02 9.884203152001891368e-02 8.606440548154745129e-02 9.479118748687638540e-02 4.992732311856779015e-02 4.945039977704547562e-02 5.011374504425158277e-02 5.115714392310261038e-02 3.548362777982041333e-02 1.425276933746018153e-02 8.190233826966064612e-02 2.321388103294204364e-02 5.966104664248468581e-02 2.778256201583210322e-02 3.565749631487337423e-02 3.473442689095838226e-02 4.810158347329600986e-02
5.023011953731768703e-02 6.606498035853648754e-02 1.993711768961309305e-02 2.240985509774322607e-02 3.445629615960164177e-02 2.623089394803792759e-02 4.009852459243970491e-02 4.102957472668185279e-02 5.139702510307753852e-03 5.252507683596893684e-02 6.165801180909396412e-02 6.846418642857726722e-02 9.605419304592982543e-02 6.899203462900109496e-02 3.083427491733416181e-02 5.869424605330913342e-02 5.914508969745749939e-02 9.602863694407981487e-02 4.263042999851529569e-02 5.517656704414998503e-02
8.999844203341989196e-04 9.498481654292355303e-02 2.713316237455248858e-02 7.945942316634824198e-02 5.236229520814029981e-02 9.703870958521125523e-02 4.747544668114066918e-02 1.559844887467485425e-02 8.435610696952989748e-03 4.603999676027399623e-02 4.045692834830754564e-02 6.078502915699283277e-02 8.357665874725611621e-02 2.996165377728578216e-02 8.875242497802682262e-02 8.583114922044299613e-03 4.896856938178818786e-02 9.259488903061048604e-02 2.959431004392965373e-03 7.249364431354211880e-02
6.300319069326061616e-02 7.332493740632901880e-02 1.195241387721092223e-02 8.655391527755060266e-02 9.768609790172128049e-02 8.147268255887082922e-02 5.188696622952215093e-02 3.179531172407482759e-02 6.272887767472883069e-02 9.745173662414680082e-02 5.836606075892235984e-02 4.003867995280697978e-02 7.472135667838315787e-02 8.603809188748941239e-02 5.744055970792301402e-02 7.377411936357733402e-02 4.248114077632904328e-02 1.248195150335469454e-02 2.356255502896200879e-02 9.197050034059645052e-02
2.328279774044199682e-02 9.899698309690210807e-02 7.735616368090608708e-02 3.284067361507667787e-02 6.843952068313697082e-03 3.944144321695972760e-02 8.426463377777158870e-02 9.737648868713910666e-02 1.629000222303741627e-02 4.912622634310775949e-02 5.834192712620424326e-02 6.427231701932446806e-02 6.742137699502726012e-02 6.058674180783205077e-02 9.898298199462503277e-02 6.311963958367368399e-02 1.128256026550309571e-02 1.244868929900645564e-02 2.230741317620148559e-02 8.187588091425453130e-02
3.280800309011627086e-02 9.750440447629274421e-02 4.348819808820008487e-02 6.331258451263448161e-02 4.792190721491557115e-02 6.519930127354864324e-02 1.336598790250787157e-03 1.105428563975072859e-02 3.444632237119894802e-02 3.104771133205426470e-02 6.080376111216350549e-02 6.954268621985064402e-02 5.467383933266165702e-02 9.372856154431030706e-02 7.989745201889986159e-02 5.669823388448102380e-02 9.387949306634033042e-02 8.135976378513211371e-02 2.211653689455071042e-02 9.222693470866767662e-02
6.180843866930670061e-02 5.891749995976736792e-03 2.593949227201943972e-02 1.843594019310850277e-02 4.884777812709130418e-02 1.191404193679167570e-02 5.474638239945326529e-02 4.088263822024658378e-02 1.291497308753966101e-02 2.815328258322011973e-02 6.837493515409240330e-02 9.705678766691450132e-02 3.618833338596272667e-03 3.596057477347913700e-02 5.331807670182898973e-02 4.021380529375977869e-02 4.723253776448226721e-02 7.806972189275096508e-02 9.658002694166957156e-03 2.217893926290080003e-02
6.553310367649042845e-02 5.075136138538603042e-02 1.914353364300230842e-02 3.892294778314747683e-02 9.658068978692704865e-02 7.227121295578417537e-02 3.657356883298197581e-02 3.085199050298328624e-02 9.688094577665290474e-02 8.779888339108597728e-02 2.292143077023367503e-02 5.422386121845536311e-02 8.865607081528868727e-02 4.107027579910876858e-02 8.812010145899494551e-02 1.760332911332582878e-02 4.249851968639666716e-02 4.955112401808251660e-02 5.186416726458763921e-02 5.486709578807216769e-02
7.616642015720639924e-02 1.153915601964957717e-02 5.195800613272483215e-02 8.121393747714315825e-02 1.425819962495194007e-02 9.124817249918773521e-02 5.984438803441925053e-02 9.757719261433080160e-02 3.290886143766698357e-02 5.776205656985891612e-02 8.855260602249274970e-02 1.368140018101636837e-02 9.235500293470956523e-02 5.040192333400829450e-02 8.444985414096839449e-02 2.424227877956608608e-03 1.556511408723791970e-02 6.199913383756337076e-02 8.242356166376541005e-02 3.940213254780167151e-03
9.214323927095229017e-02 5.958769738113620790e-02 1.032599842415882208e-02 3.090819677540167579e-02 8.128127334946822630e-03 9.076404190221440405e-02 9.727301367096985452e-02 4.969599318607195726e-02 3.875976568846747905e-02 4.660798956341053595e-02 6.854670417535971283e-02 1.970645897153944226e-02 1.298517122282743033e-02 3.934793068456902271e-02 3.334682980045945710e-02 6.699590337767725307e-03 6.117609125620293575e-02 4.744922117814520668e-03 6.376861710909674519e-02 4.560664807525349057e-02
