1.744055519891331563e-01 9.783458617826164272e-02 8.751172176050352192e-02 6.235666323060345267e-02 7.834188849704440405e-02 7.688146722224906138e-02 5.057397529076177595e-02 9.068977778031245274e-02 6.342777024867304880e-02 2.920832729516329579e-02 9.002573428757944252e-02 1.385683442641945651e-01 1.029582152115840754e-01 1.164305678023623281e-01 2.440388332221075235e-02 9.672173144268944589e-02 8.540707417806389645e-02 1.192572378466979360e-01 8.983214501908422245e-02 3.195552056853986911e-02
6.311396647571516916e-02 3.672130580668220290e-02 6.391128438866637562e-02 6.314891734770468334e-02 6.195592872826219399e-02 9.745969816820111709e-03 1.849985571357969441e-02 4.151249128585057790e-02 7.699607337575431823e-03 1.029483398865499444e-02 8.641496524054798067e-02 5.048275488168741179e-03 6.123734529996568976e-02 1.123693031470487415e-02 1.935145660424516731e-02 6.401466566854562001e-02 6.799377323277365492e-02 4.016613290212808773e-02 7.713141526815446569e-02 6.983025006039204896e-02
3.513290376849400459e-02 8.008459678427078121e-02 9.608041425065927399e-02 4.882712652006940962e-02 8.167906713311369124e-03 9.380553012977499439e-02 7.949566120273904302e-02 2.001008082090360851e-03 3.335515638340282030e-02 6.728967683914789666e-02 2.019572879148763545e-02 2.386258822569049809e-02 6.544063105989726681e-02 6.623942893613524174e-02 2.705497646522286859e-02 4.802246442587244230e-03 5.215097855809719407e-02 6.387281539368026839e-02 9.538692299306104905e-02 1.940449144463700717e-02
9.677130370126058034e-02 2.669609004420039552e-02 8.883101880845339915e-02 4.102362167465028325e-02 8.533879167338932065e-03 2.698784365183425418e-02 3.904715255774060794e-03 9.296127414438322412e-02 5.090504773827266016e-02 1.269662894894562147e-02 6.731496336292104588e-02 3.173209027359134154e-02 1.056054296113415752e-02 2.402004518133525959e-02 7.942829069627311070e-03 9.335351238822825470e-02 9.476152493492179252e-02 5.625132707461304865e-02 3.438444263861591133e-02 9.614615740044626935e-02
7.051831084883142774e-03 2.192808056262717312e-02 5.653188329536355111e-02 1.442068782865607579e-02 7.665273631166791279e-02 4.150507016483230560e-02 6.091689783578879691e-04 4.556222639642138264e-03 8.973254568075160476e-02 9.001474825609621921e-02 3.206322489881463685e-03 2.760030525889408878e-02 3.317964778916002860e-02 1.026702055327796161e-02 4.046841443874874683e-02 5.352122373106809466e-02 7.424156780027164892e-02 2.983413427950023719e-02 8.834763733106287820e-02 2.583405716076692289e-03
7.775869663703355306e-02 7.975387961233082468e-02 4.693272670419956077e-02 1.210154681449969807e-02 8.500842430477939526e-02 9.699123987087336640e-02 7.453679274490364326e-02 2.524603403274162938e-02 6.123689506480567424e-02 2.712126250607424169e-02 4.290081984014198352e-02 7.934334131481346475e-02 6.046260317124629857e-04 3.810678868994765711e-02 8.388757290997078675e-02 6.290850674707434975e-02 8.778091944811411418e-02 8.345275318651546037e-02 1.475836899960464299e-02 4.247875142890729372e-02
4.468186927148126014e-02 6.907997222106800062e-02 9.074452923738775267e-02 9.740639961694352866e-02 3.214694868170547143e-02 2.574427533209144858e-02 5.710640862310750049e-02 5.369928484504460364e-03 6.891913980643167570e-02 3.977086469383489531e-02 4.705568969655735817e-02 9.126484996107224468e-02 6.954729146671820295e-02 2.356829262096128697e-02 6.300752889626365372e-02 3.397123723324481370e-02 2.317035685282754776e-02 1.395494463838891155e-02 7.385375872289491085e-04 6.254883267915932465e-02
4.068355867581116558e-02 2.724142758917872525e-02 2.014690499421272277e-02 6.819161525021000432e-03 3.909169051885128671e-02 5.269556309959877970e-03 8.250380666286938336e-02 6.023340202836144353e-02 2.084454770439552254e-02 4.886107417589145158e-02 5.416977921702185311e-02 8.202920396220525490e-02 5.274312070499527494e-02 1.685682178754508570e-02 1.481454642469204460e-03 5.567431802227872789e-02 6.672984492372356635e-02 4.219866160939340916e-02 2.252545449345818782e-02 9.344320124746602341e-02
4.198605501536534224e-02 3.333106626021827695e-02 9.998604099093898190e-02 8.541340482138294610e-02 1.429010573597231520e-02 1.871214883864651471e-02 2.743588398944286910e-02 5.653219035216464766e-02 7.717617660412577629e-02 9.626871160233158031e-02 8.612950397020788240e-02 5.093594689812278031e-02 1.695975829003793086e-03 9.762960355434224802e-02 5.234358792316234910e-02 3.813144731991763292e-02 7.172713496925256504e-02 8.037160020215138034e-02 6.638424854273908271e-02 2.440520663260198342e-02
4.442053168042684602e-02 3.638974250990625187e-02 6.646339323968952773e-02 8.963887558876067196e-02 1.206408989034350038e-02 2.451346865391768048e-02 2.275340933529023182e-02 1.125202320024066942e-02 5.422262009983185721e-02 7.107817637721235149e-02 3.652244878356266516e-02 6.334170330144814343e-02 4.298015403862481820e-02 3.390008525212014762e-02 6.007930139307826600e-02 8.529793725296986456e-03 4.538392039176219334e-02 4.185836458560338036e-02 4.635719909682753381e-02 7.474124700226324192e-02
7.121857280608270835e-02 5.742336518852199367e-02 9.373550531666959007e-02 3.359135652651198262e-02 8.890831107386358567e-02 3.976075542046993150e-02 9.272054537879548253e-02 1.604914104094544783e-02 5.096328533142488459e-02 3.403444513761719886e-02 3.052225563584165871e-03 6.254868345368935940e-03 5.624273151041592200e-02 5.313952982104880318e-02 4.008029112322619714e-03 5.058447138410752247e-02 9.811928466442139396e-02 9.839384412358720411e-02 5.793255702385803618e-02 1.569394521316335236e-02
6.585383172663560047e-02 9.433218991995628855e-02 8.303603969447972966e-02 6.973314814399526884e-02 4.133184146748432319e-02 7.714632684162216203e-02 6.054333431584880965e-02 4.103865267956589152e-02 1.188790371519279389e-02 5.241638394049661503e-02 4.103376492448590485e-02 3.580255610404492472e-02 1.803474626495467012e-02 9.214571520788905623e-02 2.892255172674269847e-02 9.824129347268466261e-02 5.098918574631997047e-02 1.395398525060783691e-02 2.167738002730452973e-02 2.793477240884933988e-02
1.702243007574310088e-02 2.143876693046109505e-03 5.303276716551542057e-03 2.739075693798369640e-02 7.772192812340872337e-03 4.897401516717403425e-02 3.154915110089051913e-03 1.531768135991360552e-02 2.414934916681723762e-02 4.728336740964238921e-02 5.026852671150666002e-02 2.005970706330074960e-02 4.193207143364190842e-02 4.878846810953451490e-02 3.776892029742334733e-02 7.345052038513555370e-02 3.919057026804895205e-03 2.695663651039896871e-02 6.274894779499860797e-02 3.605727192406094073e-02
4.785993459125142263e-02 7.747318031774286760e-03 3.306703094372344387e-02 3.803100671178338138e-02 2.206049041601303509e-02 1.403531162641743525e-02 3.856309451557937782e-03 8.586721721877733915e-02 5.734276568131385643e-02 9.584089048189725624e-02 3.936928375336119779e-02 7.288999864148526520e-02 2.102710935386784691e-02 2.744942671273952264e-02 4.456476258617713543e-02 7.363515397650184646e-02 4.372169153832348304e-02 5.177000775564954971e-02 2.424304733855975336e-02 5.354793848594435746e-02
6.097432057878270778e-02 6.760508716099929150e-02 7.230537391368897782e-02 8.170401664151819010e-02 2.509402155046943847e-02 8.601990298015013692e-02 2.651619336771282587e-02 4.582391103159368095e-02 5.459965184621759504e-02 5.337146080462086550e-02 2.545404580846876222e-02 9.680902454335565954e-02 6.066719311093260458e-03 5.433058704350005735e-02 8.008144485463422613e-02 3.122810915974613341e-02 1.203119776160477359e-03 3.952399119823283430e-02 2.077742900314574412e-02 1.124456809169562845e-02
7.755662178388589290e-02 5.760536134228991939e-02 9.392220614611401786e-02 8.202440292575874370e-02 4.783529845607029096e-02 2.456461435600961959e-02 8.910409788247071472e-02 4.942455801450358621e-02 9.278842368930795281e-02 5.732465094362892977e-02 9.332154132823311521e-02 5.808749173374144065e-02 8.148650797096405884e-02 2.300142320319117570e-02 6.253633149679539704e-02 6.944832776776316274e-02 5.346124470516806781e-02 8.579445276197002201e-02 9.327103712509077216e-02 9.210032613094198961e-02
3.566550674865952980e-02 4.868176396769961084e-02 1.276342478992826927e-02 2.868920934318928279e-02 7.839623110502540182e-02 9.631690874875798586e-03 7.519386551309530098e-02 6.796786281149382047e-02 5.157476096298485926e-03 8.650836997936611761e-02 2.315072499531535544e-02 3.507243253432894975e-02 7.635920492670034577e-04 7.348987753827822267e-02 4.424861632661658724e-03 2.412574494327375529e-02 3.107702368853411390e-02 5.878982509943043999e-02 4.826168470712319247e-02 5.635534743978486832e-02
8.116478108651897783e-02 3.006918662089670680e-02 4.097813491855235857e-02 7.338066703193624717e-03 3.492557682329889071e-03 8.530060126374539031e-02 9.560049466229889048e-02 9.889874924463230854e-02 9.891756969379354725e-02 7.866866308763424687e-02 6.481113066086338637e-02 5.205614356074162244e-03 4.389940980238970364e-02 7.712926390994533088e-02 3.973351778267763396e-02 2.023750355608685755e-02 3.067267943699358932e-03 6.952449611634781146e-02 3.136372706512715464e-02 6.753933412095466937e-02
8.622576624160603609e-02 1.040500366351925290e-02 9.010272605987797168e-02 3.217089133913893922e-02 8.587741770959650411e-02 1.025928576777658356e-02 5.258376852755967251e-02 5.398843941515814315e-02 6.009263840709763715e-02 4.696164842525111377e-02 6.684919882440776284e-02 4.442306680268184871e-02 7.175936989701943436e-02 9.787945607593831476e-02 5.245673830939504706e-02 6.293036686443319316e-02 6.965932297770335846e-02 5.166012155265081035e-02 1.473784288000017442e-02 5.180721173652952372e-02
9.847543519800321110e-02 8.163757333665748461e-02 6.908702411451704550e-02 7.403361689099620391e-02 3.990183505154975413e-02 9.284180354451407324e-02 8.756566076632187057e-02 3.420160655047232295e-02 7.084647742919791998e-03 8.178785856916095942e-02 6.595010067614413829e-02 7.735234062723107817e-02 7.730097114105372036e-02 9.024021378637267499e-02 5.832216739794515020e-02 6.302959237521647828e-02 8.176778360095134091e-02 1.926314126920645325e-02 6.205621458131416190e-02 8.269811251074177250e-02
