2.553505760571241345e-01 1.160207743871114749e-01 8.188650545903307376e-02 6.383678551318698602e-02 1.619679584812635520e-01 7.397310637360164642e-02 6.586095567229614811e-02 1.109387595375510294e-01 1.370696599772962543e-01 1.021334963544350410e-01 3.264895820717760022e-02 3.054879792983118680e-02 1.060105934197194677e-01 1.689165264255012844e-01 1.492883880365965532e-01 5.775783933351549826e-02 6.377929020312469999e-02 6.578645697370584522e-02 4.789740783717640060e-02 4.751678121521910741e-02
4.944986742786453698e-02 6.376265716622146751e-02 7.619045977498647981e-02 2.554481732820699375e-02 4.656830605315409816e-04 7.753450810877791921e-02 7.132646970157884014e-02 9.129251898620478756e-02 1.437598756093281388e-02 7.107397889300305638e-02 2.786612791200426820e-02 5.277470435949464106e-02 1.905781950737135688e-02 2.638251716826944902e-03 8.551053183279518077e-02 3.807139192388330623e-02 6.732835652866815679e-02 8.014379222842088479e-02 2.435148699314690010e-02 5.014769783263898356e-02
3.188888776904952663e-03 4.631833418469625402e-02 4.595567599408260234e-02 3.280895356063003726e-02 6.646427207014134197e-02 4.661902496079594477e-02 9.053186421908362980e-02 7.502800947380455776e-02 9.367666329538962278e-02 4.174292181764902715e-02 8.672651014898528909e-02 4.670275278078130088e-02 7.592134291373464627e-02 8.793693525526619093e-02 4.091449108251157818e-02 8.596928859298241798e-02 9.321001786772951936e-02 7.728314578922089451e-02 1.504451134863662477e-02 3.723938545077764423e-02
2.839870207845240913e-02 7.629277641295616197e-02 9.237227009593795835e-02 2.680580601407711941e-03 4.455659103910607904e-02 9.919431335856795928e-02 7.736402897791203048e-02 5.560681666078263335e-02 7.920827176779689227e-02 9.303200888697548895e-03 6.743992198078348210e-02 3.596039481546781102e-02 8.372181878861163773e-02 6.234378604218621112e-02 7.648203279245313624e-02 8.303878948102218216e-02 6.241926048281253719e-02 3.256173647891386080e-02 5.408834366787829140e-02 7.305414332812724953e-02
7.146757768592848503e-02 5.449942434612243050e-03 8.036539530774210183e-02 3.056137100634645151e-02 5.935781883506850015e-02 1.821931037939971201e-02 6.139410869005262894e-02 5.639233474373778199e-02 8.891649448018115742e-02 1.966419548201450360e-02 6.644519918834210226e-02 8.041178931980705324e-02 5.635465046572633169e-02 6.520749258608314614e-02 5.616674900413401450e-02 4.139645143143098199e-02 7.061562905750407362e-03 8.891431416176220903e-02 2.496596316466115698e-03 3.061919031899543869e-02
9.072459611083726061e-02 2.935418359278048339e-02 3.728265062714881950e-02 5.431315713508411787e-04 9.339101850274111882e-02 5.233800806302019160e-02 7.671675116756050683e-02 1.148251219617396623e-02 6.209641795010411441e-02 9.783381004607247244e-02 6.338318473103814188e-02 2.381789960802235470e-02 9.245349846395908844e-02 1.084503759017156968e-02 2.411763626658181003e-02 1.576121249999862381e-03 1.016905866201874876e-02 6.411937416675334012e-02 6.578639727358573386e-02 4.616234759768261114e-02
8.379837332267470185e-02 8.702377044978526835e-03 1.681035484295912916e-02 8.019638461172894084e-02 2.324770429370125527e-02 7.955618672072478637e-02 3.477551234728819968e-02 6.181631377911120384e-02 9.021131106485316686e-02 1.905982968820874035e-02 9.100166372592047304e-02 2.744895545463998943e-02 4.461089757247969217e-02 2.236940607902625569e-02 6.685398236820125351e-02 9.930717217776174888e-02 3.251465975726403057e-02 2.327312960171479261e-02 5.094719121819858698e-02 3.447206574922007105e-02
7.214662979504313234e-02 3.639006702673131238e-03 1.595718766502636152e-02 8.429471686344941483e-02 9.936468200328488209e-02 3.093648594175320288e-02 1.519755332887833335e-02 3.963482788496580644e-02 2.288858547585641626e-02 5.628285949211547096e-02 2.757853247268269442e-02 3.102596919304835554e-02 5.799449282314861516e-03 2.871770873424593987e-02 1.441631795663437382e-02 1.885416014649451619e-02 5.553009875141227264e-02 1.749219701904681720e-02 9.117411633645841618e-02 8.832840110027619096e-02
6.657809900709034390e-02 9.607285912276754269e-03 7.131985499868336020e-02 2.606845577170829875e-02 7.687321838390345774e-02 4.921014472990074134e-02 3.435613282944453145e-02 6.259768939674857646e-02 4.506326556729342570e-02 1.050349893552364813e-02 1.000821825149079795e-02 7.739577605983301301e-02 3.865243100373545737e-02 5.674753245103950072e-02 7.297552446664876125e-02 4.962763624436461463e-02 1.575017795973050402e-02 1.650724457718205640e-02 5.298853620129598263e-02 2.592480539924754343e-02
3.848618354404146485e-02 1.796874140690974016e-03 9.248752410531535517e-02 2.169978902085117900e-02 5.754114305050525568e-02 4.767756758119715693e-02 9.002612034146567632e-02 9.833349967559168459e-02 3.633749599165404798e-02 9.662996931838017944e-02 8.895753773429566913e-02 4.596932139816667547e-03 1.286878973298384403e-02 6.676046161185741901e-02 8.877615809018733761e-02 5.785670166039903750e-02 6.704407145798174650e-03 8.519583147861646555e-02 1.102964815152188832e-02 2.874593646873857544e-02
1.061232715307243273e-02 8.387098698875934677e-02 7.951087713235144294e-02 5.192782454305606976e-02 9.016667983171489098e-02 5.202853797269710312e-02 6.934332414060218053e-02 1.487118186235794094e-02 6.323804087800302676e-02 3.512722649480958664e-02 5.443603921948097363e-02 2.474570328701584249e-02 6.057405248806220499e-02 4.523159357608080855e-02 8.889426212159083629e-02 9.139285876305043577e-02 2.320218455689761206e-02 6.219291936919386921e-02 7.212331986880814172e-02 5.740318954255577144e-02
5.813024476184520950e-02 5.559868324699775155e-02 3.114368217182443901e-02 4.516563846161495560e-02 3.811956561882698380e-02 5.646964660054393237e-02 2.717133817481313246e-02 2.159957869587866494e-02 5.890491725699761871e-02 8.587946491927632431e-02 3.361525382387476040e-03 2.932034338058006270e-02 5.883638220520044648e-02 2.075840278148939622e-02 2.983203659280556780e-02 6.775987757057670702e-02 7.062916193835255818e-03 1.852499990177759390e-02 2.568174698525489685e-02 7.660995527680219963e-02
2.205861781356168935e-02 9.952921353643728875e-02 8.167341412401279976e-02 4.038699614784792280e-02 4.337116942913063489e-02 5.514222118700419506e-02 7.260308042157428976e-02 7.159637984226306651e-02 2.606220657368396587e-02 8.304815515505679924e-02 5.542328590567802355e-04 7.664671215211571464e-02 2.184984279807984653e-02 4.890226257951463262e-02 2.055672430306769785e-02 5.266578445928326441e-02 7.460055360736007890e-02 4.790743420303394950e-02 7.995715976048572982e-02 7.893773023136764488e-02
3.679909676454840017e-02 6.368752228214516475e-02 1.343065411622555022e-02 9.116834068682050374e-02 7.813420554546635088e-02 8.186585474414222185e-02 2.429446742176847446e-02 3.614264592437321788e-02 5.105871918373947743e-02 6.375566873413121560e-02 5.388068565642533531e-02 8.971624921189348678e-02 8.680381498172740073e-02 9.098940522807909270e-02 6.218354090187776934e-02 7.857030729698856464e-02 1.464805089868642662e-02 9.869555295247989246e-02 8.450103789929253040e-02 3.171425822759077733e-03
4.927948180133801676e-03 2.654482373181664759e-02 7.027251319088045900e-02 7.101061447546830850e-03 6.513687593327782688e-02 3.512927460526305001e-02 5.885697368376449634e-02 8.673788888081279680e-02 4.580332772801232297e-04 1.283318773914195014e-02 3.492602141692052742e-02 6.310211922593371436e-02 1.886205762387026599e-02 6.319034091605522929e-02 4.094855291616892462e-02 7.955869931626707858e-02 4.899978250595298651e-02 8.675606849347126948e-02 3.789997995613059167e-02 2.521202419779424928e-02
9.597471552862937849e-02 5.028047226776739820e-02 6.304201194527926655e-02 9.477076522268533532e-02 1.385232042577178024e-02 8.268916073354132257e-02 1.193139239889634551e-02 9.725096484701188648e-02 8.611632354923864918e-02 3.218788143486247394e-02 5.764130154802985656e-02 3.122830687940875150e-02 6.967344709149958515e-02 4.616871190546412672e-03 7.923287258961791979e-02 9.397540909952868671e-02 2.633530553064725860e-02 5.958383067803758870e-02 5.405512263910680626e-02 8.946313417166085538e-03
8.911700370785480274e-03 5.805735987071060367e-02 7.055735253709137511e-02 3.470933521822070628e-02 9.806845168094951992e-02 1.752492263209837252e-04 8.554594476553070703e-02 2.235684562640022355e-02 8.229347193758945744e-02 8.341645876475237142e-02 9.402416024316767595e-02 2.232463400954625213e-02 8.836310163152041874e-02 5.743157653524985640e-02 7.612508652056192149e-02 9.987544686887195322e-02 8.449825661915334393e-03 5.920581912035451089e-02 8.479928888137655552e-02 2.571090890910707888e-02
1.518339814591079806e-02 6.051016407041975853e-03 9.442773912228891176e-02 3.219371065897890655e-02 5.491946316493635794e-02 1.238220358845627637e-02 4.883785374227568588e-02 7.979992085491223464e-02 3.532192617487488889e-02 6.187019814690831272e-04 5.926369776872685707e-02 8.790448659027408351e-02 2.416351765010674862e-02 6.664462048533158212e-02 7.937085196458346092e-02 8.670458099367964189e-02 1.298182750347517435e-02 3.087455748675826950e-02 2.433697718047724001e-02 5.844905167948251379e-02
4.004546326959649433e-02 9.391734532020226678e-02 4.598131132754836037e-02 2.356764082721328826e-02 8.441275513906010275e-02 8.295362659030869334e-02 8.597253161015450985e-04 9.021476523569529893e-02 5.835094654148084703e-02 9.039910253002969229e-03 6.041147656503127739e-02 5.592692180370530119e-02 4.297732473691817830e-03 2.866574170783718969e-02 4.513738739204151140e-02 1.534713619982464071e-03 1.224728113797518558e-02 8.077261859193426985e-02 5.420514201516129366e-02 3.093795465293085536e-02
5.533632200438686616e-02 5.525551963864109434e-02 6.213175770814624577e-02 8.211645379515788989e-02 5.613369712472841139e-02 1.740700856846271252e-02 9.921038718939756418e-02 5.354352514311144090e-02 7.959603721688579547e-03 7.456094584969426287e-02 8.254249726213450100e-02 9.144825734916682547e-02 8.743179062768004217e-02 7.138967151544935164e-02 4.756800664587106792e-02 9.573320490964189189e-03 4.722776889906432629e-02 7.245714405661266011e-02 5.394318096698202947e-02 2.131739098060132787e-02
