2.930743871758867969e-01 6.603423676002824656e-03 9.573622266155562555e-02 5.277358949194626420e-02 8.837497304742673865e-02 1.178678126268471182e-01 6.759783776505576269e-02 1.598489558207955574e-01 6.062615017716602162e-02 1.301619267780214639e-01 2.797119867342712229e-02 1.364666131703284324e-01 1.168051815560732232e-01 8.265943893661564790e-02 1.658287397492163584e-01 1.626561973818848872e-01 6.194801974640852527e-02 1.294848899438824086e-01 6.468038834254040415e-02 5.768903991618200972e-02
3.831078096411382611e-02 3.327307554566442255e-02 4.071637334555521653e-02 3.456687749019260632e-03 4.600163333756193684e-02 2.795187178763280933e-02 7.001612683810508331e-02 2.871149169953782915e-02 8.757645800290839166e-02 6.156777084574296954e-02 6.894165566160230518e-02 4.438804931517546098e-02 9.915659310701407936e-02 1.201639286838898125e-02 7.516469987591259394e-02 6.437847309535220386e-02 3.975081161268522595e-02 3.345302999538416616e-02 5.801442130565026556e-02 8.913809535817629470e-02
2.055600986741933436e-02 2.754168666527025133e-02 4.102893178195088364e-02 6.509179733995923423e-02 5.065352681018497893e-02 2.067009341225484187e-02 9.243326562829355664e-02 8.984342558465467643e-02 2.552588761116746444e-02 9.009863520075767074e-02 1.369190398909614359e-02 4.307938182883981615e-02 6.349781158361068878e-02 7.805528472321378308e-02 8.901025665933227915e-02 6.173824115348126862e-02 3.598567858343113685e-02 8.046364617066562031e-02 3.104606935989299293e-02 8.637780641141340476e-02
9.762554554212882207e-02 8.617258634965650754e-02 9.555283979660250671e-02 4.288440726252373131e-02 3.394955393643300096e-02 1.287134285107738307e-03 8.217189512615838409e-02 6.228628991356552347e-02 5.218551589009436109e-02 5.325598483443771958e-02 8.820026725529808709e-02 3.285126630916993667e-02 7.093389114793602866e-03 2.875515338507922403e-02 1.366101327297018081e-02 7.655982752942247505e-02 4.712121641591010546e-02 1.143223011998138056e-02 6.654523424236914730e-02 5.993075980480233947e-03
5.836342870312642012e-02 2.175876727840677857e-02 8.894369440622656997e-02 6.688196028235506019e-02 7.219598099896737398e-02 6.488342270358636588e-02 9.501222869440549557e-02 7.508196007061727906e-02 2.850206361720579798e-02 7.323402534736639380e-02 6.689984708728156926e-02 1.068411089271644777e-02 9.722795346633009150e-02 9.325365769259158499e-02 8.743263584975140279e-02 3.781058396715780701e-02 5.115477501801518612e-02 4.422113776153430154e-02 4.217752792025365738e-02 6.456189951051385933e-02
8.682618749477920284e-02 7.192447853124359081e-02 6.823762374749985093e-02 9.146927509306371218e-02 9.648598321420734369e-02 8.647822728698288663e-02 1.177647291597291347e-02 6.622009125896514969e-02 3.930900522386857748e-02 5.225592992140204451e-03 2.625641150375820562e-02 2.319562501117035380e-02 4.089069996096918180e-02 5.771347259335699031e-02 5.271772454665864249e-02 9.012336563360727471e-02 3.400897455659512153e-02 7.335249332315237070e-02 1.670967130687471894e-02 4.131399412007333988e-02
3.734112486237727707e-02 7.149186754898236018e-02 3.390882287529081024e-02 1.826472242061936285e-02 2.601742207124379050e-02 1.830194880157846177e-02 8.989668537707606877e-02 1.466350284742214995e-02 8.247307592615532590e-02 4.416637433694425852e-02 1.951546690806068782e-02 7.039893132631325386e-03 7.461569750793303757e-02 3.665120985731367548e-02 1.824998479529522585e-02 3.422062299677339908e-02 1.196684789819413286e-02 8.693107572492214663e-02 4.039696957445459286e-02 7.855599755543497820e-02
4.534277084377749678e-02 1.796701368600547508e-02 5.356706163584071950e-02 4.454386646120052362e-02 6.436593920486613496e-02 7.784013011698606710e-02 3.304198599215112803e-02 9.610556648085631648e-02 6.884457876838427637e-02 7.546412897564383493e-02 6.683075633491268597e-02 9.976891551171852834e-02 7.951760655453278537e-02 9.465704885513147315e-02 8.790505377751145488e-02 7.590469226910801642e-03 4.528597835495678375e-02 7.467927619464644062e-02 5.177703729154771450e-02 8.294946564615214568e-02
2.540352163973724851e-03 9.317403157330483854e-02 6.821679887254160357e-02 4.475356117288105395e-02 2.478489349065017555e-02 7.673085053600874061e-02 5.692952750238700066e-02 2.726886527884158154e-02 3.105140671750831333e-02 3.924918543060518239e-02 2.120406647612562909e-02 1.996399418380271490e-02 9.505044586909211501e-02 7.820576424161465590e-02 7.378078219115608016e-02 5.811259579099849193e-02 9.682744618892524802e-02 2.342430677713336351e-02 2.687815641476768574e-02 2.769963538771192009e-03
5.845790154478150424e-02 1.181259576100617339e-02 3.074116620416722512e-02 2.387559559867215297e-02 5.899833500965528249e-02 3.706535822735766011e-02 2.512667494230114412e-03 9.189000171647487836e-02 2.617347079949279565e-02 2.127501852665985085e-02 5.540099199846826306e-02 5.793862446815462031e-02 8.156159771548147919e-02 2.798541845997398747e-02 7.571007969759895040e-02 3.054462678867304881e-02 2.676797949010827418e-02 7.992760119828840049e-02 9.518041469931515230e-03 7.247883256668073704e-02
1.612047468861636107e-02 5.694019660308935818e-03 3.375973499164276748e-02 6.227068041216369393e-02 8.496407953021734016e-02 3.350851909262315964e-02 4.445314728274880889e-02 2.869135125243532647e-02 4.489035715280738359e-02 4.088862221603726393e-02 5.567698997135378525e-02 7.915200202459505164e-04 8.504793205712429804e-02 3.355704254190409325e-02 2.963535591586230738e-03 7.058594176956443922e-02 3.701220816555918225e-02 5.834848148612575142e-02 9.981574344538275689e-02 7.839828551273060608e-02
6.391319722995224273e-02 1.499520419316937615e-02 4.509486182235461493e-02 6.390142141055370206e-02 8.813268485226877225e-02 9.374148566941942207e-02 8.438824330831143361e-02 4.721601441906095320e-02 7.730159089478234880e-02 1.642673604280321317e-02 4.606531109141062674e-02 1.253571713946812806e-02 3.543333642024527885e-02 4.533896226812810654e-02 5.570509589536760953e-02 1.415977579710717832e-02 9.868740390601478396e-02 3.483280595949941189e-02 8.068419736528857633e-02 9.238709113819984498e-02
7.455766487429356382e-02 1.387802117503453975e-02 6.187736885325413605e-02 1.887106632914529319e-02 8.923449640342151490e-02 4.243791258897185170e-02 1.928102572398415889e-03 6.793805338617947553e-02 6.378228469926687516e-02 6.342036605422343709e-02 1.475695126753133815e-02 1.787764114069501087e-02 7.798757960804530986e-02 2.004149054198892804e-02 7.261590217447996820e-02 6.541467476838490336e-02 4.437681056232498783e-02 2.393959866077152374e-02 1.205279282805157316e-02 5.904060293931846781e-02
6.664792733762253674e-02 1.615567657916463715e-02 4.532655407881257953e-02 7.461066726587929632e-02 8.716226430837044348e-02 5.844475913636271169e-02 4.056740249657798947e-02 7.518271448738840512e-02 5.782576878252422559e-02 2.479151221882948397e-02 3.487368674172865862e-02 5.927493622565116471e-02 1.863519859602419393e-02 8.791031178290749371e-02 4.987744856757519302e-02 5.592972946571107828e-02 2.672123193129249952e-02 2.242907922265109655e-02 4.792411470673375168e-03 3.656769980740204318e-02
9.174365180748451920e-02 1.294913038793873462e-02 5.327383458569134866e-02 1.179047756230147161e-02 1.346279485186430234e-03 8.447866885037146056e-02 8.349439129970341600e-02 8.759649335201540044e-02 3.005497726123740332e-02 9.588819354101209280e-02 3.771086004489183907e-02 8.957732980413810053e-02 3.378402038895022413e-02 5.925167160784547415e-02 1.938411058501131670e-02 3.910952690887643801e-02 6.725496711367115465e-02 4.587336763420302166e-02 7.935263107774348165e-03 5.645327524069237990e-02
9.940938176801303316e-02 8.121791264903283070e-02 8.120758961436755352e-02 4.234217124639650352e-03 4.440795512261777600e-02 3.438106362133084432e-02 6.366004777256423219e-02 8.731408182615389701e-02 6.212708200704586403e-02 4.243026591936017999e-02 2.095576011455101487e-02 2.002018677632995403e-02 6.923485963639060270e-02 6.801881093919193676e-03 5.617198835803758478e-02 9.085613730786216979e-02 5.266643930672044310e-03 4.661665325449174807e-02 3.247296969636994518e-02 2.876443117862581902e-03
6.288735201759312887e-02 8.747431979503192401e-02 5.303414835788275439e-02 2.045609084198077993e-02 9.293545773716382907e-03 2.464725222721262515e-02 6.168842460855523957e-02 5.879564970816014702e-02 9.249291530636251368e-02 3.754289179823529221e-02 2.492213867305327624e-02 7.122571990543906384e-02 9.552566176919255470e-02 9.164325237231323029e-02 8.866672357821105133e-02 1.149991465190851672e-02 4.590491934121836842e-02 3.826520414056190644e-02 6.624257774413467095e-03 8.641652030777544069e-02
2.779396206937920916e-02 7.885232646852456673e-02 8.724922317023066365e-02 4.442279549832367502e-02 6.199612136045507503e-03 1.625159827854644190e-02 9.532306992547223690e-02 7.244622263932208595e-02 8.739518688046555434e-03 7.181397894789998126e-03 5.855852860767359058e-02 2.668066113684091148e-02 2.689042222436481902e-02 4.308176531942910226e-02 1.983406553001290304e-02 9.766332657705364961e-02 7.718626648853516015e-02 4.026929971332132707e-02 4.141768704821381653e-02 3.877800881437325903e-02
8.038667026918394631e-02 4.109445096674847753e-02 4.829300300440363819e-02 6.651006105781283317e-02 7.779809146881400128e-02 8.899152761036407955e-02 3.371536570216917411e-02 1.236476966160645653e-02 1.001943290569361558e-02 9.200026181817616555e-02 4.943156284842037396e-02 1.661935003135001088e-02 4.854966751894820853e-02 8.800462109115674003e-02 4.836268231567040360e-02 1.962685253092244508e-02 7.691883192787046797e-02 1.421413184728093125e-03 3.707062493684383508e-02 9.170772935598014985e-02
5.158682783617159207e-02 3.925140649024969758e-02 3.048160498952003084e-02 7.010765266840196519e-02 2.952791333472154500e-02 1.503067046998117842e-02 5.851044153954954030e-02 9.520376667972149654e-02 8.718830206306616218e-03 9.206698158386616981e-02 1.346512995878651475e-02 1.702965613251905715e-03 6.327030977267672496e-02 8.321428991432350264e-02 6.031878074460866185e-02 3.288154459490923859e-02 4.043832148126844800e-02 2.665804718475388649e-02 2.775503447948801661e-03 3.125280421410876752e-02
