2.419500285911515003e-01 1.072332073797052920e-01 9.630730657345580592e-02 4.602531772580528702e-02 1.373008621771201199e-01 1.349753732000050499e-01 1.154610304498634998e-01 1.378634105202687643e-01 1.211479619033902777e-01 2.526963189783554276e-02 3.003194391637385718e-02 2.954095464963632858e-02 9.203463910445372487e-02 8.083953624333312105e-02 8.944304481788359351e-02 1.299431537214376375e-01 1.147706808612942997e-01 7.323244996026492815e-02 1.068215312624397340e-01 8.644246148626733017e-02
1.233083792831745143e-02 6.652225335907165082e-02 5.376495861341778343e-02 8.034249529223003172e-02 6.064361502041111518e-02 4.870940733346164342e-02 5.772980493114646811e-02 6.758783577100703488e-02 9.615400184789026083e-02 4.908867681456111770e-02 7.307224201682849425e-03 3.012121118274913283e-03 4.129385828657226171e-02 4.995333594640999353e-02 4.573445680203706148e-02 6.304261422228027434e-02 2.160126635420899291e-02 1.201119966738285576e-02 7.668478922701726930e-03 8.133294934290104250e-02
6.683997612431019641e-02 2.019412790868523391e-02 2.110396441866473419e-02 3.262096122139316462e-02 8.965897544037371159e-03 6.738611082298850974e-02 1.912647663804278864e-02 2.149820443911906395e-02 7.959641707278035383e-02 8.069918406039083836e-02 9.381116543160422649e-02 8.613784046969065120e-03 2.491882765764634813e-02 6.113531472028887331e-02 6.709603000188761601e-02 3.867109571278309205e-02 3.651990497703516692e-02 4.065304783942888522e-02 6.881101820969087735e-02 4.603590038581546751e-02
4.603301666653191598e-02 6.801472430767363866e-03 5.549799054689680267e-02 1.948959920609999452e-02 9.579945908501139029e-02 9.743734982292742708e-02 3.096424169633897952e-02 6.228166657075030060e-03 1.332228733680503908e-02 9.850103267081199154e-02 6.366624256387935776e-02 8.258320024900900336e-04 7.818004382397875096e-02 8.371556860844803216e-02 4.878301578213992129e-02 3.644235884271179032e-02 4.738234908044463428e-02 3.660405257075856345e-02 8.745537947976320114e-02 8.873788465415111126e-02
3.576354693809735696e-03 3.545483583178247328e-02 7.652218310209780300e-03 2.308643944858347619e-02 3.750188083617172347e-02 9.937614565698427160e-02 6.052175667634454581e-02 2.104115062859213212e-03 7.595203834280740002e-03 6.275108786392111226e-02 6.201137079363765875e-02 1.865377958895862026e-02 6.049660179005669769e-02 7.183044233689850344e-02 6.714936638058879859e-02 7.672809533054157638e-02 5.797816134931598614e-02 4.458978744656705816e-03 2.183899509118981952e-02 1.471132592630196648e-02
9.387487037243386068e-02 3.158964576674516689e-02 9.586718851111147854e-02 6.073240238629024068e-02 1.421856172427881163e-02 2.779232172274595167e-02 3.342913755304210977e-03 3.062632159764605566e-02 9.730807182951270451e-02 3.318325899289317066e-02 1.407170205462737874e-03 9.006414083448577301e-02 5.925132820721626392e-02 6.788708877992252755e-02 5.810285774069443021e-02 2.522869439414382464e-02 6.556464693146452083e-02 7.053303643019463720e-02 6.407919248747284691e-02 2.891383173860870986e-02
3.049875465161374852e-02 7.751017210655948564e-02 1.085092030406225108e-02 8.818104481523063309e-02 9.130586564900407265e-02 6.866846400526024907e-02 9.286596500784742581e-02 5.795550838948883288e-02 3.791783124847292619e-04 8.049745397897606347e-02 6.570590388053060282e-02 5.531833607841263323e-03 3.551887981734661720e-02 2.988288225287367983e-02 7.687036339020447695e-02 3.112080516062869576e-02 1.961334364648804895e-02 3.445024578766450046e-02 2.438829671704251245e-02 5.195014143040376647e-02
4.862132736449550907e-02 8.455244726296626268e-02 5.014219340822687748e-02 4.695129902392708443e-02 6.395247722402387647e-02 6.492639363496370553e-02 1.456985254634678498e-02 2.244638449774293346e-02 8.286124798474236997e-02 6.124884260072587655e-02 2.436399563730812234e-02 3.162092991867622438e-02 5.457819441348565198e-02 7.277087551616154282e-02 5.137038370077992577e-02 7.316530868253435203e-03 5.655403211798635393e-02 1.280952344488507470e-02 2.859437360768830871e-02 5.502358640308633447e-02
9.165843524586619884e-02 8.286622328460514428e-03 8.626102157076803723e-02 7.128207959734153554e-02 9.330052826217577477e-02 1.298837956411617173e-02 1.441316710431195247e-02 2.915981498244018047e-02 6.065477666341829999e-02 1.981532756956137092e-02 6.003464698658829424e-02 6.574331089301393982e-02 4.297515618455573227e-02 9.138160535880046620e-02 4.947123036495105000e-03 7.595600064260281392e-02 3.075523746890712617e-02 1.743588824349421446e-02 1.513617792413122359e-02 6.684383188227888128e-02
1.511721360640623339e-02 2.197108498900433166e-02 2.967544066211750403e-02 1.006013163309908004e-02 1.910051636907839079e-02 6.556110639052159690e-03 9.021204163497048567e-02 5.823405441720722747e-02 7.045874652578647257e-02 3.380436402325009276e-02 2.366454327311254963e-02 8.302520225035921186e-02 6.724101916231141340e-02 8.744990184258112642e-02 4.041579211879450795e-02 3.961065456731688306e-02 5.741207142212465669e-02 6.163070740825060678e-03 3.407124156882608557e-02 8.650785331807546441e-02
7.404391641319747752e-02 5.463009512122606742e-02 6.263440261756370031e-02 6.059763669297118377e-02 8.676159546817546753e-02 1.648125244072657855e-02 5.192129707129269911e-02 4.543620435198350571e-02 6.857619984250060141e-02 9.603842074065250048e-03 8.618945952127890497e-02 5.386580077582307086e-02 2.381051890728827156e-02 8.818094041166217589e-02 7.222017563076381375e-02 1.382079772854565361e-02 2.247050228191771470e-03 7.861910191022135341e-02 6.205258430323890018e-02 4.153304046262515370e-02
4.488167548492128065e-04 5.124221431643048025e-02 2.074819558651979159e-02 6.250263774561626295e-02 5.173571237791696475e-02 4.697451387176665785e-03 4.697865948691665183e-02 6.546134408908464708e-02 8.959784461977177150e-02 9.540000166518372571e-02 9.948661980083320366e-02 8.801252776179536996e-02 3.963123097653808297e-02 3.041195393652612600e-02 9.775935331180296561e-02 4.476732203054221287e-02 1.049406421128424964e-02 3.652686914595127104e-03 8.876360129705940916e-06 6.092599283114919287e-03
2.960261301558275715e-02 2.871299253766888132e-02 1.023833369259340501e-02 6.238825817758966719e-02 4.305023278547141091e-02 3.795415523891190746e-02 3.595668906509199431e-02 6.904655800485860750e-02 6.648790982783273074e-02 5.070561012195035078e-02 3.990156130219688069e-02 8.506483598035897986e-02 4.424073839754233406e-02 7.589807984372769212e-02 1.470115994072796004e-03 6.463687607044686645e-02 7.518530507105716798e-02 8.716703802396837120e-02 3.638473059458913195e-03 1.860557705928711503e-02
2.315212088913225566e-02 1.937937824675639662e-03 2.049760140063605542e-03 6.722128001533221597e-02 6.783694253646165018e-02 9.834921047965129726e-02 6.185820839782301545e-02 5.512679521895502872e-03 6.175781221387192238e-02 5.505936477180126132e-02 9.231426451178260592e-03 2.087808124180866656e-02 2.229760499984098296e-02 3.186646139050475571e-03 8.113503734817473570e-03 5.057194925477675324e-02 5.646876420164106958e-02 4.310618998603034380e-02 7.105619245592784128e-02 6.715527629000737908e-02
9.835998322988284692e-02 8.627796076976985973e-02 2.362309454467781487e-03 4.809394218880169020e-02 4.526271959884017870e-02 2.085740005711921377e-02 2.700384946615460788e-02 4.979022091326486266e-02 3.137490884420107012e-02 1.845661834653500311e-02 3.545436258861507650e-02 2.546775286149428885e-02 6.123549386198876010e-02 9.224714596561464641e-02 3.299550233457563403e-02 3.009400193686758915e-02 3.422729023273599763e-02 3.014444146267256791e-02 7.033401441984012126e-02 9.828906597430536740e-02
4.901322438514387619e-02 4.825306709446998410e-02 8.099288923262026874e-02 4.085588298708567323e-02 7.483000009287885113e-02 7.236087276886205358e-03 9.909255762839329351e-02 4.087905439263783691e-02 9.843613507828187503e-02 7.627889983088358139e-02 9.478923023608921972e-02 8.191549968178246655e-02 5.162342543430958886e-02 1.107356439886747479e-02 2.972049199339612743e-02 4.419109435247797063e-02 6.943468071581010426e-02 6.392414034239607412e-02 7.621247834760307149e-02 4.133027705062395502e-02
2.981170052255101288e-02 6.817264206058058773e-02 3.323463620000879221e-02 3.808159954154906324e-02 6.344508847282824548e-02 4.325436495044879259e-02 9.698162597362430803e-02 2.525808497115871257e-02 5.036396788463937645e-03 5.905445285519769771e-02 6.941341213410723299e-02 7.866238202377074523e-03 1.752060144530227445e-02 5.320065356322396799e-02 7.072876164603177085e-02 4.610468039666049123e-02 6.350957230102953488e-02 2.341620614104721401e-02 5.282735124247340056e-03 7.663542009110209385e-02
3.205037070860017497e-03 5.001564413958834582e-02 5.248582236611330082e-02 1.003310294277319839e-02 6.780222315884081030e-02 8.817570591110419909e-02 9.096469337163559654e-02 6.497046252695780344e-02 9.012965437202753727e-02 5.265756575412139373e-02 2.649659489007871738e-02 4.807518937357982414e-02 7.876993444208428563e-02 5.316586110631132261e-02 2.440359047999318947e-03 1.627169244874003898e-02 5.475229247522506171e-02 6.077990818659902150e-02 1.491200683697651089e-02 9.309879283668348604e-02
3.472660731903685211e-02 1.721827715544849147e-02 2.961730057484253387e-02 4.370102898143007897e-02 4.617268103554685033e-02 1.403229984738574299e-03 1.860403062634720037e-02 1.866403907005906998e-02 3.067550510561292340e-02 3.935083218916423514e-02 1.394175110330723305e-02 8.288892960663091225e-02 5.862000717482496182e-03 1.077605449679941511e-04 9.326765689300216267e-02 1.595105559968370765e-02 3.484715831060114510e-02 9.894746661717428171e-02 6.396340692307965481e-02 5.975449058528072011e-02
1.067275441729020891e-04 4.714899606997294962e-02 9.131240179553390054e-03 3.984095576118724946e-02 6.445389266797804662e-02 7.817541403280575674e-02 1.032373131804229655e-02 5.191679333777213246e-02 8.695002703662892130e-02 8.703654229874647000e-03 6.937244029122068001e-02 8.171627506731389545e-02 7.389857021848669771e-02 9.270448325944306844e-02 9.361111876460594117e-02 7.040952000003224132e-02 6.088121852783299343e-02 8.289969641573362302e-02 2.812911334563328401e-03 7.786097006003805943e-02
