1.497830027870973302e-01 7.063821646060351733e-02 4.270820137790669324e-02 5.493982844186487413e-02 7.181277149007421479e-02 6.431363729629994974e-02 9.533771535572105327e-02 1.026729800224649436e-01 1.299869298829022246e-01 1.058227507772749876e-01 7.788268302582193603e-02 9.134711118491817272e-02 8.660223020789968584e-02 6.438033218532268620e-02 5.891732524538150634e-02 5.809050539415462622e-02 2.724768597542505388e-02 8.209258441227680614e-02 5.235490400597413163e-02 9.828917148084566346e-02
5.746517757324429154e-02 7.767384898172312313e-02 5.277575518934427001e-02 7.983738413776925169e-02 1.287243090259416849e-02 2.895998781564787170e-02 5.021523798791070053e-02 6.920398867995271319e-02 6.311364131475885597e-02 3.866455588595110737e-02 5.955495916282380758e-02 3.003083318897944651e-02 9.440676232314793026e-02 7.695230067696246130e-03 5.278948551927066524e-02 4.893274915782171164e-02 7.716943618142760308e-02 8.297502763345623866e-02 9.175189044029895269e-02 9.860492876941269469e-02
1.880287893635011059e-02 8.930600296163691831e-02 5.301317581693096997e-02 7.583250172988548199e-02 9.033933412264139040e-02 4.885722012283411075e-02 2.033572114615411763e-03 9.374154339539744751e-02 4.927417098642605797e-02 8.560750180618831306e-02 1.860370714658307265e-02 9.083752459756989917e-02 4.393968356940814411e-03 9.922619024751204442e-02 5.324551888386930276e-03 7.524811838926986907e-02 4.770940589984075386e-02 9.321645940935054109e-02 4.264073699140628199e-02 7.077770871055143187e-02
6.122651658137110570e-02 5.211613370358390146e-02 5.976422784820787509e-02 3.722410468992420202e-02 7.044194567314294997e-02 5.426385891438833403e-02 8.655810279433026611e-02 4.860041657178369029e-02 9.728310855380549460e-02 6.813814506309658070e-02 5.427461711848457354e-02 7.210155285593106145e-02 1.567351311876276007e-02 5.494041738467574792e-02 2.817679078618272673e-02 7.393084309448461067e-02 7.044360016162043436e-03 1.040041703820057152e-02 4.051507835593362583e-02 6.039730789561704311e-03
7.364255019180544759e-02 2.301118619062164639e-02 7.048594324689572144e-02 9.775187655435985112e-02 3.234891371542660682e-02 4.116325627927574365e-02 8.863621982247435471e-02 2.419542118959821034e-02 4.209923442892922474e-02 2.350396550776095994e-02 7.198623199035333875e-02 2.049788182037374368e-02 7.097458843088969016e-02 1.483719259368534472e-02 4.547680851457746448e-02 3.693184413438795055e-02 7.917708362273244427e-02 8.780323694623004549e-02 6.969729605542483719e-02 2.522556063470579243e-02
9.332348337869635080e-02 2.642469843821391301e-02 9.336944775545137631e-02 9.702200846025144099e-02 2.299878765710894422e-03 9.619526040556788948e-02 5.961303555602631699e-02 5.175126308949811599e-02 8.260359560513491628e-02 6.258322714041955614e-02 9.045074011439926953e-02 8.361640299632744355e-02 1.354344996829905980e-02 4.499715445683242360e-02 1.194330410453585747e-02 7.107278900027469946e-03 1.494761149370439461e-02 8.016412739818817856e-02 6.726288093141927216e-02 4.675380283313879115e-03
1.361302511666525640e-02 9.722417459057197675e-02 2.376995585241890169e-02 7.296302458632140941e-02 1.537219960354509023e-02 5.369544256768577287e-03 2.378058099610567272e-02 2.572950358838681575e-02 7.785120377362292343e-02 7.522470622576372251e-03 9.005494009496847752e-02 8.115141362170020731e-03 1.987928317299129249e-02 1.482706071288630899e-03 9.000633945565160443e-02 2.719827407454067369e-02 6.183985363628780041e-02 1.512524357564293395e-03 5.625437941357724903e-03 3.631991858142139679e-02
9.051379709298788823e-02 4.583577764166140572e-02 2.106897517502905048e-02 1.709882475339087257e-02 8.217123186152751335e-02 6.484436433792488408e-02 9.930666572696212821e-03 2.643993803834500389e-02 6.443073315858866001e-02 8.195182791985822918e-03 5.715924661699481324e-02 9.233501725463724719e-02 4.070605403407610151e-02 7.142411334980416915e-02 9.971013335028767674e-03 2.113478677812307208e-02 3.990549560899519371e-02 3.504989390148589845e-02 2.224747820277337557e-02 8.094210647507406320e-02
4.745236118862893732e-02 1.865006952256920147e-02 6.952624615195207580e-02 4.233152412048929447e-02 6.939623757428071017e-04 7.185898434754221797e-02 5.269412603881543783e-02 7.476865864147464597e-03 9.637758761304908439e-02 2.027205286517896887e-02 2.343865904306085060e-02 4.217897460337871954e-03 3.235324736878669727e-02 2.007831660085490893e-03 5.934724263974899133e-02 8.234939806905224036e-02 6.743292174329204580e-02 7.557684322123738030e-02 9.583070055676812249e-02 6.904482068947628837e-02
1.095201059424951752e-02 2.046976654770986739e-02 3.363989790026527399e-02 4.356017599553829722e-02 9.706917268716018510e-02 3.688887439109356584e-03 4.415253916470081308e-02 1.740208133526787229e-02 4.057653784606285452e-02 7.272677827647826276e-02 5.269690029919558288e-02 2.693361493873672879e-02 8.134080453491027152e-02 3.585907428165922145e-02 6.677135244093876376e-02 2.836680468289616563e-02 3.579001410826421203e-02 5.322585742386816421e-02 9.751423546896108296e-02 5.734636902600762087e-02
1.130369117045204597e-02 3.213019913712461539e-02 7.093251446920335879e-02 5.021200580869438629e-02 3.294482871793889128e-02 4.714865123678979759e-03 2.405990633915811028e-02 4.291957455431819751e-02 1.811383364038880034e-02 8.642810786531766876e-02 7.248989853857604193e-02 6.395263961631938998e-02 5.251167824970836423e-02 6.118655206578130917e-02 2.103469075277453280e-03 4.335178619169932634e-02 6.581401435983114806e-03 7.930969066532645231e-03 1.459188808441685969e-02 9.212875513737277255e-02
6.176317620318223789e-02 5.372006435409504808e-03 2.750731433056864683e-02 4.119656837073158023e-02 4.348669811887706516e-02 9.974755442712827935e-02 1.950037993934475994e-02 6.661545985860545249e-02 6.427206769551453702e-02 7.113053170378788592e-02 7.199645642864635486e-02 3.619153159838837258e-02 9.790291802165082546e-02 5.468985553551408696e-02 2.857627931474950034e-02 6.223904302471653521e-02 8.398315632941716347e-02 8.958533138849607280e-02 9.242419553042348010e-03 9.669689410190862588e-03
8.781215258006380697e-02 5.544057301385549308e-02 4.856108280813090788e-02 9.649990334872138309e-02 6.766690162784269602e-02 7.483622704991953201e-02 8.695864266837434464e-02 4.373507841496743209e-02 2.894529547537203623e-02 6.012974478356386543e-02 7.289497363263042727e-03 5.389628088664256966e-02 3.595283385939249815e-02 1.986897849229875279e-02 1.601775879490377127e-02 1.019204283448862415e-02 2.982833354100719245e-02 2.085592510874690036e-03 1.274641814500454681e-03 9.428395109154739939e-02
7.643078395344192477e-02 9.969871387969427012e-02 8.585444717438351150e-03 5.109313140567104533e-02 9.543036327588205747e-02 9.129130891861983454e-02 6.948723825067072701e-02 4.693921230688869253e-03 4.103363316959923734e-02 7.816093784707196790e-02 5.215976938331574886e-02 3.090824645528511549e-02 2.634817441757411269e-02 6.953739370782663354e-02 3.018879669684731981e-02 6.692741022934504957e-02 4.245836995222557197e-02 6.839534721138358642e-02 9.952446386118096733e-02 7.311913498043465243e-02
4.726761301203344368e-02 7.778242882048938545e-02 1.258264273330505015e-02 3.068755525236625120e-02 2.435921792605788561e-02 5.595894126540573027e-02 9.906942718006278570e-02 5.548635515976625687e-02 8.735946280203743530e-02 9.162477039207606033e-02 9.149490875659205269e-02 8.334140506755058353e-02 4.595671153264094949e-02 4.193407518968129966e-02 2.102611981961169038e-02 9.855633603390490105e-02 2.823926972773153216e-02 8.140214083091475150e-02 2.726545794931859584e-02 2.483051887659915198e-03
8.085852255066829086e-02 4.313585399942787557e-02 3.561714144267913440e-02 5.507918960865539060e-02 2.167441472506966005e-02 8.482941696534462839e-02 9.785873873640149601e-02 2.713936022174291696e-02 9.396836498140284655e-02 3.868027447609337366e-02 3.954765192457410095e-02 6.709438826748763407e-02 5.447556482744552592e-02 4.285681605345675882e-02 4.359336984556323735e-02 7.179363397458909946e-02 4.355582020652021269e-02 2.443337150251624623e-02 4.427533697238986155e-02 6.470882436005720439e-02
9.571040262547320099e-02 2.051562866772266291e-02 6.514075915322936616e-03 6.194253745579780118e-02 3.675585302195849557e-02 2.365211925125769790e-02 4.728124108356225597e-02 2.686778033991058662e-02 7.412268390588128142e-02 1.285648910857539740e-02 4.583504768981161263e-03 9.023880811657987444e-02 4.718406731283575350e-02 1.341037404454447149e-02 6.590846697209887251e-02 1.203703784406442469e-02 8.827162710491279207e-02 5.426080514552567013e-03 4.823831844073162012e-02 2.860683570060452985e-02
3.582241149587846868e-02 2.724595491557223539e-02 8.437615900785007395e-02 4.045225543240336258e-02 2.425588672955714120e-02 9.761266042261218523e-02 1.903441833935913888e-02 4.565783905927176672e-02 8.502938226591057191e-02 9.837572970335073386e-02 2.149530487142018581e-02 9.130011458300035798e-02 6.027045913276510292e-02 4.951320307113689367e-02 9.669066657765747197e-02 9.298666148444335866e-02 2.863370985175493072e-02 2.858893281367316450e-02 7.546397714712131666e-02 5.593876505701459584e-02
9.514407586534284755e-02 1.082931174299710600e-02 5.146188086740855275e-03 7.844016101029760435e-02 5.417765017544654699e-02 4.799659802651437546e-02 5.460143364974058555e-02 2.012280816595529709e-02 4.005334798729335427e-02 9.526895676004398794e-02 8.088092580621276950e-02 1.395532385137523458e-02 6.049447234838536969e-02 2.407931750323859602e-02 7.127951124471788857e-02 9.128939792762875982e-02 7.815461752662347661e-02 3.881197965545594292e-02 7.075584239457123614e-02 4.743662679368203933e-02
3.895469888516937124e-02 8.976838926438478194e-02 3.676692799865374089e-02 5.231847009697332407e-02 5.688456053048432381e-02 1.956414535673345594e-03 8.300678109075804167e-02 6.375332754840054572e-02 3.713149653830526836e-02 3.333692736238173110e-02 9.658250845642812887e-03 9.800972761203970152e-02 2.818234009838362086e-02 7.386959001880822120e-03 2.376098593234360346e-02 4.501741984776733846e-02 8.429949042841645979e-02 3.132157236435052783e-02 4.924476232798064013e-02 7.512409605149601710e-02
