2.110164655754858121e-01 1.293133204302305272e-01 1.219919042920346308e-01 9.778248202148649704e-02 6.399488939033012858e-02 7.815511860779261744e-02 8.102654570478798335e-02 9.534950136359618411e-02 3.690500592723208045e-02 7.991800727446655983e-02 8.204765885139717052e-02 1.444068584451775050e-01 8.266905241802489923e-02 9.081087996663478323e-02 1.443948188744064720e-01 1.125212452508189825e-01 3.220594596575287322e-02 8.031560828314619760e-02 9.234896151744853565e-02 1.061714479833712893e-01
2.849764939291085306e-02 5.747418308482384053e-02 4.794313967408874583e-02 8.814546942286227704e-02 7.540568802791894343e-02 7.088971649701791833e-02 5.390199710092286045e-02 6.491040609340680001e-02 2.995589387294778083e-02 5.476454138973727015e-02 8.369351823548107361e-02 4.741680955595323210e-02 8.372944818956862614e-03 2.053086182742397403e-02 6.176460712493422878e-02 7.557054693087117761e-03 9.549564317808992286e-02 2.640643586979224411e-02 6.966985708755590867e-03 6.747032342758008117e-02
5.683806031303864637e-02 6.788287795512959813e-03 8.861562111156431887e-02 9.964614373534813607e-02 1.802442096841385885e-02 8.191001982506282419e-02 5.633462340515315442e-02 3.960505534853066278e-02 9.322195929718469012e-03 7.054682595076634810e-02 3.236297128714389626e-02 1.985912507737136456e-02 8.545815686308964876e-02 1.387872879903048230e-02 6.740290375012568391e-02 6.069166906783130325e-03 3.926992350947208776e-02 7.353764772068976940e-02 2.163333195183352389e-02 7.028913524615919284e-02
2.632587278738520928e-02 7.888357120225314434e-02 2.575316582692738221e-02 6.372062186191773669e-02 2.983326149299730945e-02 6.675228990797790751e-02 4.515290398891507601e-02 2.692645420251668295e-02 3.246975350404584376e-02 1.722634681675632232e-02 8.886061310598282470e-02 8.014752850776803161e-02 2.737785876581996444e-02 1.022979314939813714e-02 4.891183174269232714e-02 1.613975517016471781e-02 1.342614960389039262e-02 9.032483465211016416e-02 6.434653003904897139e-02 2.444368626791536617e-02
2.176142213341536458e-02 5.609626198702436645e-02 1.911596876451204796e-03 9.477554802934193279e-02 3.631012689481692007e-02 8.936510419152163265e-02 9.243625514045518410e-02 6.962654536790523208e-02 3.217704160299567073e-02 4.247244954852158992e-03 3.125336011188885321e-02 4.810530730241513453e-03 6.341755255569168914e-02 6.819572092444659006e-02 1.187242156806954732e-02 1.172381540793254913e-03 6.895900476410782298e-02 1.085226854536441854e-02 6.787542296597752489e-02 2.067889738460516880e-02
9.599147807292830736e-02 3.635255278163760512e-02 7.740744556388251540e-02 9.594904137911867970e-02 5.624749145271767947e-02 8.514048443329153004e-02 7.997873386896371672e-02 5.979661889904961530e-02 6.755515644780564488e-02 7.272892686934173678e-02 7.919050341615693767e-02 4.909311916390923791e-02 5.783220894091376657e-02 9.514063371290831794e-02 8.067990733270458820e-03 1.943583109527766833e-02 1.471840570079591126e-02 9.190244419182430624e-02 7.828416477747440760e-02 4.190786250437385230e-02
5.733768657775865224e-02 8.607248704087069879e-02 9.594868634269787533e-02 2.048420738602038313e-02 1.017812578044092857e-02 9.445617403850896376e-02 4.805654947867647048e-02 1.142271774256528073e-02 9.917709760104953531e-02 3.800178057864576214e-02 2.488729454702247670e-02 4.860458671080367804e-02 3.119131966723744098e-02 8.670520429643162330e-02 8.822006605906224097e-02 2.017562932169497669e-02 1.894778809977037959e-02 8.110377198798580239e-03 7.182036962580948258e-02 9.692450046023352861e-02
5.470095792967730880e-02 4.154929222922955356e-02 7.500485530337573647e-02 3.407890375125843113e-02 1.606463592416326400e-02 7.411677861585265481e-02 2.780509182351820294e-03 6.098316645521324741e-02 4.864081746757227542e-02 8.285485817128613456e-03 9.059197564786480861e-02 2.478629053093298756e-02 3.236007745316902412e-02 3.138906167353616977e-03 1.367582883841855779e-02 1.644369453371719199e-03 4.476621361710175773e-02 2.857101858654777227e-02 9.699163489831939822e-02 4.597708119110111361e-03
8.912277263291411289e-02 1.314039560355736470e-02 7.713433688667160198e-03 5.736982955429275471e-02 6.372180567972342280e-02 5.557532826423882549e-02 3.324676968896225077e-02 4.136907823026957781e-02 4.034136378068355067e-02 7.642106665275005817e-02 1.374549348666208662e-02 2.295388029499210308e-02 4.803310973682372448e-02 4.477726050427734139e-02 5.689209623514795283e-02 9.026102671028241042e-02 5.930997997127421956e-02 1.430285751800727291e-02 1.623247520647154093e-02 2.522479397487237263e-02
1.808712681759112526e-02 7.034224290558215020e-02 8.875818331194890165e-02 1.142869775359050058e-02 8.131309624078859877e-02 2.510471577652324815e-02 3.824940840264523956e-04 7.443982340812300980e-02 6.175532301586810630e-02 4.596353528883487943e-02 2.904844449751927890e-02 8.102058655885445437e-02 9.891716011101676920e-02 3.649135513561724276e-02 9.411215833349985058e-03 8.163345036967625812e-02 5.967596808353497345e-02 6.176668311574611686e-02 5.010060355296792889e-02 8.876857006070432154e-02
5.351206932645391490e-02 7.522802527550631613e-02 3.522970344707467699e-02 5.426711946870588221e-02 2.033976986384476021e-02 7.203943359755764220e-02 5.761232611979608814e-02 9.193531316487919824e-02 6.705821360260051656e-02 2.259843151424367931e-03 9.937175301194486887e-02 3.721126813320636828e-02 2.786620409859463798e-02 3.847258703254853585e-02 9.531602609452886898e-02 1.604180624524709220e-02 7.426558005090548586e-02 7.623808171902846272e-03 8.481808886623364019e-02 3.580257567810885000e-02
3.875153661566022034e-02 1.144832136401292659e-02 1.879184865241177033e-02 2.971134025840727055e-02 9.246063063951270866e-02 4.185221470130506133e-02 2.398691785603027787e-02 6.468609193290890402e-02 1.997045246286012488e-02 1.806613667296889242e-02 1.207237541644883352e-02 6.745306960640271021e-02 6.952660074358284203e-02 7.620399779796871963e-03 9.593095545511549915e-02 3.833432164411787739e-05 2.365837758050894080e-02 7.147057069775873683e-02 8.345770996714906020e-02 7.137791718250484363e-02
8.079739285184425746e-02 2.991262629398048351e-02 7.034479098177136291e-02 3.634515187004607600e-02 9.136141188763174936e-02 5.642015422491765408e-02 8.716427314388545955e-02 7.652457895907843755e-02 1.807766529458728830e-02 5.123360922853950616e-02 8.361627085768190415e-02 5.373615438513121290e-02 6.414017380708370020e-02 3.090810747854777496e-03 9.705145836663699177e-02 7.033152208077796119e-02 3.102144550211416614e-03 6.404519446232352642e-02 6.956927061184309258e-02 4.271265075661329069e-02
2.947385043075305758e-02 4.654019674714460209e-03 4.030496831007083364e-02 9.087087638030635905e-02 7.873376934570026908e-02 2.257240016336600416e-02 5.723369932087474243e-02 1.300549461864455338e-02 7.086083154536422513e-02 5.634184116697197459e-02 9.697465790244198802e-02 7.020259686141397393e-02 1.370506294398532443e-02 7.656691387209410560e-02 8.725919908582212281e-02 7.276097356180044606e-02 7.315516301778113989e-03 1.191414007472051464e-02 3.508925169327138660e-02 7.276219147731692594e-02
5.187801485678205510e-02 8.536060595359371006e-02 5.123272502689749791e-02 1.723248982531967385e-02 8.559554968082801196e-02 1.333144603779745684e-03 3.127689983472164981e-02 4.143300674767069758e-02 5.416602858856087166e-02 3.468443912079325481e-02 9.927795188525741221e-02 9.023298761928433276e-02 4.385764809922099161e-02 3.809304119893952741e-03 2.637752453454493898e-02 8.057904914027724796e-02 8.084485120249751411e-02 5.653414034659285520e-02 6.760148303935183123e-02 4.294136158132298015e-02
2.309788252634901312e-02 9.709046216985206534e-04 1.925686893530720312e-02 7.477363914978873982e-02 4.497650547870239018e-02 4.285624438076972992e-02 9.908224919060448777e-02 2.610271776504213825e-02 9.153062978911592762e-02 7.628521840017721267e-02 2.343015973504376792e-02 5.915105604903889147e-02 4.948978316723071091e-02 8.061910562754852350e-02 8.403488799792219188e-02 8.588460483681215063e-02 1.961586995263197089e-02 4.755804020161714940e-02 6.035802292033615180e-02 9.872016686880497049e-02
2.947233528084305595e-02 8.165382593205743056e-02 3.283464906115431126e-02 8.409685998688359865e-02 8.873621451168815788e-02 1.365067831521761359e-02 9.718176448830553871e-02 3.891251550587829233e-02 2.572733062340320023e-02 6.590928558233292989e-02 8.804506871358884490e-02 2.621069633707641400e-02 2.603671073280936638e-02 7.417140786892421900e-02 5.996212798467041166e-02 2.355889592280568934e-02 3.689101280495965616e-03 5.156372133079000636e-02 6.043249381978713780e-02 9.084841905064576506e-02
9.924197719301883214e-02 8.164089332093502072e-02 1.949087780705404185e-02 3.904504339821588538e-02 1.939876056323510886e-02 3.107971248516405716e-02 4.795894418777896240e-02 9.593222850578415895e-02 6.759175048624858906e-02 7.271741549514211533e-02 5.293219863260021502e-02 5.699587799237764568e-02 8.890159854709982212e-02 7.436961047089601928e-02 7.868640842457426399e-02 4.994855471361930171e-02 1.528947460402997442e-02 4.384267445580770049e-03 1.454788099093322698e-02 5.872125142571787970e-02
1.235197550288637085e-02 8.201827655102955639e-02 2.815885278718998144e-02 6.277746015567620824e-03 2.802507463573715787e-02 8.442426600043756446e-02 6.986577752038444777e-02 4.638786041074811906e-02 6.496335073064302135e-02 1.916769648841054694e-03 2.055045128072454860e-02 3.286770502184466203e-02 2.936418444365656091e-02 9.279657146204545182e-03 8.749340165198812858e-02 7.565733680738141037e-03 2.598733153525701039e-03 6.158840659617919461e-02 7.464549876691069230e-02 2.360062064568540022e-02
9.090168651530540489e-02 4.993336622704171168e-02 5.777861337282708294e-03 1.416402098995202079e-02 8.443585256918507975e-02 5.531849159769521018e-02 8.980439740490493705e-02 2.957266742763988918e-02 3.355673866467923094e-02 4.885790989602612627e-03 1.643840347962685286e-02 8.541424693596058604e-02 5.581920508399443315e-02 4.904790450279044450e-02 9.039356425561022312e-02 5.590627036221378771e-02 4.970249188199803853e-02 4.191843381954375725e-02 9.466185055342822563e-02 2.668440824226959995e-02
