1.916288620864859682e-01 1.567481111274584560e-01 1.150600901198826215e-01 5.828178666181708933e-02 7.341710583928391654e-02 7.095979434202047409e-02 5.687976843301639773e-02 1.587352047885615680e-01 9.091521785978344539e-02 1.569303953498593085e-01 1.322868141146747167e-01 5.387389919090823653e-02 1.223632549323832586e-01 1.300854304047931176e-01 1.441718874313742682e-01 3.789255435593881505e-02 1.307105517026424246e-01 1.790847752800950321e-01 1.237363084130495561e-01 9.547608126586386301e-02
8.370598129280293342e-02 8.057096997454879506e-02 5.132756222852376954e-02 2.534165989870524813e-02 1.030017511182040602e-01 4.389365032808666828e-02 2.714551526499649203e-02 6.250908995150075698e-02 2.395527166191557464e-02 5.654858804728574162e-02 1.246209240637649075e-02 5.854738669222281366e-02 6.707004959006802880e-02 9.604692918074815566e-02 7.183451955437106240e-02 9.643511488974677859e-02 2.350780768435418999e-02 1.056382949687566242e-01 6.741746136172177550e-02 1.041204798690611166e-01
4.494897661678877443e-02 6.278331341265047660e-02 6.701912870315226978e-02 6.489961163021601420e-02 1.595004246337951986e-02 1.456423943852976424e-02 3.915189881612362449e-03 1.863634978548518034e-02 1.017708475539999269e-01 9.939585374052553601e-02 5.371680997149723413e-02 7.465709365597560099e-02 5.467219832299353988e-02 2.117723254410615319e-02 3.910663283853939992e-02 4.877144140064060274e-02 8.596677227320978498e-02 3.530868137292945963e-02 6.925620483385701298e-02 9.031868739934953427e-02
3.277197503019784602e-02 1.024827247630709093e-01 9.311367221693683804e-02 4.452685583561716287e-02 5.901966528739181067e-02 2.986698818237916442e-02 5.018876321413606734e-02 1.016242647496167356e-01 4.638634883715112012e-02 8.281199187192548510e-04 9.484218460907882509e-02 9.003198071611831499e-02 4.778250670379213805e-02 6.320675733026685783e-02 8.091298752607499478e-02 8.078260601344035285e-02 9.588582687936968163e-02 3.339320857079568911e-02 6.052534187644230401e-02 6.318094964950377035e-02
2.824312102165193669e-03 6.638370035882662501e-02 1.696015742105553767e-02 7.097391245121001391e-02 9.749566186680934388e-02 4.612024132705287716e-02 9.965036074405138333e-02 8.579492326373318323e-02 8.100011525347185215e-02 5.835689765435241733e-02 4.744367965059766157e-02 7.039592212072837141e-02 7.273887135301734808e-02 6.257948305183803905e-02 5.382839122874736454e-02 3.159794899230566195e-02 1.038328691556608327e-02 3.967878483077563051e-02 4.125118951256009914e-02 3.729373888980794249e-02
1.787815323602626183e-02 7.498552828761248512e-02 1.928167395879177778e-02 3.188051334126622977e-02 2.114274693359499344e-03 7.885239450322878429e-02 1.319249150141583830e-02 8.679352747332176599e-02 1.079525735056404423e-01 2.741366625645171723e-02 1.549816442939313393e-02 6.960568853398826916e-02 5.008814462918015353e-02 8.978535725228793674e-02 7.100575210180423702e-02 1.296816316035695124e-02 7.659023504943250626e-02 5.149824522075731326e-02 1.095674561047711576e-01 1.327460343515679021e-02
2.317086015519041059e-02 3.507572693240175454e-02 2.254774137837050815e-02 5.189972090167741664e-02 8.379807742848513485e-02 1.895812208880998800e-02 1.058626225577138924e-01 2.071447533436103494e-02 4.912559948053216814e-04 1.069462500975793852e-02 5.157836098426765714e-02 2.662057817860482428e-02 4.082274249794267534e-02 1.057181166786688303e-01 6.098390360176110699e-03 7.904747917298499127e-02 2.707484296885996622e-02 7.897504596488783349e-03 6.272740951730490511e-02 1.050354563283385362e-01
1.150066959728105083e-02 1.598502800765077073e-02 2.437099444416968366e-02 1.105995875928298235e-03 3.582174112610149452e-02 3.563284327106213539e-02 6.502382933668471310e-02 5.312100860695343277e-03 1.328330678824726427e-02 5.018900935477423053e-02 5.145034460313450270e-04 1.023470688125131672e-01 1.053814471083504428e-01 7.327391491257354006e-02 4.953741673196487144e-02 7.826110076434197871e-02 3.700703039104881291e-03 3.603521840893480349e-02 1.338887751510054076e-02 2.386140296841937625e-02
9.511514549839077126e-02 7.119610268180534551e-02 3.315963623486224005e-02 9.718726503464936162e-02 1.498094374925875230e-02 2.258525442156147575e-02 7.198602433991775802e-03 1.095217360023631320e-01 8.303019264667892141e-02 7.566372318200158265e-02 1.463739896213825734e-02 1.691227154075510691e-02 6.027592625966741308e-02 2.964683924511112359e-02 9.132056999335327885e-02 3.152090432905280820e-02 5.217754930902439303e-02 4.790030520869318492e-02 2.173484470940977714e-02 7.442136813867633247e-03
9.649051359188615118e-02 9.337776506718031833e-02 4.327071644859781935e-02 7.713206245754749245e-03 4.120047595684243891e-02 2.779637498261807935e-02 9.974147560234162060e-03 1.064733340511799103e-01 7.659509032728950562e-02 1.739611294962099299e-03 8.548672468545695513e-02 2.287285496813024066e-02 8.949510052205367217e-02 8.284868717769931779e-02 1.216453080576867726e-02 8.871427763790921961e-02 7.953660410547747084e-02 1.919438936680673696e-02 2.552105821345716525e-03 4.379593598732807458e-03
3.916246779957371915e-02 1.098245630013116453e-01 1.018197341029994651e-01 8.896644032872189078e-02 7.645957949540737805e-03 5.944616041313357385e-02 1.075336141883865698e-01 3.783989477165714682e-02 3.580014242195266039e-02 5.346556092750128636e-02 5.681011132054499674e-02 9.771132127116888277e-02 3.826835019202943361e-02 8.829046050776755139e-02 3.777325815039501988e-02 1.128572901287090181e-02 1.011592557545930027e-01 3.867050352414808101e-02 3.782648178095527475e-02 3.320364771490863075e-03
1.119020889269310010e-02 8.564525565709147845e-03 1.035974892712006046e-01 3.548028430639348085e-02 1.184754912712073470e-02 9.784915681381103902e-02 3.167263949472656770e-02 8.628392071447316125e-02 5.316051227270138929e-02 9.824795519024528967e-02 2.863582742461593181e-02 8.788190739224854831e-02 4.438802971182227025e-02 2.317681175894158868e-02 5.636985161154482032e-02 4.845652917885111960e-02 2.506355199034731793e-02 9.802335935682794654e-02 1.058916538725892253e-01 3.431674596467658434e-02
2.526205909151716875e-02 2.198913050157770208e-02 6.051669310057993662e-02 9.272924840548658551e-03 9.293912749476211654e-03 3.846372657900409137e-02 1.397160243979700097e-03 8.844825855420281047e-02 1.061998390395139796e-01 1.262738288258401752e-02 1.069267305332926576e-01 1.457511008489566565e-02 2.377007264128810828e-03 9.612681673964874884e-02 4.173889942992361894e-05 3.346446287053651998e-03 7.248961034313969320e-02 2.494812190115163961e-03 4.152429507043726986e-02 7.227963504217277402e-02
1.392716704966220909e-02 4.366768745471380844e-03 8.202556757036218171e-02 2.205843037888791450e-02 8.903202160178584623e-02 7.892225324130366926e-02 7.266575081401634162e-02 8.565703664234938786e-02 2.122897845862519242e-02 7.613903620414513851e-02 3.833442344304045096e-02 9.722439039357534197e-04 6.849169247353457599e-03 3.296787620142789359e-03 2.456713706270866569e-03 4.979709292018139055e-02 3.254628422706517393e-02 7.222267401624019034e-02 1.818844599523937455e-02 8.974378249562910137e-02
9.068398175372703596e-02 9.088149988867897516e-03 1.395616708143472898e-02 1.017502479780635904e-01 7.946378064975116728e-02 2.530365345352135475e-02 5.699402276892814173e-02 1.590156751903617702e-02 5.869924030562089640e-03 7.360145244717043733e-03 6.745655563100440288e-02 6.723741139776331921e-02 1.262887620807593564e-02 5.776793391091587099e-02 4.024937543260820316e-02 9.294789828372002072e-02 1.000725489211631153e-02 4.143498989200360139e-02 5.631813754169941177e-02 2.751442128796868780e-02
1.186532174936902545e-03 1.118747646421812923e-02 5.392218882219807635e-02 7.235871493392968812e-02 9.446878680993124611e-02 1.173730476981359183e-02 2.784775570211564522e-02 2.776507203539024110e-02 2.266161805647991939e-03 1.863195581884005692e-02 8.684318365217050251e-02 8.446795056260886225e-02 9.652544459425511925e-02 3.961403533673683169e-02 9.259545754186622110e-03 7.363095978922630513e-03 6.860304840124316350e-02 9.070674228174264997e-02 1.045661154220688394e-01 4.476626217800582647e-02
2.477277150854433063e-02 7.552154166106200828e-02 6.809013636511521139e-02 8.233057418846573272e-02 4.884959275160419973e-02 8.389805573884452639e-02 7.951215966367962407e-02 9.478623008404310490e-02 6.155011110809036068e-02 3.973512801522464943e-02 6.748200065941671599e-02 6.839790473025357531e-02 3.533129109207266971e-02 9.774081490426730912e-02 2.388768194031913941e-02 7.840144501368577490e-02 9.228899393267593620e-02 7.490400206828607549e-03 5.122160596933087763e-03 6.267629578357890308e-02
1.027273073027749548e-02 3.304820028119100778e-03 7.648810931022047288e-02 1.888578216463239479e-02 4.637949853814014867e-02 4.021892151560080286e-02 9.738154736146414914e-02 1.180262560310813350e-02 7.862196347638503169e-02 8.228398656317181814e-02 8.259938828328344806e-02 3.886065776839896235e-02 1.063100005197823161e-01 8.251451691799367716e-02 9.096267866560368842e-02 2.244172658287537855e-02 3.448357805415466770e-02 6.858936261576245585e-02 2.599420790368520487e-02 8.732613268331644585e-02
1.060911301534928214e-01 4.249885892141254395e-02 3.205514917309841560e-02 6.356436844234025774e-02 1.009675744554979770e-01 1.045581925558077864e-02 6.597258016979566653e-02 4.631627808035895799e-02 7.067823675867659916e-02 5.400587698979323475e-02 5.958741224397243186e-02 5.543450381804085336e-02 2.685001725564356914e-02 1.061269929254795436e-01 4.178472923090770230e-02 8.108538295223849390e-02 3.256241403969984544e-02 3.681239982775203617e-02 6.581428125938597329e-02 3.729274001877377898e-02
5.076579923049164694e-02 1.945018173520726354e-02 7.676681656641314022e-02 2.568012554864301800e-02 4.324022995312677003e-02 5.664778989047968005e-02 2.952599837532147997e-02 7.102928270590111448e-02 5.042440600230828351e-02 9.251608871125163724e-02 1.910670432465614210e-04 1.359834705226365022e-02 6.918421688860358632e-02 4.763377146419570107e-02 9.583035011456562946e-02 1.383057874686091995e-02 1.240073623153334706e-02 2.745208544504811402e-02 9.181090825665007282e-02 3.186976910645674538e-02
