2.259247956264302526e-01 1.573541202276456663e-01 1.077550851129212839e-01 1.186831735638129992e-01 7.504505057482102615e-02 8.841862681802740986e-02 9.642401882399653790e-02 1.393439718531270521e-01 3.681706422469755574e-02 1.384538643047137363e-01 4.444466150956755124e-02 1.391527477098636612e-01 1.457054389606545208e-01 7.601598218677034502e-02 7.386654392071595465e-02 1.350696821679513437e-01 1.062594646835497147e-01 5.806371213264307357e-02 6.659977299965780251e-02 1.263854275052280207e-01
8.582482144354811049e-02 8.761734911592017339e-02 8.642201137327941429e-02 5.248789261860708349e-02 5.196812911753696806e-02 1.905595133374803768e-02 8.684912060122804145e-02 7.203478361814703856e-02 3.277804998889159716e-02 9.610834959761387075e-02 4.635882636143531799e-02 6.476131838839997712e-02 9.979039354008099189e-03 4.928572143152459839e-02 7.453594157416407184e-03 7.759641695678801132e-02 4.364736631178459808e-02 2.131065136370279001e-02 3.592629481706370587e-02 3.387251767304562400e-02
5.531953989571733454e-02 9.619235428315738023e-02 1.003197012678289646e-01 6.461001598870777518e-02 9.535145286309519574e-02 2.299427596560710968e-02 1.078871961414498183e-02 5.284674776658870171e-02 1.818227234925371902e-02 9.526011262987470196e-02 1.613129220435067721e-02 7.451846916007562327e-02 7.242139102112506166e-02 3.218358185595161791e-02 5.627777478344438318e-03 5.361816025060958668e-02 7.413466779331848167e-02 1.602543789373834376e-02 8.869483146959490638e-02 1.014903267447934444e-02
3.220355731690231066e-02 3.823638624431571764e-02 3.559745462952187273e-02 1.444251301497380575e-02 4.091030105966545621e-02 5.518130492412449961e-02 1.327599541611817688e-02 1.018344656718333796e-01 2.050761864441243143e-02 1.000525141734429080e-01 9.600459351142549835e-02 1.015520085614432348e-02 5.772593955668470223e-02 6.937485537694794424e-02 4.695861257467529026e-02 4.834992787342685949e-02 4.476049647092659144e-03 8.159465200793673822e-02 2.942707244273643982e-02 7.173273368796938276e-02
7.970401121553269408e-02 5.062301313212402842e-02 2.527799507393143838e-02 1.212983962509374750e-02 8.672140570029008427e-03 1.946804460327746953e-03 9.794903339080092419e-02 5.897179196776158178e-02 1.024527359996684622e-01 5.119049022261541737e-02 8.833245878709689025e-02 8.766408185528722086e-02 7.650734623452271066e-02 1.002535909327120500e-01 7.816435033444796288e-02 8.409875502574613859e-02 2.205172555675593074e-02 1.820160016850948942e-02 9.351009843108883113e-02 4.232556150504764025e-02
1.897475888891446373e-03 1.471070572550890049e-02 1.023413226220940830e-01 6.996455707336394700e-03 2.046659597855308640e-02 5.160325243988526239e-02 7.725080341347240198e-02 7.553838060885130490e-02 4.594937529593792064e-02 7.557674062196431675e-02 1.656590801476082869e-03 1.393375338994629412e-02 5.413865239728442302e-02 8.766164093648128042e-02 1.239464393608462334e-02 4.159438979534728353e-02 4.238473925738242554e-02 5.673641091515166379e-02 9.620389400096468480e-02 7.210967750922602946e-04
1.102818958090835862e-02 9.951140121760529422e-02 4.952408885388762116e-02 3.932039593262409011e-02 5.682463113518280290e-02 4.248706969651784571e-02 7.978242613849313714e-02 7.044526765274182478e-02 5.238752853431728057e-02 2.697350094699740505e-03 5.247234719215824322e-02 8.337668242644422079e-02 7.061657608946017572e-02 3.187336779355319505e-02 3.394635891309041864e-02 1.595605524434352482e-02 6.678157796195019480e-02 7.801811632354382908e-02 9.057626257156564664e-02 1.021458364775902211e-01
7.283559235511419261e-02 5.802060318363694985e-02 7.245670902733709895e-02 8.456223597290027372e-02 8.279594535483157658e-02 3.675349779173307102e-02 2.484770383367681731e-02 7.439747231385179793e-02 1.163475993113206181e-02 4.764346075046406448e-02 1.108328383603666284e-02 9.310181862490841953e-02 6.613755198668565261e-02 4.944981176567525560e-02 1.700445827405550059e-02 7.117602168819560371e-02 1.937040584559418174e-02 8.129803127665130580e-02 1.035632977598816840e-01 5.302447669971026983e-02
4.080989091373584191e-03 1.416154355827473803e-03 9.919127268873983994e-02 4.868595757811404467e-02 2.964593983373540673e-02 3.749064629095638299e-03 5.115401072897646229e-02 8.135274377850487681e-02 6.876354768312958887e-02 9.764680146897442015e-02 1.855252882097113351e-02 1.522221391823796489e-02 4.439097519762483929e-02 5.102088219228382258e-03 9.726373213704406218e-02 7.505055725883606754e-03 5.681129367060450130e-02 9.741550652810383737e-02 8.987896047146123890e-02 5.845235180686900178e-03
1.584961131255930092e-02 2.977479012885800302e-02 8.772124447974011252e-02 6.220930794026357374e-02 7.630481877303985083e-02 9.625693316411590428e-02 5.455989985408348647e-02 7.565235720515390422e-03 1.022653566118858215e-01 5.420923256953840558e-02 8.252446596156204350e-02 3.412005249707179833e-02 6.593678809627114001e-02 7.697726594928487598e-02 8.029056668815887088e-02 3.643096303655089796e-02 1.008068645007628716e-01 2.256475812084014591e-03 4.688571205224777855e-02 7.769246664956340476e-02
1.360268558681412311e-02 8.066546946686440137e-03 4.209005454608045343e-02 3.923351097857380454e-02 3.884721583751533230e-02 5.862662931174891789e-02 1.109380387349247167e-03 6.327616173840155955e-02 9.049838360646353386e-02 1.025065477169678219e-01 2.454010781535999330e-02 5.753060447101342179e-02 7.577273771937806379e-02 3.102063639672204831e-02 6.078528981656057539e-02 6.022248164936582632e-02 7.287580175099835121e-04 4.080289057602309172e-02 8.803256954524428524e-02 6.884574579953332829e-03
8.605316921288026777e-02 9.164332878362521639e-02 7.531721274828903634e-02 4.067704939218542287e-02 2.242766823497087392e-02 1.089733744694848169e-02 3.938407016545607958e-02 3.504328413643151979e-02 1.412874486552029470e-02 4.794577682391389789e-02 9.659216887064994359e-03 6.569339964978701540e-02 8.635689985392793616e-03 6.945100392127812050e-03 6.953176821997966717e-02 3.111692520677662721e-02 5.366170010339623569e-02 9.066805243727267538e-02 8.578770871526318620e-02 5.192202528333964007e-02
4.915572601077318471e-02 4.620164337854570230e-02 7.890261548763838340e-02 5.751157180317303420e-03 5.435902469807908644e-02 5.939809246933049763e-02 3.460399489264664313e-02 7.041660393931763184e-02 8.700509022583330365e-02 1.177515381441379683e-02 5.920007904753669947e-02 1.444663291406199368e-02 3.734437183305015437e-03 9.850404298929139879e-02 3.956640545502208145e-02 1.014251351503449167e-01 3.551250089842838270e-02 6.740308846085094063e-02 9.622718884830193387e-02 9.646998557050631695e-02
8.050406669108382818e-02 5.934616176390821590e-02 3.184624348731090321e-02 9.570386151743104364e-02 7.477897530764518463e-02 1.783297091995341213e-02 4.263889699674827671e-02 3.830512347453089717e-02 5.523335932910531515e-02 9.360669758896311698e-02 1.890161240064234388e-02 7.084783780253495200e-02 1.908849121511401598e-02 6.386555455472781029e-02 4.245194167311719044e-03 2.882525715384779211e-02 8.493804895348490425e-02 5.521353738278422102e-02 7.227966250606844903e-03 4.168174700246390918e-02
7.937865735103892539e-02 9.918776961597852715e-02 7.130959947776982846e-03 3.561835926996071659e-03 9.363321133439557464e-02 3.110788208811118144e-02 5.759072286532787577e-03 3.352053288372663226e-02 8.779705542026097764e-02 8.892139032962941003e-02 8.405957660667902342e-02 7.454406904705414283e-02 7.356921857508474938e-02 1.010746473280419756e-02 7.263182124558521802e-02 4.416802154447201090e-02 5.414966245202917222e-02 5.763269469983917093e-02 2.035292171504725703e-02 4.633579106666171898e-02
2.756273495007182175e-02 7.033203544349814207e-02 2.112358331832720273e-02 2.838966745269711628e-02 6.349558736837551676e-02 7.334876644550904212e-02 9.556000799318785377e-02 5.588301573738546635e-03 1.704611339981480789e-02 9.641414075229302882e-02 8.799186984403527256e-02 1.022551319472091574e-01 5.722836442608080637e-02 5.627804441183057588e-02 4.364871680287262488e-03 2.924372261660809769e-02 6.875587267963795268e-02 5.670517526858919605e-02 2.892985496739165080e-02 2.065342940559044410e-02
7.218458555928301823e-02 5.147891521065663806e-02 1.787044465280215183e-03 1.592828230287119881e-02 8.529141999774043914e-02 3.466528166116548959e-02 1.034659483875743635e-01 6.536822551588804264e-02 6.890113900568625716e-02 3.927569706241208769e-02 7.991259449930643299e-02 4.164505326174444688e-02 3.913338524890541681e-02 4.667954901258470485e-02 3.860954776747149708e-02 9.656592076385898948e-02 3.950560751450865604e-02 8.935788169370224854e-02 5.830558520534785683e-02 1.250146685904312237e-02
2.079056359497520254e-02 9.509377040881104859e-02 8.618998018297467645e-02 8.655380667783138526e-02 2.653214435024790069e-02 3.791596811623455104e-02 3.716512718185639025e-02 2.523798800381932272e-02 8.132148014311082335e-03 1.036094317940112891e-01 4.139284796393789129e-02 5.566849621111644858e-02 9.911332905229439105e-02 7.943771440898021730e-02 8.932235969250545971e-02 9.569242103523238618e-02 3.245788157394967604e-03 6.793343970127277420e-03 5.889689993743618679e-02 1.282295802533380382e-03
2.184821342188099369e-02 2.774236356613577620e-02 2.413952986056717293e-02 8.901270950103223889e-02 4.465283904433477169e-02 1.004917652616334062e-01 8.247147969387649824e-03 9.479248356680115839e-02 6.241331664298193499e-02 1.022227060237811298e-02 7.257334239593331293e-02 3.205337879124568745e-02 1.646937642018614281e-03 4.968803424670471119e-02 6.755422242932800081e-02 4.759370911587292030e-02 2.388026420206415881e-02 1.397100979395619023e-02 2.114351278390478456e-02 9.473363454484017010e-02
9.430106128668684640e-02 2.006589822237069692e-02 5.286880597586983421e-02 1.870325688250931706e-02 4.458756437779003157e-02 5.523697340337206663e-02 3.478940342309625594e-02 6.877204539665204841e-02 1.000316333108285244e-01 1.878595054656917451e-02 3.477347667995581842e-02 9.896802334568684245e-02 4.658625144410943886e-02 6.340713214429280313e-03 2.873001150416367930e-02 2.489999886870655765e-02 7.850654816742022590e-02 5.356055566474347135e-02 8.488331421371630992e-02 9.890202853769347602e-02
