2.607357347068222642e-01 1.834598303117030982e-01 8.530218010955936681e-02 7.451176444638067664e-02 1.443659586351944135e-01 2.834368367152322737e-02 1.267632883043702807e-01 3.819266937232768111e-02 6.569604721975036421e-02 2.704292923079763128e-02 6.053111116080188425e-02 1.332193230239480108e-01 5.637443551362798788e-02 1.334580416881954168e-01 5.400299033788300007e-02 9.597451302903581283e-02 7.083625054137651644e-02 6.533509117792618559e-02 9.172974669820294080e-02 1.576541189278497512e-01
9.985112181463368097e-02 9.838889751845661391e-02 2.583974045066477626e-02 9.285831656699074232e-02 7.643185515130454522e-02 6.917065200773016287e-02 3.289035578190385029e-02 3.395666577278959319e-02 8.961940741051208081e-03 5.882602864980034096e-02 6.082268228225478496e-02 7.803804407993192305e-02 3.409752492286041020e-02 5.552519097926235381e-02 1.025756299285174311e-01 5.167547157453818846e-02 5.086277557318504006e-02 4.736852778958779847e-02 1.045012709573349963e-01 6.711361617049227402e-02
5.397346010253298992e-02 9.599202108975787850e-02 1.234487815770430978e-02 6.831880946159886447e-02 8.035502132840685596e-02 3.821861790038560969e-02 8.139110835787198572e-02 5.709083402940166863e-02 4.566161471820581741e-02 8.942787956395747972e-02 1.309997910071871406e-02 7.392391710796689108e-02 1.897413766790310291e-02 2.199996789103282960e-02 4.278653181176540060e-02 3.406791769577675183e-02 2.977004118029413782e-02 6.436760289893123099e-02 8.823071572328079759e-02 8.508806432214814641e-02
8.119402910035292131e-02 4.885596198017801844e-02 5.297017084843765738e-02 3.154966365370411030e-02 3.686226322737171102e-02 2.637726582235606909e-02 4.373848511777716358e-02 7.588015844570117352e-02 6.574716989415742459e-03 6.116222507022374411e-02 4.284213550690357114e-02 9.683904079851976543e-02 7.171700057011898277e-02 8.368667256334068327e-02 4.551657516600070286e-02 3.463792520534571262e-02 1.514220824141221909e-02 3.330808863013465237e-02 6.410006329248688073e-02 8.934015227150653160e-02
1.045091277037098754e-01 3.761134457865304009e-02 1.004914257738929867e-01 1.608921392559662170e-02 2.223728661302043844e-02 2.341366181458466589e-02 4.991683744024375674e-02 8.204687328700666082e-02 6.934271381852312455e-02 9.024503270815728562e-02 1.228382261813175218e-02 7.698774086946107154e-02 7.454255213420474258e-02 8.629971024935148560e-02 9.838480394344351065e-02 9.224818625973432717e-02 4.427259571472640792e-02 1.031851753829367453e-02 7.961149813588998259e-02 5.428900897344981352e-02
3.464462281152988488e-02 8.856975492622512491e-02 7.789246684916679986e-02 1.008297886396281179e-01 6.855515573172193955e-02 2.364988153766159687e-02 9.013413146881260607e-02 1.804747505393118623e-02 1.394005974409415205e-02 9.035903768250137802e-02 9.922395674592406761e-03 9.078696991949301853e-02 1.034876468227198532e-01 1.697778073180670685e-02 1.016599285526471053e-01 9.285248369127109547e-02 6.788546182720398003e-02 6.861390771282628587e-02 7.273546194459444558e-02 2.234379784259193577e-02
6.408884126909367152e-02 3.100440607058515402e-02 4.177723904766426910e-02 1.703601557783776185e-02 9.455441255104402032e-02 7.128320481593007629e-02 1.142251395483562075e-02 7.932406564209161515e-02 8.320820658064623232e-02 2.973661503218860691e-02 7.121111667953616831e-02 6.452726808067772712e-02 3.949078684096037767e-02 4.654820250318721098e-02 3.000822249598052507e-02 7.999799218309226745e-02 5.097346234100910700e-02 2.941846005732194624e-02 5.694872133317835199e-03 8.283975376778196509e-02
1.002042719326546594e-01 1.065086594240578777e-02 5.881847398133493131e-03 1.182625545835501966e-02 2.577379273300689153e-02 3.549253539762314141e-02 8.469130772525286857e-03 9.680911910022401562e-03 8.958581737208817786e-02 4.797374146697401705e-03 3.159796474618772888e-02 4.059057118556097521e-02 3.741488698443448668e-02 2.378132439868576448e-02 6.972267329821217607e-02 2.557977148609580365e-02 9.617866478437119004e-03 3.456792655045112100e-02 9.454156987956541247e-02 4.094925407319033317e-02
8.587395788542523389e-02 5.450295094425041537e-02 1.061793242099716428e-02 6.105751808431412325e-02 8.959357314969235153e-02 6.619557998755139228e-02 6.295713100518771088e-02 5.819395923531915649e-02 9.722634438213227648e-02 9.578113681213717978e-02 8.315819967452540984e-02 6.937781697057224944e-03 6.694732143786258360e-02 2.229295777793992295e-02 8.923395121022859033e-03 9.285128498927078255e-02 3.025682967291288064e-02 8.548282614269606117e-02 9.853250149181451423e-02 4.970832439743316095e-02
9.333488438533459053e-02 1.597898858682756523e-02 7.517626235156583958e-02 1.348918691275015000e-02 5.679338603474421571e-02 2.331297873389239286e-02 8.243576608497128755e-02 5.362265529299194144e-02 3.042394281757015637e-03 5.092927092851526338e-02 2.146533379727890573e-02 2.581372598439762162e-02 9.143577461196070177e-02 7.097955903457454918e-02 2.159084702606165959e-02 4.401513868873907498e-02 2.653899452893818470e-02 6.178425067722568415e-02 4.526161018678388076e-02 8.701396388859228281e-02
8.321994746424883627e-02 5.785667763388591817e-02 5.494262716523564197e-03 6.676732751801540966e-02 7.562210361962744265e-02 5.462573262011839736e-02 8.096087255495494628e-02 3.270058182426099219e-02 9.068224289286835882e-02 6.835192529129312765e-03 2.169502557698304440e-02 5.460178301303768300e-02 7.473363796956179750e-02 4.932692118055453934e-02 5.891790685445309761e-02 1.023036130240987801e-01 3.241179143387274558e-02 3.408823386965349755e-02 7.569096593509744286e-02 1.050817923626397726e-01
6.790183124506753154e-02 3.562179089256514025e-02 9.852967376713189784e-02 8.929292665741839219e-02 8.940059061015329100e-02 1.927974195890930914e-02 5.217726352845884763e-02 6.086595101667931912e-02 2.952552574635251489e-02 7.048310976088346773e-03 6.660755958084014008e-03 3.410221971151917997e-02 4.716162676279654978e-03 1.972251495149768621e-02 4.521916434948733410e-02 5.272476539627284770e-02 6.551728830030034700e-02 8.875691559438814160e-02 6.417834286379548413e-03 7.229827880971607945e-02
1.943875719483298750e-02 3.483744331679236583e-02 5.614828747573284706e-02 3.031478219581419664e-02 4.529381166951958193e-02 7.816159477491309293e-02 1.046585942676440117e-01 9.998077910099069376e-02 3.364328056945312118e-02 9.627180268527536777e-02 1.126476185665020724e-02 6.798365739880514458e-02 6.132779338747685466e-02 1.022244015265763029e-01 1.556666955740424255e-02 4.082886359078100047e-02 4.649790199191355944e-02 5.228975177935047541e-02 4.222578793573128486e-03 6.603671589686065102e-02
2.362317518726584145e-02 9.600784973231515917e-02 8.199534583505054680e-03 3.410292166376473894e-03 8.545554823272313513e-03 5.129558811963866316e-02 9.831302102093844586e-02 6.335281416497941243e-02 1.371384660072134422e-02 6.932639879103266733e-02 7.858532225745447353e-02 2.597175468793460826e-02 7.489974884781983033e-02 8.213055514558985359e-02 1.288782051970608147e-02 6.036810611724587744e-02 7.069728293888918880e-02 4.714381596764016802e-02 1.023708534358213768e-01 2.092062414861942110e-02
5.711338181344377540e-02 5.327446139224628618e-02 5.761296520354973472e-03 5.521502653815537481e-02 3.495241689179705985e-02 3.949522392065757392e-02 5.350089676524677484e-02 4.289285415333096360e-03 2.406874422824878401e-02 6.864004727889479185e-02 4.241328702428316666e-02 3.296120148460369298e-02 6.875566315624274949e-02 4.003382674892232845e-02 6.303974416054645979e-02 1.036961469459088403e-01 8.774979688540177070e-02 2.714330314909800881e-02 6.554882354943331046e-02 7.787703515260716025e-02
1.635818755596630744e-02 2.002969782849315511e-02 9.098500164550307745e-02 2.371961348775891015e-02 9.478518310178414563e-02 9.293980755462689924e-02 3.843497054918056099e-02 9.322247424070941035e-02 7.157238193798928783e-02 8.698521789472699051e-02 3.167211972068466330e-02 6.762009435632393428e-02 2.465010500303890448e-02 1.074890654964887234e-03 3.470750765604282279e-02 5.668929022660697259e-02 1.393012721501844103e-02 3.667680087366535086e-02 2.896450742577860379e-03 3.247153755103331096e-02
3.425670596384741695e-02 3.641329503136477713e-02 8.018739936256619183e-02 5.666779863758233254e-02 3.255136392637625331e-02 1.001407113428633561e-01 2.589758889584950138e-02 5.807137852605807893e-02 2.205064716659148327e-02 6.111915788469388100e-02 6.718566755330329654e-02 4.490504999836263111e-02 8.668932701736103974e-02 6.632983782673883277e-02 7.593578670684293652e-02 7.120768040752008254e-02 6.955974006436700663e-02 1.037670503423047952e-01 4.721865243456712519e-02 8.595311896577795263e-02
1.046497416206333270e-01 4.388332532457146773e-02 3.531817988489797944e-02 4.308505847204842538e-03 7.136659203276556063e-02 1.643279524070122635e-02 5.026666960190249306e-02 3.799703440165399376e-02 4.058062599473158394e-02 8.383030734876022183e-02 7.149879118296383063e-02 1.024695023793832510e-01 9.011799284884980388e-02 6.832617601238862026e-02 1.024791282224332828e-01 2.126049918558271194e-03 6.103335779718574959e-03 7.321018896436286283e-02 6.206257348701094655e-03 3.572630149077651168e-02
3.562784648014574035e-02 8.806228164614189613e-02 3.631732142618367826e-02 6.537477087985368862e-02 1.008754742478752964e-01 8.810608074668078993e-02 4.629921007861022980e-02 8.870898502656650308e-02 7.870974184625689762e-02 3.030743266292984517e-02 3.467126695108562612e-02 7.278701843527000948e-02 4.300008088894802932e-02 2.151147699682724387e-02 5.703965286540065016e-02 9.835998324848380103e-02 1.813338468409971330e-02 7.908595643048695056e-02 7.978968814819811795e-02 4.292227708943471831e-02
3.373709624326450256e-03 8.089832047441546103e-02 2.843676838482578004e-02 1.026997265298704165e-01 5.018452312727646365e-03 1.025338450497860210e-01 5.795908373431767069e-02 7.069959670059298984e-02 1.480098649377473499e-02 7.685637728199491703e-02 7.361697890858122373e-02 1.940665359826138081e-02 9.859143988301716233e-02 1.951215889417486776e-02 1.469487010380545085e-02 9.456059103465716542e-02 9.622840710446162182e-02 9.910067720332819963e-02 1.017055389283663958e-01 2.359699199745242740e-02
