3.026898831966293724e-01 3.167704274851523838e-02 9.373103151232213548e-02 7.863395157222337339e-02 1.005511012129506054e-01 3.576446208453037956e-02 1.427911508113747230e-01 8.861970480804443051e-02 1.565452803236531687e-01 1.225779588140889498e-01 8.700022736685167346e-02 6.616332633849042466e-02 8.606039767465657742e-02 1.397698239287291921e-01 6.427919277422267097e-02 8.715534629755708473e-02 1.044832551092759604e-01 2.863689252124871493e-02 8.655538455772859852e-02 1.474474432825218229e-01
2.581519517742148200e-03 2.040232576733427491e-02 5.622906917555248185e-02 9.766049471136722948e-02 2.965011825724767069e-02 7.784577414621327018e-02 8.983073339207257868e-02 1.152928143944266341e-02 9.931493370942395815e-02 6.395423779363150485e-02 3.804884350055962039e-02 4.345300342149436418e-02 7.684387359098560077e-02 1.476020372457012043e-02 6.954834995661975106e-02 4.581756418596068248e-02 3.789483437364542934e-02 9.179526790715944462e-02 7.601331560422620870e-02 9.793578906832295372e-02
9.265322186465527188e-02 5.452327904958780697e-02 1.532008336456212177e-02 6.922182299088716628e-02 2.403416895646437457e-02 8.613786601289784295e-02 9.437343401330511739e-04 8.751218975462221605e-02 9.698828285064020616e-03 5.439167561490745872e-02 6.563466389674160739e-02 4.375988986924811419e-02 5.292802384822285072e-02 1.698508917888175151e-02 2.875008033890760414e-02 9.722771116481415676e-02 6.970307034084233244e-02 3.805378159328514504e-02 5.391843249439615127e-02 3.218233300567364952e-02
3.028539150725377896e-02 2.128250269126071015e-02 6.354193463343503490e-02 5.600368920482265422e-02 3.470440235632935716e-02 4.234433710168939401e-03 9.615667077047551636e-02 5.191074381408285199e-02 7.781106459251399543e-02 5.079937131697987232e-03 7.683515968892623560e-02 8.823388943624090042e-02 3.859473770151336525e-02 3.268697434649780326e-02 2.255780048423822182e-02 8.839852702612548130e-02 6.805726708905583677e-02 7.987866091602463525e-02 6.779668797221835574e-02 7.547482253976371680e-02
1.481855560002122256e-02 9.333487811882469620e-02 9.433904389590830331e-02 2.738497399242336913e-02 2.593689414501998414e-02 8.595102992472616887e-02 6.909355495179858586e-02 7.313933338717112931e-02 2.601252096404527148e-02 8.463111713759162436e-02 7.745662738047849605e-02 2.450968884653607210e-02 6.920298856647255810e-03 2.255695831688885392e-02 3.186303663563183706e-03 2.320261504696814747e-02 7.945575063133053506e-02 8.693705083415152746e-02 3.614001792426432130e-02 6.098487411434090621e-02
4.182827859246445595e-02 3.272803256936690497e-02 3.014024711935631151e-02 4.639084863223768423e-02 3.526320771324808340e-02 9.023072479510151067e-02 7.567382316106532891e-02 1.203066917080257772e-02 3.244861878988108961e-02 3.140021013238284558e-02 1.051017231386651776e-02 6.325652024416927866e-03 8.560679281276013797e-02 1.796853702871319472e-02 3.920358478922054968e-02 6.384913255723038972e-02 4.723838178868101922e-02 9.024997225218199526e-02 1.009168675263141281e-02 4.417629084152609187e-02
1.544422303268082677e-02 2.944801873688004598e-02 3.872477152760388924e-02 6.541842757210322712e-02 2.722048637337512109e-02 1.104745815587866546e-02 6.391369774135423343e-02 1.960450164353238003e-02 4.128908839466718939e-02 4.992292777799955950e-02 3.337224330594714544e-02 2.668602862626512362e-02 4.896870057922503294e-02 6.086703851986259572e-02 7.768427588079018786e-02 6.495407593696767012e-02 5.762930493162267409e-02 2.509938071404607327e-02 4.045724860947425006e-02 6.555338199487253936e-02
7.832534640858158925e-02 2.998529225200217280e-02 5.586111638979321392e-02 6.696275166214075980e-02 7.134347180861486115e-02 6.173688135312377367e-02 8.720550198012061438e-02 2.236894168469434618e-02 1.264737332441189313e-02 6.492466820102216728e-03 1.776997176847023782e-02 9.845062695339712455e-02 6.091398110809749522e-02 2.171777224561144588e-03 2.826177770905844572e-02 5.881678533170342504e-02 6.960298950617214986e-02 6.030199862950180907e-03 5.013455165353728621e-02 7.193341511978229574e-02
5.003519693246345768e-02 1.804091757560582002e-02 2.730484841868757728e-02 7.502211255682112584e-03 1.243922097390440934e-02 8.723801756497329141e-02 8.707877966038794770e-02 2.741423870586471440e-02 3.909960218956679695e-02 4.142694693005095907e-02 2.408205011502497980e-02 8.573193161362263615e-02 5.122625351288856432e-02 9.793776609912663300e-02 7.689034793088067588e-02 8.523675252091886256e-02 4.288489892829501493e-02 6.047379896082434592e-02 2.448078235399233846e-02 8.267337586178456765e-02
5.946280525890302302e-05 8.386459935544576805e-02 2.837803891665247134e-03 3.604464659670551102e-02 2.516558532427187744e-02 1.902641677297570860e-02 8.626531680581003836e-02 9.879274175155555726e-02 6.537975926573336843e-03 1.763377614861714321e-02 2.707865642501098430e-02 5.758424405669405888e-02 6.930875230703093318e-03 3.556526620959539475e-02 1.935405458409422685e-03 8.016597241512890548e-02 4.161831905888913052e-02 8.566492385028212642e-03 5.721904748803550295e-02 3.941704018054003472e-02
8.660642588340079773e-02 1.031470293157713686e-02 7.275522748415232110e-02 1.586696574566147724e-02 9.647934938606517186e-02 2.993916103501827186e-02 1.525700950737368666e-02 4.540544282044011587e-02 5.814394251634309729e-02 9.998451136780001081e-02 1.000160400122611717e-02 9.859954922087653395e-02 7.904956459045321682e-02 4.041421993318447536e-02 8.556130639487036227e-02 2.849345260512364808e-02 9.476546094140575471e-02 8.531643878263364678e-02 2.540761072319792924e-02 3.032214907660095785e-02
6.149516598612317364e-02 8.638023989340053166e-02 9.616326023998687800e-02 5.737419951103261279e-02 7.150170964548877017e-02 1.553255280486806091e-02 4.944885711317120736e-02 2.119726846727598701e-02 5.500619832712974611e-02 7.604133839204973988e-02 5.657788376795953866e-02 8.708636778508672960e-02 7.268868138333049733e-02 1.784336763745082363e-02 9.885422120170025972e-02 5.607551660569654040e-02 3.314659123059145174e-02 3.362735625858134098e-02 9.015148161059360898e-02 2.762991110352334273e-02
4.485415377458168429e-04 5.567706982763159784e-02 8.989463742115251510e-02 2.272350199899779780e-02 4.175265838542308559e-03 1.009772687005553587e-02 1.073384715107195174e-03 9.349169405574486724e-02 6.836529282628593662e-02 7.632556130033391062e-02 3.349692051300103696e-02 8.418194163752376613e-02 7.375901646944667267e-02 6.786566701045421146e-02 5.859119220258235568e-03 8.810261179379660912e-02 7.904239007886278146e-02 8.588323912064362020e-02 7.395501973380315397e-02 8.824952697166399407e-02
3.628038982844420529e-02 8.228418651475018220e-02 1.334022771079864701e-02 8.188880470708720383e-02 8.603593430634536021e-02 9.438463222889161008e-02 2.544101817191728523e-02 9.933588280542235416e-02 2.376875021280130604e-02 6.239200556275660559e-02 5.987833285670629557e-02 2.194674778242383661e-02 5.990282430370842681e-02 8.023633282633461927e-02 3.049945288270742433e-02 3.947289367943584981e-02 8.874648120460838785e-02 6.835857832471674278e-02 8.176333973382617082e-02 1.464503069664454572e-02
2.428266133575029961e-02 7.981949282497030618e-02 3.905728946976114169e-02 4.263026017380264210e-02 1.290478284884493190e-02 5.414896127714877161e-02 6.185690605438014938e-02 5.389118794490254521e-02 5.573387171912053129e-02 4.249515767789507903e-02 5.020943385829684108e-02 7.242180672685274989e-02 4.505020387446106306e-02 7.921421017994099978e-02 3.366519274203676887e-02 9.769933152169446577e-02 8.419558764971894760e-02 9.122597569370437254e-02 7.029004734807317578e-02 9.858975214016801880e-02
2.438459411570373034e-02 7.046587990699643145e-02 2.588919445145678941e-02 9.555285418359271699e-02 9.048618468667099513e-02 9.180945512591393021e-02 2.007800345112313936e-02 9.315373464350948374e-02 5.493948335985240905e-02 9.479077813170748434e-02 5.993866514097913323e-02 8.408442838036564448e-02 9.890715348765034831e-02 5.056038224790616138e-04 7.516282762543567697e-02 7.599813307933446505e-02 4.339676700072693516e-02 8.446371269028569995e-02 8.458943248192751785e-02 1.675948586444307026e-02
6.157267802825933112e-02 6.305768879672224436e-02 2.367005790216680783e-02 8.854237768662720498e-02 7.176988326151065301e-02 6.929066740386079226e-02 9.683122823206198604e-02 3.455303289710232213e-03 1.702024048577707380e-02 7.726729094601234027e-02 2.118945426611714908e-02 3.821360787427207500e-02 5.041298656492242819e-02 6.864437340826953782e-02 1.828501676347504823e-02 3.119303645878997167e-02 4.488349604386513564e-02 7.372878374718228045e-02 2.018158408600434495e-02 7.768306870875474335e-02
6.837876987153451713e-02 4.590069018926084404e-02 9.974901330440028024e-02 7.852826241930237205e-02 9.515677399254432456e-02 4.606412971862905957e-03 3.220229600328528008e-03 6.325050189406415668e-02 1.666039422455224336e-02 4.249587965522321625e-02 6.392023312391210965e-02 1.579381796401489041e-02 4.713773915434080197e-02 9.081399443635877755e-02 3.648813552549540207e-02 5.806003774065294186e-03 3.381008511804128175e-02 4.213678400765974441e-02 2.076681394372821565e-02 4.176253212310668955e-02
7.579665152742709466e-02 8.801883430203050413e-04 9.965322853672714531e-02 8.149559278112142313e-02 8.022826480684684680e-02 1.334101317622575847e-02 2.056911520648337099e-02 9.178653903936392910e-02 6.111694874798702382e-02 4.426010609088696507e-02 7.645522894658077218e-02 5.928930795932946252e-02 3.352179287052259316e-02 5.510650225801706770e-02 5.936710764285092756e-02 6.500486687963975829e-02 4.929748636772938314e-02 9.732513550552243653e-02 2.599893848029103532e-02 9.614123128995351319e-02
1.119230343992808768e-02 3.072019783579438279e-02 6.766927503458020771e-03 9.918581758900586742e-02 3.761458374839510288e-02 9.683554660944446169e-02 3.915092788200028734e-02 2.307309791604776963e-02 8.333575392096337353e-02 4.947380178351135430e-03 6.550626272495256586e-02 7.250294126906713099e-02 2.340618513873492582e-02 7.678201541388535167e-02 9.423603948159264831e-02 9.630363536438892036e-02 5.215272398855219649e-04 6.297091969562357283e-02 3.715371562132332300e-02 5.787019857304314535e-02
