2.950757317021656112e-01 1.246661386454084863e-01 1.049701036156350797e-01 1.250381713103055070e-01 2.829319509253819948e-02 3.373424064528310340e-02 9.133704433938985567e-02 4.275034698852161336e-02 9.339363638857163530e-02 1.074623399949908992e-01 9.941523315644068548e-02 8.946147540982915536e-02 7.713561459771936524e-02 1.049614513641578539e-01 8.250008384028209574e-02 4.281103964712616727e-02 1.212983487191963139e-01 9.636234417366407179e-02 1.296966166861756309e-01 7.588778906977997063e-02
5.337433136857135108e-02 2.345049741306078073e-02 5.191386281825772012e-03 6.510250611546856969e-02 4.408085973662406037e-02 4.882554310096291067e-02 5.535212424679747389e-03 2.589151309877443449e-02 1.810509431794408292e-02 7.667473908286764894e-02 8.452896929502314027e-02 6.635292904292171279e-02 6.180652989092847577e-02 9.593669682788175807e-03 8.264474201749130722e-02 4.797599845089631221e-02 9.936475543046252579e-02 2.536748057526398009e-02 3.296112515388860734e-04 4.048677338017619282e-02
4.564594737987705264e-02 4.854041557102767301e-02 8.368007036388254438e-02 5.322152083789138260e-02 5.555641158778248934e-02 8.827834094995079539e-02 5.740085577355146657e-02 7.136483912779573169e-02 1.584748753421828457e-02 4.504777760464121622e-02 5.969892993699119077e-02 1.217861862784484078e-02 9.180928410746315091e-03 9.399667428587700491e-02 4.660054843207890596e-02 8.680479610111840882e-02 6.208419269857646389e-03 1.017571944409802025e-02 7.753462883457729743e-03 2.028064482746431280e-02
9.557405605138191707e-02 2.723802201995342495e-02 4.363850764343227967e-02 4.800537410969116237e-02 2.902411586027043005e-03 4.307973145239162721e-02 4.265339208451397746e-02 7.793423770112788140e-02 8.952671775204712468e-02 6.492453245298140940e-02 1.297020886515619711e-02 4.290066948059943069e-02 9.956189110926932928e-02 2.898126208482454391e-03 4.614055432347635710e-02 6.470943024325680193e-02 7.035898801445457373e-02 5.699546801566484494e-02 7.257374760193573138e-02 7.878128124296709944e-02
9.646865050630326621e-02 9.967081524672527504e-02 8.079044382527833523e-02 5.587460258825568959e-02 1.028619049878466522e-02 2.241907780930218943e-03 4.283198979801480788e-02 1.546363107924412367e-02 4.607247383540291619e-02 9.674073844647287923e-02 3.883514994172474616e-02 6.463928421997899854e-02 6.032680486443639523e-02 6.224852846956209496e-02 6.405133578645125225e-02 2.416163181734684237e-02 4.146662983855913670e-02 7.119326286553507091e-03 1.900077767873498136e-02 5.500163068559450752e-02
5.889670910775347129e-03 7.161288568597548587e-02 8.900847323057918536e-02 1.365088123458213509e-02 6.702164874366865754e-02 6.516790154581859895e-02 6.417945871764173249e-02 2.730782393113428963e-02 9.544373596074273713e-02 8.508647815443814988e-02 7.123642873961023858e-02 9.773859824388754503e-02 1.781098300896399866e-03 1.489176510215276666e-02 4.739582387528715191e-02 9.572830640018082857e-03 6.117584583510439489e-02 4.580000558430225022e-02 2.574310126650826425e-02 4.618340358720564309e-02
2.206735038966818607e-02 1.491876528413568249e-02 6.331285397372633794e-02 3.769108491066433531e-02 4.926613211490349148e-04 8.749485174769855433e-02 3.435736818112655744e-02 9.542540007292414639e-02 1.236401055729552390e-02 9.477566503159066957e-02 8.752585833221448661e-03 6.771003362801622516e-02 8.127671533964719863e-02 8.565127994461854688e-02 5.731245209043932948e-02 3.099040450532192237e-02 7.163706048815096650e-02 1.513549614773747158e-02 6.903759754959701289e-02 3.790944495546688837e-03
6.549378111138026703e-02 5.489254248092761967e-02 3.882871811079316449e-02 9.695142938360523654e-02 8.274668213154751095e-02 9.946901786282491553e-02 4.851256458736742661e-02 2.379458682824396945e-02 7.246678093473117588e-02 3.987508861926566950e-02 7.298904595723568201e-02 5.478478325237210594e-02 1.339483396461158687e-02 2.792023702601216517e-02 9.214671838366262496e-03 9.139505605521801301e-02 3.752360412816596602e-02 6.871612967461142307e-02 3.113895296550818481e-02 9.894865244837824925e-02
5.987182719024836119e-02 8.166191147920365268e-02 9.294877654246183618e-02 1.573032182714672114e-02 9.000621027498086069e-02 5.285347131197582447e-03 7.856967438267191406e-02 2.384021184687298497e-02 3.967427917901129863e-02 1.131272332284547627e-02 8.033317367117437380e-02 3.136177430936785276e-02 7.303052221908643005e-02 3.571943018290368171e-02 8.331179410365441296e-02 4.650791845598654245e-02 2.185744335635666710e-02 5.580711905713153093e-02 1.919561144227191138e-02 9.603312693339330353e-02
5.523507159990413001e-02 6.598278582894910593e-02 9.954336134679508952e-02 8.301731736937489892e-03 7.825685689238770504e-02 9.729832089336515333e-02 1.446387868511969134e-02 1.711972559797503464e-03 3.906853551603877567e-02 6.197535479789528096e-02 5.288320020962355289e-02 4.552029905023085438e-02 9.091113873298889425e-02 2.254470433430180373e-02 2.314007304109954102e-02 2.176729102785118775e-02 9.390940046578001577e-02 3.573050664917270386e-02 8.495209143809399899e-02 9.618295551702926716e-02
2.243056288668034137e-02 3.115053468392500399e-02 8.870389094093657223e-02 4.711721448258707895e-02 7.080869066977280545e-03 4.012240430250655493e-02 8.624422492769663606e-02 4.312548679002281733e-03 5.809504734550401811e-02 9.158840502373588599e-02 3.840845632004280530e-02 3.668023860614857273e-02 8.643808402621988574e-02 6.834839649177140708e-02 8.682674914461996352e-02 6.568377950603648818e-02 9.973884353377859835e-02 3.786008545818280585e-02 1.979459070593492514e-05 4.706889312944514958e-02
2.221961187720963501e-02 7.042892515736697001e-02 7.935738292945318517e-02 6.620849456631887342e-02 7.736945495524751026e-02 5.770363163338201873e-02 6.197502185466455954e-02 3.799141854305210231e-02 7.361167251853573124e-02 3.920955227568775903e-02 2.306735034992651867e-02 7.285474115593142119e-02 4.833105470355936184e-02 9.333505223496386949e-02 2.735572137012535349e-02 2.106326009680933517e-02 8.039289152214923462e-02 7.029288021521043484e-02 1.813028000631223755e-02 8.843761593551817402e-02
3.596229602324103880e-02 1.166789216459860473e-02 6.312446154004223986e-02 2.042470804804278478e-02 3.914322383797877447e-02 9.996186061557134350e-02 7.245747799609975059e-02 6.303496957727398875e-02 5.490599239083402555e-02 6.700795489166241903e-02 6.640513002880338300e-02 3.620311146230024285e-02 9.629964861245894625e-02 9.570796347196985909e-02 9.957761210478069391e-02 5.035416957018084422e-02 3.446644245354853892e-02 4.220585069117926275e-02 9.297442848045422981e-02 6.564869083002536354e-02
6.841984519677449250e-02 1.773923587063253211e-03 6.822664318861755561e-02 8.080229556923845813e-02 6.070113065106495093e-02 5.047133542622422864e-02 2.904577894285458387e-02 9.113031874398369592e-02 5.907134215139706740e-02 3.234327655837977711e-02 2.183676663062777967e-02 1.313858301259900399e-02 6.388885268423137587e-02 5.534383976475677758e-02 2.969717279574868307e-02 3.890235509388807744e-02 2.985919656803113359e-02 8.333329366147390616e-02 7.661908553717106107e-02 3.602300766108473828e-02
1.432891150581354703e-02 6.385459288474303052e-02 3.444471601715635295e-02 1.850280493063108031e-02 4.097143667989419646e-02 1.564823069346199698e-03 5.532272076154640811e-02 4.428414469860020124e-03 5.639231388313070692e-02 7.907579264405655006e-02 9.058354014689141975e-02 6.976693339222038437e-02 5.167400720493758176e-02 4.859211637036885828e-02 1.942217587853431113e-02 5.229130655482705677e-03 7.555327068038490690e-02 9.985681553719502612e-02 5.316837272329038439e-02 8.493256651274749824e-02
4.670437770781913495e-02 8.685655133855296750e-02 9.300420773974969746e-02 2.108475346431635394e-02 7.446243235554765583e-02 2.844517100351626887e-02 6.916849711889470897e-02 5.588661382433363078e-02 2.998999239092400501e-02 9.598679446050505104e-02 1.153850885398374250e-02 2.073980905525960733e-02 6.790829804004110126e-02 1.645068904432362908e-02 3.183572548773888622e-02 6.379643078446912974e-02 4.955330435069295325e-02 9.447869976060362107e-02 7.865356938941202303e-02 6.303615517309384131e-02
2.214396486791331276e-02 3.476414586205300861e-02 1.749046975328606354e-02 6.671089061083848581e-02 2.977710805528890545e-02 3.458973936670806104e-02 4.796134329856306666e-02 5.196816075863095602e-02 6.282930675448399060e-02 8.575603612084750638e-02 6.818833721337468068e-02 7.685739524648196874e-02 7.062826672243881221e-02 1.206487749885421130e-03 4.005309446817170715e-02 8.636283086587287494e-02 9.728339320044965266e-02 3.758862640895201113e-02 4.522207828691524739e-02 6.912045039946383695e-02
2.274582492579584406e-02 2.673216337220725436e-02 4.068660968356507812e-02 1.990532831424253468e-02 5.703712120138905439e-02 2.539205056360796173e-02 3.815397921403922837e-02 1.782342227411634270e-02 7.401212942266754968e-02 3.898252130478607053e-02 7.406853843967096951e-02 9.758266786339223064e-02 9.626590235513521332e-02 7.198484618284392567e-02 5.642926951241242217e-02 7.211313314251764639e-02 9.646318559782841862e-02 4.674702424617360047e-02 3.861001826144397353e-02 5.721122980481996734e-04
3.881381995768035109e-02 5.880789829590180040e-02 1.306451660538183839e-02 3.695744053783834096e-03 3.790074680254734013e-02 6.636562886173490161e-02 3.039203959016855208e-02 7.190948862332276204e-02 7.951371037554960663e-02 7.502966013744304108e-02 1.976833227353173156e-02 8.430561319885410132e-02 2.724958905494534803e-03 8.777499862555512844e-02 1.809276882760924021e-02 3.515917973873202568e-02 1.418573296644920663e-03 4.545756728006245320e-03 6.469042105296016199e-02 5.687315217925268535e-02
3.986406662034543136e-02 5.287070814831928284e-02 5.854637865295664323e-02 1.730296441072913874e-02 2.226356583079369591e-03 2.732954411267274342e-02 5.126543994024958251e-02 7.486041863092325610e-02 7.879520719473655233e-02 2.789114999097137837e-02 9.124474285182691824e-02 7.110163689575504931e-02 1.017605419227891710e-02 9.661210073103314311e-02 5.389292171986566349e-02 8.599647389391706920e-02 3.733930505107409953e-02 8.717085125658975697e-02 1.254276429473536597e-02 7.367697765671334109e-02
