2.493113851430875938e-01 4.747376459018486095e-02 6.328737513430349182e-02 1.260110233082995523e-01 7.755952301693193329e-02 1.072646805756711508e-01 6.299819966172265362e-02 1.139354971131388561e-01 1.600427847178211571e-01 1.300965482419995378e-01 3.593733638714319972e-02 1.245181646915392570e-01 8.797410186070556137e-02 8.169477034333502696e-02 4.263643114971901737e-02 7.376338368900516029e-02 1.103189589909083224e-01 1.159090523908493098e-01 1.023409869930286542e-01 7.789840229905321822e-02
4.690499866388562339e-02 6.048618304106657961e-02 1.883941060742005957e-02 4.153427354135273003e-02 4.682042492997278565e-02 1.338818941589886569e-02 5.825706284356229475e-02 9.290209854375576157e-03 4.403848390209796904e-03 1.529444077017894088e-02 9.463262496136781721e-02 4.911479604345272976e-02 6.007572301093022649e-02 9.926341200760153971e-02 8.126276392224307532e-02 6.756941870443082532e-02 3.557779610262035153e-02 1.040134696718141363e-02 2.709209920226945956e-02 6.972616644514627315e-02
8.014939100138329664e-02 2.472080542116773805e-02 4.031903950500301259e-02 9.548756903563195009e-03 7.002930834912053648e-02 5.590044799222085997e-02 9.176458598902866026e-02 1.434603287940541295e-02 6.633920789448798094e-02 7.702860309401438239e-03 8.182493144536789886e-02 6.646161660739402510e-02 9.168246557291487298e-02 8.492024344714660389e-02 4.210350514850404180e-02 5.652154531089192968e-03 8.808014074499860568e-02 5.030710376848102506e-04 2.167582858367909232e-02 7.894386976420558755e-02
2.768074311836876689e-02 2.785389394988837738e-02 1.839020781975084923e-02 2.755616717177443789e-02 1.114001890806444288e-02 9.954642031564110358e-03 6.851412875250238732e-02 5.240179427748264951e-02 4.377721898356107255e-02 6.661590822197618889e-02 6.420456382542601148e-02 5.999731649777072934e-02 5.754950333192975637e-02 1.475417273151710153e-02 2.637102819761832917e-02 2.210077687865202867e-02 7.331379404421090214e-03 1.925847750457463509e-02 5.986562802204588307e-02 6.370493179595775046e-02
9.123185157258245637e-02 2.196772107150606404e-02 1.077438414074384336e-02 9.931756988590365043e-02 9.490848936436115102e-02 4.895054347987479182e-02 6.120709160404252946e-02 1.021754603964441024e-02 6.885378768220794254e-02 4.902322221731258978e-02 3.642055525664956994e-02 4.010002265018602907e-02 3.010029905709521447e-02 5.879618416907365225e-02 8.144745578902458372e-02 7.752263349486693267e-02 3.832962158690953608e-02 6.217614555455434205e-02 4.175727110145462107e-02 9.779250299070332830e-02
6.125712302963626579e-03 9.257282237450109585e-02 7.286373985355032879e-04 4.062503507946979564e-02 7.892283964205884517e-02 8.677897866299712215e-02 4.023257328114927811e-02 1.746992340780440054e-03 1.576782262930198630e-02 3.384974962878169180e-02 1.931487465754482338e-02 5.914626264443957615e-02 6.531456207631292088e-05 1.689266862050398110e-03 6.475261205948076859e-02 2.036753901806829387e-02 3.580144471520527866e-02 2.848085495070701301e-02 5.472269129204359456e-02 9.649994004880160792e-02
8.665843095601855756e-03 9.485328517469110432e-02 4.837979552498083285e-02 6.436119000248992361e-02 1.980837793067787012e-02 3.007813726504052904e-02 1.511353965648518788e-02 3.588095417668897558e-02 1.152286503371903296e-02 8.486848492641996256e-02 6.856600681616070725e-02 6.661366978759157564e-02 6.463855868243092995e-02 1.025393984464120258e-02 9.725247400566294775e-02 3.711175708964693787e-02 8.505656224937710452e-02 8.655443252007050114e-02 4.327860009964157317e-02 6.444727918834125893e-03
7.754660467211921260e-02 4.284539497125229579e-02 5.521617298784339822e-02 8.360662719792161246e-02 7.907618957254686221e-02 5.786151396646999068e-02 7.065427417117507713e-02 9.642950645100002022e-03 3.745043250689728074e-03 9.983062073547524506e-02 3.062714476962722504e-02 8.436141407621916555e-02 1.316745963108850725e-02 9.391729826482909591e-03 4.856455017248556549e-02 3.447841232148263386e-03 9.606675712376543108e-02 7.384559450426822491e-02 8.265254131752894362e-02 2.823493796896903336e-03
5.682721800466703638e-02 5.535343413120453072e-04 9.518925560276851605e-02 8.966655872351680934e-02 5.411871341292187609e-02 5.605802444029051035e-02 3.845594665790139088e-02 5.381580925609502630e-02 7.064249614586780301e-02 3.208094466773031561e-02 5.149528073592406913e-02 2.855055847727384910e-02 9.281250526473812379e-02 1.808380538422165243e-02 4.966662288265422109e-02 4.366830441313767491e-02 6.981957597297841489e-02 5.561360561425137544e-02 4.954259200819843140e-02 3.006847182857004530e-02
3.932287849113759448e-02 7.242411454423354489e-02 9.254493191377488603e-02 8.249213759840895444e-02 6.284317092174156183e-02 6.244082522617228070e-02 1.563054741561614724e-02 1.946687857025885052e-02 5.058437223048914411e-02 1.665639228953710513e-02 4.380659045530526513e-02 5.199600585649782891e-02 7.074512719852088516e-02 1.575245745196340863e-02 9.759195902946540824e-02 1.847033599777654286e-02 9.933295424699051246e-02 6.577669414238522527e-02 7.896612080426848590e-02 8.685550715164985780e-02
1.072896032190274844e-02 8.758532003732007187e-02 9.509675197088941073e-03 7.700513901603664446e-02 9.628048413956594165e-02 5.062191308624239966e-02 9.595665066517496122e-02 8.304270279659148324e-02 7.084876257151392909e-02 9.895630839153324310e-02 3.819586120365189852e-02 5.496346397971984404e-02 4.050229214813873269e-02 6.854903005173983155e-02 7.403591439697301824e-02 8.975944329919272047e-02 3.545583707157593661e-02 9.514333102482251669e-02 2.905250569517029563e-02 9.087733167962382119e-02
6.132551336970538947e-02 1.776502538257207497e-02 4.334465422693061648e-02 5.593904693063331962e-02 3.644949885484001506e-02 2.624244028300570797e-02 3.854986960945499391e-02 4.407497125137277427e-02 9.669394641218308217e-02 9.178475846623815326e-02 6.492049782826050941e-02 5.955479682682007780e-02 3.638141270880527328e-02 9.876878152531676225e-02 9.714669391666683196e-02 5.715788426092498903e-02 2.835868983407482599e-02 3.753210201159267595e-02 3.959513442042386644e-02 9.509958664711641585e-02
7.597551373206494485e-02 9.623786802330802984e-03 1.237242253928354588e-02 4.756499790294958091e-02 5.876114714980451570e-02 4.350303224625209908e-02 1.925199325773696698e-03 2.139539870022753171e-02 5.212372748299069075e-02 9.868677146419239932e-02 9.791223952522344620e-02 9.250166423271240224e-02 5.013845379588562079e-02 1.231943538881297151e-02 5.845637530001256826e-02 2.466866096292796851e-02 1.093111905801345124e-02 3.608931160871214211e-02 3.942066343059633798e-02 8.900641595436153963e-02
2.158627040403776620e-02 5.583948700646515495e-02 2.950300180029068534e-02 1.389088897825863089e-02 8.812756598401692842e-02 7.076740747073699545e-02 4.481252718508924732e-02 3.030665184961600818e-03 6.728182355634904077e-02 2.630471154292206640e-02 8.196215274949081309e-02 2.605255121539791496e-02 7.930331667674778151e-02 6.112698258221607728e-02 4.546180761895558808e-02 4.926259592766613071e-02 2.540679312715645941e-02 5.082952371447826967e-02 9.527802007236208306e-03 8.484867356568721874e-02
4.890614475827220753e-02 9.241439418287200613e-02 5.417012973336851611e-02 2.373437645221528058e-02 1.427908413703007397e-02 9.489323644735120356e-02 6.433887561980142222e-02 1.769771687874972452e-02 3.551984919970126164e-02 3.189300761297807901e-02 7.766294256995588674e-02 6.410071525535053494e-02 2.586954743302517790e-02 5.724725738020774307e-02 2.100478831334321589e-02 1.113658135730279976e-02 8.677241037416355551e-02 7.682167095337905094e-02 6.530938691908561022e-02 2.692708100705738794e-02
7.076092764813229907e-02 4.201663813675907133e-02 7.437649714546243351e-02 4.253218427420210612e-02 9.939040298721343869e-02 1.224417329665306031e-02 9.989414041674592182e-02 8.213720727834243618e-02 6.497390254927774833e-02 3.976001299237607450e-02 9.928889376550778523e-02 8.545685099663573314e-02 2.334323836357507162e-02 2.662177305829638296e-02 5.849431110231881337e-02 9.607462053020948689e-02 8.944195926173517663e-02 8.901832967155220988e-02 9.621380722278910502e-02 9.281361078727237701e-02
5.719316987002105723e-02 8.441901286127151405e-02 5.783672111168236540e-02 3.613858665640101806e-03 5.436649176367336529e-03 4.340796383317389179e-02 6.883642719429565460e-02 8.644401164386460168e-02 2.250232649015737867e-03 2.193215856354552296e-02 7.076484537757157800e-02 5.048507274584460025e-02 5.224391589301727312e-02 4.217372381797206832e-02 6.360257463131512023e-02 9.997532140350473551e-02 9.682282232233352381e-02 3.059152740847825847e-02 4.893574224221719504e-02 9.790492639577287604e-02
6.506197348782753742e-02 4.945755946437330186e-02 9.325424561709542981e-02 6.752710942946227486e-03 2.199847425467327255e-02 5.685581246188356475e-02 6.766238609251085112e-02 7.451304744153768034e-02 5.617607270111701218e-02 1.917746266525581847e-02 8.122096828258999757e-02 9.518554070638123032e-02 3.189887788053599044e-02 6.753731210871639912e-02 9.273254950077669187e-03 9.261116044763821609e-02 9.839072493582658174e-03 6.426029343312189557e-02 3.409216686240468600e-03 6.493471545400714140e-02
7.123739507171708563e-02 4.196079949072129001e-02 8.553060946981694279e-02 2.805995457835922663e-02 9.000057731857784293e-02 1.997091017811734176e-02 3.658787902538598175e-02 4.385633511794489320e-02 2.438359523074821317e-02 3.809344889973775850e-02 5.275672721837441209e-02 3.245316721684763511e-02 6.173554799792702052e-03 4.175918553908933989e-02 6.432619607424479302e-02 9.838511462725516021e-02 4.776200589017015607e-02 1.550268372159520174e-02 3.026431180203029842e-02 6.344232685002382244e-02
2.955000824371629975e-02 5.118151378344302366e-02 9.962774853523159724e-02 2.910873525436752374e-02 7.767251604917990715e-02 5.608639879343868886e-03 4.692753832167330386e-02 9.216583753460688699e-02 6.533496266613408876e-02 9.279977748711004670e-02 7.288569997127132549e-02 8.233542273802521572e-02 9.554165885863519225e-02 9.713985686438436629e-02 1.146942325262797525e-02 7.016971336467496545e-02 2.767678295705428004e-02 6.018317177659229800e-02 9.080745717191489319e-02 3.814979533844711779e-02
