2.388452102047102510e-01 8.266645346349402179e-02 2.717605664099235346e-02 1.128814145742364494e-01 1.136203778325608482e-01 1.177660008875075215e-01 1.213352544413773410e-01 1.022445128057147268e-01 7.569979163922600784e-02 7.113012709120709876e-02 1.531148696275708501e-02 1.114080075549679777e-01 1.344222809072660174e-01 8.733145998560304379e-02 1.468682640180361543e-01 1.040640332486286734e-01 7.403822956180533543e-02 1.429183874285692157e-01 6.922291262959517910e-02 6.262592183562884496e-02
2.700216356083195990e-03 1.686588137175061217e-02 7.564529376522406701e-02 9.785281742351085998e-02 7.509901959011963668e-02 1.913966982669471420e-02 6.571519414441089058e-02 9.389666826596150540e-02 8.570972198983140000e-02 1.835663588557551879e-02 3.182403117539561732e-02 6.872577478114692828e-02 3.604477357623830924e-02 8.347037990011148267e-02 8.148693655028571570e-02 8.056863192997851253e-02 2.347112764154092243e-02 2.075097722865161878e-02 3.042512296330897315e-02 1.806015807956346322e-02
5.390029284929066626e-03 5.314708471559490693e-02 6.107540636991710958e-02 7.952083265811933643e-02 3.929957438866298058e-02 2.460992457530868094e-02 8.766323888515202556e-02 4.901761709884506352e-03 8.600393136226446023e-02 6.649245687551653961e-02 8.578157307303749257e-02 4.707989834510709765e-02 2.650379720194030730e-03 6.172743716991257318e-02 4.784766885880104709e-02 1.971761938674445810e-02 5.456372872711073851e-02 2.553837894508972309e-03 3.330138036493526799e-02 6.363368749982359351e-02
1.296391655928842701e-02 6.314427769211246322e-02 6.145614784263837144e-02 7.526475026086781872e-02 6.511554259398623368e-02 3.624794026363532123e-02 7.375315117192685066e-02 4.932929882597547611e-02 6.599341619129918401e-02 1.000968115225102373e-01 6.633868691807372209e-02 4.748772884513669727e-04 7.867266616524018832e-03 8.581183344307001526e-02 2.907388406033385719e-02 8.575983387485679177e-02 8.681960364641522210e-02 9.347070185459724692e-03 2.019947439371983303e-02 1.598932350943282552e-02
3.788387876668135312e-02 2.940729489688426873e-02 1.637729486211139673e-02 6.244802027794416066e-02 3.768174110850101149e-02 8.807974377092468721e-02 9.277915051865510965e-02 7.778218496520697411e-02 9.052393585373767759e-02 4.660498468489981255e-02 9.848948154134605504e-02 8.984723857623079513e-02 7.464483202126347139e-02 2.001824831823264053e-02 6.515723394660961898e-02 6.215482410236977673e-02 1.993412908510610454e-02 2.987200432250056853e-02 1.350098245049263963e-02 6.116377296396207502e-02
2.534418079030609922e-02 9.690708253668589567e-02 5.407764192225416461e-02 6.966086832039272703e-02 4.120261310256039672e-02 6.600139854072779866e-02 2.479071325316874880e-02 3.866327975553855711e-02 7.744789161012753664e-02 5.979872865444319646e-02 1.657050415895424539e-02 3.971348433097723202e-02 8.999858683539760373e-02 6.034409681535997383e-02 8.347963339441946684e-02 3.066363155647423150e-02 3.155111694812698375e-02 5.105629551294858098e-02 3.673239420428485447e-02 5.180981119380050764e-02
4.526146987381104991e-02 1.688493554688032250e-02 3.823129563837271427e-02 9.134779872792767464e-05 8.257834790763930732e-02 5.853994589366856571e-02 4.753720710728757265e-02 9.255521956767474856e-02 1.597976058217454379e-02 7.987805399258392225e-02 7.443376343239403725e-02 6.544781288255217822e-02 4.139076168048388960e-02 8.886179404187370678e-02 8.048647826434356112e-02 4.579386481947636534e-02 3.271514875280235463e-02 1.694744034757593443e-02 3.374366316738510591e-02 2.297255938294729891e-02
3.560694912476179697e-02 5.776454369317970267e-02 8.931374639702283069e-02 9.602078889226041414e-02 7.302267983017730890e-02 5.864148867818443772e-02 8.196275116338591626e-02 1.621844309484644225e-02 5.469461797780354913e-03 4.599860758400442506e-02 5.875316487742639898e-02 9.636168598257606466e-02 5.866683294819109717e-02 7.443801633418581365e-02 8.198012986337156749e-02 6.370575186017220226e-02 3.259076016837653134e-02 3.431537721501835142e-02 6.014165688966333773e-02 2.437741118099730209e-02
6.277136730715951463e-02 1.870963241592514537e-02 7.164285192513615563e-02 4.529396300257247654e-02 1.255846618427194916e-02 9.897799778420442174e-02 8.496253914229991155e-02 9.484009963728394499e-02 9.305885124843987777e-02 1.862803810999150503e-02 1.603140980080677847e-02 5.484540263823903250e-02 2.032565522446028172e-02 8.067243340798849194e-02 4.657216476177521158e-02 5.178307830263813305e-02 4.864304599043828281e-03 2.226373284283621190e-02 9.300623224417291224e-02 9.034085901861180212e-02
3.828580092958342590e-02 2.797383948591737959e-02 2.378162870088265505e-04 1.625566169594868868e-02 6.959375344223012183e-02 1.753891438035171807e-02 1.389550119314420483e-02 1.539067732074029041e-02 4.443259997959640023e-02 4.175842108909841310e-02 7.160118289958855575e-02 1.537522075689212731e-02 9.074272885097423025e-02 8.005066038134825424e-02 5.267811260463332174e-02 9.957669554324064670e-03 5.121246794601221064e-02 6.764191747774896124e-02 2.154624730855733347e-02 7.740566372835902542e-02
1.626377124296057158e-02 6.282757748195434699e-02 1.035427014168347447e-02 2.289224609828084678e-02 6.534042122580990819e-03 9.852415425495550383e-02 1.122863772185457056e-02 7.420454788201437391e-02 4.212963466777944199e-02 4.991914179534429757e-02 5.197244356367290881e-03 2.302930787446325414e-02 3.084868680084467893e-02 4.405825164302826918e-02 9.849231780640485545e-02 8.559865220533033336e-02 6.305764352249305926e-02 4.412397080978298913e-02 5.393309479830183176e-03 7.211863154476398641e-02
2.834883718696896288e-02 5.853886984314046749e-02 9.523327060323796573e-04 7.823637553991008575e-02 5.408603999604995327e-02 6.752866447100232261e-02 9.690627241032817585e-02 2.739896695044508404e-02 8.297522605818521968e-03 4.568804304176010689e-02 3.423671840026150728e-03 8.867723612215840101e-02 2.038622176518173693e-02 4.937642335962691420e-02 6.661785184785633251e-02 2.916038244591058828e-02 2.280918826158138263e-03 1.915265664578550894e-02 1.946914326029368369e-02 2.922915316418137760e-02
6.553195880314786892e-02 2.438228049576449813e-02 2.839833638596320296e-03 3.205410952633640925e-02 9.942051570487828172e-02 5.458647118094094725e-02 9.190634321755641878e-02 6.131736316831846306e-02 1.047222190351221674e-02 2.959617361040800879e-02 1.099154040729410269e-03 2.411707437640683849e-02 5.075983484820840302e-02 9.842452492064578118e-02 3.047506878849044060e-02 1.222634684935422402e-03 8.730283425845498935e-02 4.690637388673187490e-03 6.867664956364412897e-03 6.754951040983780963e-02
1.514521116351146175e-02 3.035268737216322704e-02 8.257663050656127712e-02 3.478143420987966916e-02 3.776992510279156279e-02 7.318125172448321225e-02 8.461313228586199442e-02 4.619425182331745455e-02 4.994728123877420489e-02 1.045798976594452222e-02 4.621414220739319088e-03 5.113863423373147393e-02 2.378963083478362675e-02 5.805009806358420871e-02 7.223447743082686556e-02 9.879829679699290990e-02 7.622895341559657312e-02 2.798413454814787163e-02 9.291693012644976213e-02 4.062582450642396314e-02
8.429717010027526491e-02 1.472613467393847630e-02 2.329936349466721519e-03 6.688506494121368440e-02 6.240298473836382309e-02 8.162128958707061399e-02 4.756838424156705630e-02 5.302327025338522855e-03 4.447993535332429166e-02 4.125141466472097285e-02 8.616324506559042140e-02 7.532061399468444052e-02 6.679031446673942829e-02 6.296269538532220378e-02 6.941949234696900839e-02 1.472534175195525444e-02 2.234302526788801979e-02 1.827695119489735134e-02 5.719815343137284180e-02 9.705880170811795327e-02
3.585479960865155247e-02 9.523240273467124817e-02 9.713274599120973185e-02 5.585960101844747450e-02 4.068819726123493880e-02 5.086937792308397072e-02 3.068739624838896438e-02 2.979936380555055220e-02 8.658045850731077228e-03 9.048727734213848906e-02 3.722074424987658475e-02 3.445838690716692548e-02 8.902998243265740352e-02 6.396056777234927770e-02 4.527671750336370593e-02 2.904304286713505281e-02 8.539763149128102790e-03 5.566606793077898130e-02 2.181816219264124529e-02 9.194077367843225823e-02
3.179079994655125557e-02 7.461815666549666271e-02 7.783724554364604420e-02 4.825948152114473838e-02 5.266628918571916729e-02 1.002387589533769961e-02 4.264636254039579077e-02 2.101503536891743268e-02 5.771807452902625452e-02 5.866804928461182705e-02 9.409299966081355326e-02 2.110192478490167597e-02 4.490871885242234129e-02 2.692338023455529555e-02 4.733717841654445230e-02 5.438281500997607654e-02 9.546115725731792179e-02 3.678984975687587394e-02 7.344068295155271875e-02 8.502222720293219071e-02
2.464512617749556669e-02 4.456587534210575824e-02 1.295430793977617352e-02 8.456358633621680054e-02 3.623543186940555300e-02 1.661365031339841550e-02 8.365662448405188079e-02 7.408264922168433797e-02 9.032713934405206535e-02 4.087153665953675852e-02 1.442787312799031010e-02 9.772060714061717168e-02 8.862339396536550451e-03 4.609041858159557831e-02 9.598135644724044291e-02 1.877822492781381497e-02 7.324536423059925527e-02 3.824831772032220162e-02 8.534342880364739758e-03 1.348430775168182535e-02
8.299333652805214456e-02 7.761236398244851509e-02 6.126427965791365546e-03 2.968762552542544148e-02 2.763474199172735388e-02 6.884078931761464237e-02 8.712804401489156192e-02 4.153635272454839905e-02 1.350999288267515711e-02 8.598749530452791390e-02 9.857673790264035590e-03 7.749565949533900868e-04 3.916434587964200131e-02 9.792045997006452313e-03 3.448884310098535022e-02 2.922935105615168810e-02 9.923414678890926655e-02 5.024652699438684166e-03 5.548348658700771180e-02 6.506692157661399245e-02
9.776444768116850093e-02 8.287659644383653379e-02 8.437265209980825131e-02 5.885359303463940511e-02 8.693640149806122763e-02 1.148622714966613875e-02 5.854845902329840895e-02 3.487851364133955079e-02 9.012901124310511436e-02 7.329258111198029557e-02 6.182800073483178671e-02 1.984605351225911252e-02 9.427990772794622720e-02 8.245161662534274127e-02 9.643244238877221597e-02 5.771544314657109376e-03 6.546151446478104541e-02 9.421847338114759662e-02 5.505823907561128994e-02 6.431559078659752904e-02
