2.294569930757280329e-01 4.878913225380321350e-02 1.563507380878371156e-01 9.263160965944118586e-02 8.734462003183288137e-02 1.094372838443939400e-01 1.251117661406945802e-01 6.077239153662367110e-02 1.202255499765732399e-01 4.008784514301777513e-02 4.606679191775747695e-02 1.754264688991343246e-01 8.077781503206306335e-02 5.641530212589490612e-02 1.123405226069546792e-01 1.579309715588894658e-01 4.024286280314637310e-02 1.102895400507345747e-01 1.192427268514922589e-01 5.789349572817351769e-02
4.471707801237360252e-02 6.546675014565227213e-02 1.900511531630760809e-02 6.590773824446895246e-02 1.002458732790447310e-01 1.938153320843050142e-02 7.928047296921755804e-02 4.308295544467740518e-02 1.242030002682633326e-02 1.333885162625127879e-02 3.679570669312474257e-02 6.481283151093851502e-02 4.961931868870488732e-02 2.176747152523307929e-02 7.689614579745052136e-02 1.253926840393167035e-02 2.533219908536330639e-02 2.615238424560925590e-02 3.026848074532208482e-03 7.399765519410560211e-02
6.686274457688178019e-02 4.889217044267110679e-02 2.471376567153190859e-02 1.050835832468472938e-02 1.682492309713537471e-02 3.837697391262902963e-02 4.107061248587128011e-02 3.108251903251879611e-02 9.983371921379782798e-03 3.284253467889324072e-03 8.385473568951508361e-04 5.660198095505828558e-02 4.138556572907786668e-02 6.929453426899478963e-02 3.786388601983741581e-02 3.417668525902448767e-02 9.129486837584450953e-02 7.620718992045126539e-02 6.677963379589678394e-02 8.917031941827668895e-02
4.526339053159869619e-02 3.139717765424870910e-02 6.254704024530478856e-02 3.643997194564498054e-02 7.252776498170662722e-02 5.619207640966374789e-02 3.100523632251011089e-02 2.147648474626687523e-02 1.037918429056673697e-02 3.486003508793820288e-02 4.849100574164704608e-02 6.041988500365637338e-02 2.047891535282354500e-02 4.679117542456284057e-02 1.858657288157102667e-03 8.727331117043929387e-02 6.694655650470208823e-03 1.346210796574637096e-02 2.491347808751869994e-02 8.370680236889248282e-02
2.120251972346509986e-02 8.649498896092767952e-02 5.400883843847072846e-02 1.214620029735470966e-02 8.402303470272615149e-02 6.174306040543686008e-02 4.732482568579962634e-02 5.565727398151622263e-02 4.060378525082108947e-02 9.346273641547923894e-02 2.651086195863763817e-02 7.908504513481476317e-03 8.903193214861961080e-02 8.261556653215708368e-02 7.944273490649159108e-02 2.926516866626299035e-02 4.493323716290129749e-02 8.396225319559962041e-02 9.075542574082441638e-02 5.751158739895055952e-03
1.603553607773681652e-02 3.054036924929584909e-02 1.049646181563016964e-02 7.317773238065332364e-02 9.132683678089861118e-03 5.349810798107231674e-02 6.927067942448182636e-02 9.797402332946315850e-02 9.818661240244394572e-02 6.127807197452639354e-02 9.055586561869853612e-02 6.041539028698694053e-02 6.271307711259055395e-02 7.851939217776601754e-02 3.477952705636865038e-02 5.387633667929734443e-02 5.950239125059956363e-02 6.066649051660575470e-02 1.094963506318060624e-03 7.785118812436105096e-02
5.695651883947726313e-02 2.729718470211495857e-02 8.317126866770577220e-02 4.644561207102055299e-03 3.540318574127368501e-02 3.893940279181578451e-02 8.851731492598900741e-02 7.826591195243107202e-02 4.056008891332973411e-03 1.008940216268724849e-01 4.097983501574876258e-02 4.935778305558003592e-02 6.964329479351498431e-02 1.093698537434484828e-02 3.751413221584059404e-02 3.838645526888356113e-02 6.314850205029581831e-02 5.147072264556391830e-02 5.912626700963587861e-02 8.872429969993049503e-02
7.737260012903546258e-02 9.364862219810485278e-02 4.355143954275934870e-02 5.066676421582902434e-02 9.535659629043528873e-02 7.491343820991500091e-02 7.649427915857653915e-02 2.991244786214440968e-02 1.002020517896470286e-01 3.371858267341557025e-02 6.169182580186842457e-02 1.003159687085191931e-01 9.579106363855598161e-02 2.913360593731367451e-02 7.317475188398239738e-02 1.029392880666246159e-02 4.970930566621290653e-02 6.129463876819995355e-02 9.963463023591258294e-02 6.369006091192598584e-02
7.839749972636345099e-02 6.664079854095766864e-02 7.138641422843133855e-02 2.278156189314761021e-02 5.065824827444778689e-02 9.462363372005913598e-02 1.333653626237601628e-02 1.017206290626024023e-01 4.803777981195615082e-02 5.463067488373559571e-02 9.820349437610840712e-03 9.867309211821483073e-02 5.805135969390954470e-02 5.587531802001388659e-02 7.730594174330572554e-02 5.532967044729306810e-02 5.900015328808133272e-03 6.591986135197244745e-02 4.850385233030959573e-03 6.487554444341923909e-03
8.591160312943522948e-02 9.327034447155323205e-02 6.095734603853682904e-02 6.266873365578080890e-02 6.259478953184581355e-03 1.529670489743915722e-02 2.108509159748113079e-02 6.114757130547374825e-02 3.272868004894581768e-04 9.655188816223879422e-02 3.565442391832147201e-02 2.162088452147462037e-02 2.866275723740061010e-02 2.339354247908118772e-02 6.275064617077526219e-02 5.724911247166263040e-02 2.923076139708711066e-02 9.728159141963940715e-04 1.959479650328296851e-02 5.481830614472242569e-02
2.945515476837854557e-02 4.966149087701825920e-02 7.327330974064392988e-02 8.727991987007803487e-02 8.273726062336317355e-02 1.015321154041630841e-01 5.151080897367241174e-02 8.823311849817055963e-02 3.656546642837618655e-02 1.319854286167792407e-02 2.325529208875724493e-02 1.039401817141184271e-02 2.611098518614726749e-02 9.542705830025065283e-02 9.515002484427675933e-02 1.010044063043873536e-01 7.817058015325581422e-02 8.929332598130611254e-02 4.185161898177603562e-02 6.873625403328033345e-02
2.685165223495615192e-02 1.887661034161968940e-02 8.352691299420918203e-02 2.065789937930438691e-02 2.550246868968938582e-02 8.352003970375262987e-02 6.788544954665118314e-02 4.844378202409212880e-02 9.646965462323521534e-02 5.634295587816776779e-02 6.641056980819810829e-02 8.980708378492444077e-02 1.008818459496197695e-01 4.839630085054195952e-02 9.040547347834620995e-02 6.633570175229834553e-02 9.400804385864901247e-02 8.652462731455046185e-02 6.871238246652057458e-02 1.438412219900753186e-02
1.013388240572534738e-01 6.598932258213753566e-02 1.400961092779642522e-03 7.017151223554132788e-02 7.734420296032010200e-02 4.107974527171506102e-02 2.620317972862249919e-02 7.978855169504724468e-03 2.865020177926782489e-03 3.357947033085702249e-02 7.603422637096959869e-02 1.000232254942034493e-01 6.643528920874326726e-02 4.494099289597966451e-02 7.954790957137582164e-02 5.808813376368350545e-02 2.561211833517470365e-02 2.325822690516604965e-02 2.752451577315534817e-02 7.473551357720173427e-02
8.271885267254032448e-02 4.396289584943159634e-02 9.258240711541768087e-02 2.578637442035203176e-02 6.462670729033549721e-02 2.133254373762171613e-02 7.936709922673215734e-03 1.624375256852600771e-02 3.584052042876788389e-03 7.131056662550475100e-02 1.668109401525786142e-02 4.327109392343319455e-02 9.751295311599575411e-02 1.122211002120450038e-02 7.761068291343396763e-02 2.182608456164493449e-02 7.091561572851892703e-02 9.128982785291997470e-02 3.950865456890991639e-02 2.487438724436872271e-03
5.184446797329768375e-02 9.381215366026192382e-02 7.703980127169809955e-02 8.638857389585843927e-02 2.070496186117368187e-02 7.331510787007307350e-02 4.030448251077731192e-02 2.517807250051929888e-02 4.119063189930966679e-02 2.459765401629259579e-02 2.469509118177424037e-02 5.192629807379262746e-02 9.836104902093266433e-02 5.510602964207692023e-02 1.454418578194967455e-02 3.680346432816201246e-02 9.976879848064476586e-02 8.610652081929054402e-02 4.604351769159540503e-02 2.720305908432402164e-02
8.528367422377779172e-02 4.844999704028991883e-02 7.990240547695678930e-02 1.392467453657392391e-02 6.180301060588923659e-03 6.906771299951418308e-02 8.199898267449387546e-02 5.846548379584124572e-03 3.662872299998656822e-02 4.913301732083639323e-02 2.270778156550617294e-02 2.502907391724643049e-02 7.001918501573808906e-02 9.206304276372868911e-02 9.432151522115371500e-02 2.869981540792961722e-02 6.534500880809407386e-02 9.312761601556268642e-02 5.960862400400835509e-02 9.297850380626185296e-02
9.262526477026161720e-02 7.119068907474444818e-02 6.488162057495756863e-02 8.422384404274317615e-02 2.916133862633461804e-02 3.159177134549561589e-02 3.897336367256647865e-02 9.401606416782455622e-02 7.922738503356893669e-02 8.060675167745905145e-02 3.937682601964286738e-02 8.407977113217680876e-02 1.551252343284801119e-02 1.003576466024646008e-01 5.756457318572339582e-02 2.012230902286459358e-03 3.226310087673449345e-02 1.307549382958782258e-02 9.428858804969404706e-02 1.706398463804196033e-02
5.361089071925656535e-02 7.639788848021086820e-02 5.605128042065409683e-02 7.541708807161363881e-02 5.272827586307491515e-02 8.339577023701161274e-02 3.713736682251843335e-02 6.411315543146538232e-02 9.741232274623105869e-02 9.174212853482291430e-02 1.564290225239904500e-03 3.841514926179918216e-02 5.811127221156611039e-02 8.949993773353229209e-02 6.197885022879962014e-02 1.024682165400345700e-02 8.426745090705566044e-02 7.943252981044064687e-02 8.643912368707321048e-02 9.311103056557205881e-02
7.782729625496892512e-02 1.442750042279243063e-02 7.679171491223160673e-02 8.355067965677044628e-02 5.198658529556856450e-02 8.451522999561830729e-02 4.199254536238285207e-02 5.108984080738043776e-02 1.335604442379188968e-02 4.017742810868004527e-02 9.758062498691880138e-02 5.028386698056520887e-02 2.314176675564356012e-03 6.436573506549643497e-02 1.104014057647813470e-02 7.770657441124703690e-02 6.649159682179385522e-02 2.381255174086435722e-02 8.610717397468442558e-02 4.425784323201287229e-02
5.738416891960453070e-02 2.460083515902382681e-02 6.145930092619415058e-02 4.764985651995216204e-02 1.183002898845195335e-02 1.436747272609768811e-02 4.522293421839850697e-02 3.337762796544280208e-02 2.338437724206399865e-02 4.481564136198200321e-02 7.657529253178120554e-03 2.273739093906353842e-02 2.086341629867151728e-02 9.089731097091739709e-02 7.495957384063131612e-02 2.819287097801853950e-02 3.518709877691252041e-02 3.092183116847308649e-02 6.271557356586031362e-02 1.684140407645569673e-02
