2.364226038241708794e-01 9.967792137292658117e-02 6.759386587126564594e-02 5.770259899793692832e-02 1.032244963527908649e-01 1.744707301114673537e-01 1.108722463391668411e-01 1.127982742719586540e-01 1.560135607425074955e-01 9.478552362583450575e-02 4.080435096467388556e-02 5.149632760500833656e-02 9.765013220915935710e-02 1.002901728098139489e-01 9.027156543508209341e-02 1.086242794620577573e-01 1.197652945620378551e-01 1.414890733060182593e-01 1.217019250203439928e-01 1.186275063342930175e-01
8.691689572702880617e-02 5.021022526850990597e-02 6.671344317496079313e-02 6.937880807649678128e-02 9.114751823656629115e-02 3.768436072828149075e-02 9.308266628683316279e-02 1.145606379966384106e-02 9.020100890889438949e-02 8.970696767169436536e-02 4.493462677726590970e-02 7.964467907764083421e-02 6.347242232123774530e-02 3.366830300133980686e-02 7.606314846988844469e-02 1.670253185463877073e-04 7.468215802070386766e-02 1.508255913499676609e-02 4.003152500460940844e-02 8.785820511434865032e-02
8.884764551667100052e-02 6.089353170484215760e-02 5.014199467274580574e-02 3.826897241659872606e-02 1.043179756186789556e-02 6.605794854517639536e-02 2.257283822825905187e-02 9.474934104956103664e-02 6.807129614683719854e-02 2.290016715203562273e-02 5.401894016901229861e-02 2.454837351349552568e-02 9.393684723518450075e-02 7.755029182487932493e-02 8.747471747737978892e-03 1.666454428909089000e-02 4.118387127796327429e-02 1.332891139971498218e-02 2.513170982414854315e-02 5.962382939584207064e-02
4.037025143605648542e-02 8.276373342759803242e-02 8.396666796941326671e-02 7.209337764685469496e-02 6.525866570378391351e-02 5.982941236917124761e-02 7.783113514545889067e-02 2.970484767297525489e-02 9.159660032544314923e-04 4.250356998454907220e-02 5.537041850987622221e-02 4.616045414990306572e-02 8.549484099208837229e-02 2.578937893712799495e-02 7.144235948478439534e-03 8.596087150668778321e-02 7.094923188160823235e-02 7.218026411541379750e-02 5.776849229494501747e-02 6.682414810403841665e-02
5.974267320372035617e-02 1.760727229526005619e-02 5.018964152536691675e-02 9.827783220416200227e-02 1.400776327646411495e-02 6.811668911999867182e-02 9.210899727091791112e-02 9.217291670719136853e-02 3.526459501659952311e-02 4.473865996119147370e-02 5.202768275607570075e-02 1.056404785285330883e-02 7.439298629747474745e-02 9.027177133667073361e-02 3.137448748604263621e-02 8.820012197244531116e-02 8.630002785607533700e-02 9.560045248277972141e-02 6.868281754998389887e-02 3.928692133265854203e-02
8.444857574359447561e-02 6.705496781891692737e-02 4.337893367311265735e-02 5.325352574506239667e-02 1.736192899627264728e-03 1.950626933957088152e-02 6.633678513581434122e-02 9.967874748156249631e-02 1.288714876879103535e-02 3.321061206541361249e-02 9.812866390912511338e-02 1.541138651498490456e-02 9.034898669870859711e-02 9.999560882860676625e-02 2.577822132787611908e-02 3.673939760912958707e-03 4.583332647973348446e-03 4.510939176228039721e-02 2.333279377924371220e-02 1.328969529045481712e-02
4.316512694967922226e-02 9.552685045488046311e-02 9.528216608738494797e-02 2.040007782554642763e-04 8.130103103153264732e-02 2.366612474960798698e-02 5.932857131248625571e-02 3.391645130996222973e-02 5.672045826693264403e-02 2.275791531304068027e-02 7.835587890195006011e-02 7.208473245414874497e-02 9.793235176846364076e-02 4.027432331577691926e-02 4.256527908607393024e-02 4.516930594916909736e-02 9.799055893338994017e-02 6.162362479375243368e-02 1.826093250107807715e-03 9.128579242979695252e-02
6.851974361085357013e-02 5.721084151602418531e-03 7.636629806435007994e-02 1.009265056855148703e-02 6.586538990533735705e-02 9.206106896959019570e-02 3.530236623225668086e-02 2.891872820232928298e-02 7.697190240780804604e-02 9.683943574798765941e-02 9.845778870535439042e-02 7.535067225137373481e-02 7.360170016342941490e-02 9.158693710901189000e-02 5.310733638389163874e-02 3.331897357645498964e-02 1.276717409781781380e-02 7.361429750563522334e-02 6.976289361652744658e-02 6.708000318035003962e-02
3.260159581275734464e-02 6.099610705400379529e-02 7.065329268560049947e-02 3.422219410641878096e-02 9.015838627571577668e-02 1.716860541127412931e-02 5.248788284200936460e-02 3.858815072876257274e-02 4.619379721889465412e-02 2.716722140725581769e-02 7.845260868481272742e-02 5.412820528125699554e-02 8.039123072126214131e-02 6.053907898624105721e-02 5.866699781038995504e-02 8.752553310151750532e-02 5.445894660292091571e-02 9.628942042665536438e-02 1.936919298301548187e-02 3.863991226939955757e-03
6.527166672505335665e-02 6.060685868166017232e-02 9.832100737060824047e-02 2.767800191199669760e-02 7.734197756579869187e-02 8.191557138506955216e-02 2.015034764054636496e-02 8.824047954553586315e-02 2.686072355160716921e-02 2.741650939410415072e-02 7.929392550169489517e-02 6.706581430534482025e-02 8.355079115268070067e-02 4.829771905044565744e-02 3.132589666411703805e-02 5.208741684460475169e-02 3.419623200894903597e-02 6.881427076489961270e-02 5.828304756329821118e-02 5.176467467458584215e-02
3.623267814251179830e-02 2.558690461977766381e-02 7.988846569094698591e-02 6.563235080148259459e-02 9.889555066527061511e-02 7.196951608393716004e-02 6.284941100754883048e-02 1.997910023608442595e-02 2.923337783523491037e-02 7.511664326195939545e-02 3.663609352992725290e-03 2.121826992295198361e-02 3.898908802778427302e-02 3.330691326438246780e-02 7.682126561926004571e-02 7.293817783242385194e-03 4.077850936060289228e-02 3.340080834724393904e-02 9.325802133249115611e-02 7.158544478586251203e-02
4.402146628902071056e-03 1.186471241772180107e-02 4.746840083908339392e-02 5.565638560863520740e-02 1.509637583880951706e-02 5.980856868132890247e-02 5.617751624126605947e-02 2.548669953251436922e-03 4.898268400496957192e-02 7.742525279781839465e-02 1.932213825872567542e-02 2.456110760558998310e-02 4.540657974894788534e-02 1.619211975145343901e-02 2.428372173467452377e-02 5.164048512593997359e-02 6.200789493660400359e-02 9.883775931791561470e-03 5.607977657723311332e-02 2.058008377532978550e-02
9.482625939073295596e-02 5.544263984018985014e-02 2.475340347246514361e-02 6.874505903500896520e-02 5.361343129860131340e-02 1.001099564897680629e-02 4.074289883743006935e-02 2.027491066525194396e-02 8.613826878221771122e-02 4.790999418184602870e-02 6.011246315007848923e-02 8.246669856039233470e-02 2.743815880716704569e-03 9.642245695755818913e-02 4.765172740280144981e-02 7.103304228803494769e-02 5.634404120795097337e-02 3.469037458923245748e-02 2.239790898905089783e-02 4.389037292184275879e-02
5.438084343710120061e-02 6.618997393026578024e-02 8.612915618503574899e-02 3.304957089218973215e-02 3.910959256613236873e-02 3.546480718463231735e-02 8.980480047765423968e-02 1.697119953324084315e-02 2.638143186586735731e-02 7.778224025750957171e-03 2.504289046520932413e-02 8.897796788929646095e-02 4.212661268658934866e-03 3.761026288148306210e-03 8.100619571478796799e-02 7.490126831485977021e-03 6.500763611146005705e-02 5.058436404809305009e-02 7.218706089437808282e-02 2.069896648964751965e-02
9.127579487086984189e-02 5.862334546121644036e-02 8.355676758615859789e-02 3.431880068499337799e-02 4.305847951228718856e-02 5.743506416072707843e-02 7.308701135525845494e-02 1.021987927011915910e-02 1.019030988761394745e-02 7.140967372945035418e-02 8.420430496788200436e-02 3.710107887185772058e-02 6.422551825626321431e-02 4.829626087637851894e-02 2.932803098259441354e-02 9.075761127369812165e-02 1.143766127561103400e-02 7.341949380455813079e-02 6.731237050250142573e-02 8.049924335814967469e-02
1.543861217294646530e-02 5.169452069201434935e-02 6.308599960965005637e-02 4.046214782721560543e-02 5.803836283897596815e-02 6.988114863453651071e-02 7.593708722250061549e-02 3.497677348846848361e-02 5.330115610060808667e-02 1.578760472339102439e-02 8.313504869618316973e-02 2.805927125841965047e-02 2.705097131215883702e-03 4.114337270753945508e-02 4.050899381561769153e-02 3.232748943521719653e-02 5.778485596869690349e-02 5.372102015462296154e-02 2.827908858723479288e-02 3.567476005458234539e-02
9.957531603445368695e-02 6.923276024657591676e-02 7.796523061723470427e-02 9.164483399123790619e-02 7.555044494304585800e-02 2.710637848766639553e-03 1.989210933396044073e-02 1.418303466198441755e-02 9.425599383317437296e-02 2.440886275929117499e-02 2.114347615257930121e-02 1.621757074969605236e-02 2.239354836095797021e-03 7.176515574417928478e-02 4.845204312107792566e-02 4.456833971847826148e-02 9.986913160857548155e-02 4.175765125890961577e-02 2.251669322327281078e-02 1.415367286759737844e-02
7.638589084345295821e-02 9.988221459316037887e-02 7.231393997643556504e-02 1.599697483370401616e-02 4.193768132706776619e-02 9.199683149958957917e-02 8.402885376495038139e-02 1.234989015076695153e-02 1.907787905450282484e-02 1.387821967206149913e-02 4.052017422776557631e-02 5.797705027295316921e-02 8.413307713342110805e-02 2.902806498176522393e-02 3.456772806137179549e-02 6.100858244326001073e-02 4.892794612370691271e-02 8.477275175706858179e-02 8.224258192513107801e-02 5.343107679672825377e-02
2.173141612252647153e-02 2.433395557442688192e-02 7.500051163529489195e-02 1.969465829291513689e-02 9.347719353490012428e-02 3.988711155027463429e-02 2.423543430939211277e-02 9.039619983548985438e-02 3.382061754304610535e-02 8.993491058082637990e-02 2.858890182572038433e-03 7.471656961863991364e-02 8.131402855881543490e-02 7.158558962733016506e-02 8.684420229205082331e-02 5.896834429332720520e-03 9.517069895139030136e-03 3.968590881711034357e-02 2.753540798669529277e-02 1.025427972376964474e-02
7.153692326604253748e-02 2.432125450155732393e-02 2.684634498046555365e-02 7.989521117847062093e-02 3.178595564557206571e-02 3.801502790138033827e-02 9.223071168087583482e-02 4.913665923249245504e-02 8.383554308964484558e-02 8.578377444885254555e-02 7.050832293759357050e-02 4.459968125555013180e-02 7.793001722003178866e-02 2.226994990819894035e-02 9.101192454298831502e-02 6.286618379034310256e-02 9.422676381139766244e-02 1.385547093248132994e-02 9.349544545842959631e-02 6.280368565201488625e-03
