2.460954749646699358e-01 1.122326212902943210e-01 1.197423081969041236e-01 1.595869992286728101e-01 9.667838305669904098e-02 8.319095196095356581e-02 7.986350057993632512e-02 9.962256000095576214e-02 8.334130175142574759e-02 1.019215675448166547e-01 7.873376223671987861e-02 1.143957980520962092e-01 1.125404730770742379e-01 6.406698776078766089e-02 9.409982806671526867e-02 3.574963517179602368e-02 6.637237515837725310e-02 8.064723170227769411e-02 8.159980582199888310e-02 1.412849827625585752e-01
2.544625548875030507e-02 8.078586160414902295e-02 5.889797607382586675e-02 5.887775616724416627e-02 1.048921294674142260e-02 4.212462963032190255e-02 5.439265481078245368e-02 9.024642935747986816e-02 8.356263033693205056e-02 6.054174087332987036e-03 5.466027554112068421e-02 4.557560197002555324e-02 3.818477275882992128e-02 2.662738184486770562e-02 8.851248598742945950e-02 8.705448935379550557e-02 2.605971640303661463e-02 5.297104389573415589e-03 7.092369170838505599e-02 8.638285425009217811e-02
5.130880908002908442e-02 9.624645473584506061e-02 9.167057419936802676e-02 6.462030170966493250e-03 2.434976262726483778e-02 6.576403398662776512e-02 2.749694499187194108e-02 6.578147672476224173e-02 2.048551331400838560e-02 8.524411172043123985e-02 9.081639292131770888e-03 9.821302166932567579e-02 3.023972302254369915e-02 5.563095527013520863e-02 4.566382100763304724e-02 7.396292772668640325e-02 5.152323882130298988e-02 9.921151436597830386e-02 9.942795201390036697e-02 8.716091799120695427e-02
9.629632893026192353e-02 3.098021220331090980e-02 1.589062490349960749e-02 2.862398176950442519e-02 1.342882300565996327e-02 4.826353988054217503e-02 2.215044353172953770e-02 1.344005504344172354e-02 2.597435369260860105e-02 8.521589568476611865e-02 3.035461812238295087e-02 1.592718414209895114e-02 9.468494878159028350e-02 6.484537470939411019e-03 9.048589643735918675e-02 8.954839516684275080e-02 3.446153788885004954e-02 5.776732492363923638e-03 3.404211098452789713e-02 9.971538441225979987e-02
1.878491887280827818e-02 9.277989941844255739e-03 1.652649611065977117e-02 7.509580058818120241e-02 5.801085031074840886e-02 5.739469723570553295e-02 7.054428165884028823e-02 8.516625845182723697e-02 9.342620749788299594e-02 6.972306378504131152e-02 6.096250775750172018e-02 3.788438671332031160e-02 1.678825834301459624e-02 4.164193501394630736e-03 8.713630840341371475e-02 9.657476106473571187e-02 2.832366196488885976e-02 1.894822628836979883e-02 3.803938229027964413e-02 4.350519763509072546e-02
6.861940400533339535e-02 2.687040446750423028e-02 3.980028912418250020e-02 2.853247874430158218e-02 5.748614333018135097e-02 3.393508584073728213e-02 6.314616142223172801e-02 1.134841901163270543e-02 4.294305735351498093e-02 4.480754470921521904e-02 9.885512535352042329e-02 9.028995107617854288e-02 8.968760445504642825e-03 7.606233402964646118e-02 8.529543042445385248e-02 6.430417647278828530e-02 8.337186122032733127e-02 8.147192383347882927e-02 6.565390084863054893e-03 2.532363530316772415e-03
5.694630649322919569e-02 6.900491673573132256e-02 6.471161020670128383e-02 5.864710646791371738e-03 9.421722078240395148e-02 5.040623418600756467e-02 5.046165981793754307e-02 4.743433991461709631e-03 5.072367555635383385e-02 4.887339148316861837e-02 3.736785041449554312e-02 9.019851662324879227e-02 4.060484934172484822e-02 6.553065840026252309e-02 3.730510154735278139e-02 6.976080123626973717e-02 9.099807927065588220e-02 3.157990552138467688e-02 4.900694030232013998e-02 1.639443989875614266e-02
9.609051928839376644e-02 3.692880524095071282e-02 4.345792822988867737e-02 4.237786139529098328e-02 4.241637327044395223e-02 6.832560346363730774e-02 3.540007029931734744e-02 7.600602373106515874e-02 3.588273593719315795e-03 6.554249109792645300e-02 8.645188875564413511e-02 6.525581548779185725e-02 4.616477454441021699e-02 4.104349885198559783e-02 3.033218687846121059e-02 4.343466525216391899e-02 9.577626561760166704e-03 4.282381554050973538e-02 4.019988912447698681e-02 3.063649543596369627e-03
8.816642627588867562e-03 1.167284296611458341e-02 3.576508447390396722e-02 7.206439964985335289e-02 4.973538110481721258e-02 5.413373468370343000e-02 3.088829030065053452e-02 8.183530679608507982e-03 3.269263213846810429e-02 9.209453193613438560e-02 7.188464473387239095e-02 1.244308026510846515e-02 7.095808923702164039e-02 1.182667140890957327e-02 4.310914556748343673e-02 9.723650234550583471e-02 2.829504930901196799e-02 1.556777308431089987e-03 9.402634238839685521e-02 7.717590528343443515e-03
9.513889576883760579e-02 7.270770248056619700e-02 9.134286499065558118e-03 5.622697575080765064e-02 5.813026453587029352e-02 2.337188216273322627e-02 2.608780704929396579e-02 5.946497131813475306e-02 6.394362237008451022e-02 8.820086305904945023e-02 2.125549018895055500e-02 4.991167938541588023e-02 7.564925828828963916e-02 6.034698109612435246e-02 4.037759779777777558e-02 5.865133885376341838e-02 1.066576745969594108e-03 5.060290385776408661e-02 1.624055591585093009e-02 4.723876096397982421e-02
6.011205218685450324e-02 5.092708555423353101e-02 1.477756801181558978e-02 2.779609302697618953e-02 2.227028267687874985e-02 7.886488253518192382e-02 7.033448950727282101e-02 8.614401673186432296e-02 1.946322831641811302e-03 1.415969879765612872e-02 2.706382794923542154e-02 2.965919304425922512e-02 5.636028643418914547e-02 2.583552972643388384e-03 1.376963553333275872e-02 2.793636561008770031e-02 8.541782775476446099e-02 5.153139546794462122e-02 6.171172529023336017e-02 1.047010483026112986e-02
2.302385905466084598e-02 3.560469702785382801e-02 2.603234929728674013e-02 1.551497552297537164e-02 4.762241222169830146e-02 5.667045165723345879e-02 3.964847579757554974e-02 2.028246287791647673e-02 2.731344417930989948e-02 8.093228491440190853e-02 8.281743740109681617e-02 3.424105371814650106e-02 8.606954867021908429e-02 9.712271232670955171e-03 9.222761313941345296e-02 8.172119751807431498e-02 3.020303357794227456e-02 1.780540326826196562e-02 3.113666367734579943e-02 7.727727691822294798e-02
2.165407630095188621e-02 2.763689142775476240e-02 1.120042836735886220e-02 9.547361620437708196e-02 5.378134273502797186e-02 3.828980609379001310e-02 6.559364667815929806e-02 7.867664051516803925e-02 9.950378098541212690e-02 3.688353314219988688e-02 7.247517932821785636e-02 4.104356823196343707e-02 3.170951175808044836e-02 5.742427873262021670e-02 8.430590127164797054e-02 9.829241354446091594e-02 7.831975771025602440e-02 3.923915149636486577e-02 4.817401113557956416e-02 5.166606289022381004e-02
9.138693497590948123e-02 6.664645771131516572e-02 9.668722271548023384e-02 4.007307168440163436e-02 7.206513483153909050e-02 6.586185143664312347e-02 8.734198801474271634e-02 9.992944810575697667e-02 3.151114889113790923e-02 6.075990475934792134e-02 6.024857852802874281e-02 2.275394759259423763e-02 8.635523812712831912e-03 6.663506687741621581e-02 2.962551071930006469e-02 9.273144123656135163e-02 3.000007006279278507e-02 4.059068948453525144e-02 1.665913409439163592e-02 5.090523892341032586e-02
1.885661864442339519e-02 8.529411496477114218e-02 5.274812993768013270e-02 7.367470198827932859e-02 5.626416137481771162e-02 7.097032466856405264e-02 2.142125051789257884e-02 6.683535708260161801e-02 1.107879119487924571e-02 1.542172454169249418e-02 3.093966934450867109e-02 5.575794630845411215e-02 6.472053157147274194e-02 6.157850662021631394e-02 5.993015077705034221e-02 1.716465541623768409e-02 1.200779488246692811e-02 1.229155180168712939e-02 4.740921963207384016e-02 4.345035412459781476e-02
7.608050915016867366e-02 3.328079685295192575e-02 8.598813371109154113e-02 4.197838041839189321e-02 7.336572903977638116e-02 6.271913421414174183e-02 7.792457689790061037e-02 5.445221585232720707e-02 3.665583994230703444e-03 1.477098473181961448e-02 9.313151403203487333e-02 6.305045638682481302e-02 8.909201901524568812e-02 4.768856695774301158e-02 2.262859737104481322e-02 6.884235841280257617e-02 9.990482046255039217e-02 8.151037253499607282e-02 1.660923072070952244e-02 2.465425250866251292e-02
3.783125147938556920e-02 5.748132377380337638e-02 5.885961812089313128e-02 8.149886080062632154e-02 5.465452198110376525e-02 3.433987744345170373e-02 2.261480140864867774e-02 7.436839797178152259e-03 5.140271229669751002e-02 4.042490785722583496e-02 4.417829005649143333e-03 7.462806396504362977e-03 6.649393193854315209e-02 2.490296116031903706e-02 4.066442599165073779e-02 3.328157739559870626e-02 9.716898645304428150e-02 5.195600103589990276e-02 4.578151962956290844e-02 8.312430128635649174e-02
3.191043860197893128e-02 6.530220825512898786e-02 4.387677473824609653e-02 1.162375237032896649e-02 8.646319192083323779e-02 9.858702060801627365e-02 1.957350534600854532e-03 5.824348918686995946e-02 4.636040937979703236e-02 9.300745657345919903e-02 3.251070171734726788e-02 8.040267766472433686e-02 2.892176944931817983e-02 4.093575035322769007e-02 7.503467753390735857e-03 2.249760217832577278e-02 8.632418905131036824e-02 2.029799358095696338e-02 1.460826927009432202e-02 8.625309185344200158e-02
2.500100814745020994e-02 5.814488229863865737e-02 7.865398869735525100e-02 4.495698863159280911e-02 4.244496177851264651e-02 9.325103808917273307e-02 7.042001603515636587e-02 1.117695113872450158e-02 3.061658041991810464e-02 1.456898299763412924e-02 2.586311383632979022e-02 6.815751310234904881e-02 9.969661411182346999e-02 7.819319978652139458e-02 1.386679668983869032e-02 7.092725467319231647e-02 2.489045957642839479e-02 1.651782439286831813e-02 9.339696011232463679e-02 3.855886787914331038e-02
7.793527642287922941e-02 2.137742930604630276e-02 2.592748280213205345e-02 8.168692806305991039e-02 1.304308894116155276e-02 5.586233124138626632e-02 9.622696494829952041e-02 7.331002523794653836e-02 8.597479238708363725e-02 5.652181839547613246e-02 2.496283317493877205e-02 2.102963357184409882e-02 2.656726952419354026e-02 8.338229156074541959e-02 5.536940540916939629e-02 2.520046014195607281e-02 7.697412348640364672e-03 4.581110956720457761e-02 5.535135969825090430e-02 7.581498831629895907e-02
