2.482707531422226332e-01 8.303652274283443435e-02 1.931030964642774933e-02 1.164982999430083377e-01 1.742608239922176505e-01 1.308081446120789582e-01 1.077568947175666508e-01 1.091567027782551491e-01 5.296417314664125797e-02 2.116737659568044411e-02 1.463419775192656702e-01 1.183329981214228388e-01 1.120466258703177731e-01 1.246051611549319205e-01 1.252477901139207872e-01 5.803666978256453307e-02 8.583326243130162680e-02 3.827130574941183666e-02 6.355067484724724602e-02 9.301906772334216089e-02
9.897543788629251105e-02 6.253499844241282302e-02 9.551707638739864725e-02 6.025115823307863189e-02 6.760119650305450312e-02 1.107055550040867559e-02 9.562884225894212331e-02 9.280611536009464313e-02 1.508395258236491267e-02 5.776729632665198594e-02 7.357317929127679679e-02 3.238818044554325759e-02 1.523279861395048299e-02 9.868316714825575708e-02 2.184767471922244558e-03 9.674622044795339049e-02 2.395890744029631828e-02 2.795133247810046781e-02 3.963618769741705794e-02 3.026080589691215999e-03
1.670049524535303226e-02 2.720069998308225628e-02 7.045519871045423377e-02 3.324146755774224499e-02 7.706866750257748699e-02 6.014290690490389779e-02 9.620734165131106241e-02 9.465619768439176296e-02 8.953884626113756129e-02 9.136872733902696997e-02 4.101719345628462680e-03 6.861098691973845087e-02 8.919715396872210378e-02 3.638059683065908434e-03 2.310370456606780643e-02 9.113669227326315347e-02 5.254715313682808975e-02 1.622954215519738577e-02 4.638206029517569912e-02 6.418914308900618149e-02
6.976631645892272804e-02 7.219897503124036997e-02 3.056182213928591157e-02 6.189370822393858336e-03 8.759686402114907899e-02 4.072992276061752209e-02 1.901650989422334556e-02 7.226462435139338614e-02 2.310939210615007428e-02 3.925070813605750081e-02 4.476846149489800697e-02 4.291286951180448700e-02 2.972053418372342520e-02 8.058953820473732654e-02 7.085304875835730064e-03 1.448275660801892108e-02 3.586071146090059891e-02 3.871091212780385787e-02 7.321393444298729403e-02 2.963596698832280524e-02
9.516841230934375284e-02 7.703981416585374553e-02 9.635362308867345682e-02 9.583536900001943248e-02 5.719679281826581946e-02 7.061592290749461875e-02 1.390018242730985988e-02 4.472233618004872908e-03 5.209964543637154999e-02 2.978677903370077415e-02 7.405923821505455695e-02 2.908136846105007292e-02 8.572205850511599445e-02 3.313848409077432139e-02 7.168767551843047321e-03 8.695301070895720963e-02 4.987096040635169425e-02 8.676498862554354874e-02 8.505347171096466763e-03 4.778736709983268105e-02
9.335639258127220730e-02 9.672474753510247603e-02 6.385473559943583011e-02 7.223666279251254874e-02 4.189565950831021512e-02 2.324572633256948365e-02 5.095628968093096622e-02 5.198015474018023024e-02 1.112629225863214291e-02 5.114595919850764560e-02 1.185676253147216605e-03 5.914298914965387954e-02 9.607783054572954784e-02 2.516939450789210803e-02 8.230866001795170139e-02 3.570659150211041855e-02 5.914163234365789334e-02 2.460597485764506528e-02 8.486235274777244320e-02 6.214381920484924118e-03
3.531793759072925781e-02 1.372017533766676373e-02 6.455716549156287516e-03 1.303637941466936380e-02 2.339479792224047339e-02 3.104883967150008639e-02 5.965653971110651543e-02 6.954133182828479975e-02 7.604508166282980541e-02 8.402689300798983629e-02 4.518719708981771416e-02 5.351121533754039927e-02 8.655800994465367645e-03 6.761035816189872594e-02 5.519492630334651984e-02 7.431328547044736832e-02 8.013674931332778750e-02 1.885807273639746040e-02 6.645247913832527664e-02 8.750857529144999425e-02
2.864705708476339430e-02 5.836909213665865404e-02 7.432400584581620728e-02 4.378081633309219983e-02 3.396895777700859314e-05 1.132332302713155020e-02 5.802220735128130885e-02 8.028873273266969035e-02 7.402413950273163679e-02 4.111538592866847280e-02 1.759192606433323050e-02 4.934186403750279171e-02 8.801680798098596159e-02 9.141790652970183118e-02 9.215879718153578704e-02 6.786437509315593197e-02 8.840907415512994083e-02 5.953159535671301988e-02 5.089421788115951195e-02 2.736850055533186776e-02
9.103127473751441989e-02 8.536763382121230481e-02 8.678702580821914814e-02 4.603192301681979792e-02 1.640831777441123171e-02 4.021872646459121597e-02 5.857315218823233582e-02 4.295320391159433010e-02 8.857818054016958209e-02 6.618746367481999349e-02 3.572155813202494701e-02 1.941128084736839718e-02 2.298807221739283119e-02 8.649777062954687457e-02 4.350071729126647052e-02 2.506990907064821084e-02 9.948737380407905728e-02 5.314443768936227136e-02 6.908756773562536868e-02 4.279257918344253619e-02
4.031474488361833780e-02 5.933323374535370148e-02 2.383200872863269412e-02 2.262324670140789667e-02 5.877802424682315036e-02 2.232892726149550422e-02 4.841002228774740623e-02 3.337885004889392521e-02 2.512413135657032282e-02 8.649792479173684656e-02 1.315565345313286609e-02 3.588482000448212257e-03 2.220269854916223726e-03 5.877056929560793563e-02 4.679379566622539344e-02 2.978015518909230691e-02 3.951616963301567836e-02 8.748933251760881644e-03 7.823372957815800943e-02 1.591503887415686089e-02
7.240985052954100609e-02 7.780150355458663458e-02 8.670374529039193146e-02 9.610839135972695790e-02 4.727301161814393554e-02 5.012841141141593376e-02 7.299198125383597746e-02 1.271360915355969172e-02 4.797442694632537974e-02 7.028558349119644333e-02 9.539091619324693849e-02 8.148729091353928977e-02 9.963283879203160831e-02 7.209444724597713350e-02 5.316942336108364947e-02 4.936891979550862841e-02 2.441650899481077192e-02 8.877236470719285233e-02 3.430798115062427996e-03 8.406892828305091714e-02
2.229781518349066571e-02 1.334093802066952522e-02 6.074075818788930020e-02 6.869140575223206535e-02 4.749527795371123740e-02 4.098515980423431820e-02 1.429258403469295738e-02 5.302637913917299800e-02 7.207217464798118534e-02 6.042982652919515196e-02 1.951407236151304903e-02 6.666126698982687004e-02 2.778879439461243855e-02 3.374362600598490754e-03 1.991191448283544801e-02 1.211781418701707302e-03 5.289283676318822652e-02 5.526001692765575291e-02 2.975220306902252171e-02 9.709171465170900184e-02
4.141969634914011676e-03 7.274122082914859233e-02 7.641501475831280477e-02 1.158873499809043306e-02 6.549557153217554217e-02 6.287478624544361183e-02 6.446058609945798379e-02 1.100342470946350654e-02 4.810435962731114679e-02 4.520461372709902448e-02 9.551878347235236155e-02 8.567894101315828848e-02 3.020758021619181222e-02 7.080314583003614881e-02 2.308293924452418239e-02 4.494414953707140392e-02 3.427926790022496617e-02 7.282031844202195570e-02 2.824040881382652510e-02 5.899676313395312705e-02
4.901376944266715857e-02 8.643229977243583467e-03 2.127135239969621047e-02 5.891368393569722944e-02 1.323581679060328344e-02 5.676499328032376390e-02 8.396191399874432248e-02 7.553089427845305869e-03 1.592797841127415945e-02 4.855592015643218212e-03 4.515851592602059678e-02 7.895346482283510658e-02 7.121291211178171210e-02 2.681455488524497779e-04 1.980850924002558466e-02 9.959189583269570378e-02 6.559269326321449413e-04 7.624817267287059552e-02 5.944967158789676159e-02 4.508993440878474035e-02
1.704950467940470268e-02 5.822243617165323570e-02 7.097241172952087340e-02 9.636156016584281059e-02 4.212516303618741177e-04 9.740090164421530416e-02 4.904788898810055753e-02 4.799338909845743406e-02 6.777012379136686249e-02 3.525195162994659848e-02 9.753991557327312822e-02 3.544112373788454312e-02 5.727411622890889176e-02 4.456332587167791820e-02 9.779795810576341619e-02 2.024263802241321741e-02 6.277510034294259134e-02 1.987064587762854551e-02 5.362867991894127058e-03 6.332908987512995969e-02
7.122637848412712025e-02 9.237968370726190592e-02 2.954480101154307800e-02 8.882451649275094341e-02 6.428755201415047027e-02 7.439361836702303166e-02 5.714573935020316603e-02 4.898772313717018184e-02 6.725110081918524163e-02 5.089223085798044027e-02 3.062372359376730468e-02 6.090048208267915403e-02 4.666210742127194222e-02 6.314264203779217099e-02 2.388578986935024906e-02 7.286299387454132914e-02 3.518875801849957047e-02 6.683238372408782657e-02 5.181191190028910931e-02 1.531521076311248650e-03
2.502151296025723233e-03 8.054932374194007094e-02 3.510771473791770431e-02 4.480745369022082203e-02 2.301761089700474910e-02 4.177101375647296159e-03 8.394477872877353919e-02 6.963207047801471539e-02 5.291803575267023385e-02 1.714357638633359424e-02 6.455111917744878192e-02 7.022711327381579716e-02 3.056529951621482846e-02 6.370169644593819125e-02 7.231605676424689155e-02 1.145601668066594837e-02 7.019172776006288479e-03 8.594656027974104107e-02 6.535414841927081331e-02 3.481252282114582347e-02
9.462497807354010304e-03 3.032558010689331493e-02 5.423418566419135889e-02 6.694384726796463736e-02 2.745754849209136594e-03 7.293146560710471460e-02 1.017861209277293308e-03 3.028660944213773520e-02 2.012746931474005546e-02 2.062774985846048750e-02 3.247220330191763482e-02 6.886426746954042721e-02 8.131187605479711644e-02 9.960457548935384986e-02 2.181889170215867233e-03 8.121096490721299577e-02 2.095562906935205527e-02 3.275073643617574387e-02 9.656120993497918636e-02 5.411823965026795608e-02
8.353165403302267866e-02 6.105537220458474856e-02 2.177902172671904168e-02 5.859435149976904150e-02 9.652501628874278483e-02 9.043045717016112706e-02 3.611683531742700126e-02 8.696075325712848691e-02 6.157311296723133598e-02 6.444375716485560568e-02 8.288046945855420677e-02 8.473174162874376469e-02 1.076063679924510507e-03 1.478628640844120712e-02 7.772500319365716059e-03 5.054857373755246297e-02 2.383564783757988886e-02 6.730683161646844326e-02 8.419846725194032877e-02 3.618834697513295673e-02
2.618128955561187590e-02 1.594889123045238957e-02 8.507093490689925097e-02 8.262350114380793975e-02 5.811592278533826011e-02 5.953502613002290694e-02 7.039091062170842183e-02 1.908397933102758126e-02 2.226668616343663396e-03 6.786026097346410657e-02 3.723370256265197409e-02 3.557817491598391085e-02 2.008153543881463499e-02 2.432621854247275783e-02 6.274985729614405983e-02 2.272693646922041653e-03 2.288824972863725757e-02 1.629148442644267128e-02 2.840980028033313412e-03 2.799745999139588090e-02
