2.076775265904138856e-01 1.164550502431228735e-01 1.051962314145464955e-01 8.409196577485814061e-02 1.482238024481826733e-01 1.120040946452316999e-01 1.647342751293352503e-01 1.633048633256238280e-01 1.400455572033310059e-01 7.901731555317433042e-02 1.229322612861621367e-01 5.750578649680346960e-02 8.013993709173874991e-02 1.422859582721137106e-01 9.417079311637788566e-03 5.746797390846746650e-02 1.446781884448297417e-01 1.181274472785635438e-01 5.270628092287320265e-02 1.567809936509620972e-01
4.219942164343978841e-02 1.005325671146177352e-01 3.026003816424445783e-02 1.260082876447135396e-02 2.219216522114351997e-02 1.278642011725778134e-02 7.047515086532769868e-02 4.038154183354412952e-02 8.574945987563223349e-02 8.714830090401005924e-02 8.583151239175652869e-02 3.349885480580205854e-02 4.475235782870954498e-02 4.698278472937290201e-02 7.061412354891927201e-02 5.563910086869960914e-02 4.139423654242541800e-02 8.584738281679962085e-03 1.013721769084248714e-01 1.658732390534491466e-02
7.798951822832339564e-02 1.671132884535378796e-02 6.110868155405845513e-04 6.117973903635079425e-02 9.429615344309529024e-02 8.844683393042453504e-03 7.184246887149023375e-02 7.914867873847107604e-02 6.697338285044152073e-02 9.951862554803413141e-02 3.533774410471807875e-02 1.035526826298102804e-01 5.407932366394516133e-02 1.192367839071735783e-02 3.989389396085888523e-02 3.285409157126837482e-02 6.803073986827193331e-02 8.631178045172026303e-02 5.255613889686595874e-02 7.201520027297882154e-02
5.738253074051002239e-02 7.608208801756193018e-02 1.395597784511841064e-02 8.981238620669446115e-02 8.985581301294887080e-02 4.996471783383966275e-02 6.453381602102879755e-02 1.143793075980500690e-03 4.620498300475562453e-02 6.924617584670102188e-02 6.226862119206613005e-02 7.543255077752691884e-02 2.420412963353231472e-02 8.801306867193320338e-02 8.648445337477540795e-02 3.552657076980245132e-02 6.398406354784616501e-02 2.642360877056883564e-02 7.892914881292753537e-02 8.390543223368922277e-02
1.012447847652680477e-01 4.283147472231579878e-02 6.685224661073642383e-02 7.987152534401643911e-02 6.948318574252240754e-02 9.313234502185059605e-02 7.630972300642598072e-02 6.833443942247283479e-03 1.024337008743038402e-01 2.850365446517551596e-02 1.311581860737598762e-02 1.043799440640943987e-01 1.975190696956750924e-02 7.941333727961841227e-02 8.531004430229710556e-02 1.000325019851809466e-01 2.929951188901183667e-02 6.703576053129668699e-02 5.800160323870276469e-02 4.919361149844680287e-02
5.596445093532469162e-02 2.491711030086191103e-02 5.625242455819757376e-02 1.051003853330415017e-01 5.555426435260191892e-02 5.297063460657133044e-02 1.222355259459776203e-02 8.536622571916285818e-02 9.965866283923133229e-02 1.985082966312033334e-02 4.584486838207823406e-02 1.022739671042273563e-01 4.516466084263806580e-02 2.175085955452583583e-02 9.722876799812011847e-03 2.496203307956600809e-02 7.679310911436826315e-02 8.938706846008119544e-02 5.225336390082955390e-02 7.370369293890099982e-02
1.231625292483301375e-02 4.388439208619874382e-02 2.208156775712879008e-02 4.285142381596718925e-02 5.822916028227791141e-02 8.062836964133859863e-02 3.430221064566921219e-02 2.067569568340184381e-03 6.260422381836837358e-02 4.846235710236210248e-02 5.054681469150625744e-02 7.623415968016331035e-02 1.311297987181196320e-02 2.374309534621022594e-02 9.179858863751574893e-02 5.004761206725660133e-02 7.069308297501493421e-02 8.622576741293691213e-03 3.634058799727669237e-02 8.292367785814643011e-02
9.225597516955325039e-02 6.647939141693745557e-03 5.096160719931590311e-02 7.363743336830555486e-02 2.493427532734842494e-02 4.111230640307899503e-02 3.439431972352104822e-02 3.205704747495406477e-03 2.214423011920757176e-02 2.485869646646403711e-02 4.126930246618736031e-02 3.620275197183723398e-03 5.408241376718536664e-02 5.354468740546645955e-02 9.252728741156480974e-02 1.731848140561435476e-02 6.273001625339744147e-02 5.678236329795274817e-02 7.833765183673138677e-02 3.290973522882181118e-02
3.532383287518896936e-02 4.174382395206790303e-02 8.473135830474781693e-02 7.903803743385688640e-02 8.895732061901683030e-02 5.446651337211713684e-02 9.722642385302311674e-02 2.940856076994007723e-02 6.421241303441561910e-02 9.631006855688153956e-02 4.027277551819130608e-02 6.011951742226694095e-02 9.220856997514351172e-02 3.691088623827907395e-02 2.967923373414736721e-02 9.044871715134714107e-02 7.708283415112304748e-02 6.517538281969426084e-02 4.754765887967281335e-02 8.311058129323693755e-02
7.933007915289996825e-02 2.759838476880578997e-02 9.493799847224709820e-02 4.257625973007374276e-02 4.625211245415901395e-02 7.430760964756524811e-02 4.875308081714879033e-02 1.170506499604821726e-02 4.366823432937515410e-03 3.096179859836262899e-02 6.405603850252396259e-02 4.580461889827239230e-02 4.695784190117418405e-02 8.005421135201823413e-02 6.918129930343601408e-02 6.492470130955725616e-02 6.583973163773392326e-03 9.702910932064963412e-02 1.692645179065445414e-03 4.613590633401522083e-03
2.271641291439551250e-02 4.124260040600294386e-02 9.545765634987521397e-02 4.871842294469531237e-02 5.132037138486653799e-02 8.973794318365254513e-03 5.953991176283111170e-02 1.115068901728874171e-03 3.886922993500806917e-02 2.034610180894808745e-03 4.350115257987470507e-02 5.779928531335664504e-02 1.004793650528990334e-01 6.856322677091351847e-02 7.670708722589006379e-02 4.596468113093839236e-02 7.632186420906036939e-02 8.408898834241784748e-02 8.645310878302310542e-02 2.841995495236544073e-02
5.333307592495060284e-02 7.324925332077342199e-02 4.146250025737089479e-02 1.779435281960782891e-02 3.619773560185660100e-02 3.204750648906175281e-02 5.949009976700590785e-02 8.482554521788053525e-02 5.907992070862302936e-02 2.028875969582427316e-02 3.652749759553829134e-02 1.037790869056243181e-01 1.178035251192237690e-02 1.054610131202289858e-01 5.123663730006949163e-02 7.004570933507819896e-02 7.767578978966099834e-02 5.671593778961038501e-02 7.024206705751451923e-03 1.044093995255456625e-01
4.231861503689123699e-02 6.751459806160262263e-03 4.789356129228564823e-02 2.786099611149450705e-02 3.946966225822771956e-02 1.705863141190725948e-02 1.858446020704527038e-02 5.083102941095518634e-02 5.034133105155243898e-02 1.368779344176284871e-02 7.499982588122360017e-02 7.876130611860571173e-02 2.698753863349869636e-02 9.189143064074979661e-02 1.467965139140505436e-02 7.480332955713100973e-02 6.830467416954616455e-02 9.328597461695899151e-02 6.178313377260825218e-02 9.315060943641512159e-02
5.882176276371855334e-04 2.095215741756067257e-02 5.489790960928372238e-02 3.221887606477533833e-02 1.038164310096923414e-02 7.362766966826508885e-02 4.204077711630327396e-02 5.892978777476674812e-02 6.231552304796714875e-02 8.110429000140773059e-02 3.192303600137231384e-02 7.574777909245380969e-02 6.123039186811590762e-02 1.366589404653033996e-02 6.826315788397160911e-02 3.801660655150906204e-02 5.251721383788950787e-02 8.733769235061382419e-02 5.033447551006618725e-02 1.019003757576558422e-01
2.200471206894659415e-02 3.937020520020548253e-02 7.945933477253061539e-02 1.024621014449136752e-01 9.859827456464451134e-02 2.321607698141229040e-02 6.251946769557479786e-03 9.655193846855490702e-02 1.002036837388043389e-01 4.941802398217352843e-02 8.776845173066315231e-02 8.125821593486035055e-02 3.539758620074946044e-02 9.615190721382367925e-03 9.363235658840893261e-02 7.600526928786200537e-03 5.316596527381848430e-02 5.288651361511847310e-02 5.024111256093360262e-02 8.279418608204039409e-03
6.903427066677096310e-04 6.309375462865583761e-02 3.790253250302370869e-02 6.592675628640820573e-02 9.021841726016073537e-02 4.813746680412406276e-02 5.549123789731719159e-02 4.978187403730654180e-03 9.253265376447539214e-02 5.815533360124933854e-02 4.133767619447499542e-02 4.104879858620674726e-02 1.398224018718039960e-02 6.685407895476244700e-02 7.416127218058614357e-02 2.294958267754520359e-02 2.437031166755818448e-02 4.174834091917990764e-02 4.892100404040033990e-02 3.793873254355653590e-02
1.013427387975748689e-01 9.673086705930566617e-03 7.465749192448356553e-02 2.737823191428998340e-02 2.374277131578611533e-02 2.641244714349768805e-02 8.984815030882530029e-02 3.705125696496284343e-02 9.747563854752568091e-02 6.361905286632148215e-02 1.059429979681941747e-01 1.206867096001706507e-03 2.342685899560912471e-02 1.972519739749045015e-02 2.333000641922126223e-02 4.428892962994335908e-02 1.477663434755515509e-02 4.107613025476557038e-03 5.839398365518599920e-02 1.464102490436005113e-02
8.659991878228391615e-03 3.746368424929883562e-02 5.268330404559129487e-02 8.928719766932539936e-03 4.908542645146450611e-02 4.407340461575917634e-02 3.817108581257506322e-02 5.111592315972533773e-02 2.031358116175019726e-02 7.490061745904884327e-02 5.813477339465168703e-02 6.315834948249629544e-02 1.413684586974810892e-03 6.979640344136043076e-03 4.293122487470730358e-02 7.722635329094211520e-02 1.608422545405281678e-02 8.988418929083629230e-03 1.970069095092548406e-02 6.833827013901690173e-02
8.632308893835846653e-02 1.022956044547162491e-01 5.287064971041365719e-02 6.048355747297476381e-02 5.309868293612249671e-03 3.510073302547243174e-03 5.473998998482893646e-02 7.110246447395003611e-02 3.670107687422436826e-03 2.372141229333101647e-02 2.989880621903429764e-02 9.732235251174051194e-02 3.913708282110400088e-02 8.399072532241179390e-02 8.657661997007491672e-02 7.586917796837032435e-02 8.555223546545709379e-02 9.003393709072818329e-02 1.769318727774557218e-02 8.921402079726309040e-03
4.084152440323666339e-02 1.130252993344557470e-02 1.040547022229118719e-02 3.210049719815809798e-03 1.004852962026961810e-01 7.963145335654350787e-02 1.514687504047781789e-02 2.054365187361064868e-02 8.459422567299029749e-02 5.698611794172812883e-02 2.767928419423724973e-02 5.131561921479201732e-02 1.621656110231180919e-02 5.808261564052051920e-03 4.422899078739452039e-02 8.600982665700733498e-02 2.322663956060028873e-02 1.647564210060324316e-02 9.617701404486658778e-02 2.017297328096975470e-02
