3.032279039332222426e-01 3.305851093899220272e-02 1.067274018864946411e-01 1.038673745611991411e-01 7.872771802985370493e-02 5.007010037173428851e-02 8.643840264420529773e-02 1.245962333007903794e-01 7.664973526713231289e-02 1.212591056349407170e-01 5.219223298509727271e-02 1.397318742285226234e-01 1.267859227263644639e-01 1.570378759824628268e-01 6.957086375939963707e-02 1.006172086022062567e-01 9.543370539180846823e-02 1.306767270517785740e-01 8.329150342215124736e-02 1.409803248256503161e-01
5.138052553334990225e-02 8.676447436558022697e-02 4.925731921092778298e-02 1.459271960075875230e-02 1.398083371666227620e-02 4.610062192861125174e-02 3.502606341603293344e-02 3.993751183731863302e-02 1.602325909748645097e-02 9.783531268697077954e-02 4.706209697160663313e-02 4.623056768128497307e-02 8.923085123992702261e-02 9.415481795189262204e-02 7.425673946340774489e-02 3.642108882054947983e-02 3.439576949722304711e-02 6.750731310739829794e-02 7.629866900082542258e-03 6.074923008040257130e-03
9.680709208577531477e-02 3.119121872211347637e-02 2.003730733173846035e-02 1.171041854835910834e-02 1.950312086753780774e-02 5.545753671881442637e-02 6.161291801600255608e-02 6.740934779284301660e-03 3.488174565372628017e-02 2.801794711219082745e-02 1.538425509426795922e-02 3.834496961777913993e-02 2.240190107523885865e-02 7.786001111500817640e-02 2.288126774431079296e-03 5.200159083713245395e-02 2.854319194250683547e-02 6.605590794422316891e-02 9.249278005157290927e-02 6.050460977057273149e-02
7.060514826063828131e-02 4.088016750419782436e-02 6.722717022313587365e-02 1.030015622769001570e-02 2.113399155279190728e-02 1.655154428970982694e-02 5.630635024030573171e-02 5.094774212782147288e-02 9.049495413320861326e-02 2.249834095906633582e-04 1.002141463597703008e-01 4.874416872235001752e-02 3.768995577352569210e-02 9.259555175870158583e-02 5.990820662440525524e-02 1.284398502698323730e-02 4.065629607950568825e-02 5.999529328801274375e-02 4.224675336860446440e-02 9.523376610477460313e-02
4.438224113074623611e-02 6.388721269932407139e-03 9.396790829878559625e-02 2.212710514633522540e-03 4.275938668033257839e-02 2.525381489638273483e-02 4.952868989163718844e-02 7.590269437113206230e-02 6.692531339940635537e-02 6.256138918262486859e-02 4.242577918120510327e-02 9.629312835041266283e-02 1.309108268284662167e-02 2.220104216510915968e-02 2.902779877106951081e-02 1.104132114815300873e-02 8.797037321321517223e-02 9.862076299158369086e-02 4.937147266454522399e-02 2.693473440082665843e-02
5.593186827038212211e-02 3.187606004615278765e-02 8.588490987814696720e-02 5.613027077562894596e-02 7.652637370951929224e-03 5.202916172010681184e-02 9.857728512267428800e-02 2.605255579194301618e-02 1.957821125273229157e-02 9.529958330104383590e-02 4.094183907819122330e-03 4.534980172303027662e-02 5.693377038210115093e-02 7.000793943653113582e-02 9.575607161237636999e-02 9.615412583628774046e-02 4.794461843970945769e-02 7.635471346192387876e-02 7.111644277228947042e-02 1.212057208201070338e-02
3.435255448010524071e-02 8.719881100934206986e-02 3.098172504873600991e-02 6.703192650005927733e-02 7.782381376548651308e-02 8.743722497563698182e-02 2.773068663872029632e-02 2.851888399803585716e-02 9.135751262783816523e-03 7.915437308044753761e-02 9.394487167767735444e-03 8.027724217041679045e-02 3.466570114001836511e-02 1.208937851087531819e-03 3.608464897995489196e-02 8.239686930344793103e-02 6.923781496209588382e-02 8.656253527696822214e-02 4.971810606205649685e-02 5.934998713997250569e-02
7.005720082942870630e-02 2.913528083955310710e-02 3.093141322626066433e-02 8.143618622194195508e-04 6.731130365310837582e-02 5.281007461213411969e-02 5.026531784618859522e-02 6.021264746803924733e-02 4.080849673830948265e-02 5.089602500125289114e-02 1.722772125901411711e-02 3.537509811836225121e-02 1.005503610368564393e-01 3.037287385902096709e-02 6.504476254914567934e-02 4.618670347740388288e-02 2.155626992126749575e-02 1.115713190869149643e-03 4.026083518894919139e-02 5.165184493869954402e-02
5.176814704046042021e-03 3.802981803834057373e-02 8.667347231701766352e-02 4.536317375101969057e-02 8.987876669754088499e-02 9.423874520278414588e-03 9.196696812792318210e-02 1.459787831147449713e-02 5.648954727324805025e-02 3.493666926024573821e-02 5.126212769435849886e-02 1.009983026596717598e-02 6.616932646467692247e-02 2.222852149139111985e-02 3.483809863597539525e-02 3.507573444579931404e-03 6.271928182564796839e-02 1.995082749085963503e-02 7.871425968221307246e-02 2.546155640372253434e-02
9.986936833190239449e-02 5.724636059225129969e-02 2.202102806282016725e-02 6.530329518673445854e-02 1.829753466874854684e-02 5.526749492954835530e-02 7.435037594271344530e-02 1.732367444297873427e-02 9.496722599704021661e-02 4.847320347600640039e-02 7.285779277795352560e-02 3.688423707928586981e-02 7.800525690080468977e-02 8.912237066862180312e-02 6.366186546095311573e-03 6.936193407836295510e-02 5.170149310705518531e-02 8.865622488411356583e-03 1.348887499656175638e-02 4.937915444524119263e-02
2.418359581744860057e-02 3.959783704420929973e-02 4.886445037350269083e-02 5.089159634554961398e-02 3.547087169580705190e-02 4.456988905870200995e-02 5.976396441660120074e-02 3.897874536366493364e-02 5.321911256280861119e-02 8.402326787236434613e-02 9.502661006047072312e-02 3.458382748674532908e-02 1.001576568519511740e-01 3.867031833925487633e-02 5.599360211999063197e-02 7.169805961435843367e-02 3.455416960362495821e-02 5.015980379386751620e-02 4.289579351761637488e-02 7.403786820835415354e-04
2.713536722897388204e-02 4.094625657755093101e-02 3.738968958960492417e-02 4.152942266638037783e-02 5.337906511399675286e-02 9.933880103834673292e-02 1.619839488206102976e-02 9.388977931772105046e-02 7.282793903319721707e-02 2.070079725216326591e-02 4.094301120061981381e-02 5.176358340568448096e-02 8.915924539361236301e-02 7.820713353628781783e-02 5.249986727756325577e-02 2.247001137398041068e-02 4.461719319380657439e-02 5.913249214742915920e-03 9.613738663129782480e-02 9.737882229129207756e-02
6.297783166557534285e-02 1.884888616950474577e-02 4.903892413876594081e-02 5.731605354107632139e-02 3.675838170027780072e-02 9.224476798129588317e-02 2.334149820564691835e-02 3.313854332163104072e-02 4.814842038895614934e-02 3.679318732105981565e-02 4.681079450778129897e-02 1.002110056019650947e-01 6.094902417971146541e-02 8.987506224030572533e-02 7.271308932964448690e-02 7.599928172530025228e-02 9.971689416242961179e-02 4.590428265295784516e-02 3.218534317544000101e-02 9.402933281867727200e-02
9.621040201851868701e-02 5.806404751879344628e-02 2.399339967140881168e-04 1.050296808186120846e-02 6.117350278275991010e-02 2.590343136520327841e-02 8.214638581683317287e-02 1.541888550115216557e-03 8.555518583809312849e-02 2.215611751820941583e-02 9.028944866826933702e-03 4.211401810544504812e-03 6.447946667717784248e-03 6.878530889089316813e-02 5.886256702909694466e-02 4.665065923498797756e-02 5.405748971157320337e-02 5.770546864295953565e-02 8.046330795264185209e-02 3.747337175581209184e-02
3.163432767132846879e-02 6.017513358025804865e-02 2.591483478050538372e-02 3.500979795708645398e-02 6.618643301938197110e-02 2.185864505461562399e-02 7.957152921855861760e-02 1.483207304907737355e-02 6.445716736200011315e-03 2.378530661649544756e-02 8.859766597860497042e-03 4.320842604728501735e-02 4.150443096537310278e-02 6.002568405743617663e-02 3.154494125464103738e-02 9.559692335950889519e-02 1.679027016855499585e-02 3.554954749304745781e-02 3.322065680812538030e-02 1.386657959344623353e-02
6.755702586014265820e-02 3.636984025073134591e-02 6.804715120270894181e-03 6.687350491525401869e-03 4.680507465276821655e-02 7.138336744484138907e-02 5.730618312611120840e-02 6.329977521792724826e-02 6.745515088789108549e-02 9.193108972866981601e-03 1.766245423917576010e-02 9.156387269998521317e-02 8.464663309232493826e-02 7.211986225092291425e-02 1.577271917701494539e-02 1.337168769562087009e-02 9.976429408660617004e-02 1.043415708284260029e-02 6.383282667642138641e-02 5.311128217183267580e-02
6.879743054421177950e-02 9.311340373830345740e-02 3.289010790370888726e-02 8.985780668925659465e-02 1.414118193788108102e-02 4.162932578890623375e-02 1.884033109449687396e-04 5.997902493256581508e-02 8.552483509846670051e-02 1.035959929569611531e-03 7.953437809072086417e-02 9.992969885259975205e-02 5.996965799353835662e-03 8.041854313843214974e-02 7.319990605281251339e-02 1.285344927297052929e-02 2.690898404114087407e-03 4.969905317044983478e-02 7.305277924221043051e-02 2.345400525616105764e-02
9.571060914881739101e-02 4.733111306459121537e-02 1.602878861503400504e-02 1.737236722084313859e-02 2.735711244155568378e-02 1.427277467914468863e-02 5.830610969442362457e-02 1.429804865438358448e-02 7.426936031863054510e-02 7.618238560704125584e-02 3.674703375282046408e-02 7.552687659838498713e-02 9.231806587682679643e-02 7.058094850728758272e-03 1.623337451008445564e-02 3.938460905716944377e-02 2.299782720681902391e-03 1.471791225611805178e-02 1.013705554304523016e-03 4.191905048234944448e-02
8.641011660582176290e-02 5.495728046369072715e-03 5.803997545626964766e-02 9.894954279589109059e-02 2.560524223581196746e-02 2.002171087762547735e-02 3.572777279879281453e-02 4.477446113774265907e-02 9.183317072385354524e-03 8.093310279333724988e-02 9.270245690741471534e-02 1.793619900683837351e-02 3.276019153982021037e-02 9.904839808326769413e-02 8.028573176082358376e-02 1.997395078220615128e-02 6.478928683872750560e-02 3.405375033572039661e-02 4.858499024785854770e-02 7.760197230813808966e-02
1.928370829549622828e-02 1.388478385995402416e-02 1.091568372156697352e-02 8.907331663949647968e-03 7.655780662040337359e-02 8.852854280595419401e-02 4.001202750825645291e-03 2.299722777749158356e-02 1.967498860521317908e-02 1.357822015297682240e-02 9.645527735814472814e-02 7.554967577001903134e-02 6.073707692873526326e-02 2.890330661008536084e-02 8.193832844398776794e-02 4.395302224124261053e-03 1.967253168021558529e-02 5.242483285989911696e-04 2.426037748992991919e-02 9.514545259039937364e-02
