3.497104981311562333e-01 1.827508305749749318e-01 1.352097091923188388e-01 9.856231256351771428e-03 1.421656620152206008e-01 2.763155890646153828e-02 7.395332654400084416e-02 1.154066985606991835e-01 1.314599657128654731e-01 8.103024319919271967e-02 7.374738490139658154e-02 6.542458694774379302e-02 6.919904642373628234e-02 4.689291670810774582e-02 1.081075110436204856e-01 6.447204285091535925e-02 8.397819846544697653e-02 1.502976110800284260e-01 1.370035835194025331e-01 9.645615472233412535e-02
1.001250970173166027e-01 8.233477648249122594e-02 2.220825953270563237e-03 8.764029727674425840e-02 9.213605507808599049e-02 6.853066842612226539e-02 9.098634279174408479e-02 4.930652023925863325e-02 5.927419604064831926e-02 7.088381015555951514e-02 6.450708102437220648e-02 4.703165994386431653e-02 6.708429173399094170e-02 1.447794023583962725e-02 3.854816975472434570e-02 1.534753536907591115e-02 8.900569905239605339e-02 3.682088074978996650e-02 9.374381713626031565e-02 7.600824451890354772e-02
1.552721832309963534e-03 6.395763473517354636e-02 8.232066144875949468e-03 7.490761108758212106e-02 2.496443929390041241e-02 8.686342587639342416e-02 1.038509728305084118e-01 4.219147654718780061e-02 2.510736652287185247e-02 8.636450148775379199e-02 8.274165087307893546e-03 1.518877495305246544e-02 5.550458404272570062e-02 1.102945376975358535e-02 9.221156388635558254e-02 3.624181889747334073e-02 1.019818232074592990e-02 2.049128853220253191e-02 1.007548637836659655e-01 3.015049127420381045e-02
1.129171180324470107e-02 8.771091786962451065e-02 7.714633708401702483e-02 3.016144863863199146e-02 8.614325343531084589e-02 1.024949957069035272e-01 4.498758089666814175e-02 9.353026217676353726e-02 4.516104470879086369e-02 7.399102547637184668e-02 1.039354177507979954e-01 9.730150616064167646e-02 5.138298161672913422e-02 2.621812605318846884e-02 1.331375852145667837e-02 2.245927993195414793e-03 1.104908212451689679e-02 6.878227349000752555e-02 5.762299053270560079e-02 2.712977546495580136e-02
7.431982645041808333e-02 8.653316405847302772e-02 4.349572217019544856e-02 7.286855990997533061e-02 1.002063954897764314e-01 5.833303366140250162e-02 2.553822866993366025e-02 4.187401039432891298e-03 6.597368759704154428e-02 1.050368360907237564e-01 6.204217247498490517e-02 3.128220988552745004e-03 2.473893391273552025e-02 5.193955724266462182e-02 5.468361596382943779e-02 9.047047612462090493e-02 6.173030945587158411e-03 1.020864543326811397e-01 7.065815646551922014e-02 9.011691771831881193e-02
8.876684815894812786e-02 4.561497344247458785e-02 3.785064761582480203e-02 8.937686981769266126e-02 2.003910444282126432e-02 5.974767912866655456e-02 6.760856956572980359e-02 3.526332845216472583e-02 5.802475483401555584e-02 5.238969209729118191e-03 2.368710506394379467e-02 1.052322601468196929e-02 2.920647358193207560e-02 2.660822215016640790e-02 8.030039558642410036e-02 9.175708659648531412e-03 7.563631332043539712e-02 4.075471202857473829e-02 6.892114070422696026e-02 8.970502301622670926e-02
4.085455579346876365e-02 7.157100884379116734e-02 4.390820128678713657e-02 8.942620651273310971e-04 1.359379966590524430e-02 5.085506039074535328e-02 8.771443961839048287e-02 2.682575835732707581e-02 5.657079543184171527e-02 6.075513728740892377e-02 9.470458254819547061e-02 3.102685635467633540e-02 4.062522955904378924e-02 5.695705409857354518e-02 1.001229310588180044e-01 3.757722832675689656e-02 8.249563693084538407e-02 2.636076020536676223e-02 7.977223413236975147e-02 5.192033638118748184e-02
2.567355661697968625e-02 9.034227670446424996e-02 6.894865304552495744e-02 2.406012719038115241e-02 1.967824296033303388e-02 8.576218502267383970e-02 2.029477797759478286e-02 1.611921468338827629e-02 5.653839531315139194e-02 6.410509255658770889e-02 4.537907258978608749e-02 8.296521435685053070e-02 7.054346442586253985e-02 6.291629534560347348e-02 7.276058741658401885e-02 6.406612965510842528e-02 7.895815165802473612e-02 1.014773265917841560e-01 1.008460576967591671e-01 5.493573140252838022e-02
4.466196448000880393e-04 8.400140086523691374e-02 4.235823480060355029e-02 8.572662463559951873e-02 1.062908634908437677e-01 2.270095264659490256e-03 3.213457634054668870e-03 6.341100221094319624e-03 8.100737612674280275e-02 5.705247711044810367e-04 5.490333356470090270e-02 9.715328039600863719e-02 4.527031870428680632e-02 1.052802291186967776e-01 4.390560814378993704e-02 2.613039441797865292e-02 3.001343799955643807e-02 9.167709016286831880e-02 8.323177435049898543e-02 8.631833651505780095e-03
2.506561531537533638e-02 6.718778783826789835e-02 9.096036064539303467e-02 5.123171556970664009e-02 8.341915933391455540e-02 8.960163252850168736e-02 5.819910528129370458e-02 8.362698237340449037e-02 4.410823228955026293e-03 1.185004390506530676e-02 2.536162704813039667e-02 1.722550117697469255e-02 6.950939934227821915e-02 7.325953917961360029e-02 3.812878191060204130e-03 1.033671066823723950e-01 1.257724777358382000e-02 3.927915142601151599e-02 6.035947432513818350e-02 7.603213431297650704e-02
3.757117987562857975e-02 2.782941511618811786e-02 3.333322075705930781e-02 6.905708213071283519e-02 8.173747293385844048e-02 4.137318458559704343e-02 2.607305327864585867e-02 2.818289731858290154e-02 8.970512793098416038e-02 3.875183731531332831e-02 8.527977252156190846e-02 2.659440457956548098e-02 1.545176518812792221e-02 2.050061863441334647e-02 9.133017322771438051e-04 5.067856303777187356e-03 1.540659822424414981e-02 1.470123394442943848e-02 7.337922824082702966e-02 1.105420032040737958e-02
3.732798981617618805e-02 7.806855860563922944e-02 6.527663866600653952e-02 2.909812643087508061e-02 1.729590632382148330e-02 5.027568699936093427e-02 9.681932842921349425e-02 8.476260241678662544e-02 1.060703236678336436e-01 7.601198196434381937e-02 5.264181254399016158e-02 6.602432921758706608e-02 4.729187435977948856e-02 1.057709198561311154e-01 4.625718954831650048e-02 7.284688383399560985e-02 7.835798394137588607e-02 6.165252143232182597e-03 4.349291100414922479e-02 5.056327559092475138e-02
2.527880811618387139e-02 8.124054236394595563e-02 1.459809603388792683e-02 1.088887972940847347e-02 7.247251910996360680e-02 6.612540014796504384e-02 3.484646175376950733e-02 4.677043839097844852e-02 5.032720988158804337e-02 8.908976032614404628e-02 1.032832310650915048e-01 7.000889579658579887e-02 9.636280273421818712e-03 8.846658242092507451e-02 2.692410979873147581e-03 9.671765036130448856e-02 1.057440753153249119e-01 3.623207237588368240e-02 1.361711648464293198e-02 2.594460410156407271e-02
8.756805384431931571e-02 4.108120567649549415e-02 3.589944998196503614e-03 5.062613767606737730e-02 5.169614961247453316e-02 1.427387410481074925e-02 2.751722546819615478e-02 6.108582404723575388e-02 4.347888734074870781e-02 3.089852822294630180e-02 4.620151291574646490e-02 8.844193603781214108e-02 6.650891540027274729e-02 1.021669449460125591e-02 5.751698426832674294e-02 4.279696923129619468e-02 3.583229620001452537e-02 3.581864268240810001e-02 5.595985882474480144e-02 3.879290236400106257e-02
6.847842449059289571e-02 5.901088717071188011e-02 5.939136579673724194e-03 1.444441983797973075e-02 9.217202520649546427e-02 5.096224554819367425e-02 6.884096055315094831e-02 1.069457022631681020e-01 9.572767218936313605e-02 5.468037286190291502e-02 7.684922784273158503e-02 2.215353752318765038e-02 8.302124406077994456e-02 6.121591211607195493e-02 1.027661080708255348e-01 1.054009248224090090e-01 7.001247402518911978e-02 7.313606269018890771e-02 8.779351794980988499e-02 1.060181432134505025e-01
1.863384384176633782e-02 1.000807575176845127e-02 6.458986407363141724e-02 1.004466623212466325e-01 1.447984973768476867e-02 5.626349711805955084e-02 5.179168802431606544e-02 2.062329328075662022e-02 3.894412543121457404e-02 9.483440649794398075e-03 1.661943532817274777e-02 7.910890728979966258e-02 3.851436327817528427e-02 5.543534084998955926e-03 9.114741015849860128e-02 8.874752158173683514e-02 2.760861199603093039e-03 8.984265387159459659e-02 7.266253287786536563e-02 5.930493076463057289e-02
9.351292781186312797e-02 2.974948463137240887e-02 9.081846976802846264e-03 1.020663969993745174e-01 1.396282295695364280e-02 2.131432982915042879e-02 9.506288234809898152e-02 6.163719418138231126e-02 9.520184375474284588e-03 5.091617838360361359e-02 3.361908286958616154e-02 8.239818177570376601e-02 9.682678760501693682e-02 1.666652226387033272e-03 9.876276539697824430e-02 6.584803862047963752e-02 7.685447085009129708e-02 1.508760807757249245e-02 2.696340071321803866e-02 2.328084544098719608e-02
1.586450354999174514e-02 3.966552695005192558e-02 5.369563285273128150e-02 1.190928262728552754e-02 8.226324087096163751e-02 3.616150308036164551e-02 1.034188376500937145e-01 8.049472092937114132e-02 8.364685477394205940e-03 7.960832359466354924e-02 4.880332843907773943e-02 8.106963682382696545e-02 1.383917056657470168e-02 3.746885808588704819e-02 3.474448420408229876e-02 1.509923015770974625e-03 1.827599438075757157e-02 2.447100529984137796e-02 6.797083095646731798e-02 5.867195002582861751e-02
9.585565657088272740e-02 5.297023894619230094e-02 4.527713249200301937e-02 8.666084933898388076e-02 8.593551476732161354e-02 4.951866205900978812e-02 8.411990357042137267e-02 1.036665637899552156e-01 9.146257129869832248e-02 3.980010321251375993e-02 2.069039192917424344e-02 9.273517428829820830e-02 9.891128479288305297e-02 3.803728005494989156e-02 2.606217630792533307e-03 8.092234759831583302e-03 5.191769967094412089e-03 2.502918777918047497e-02 1.599859623197899886e-02 1.295014277633873764e-02
1.054439878811317399e-01 6.178199612771961835e-02 1.754948722099544320e-02 1.673543814955396822e-02 8.721130346834456148e-02 1.041148178949927311e-01 7.987092179940082082e-02 2.277998003058225029e-02 2.015507929780554347e-02 1.848521470758256180e-02 2.025532332748882988e-02 4.521746488657531204e-02 8.038892588294759001e-02 2.218772239637654617e-02 1.866469573712754501e-02 2.363611740495112634e-02 1.063072765720314006e-01 9.914133027127980391e-02 3.669331522148915059e-02 5.076754708698608121e-02
