1.731676487203585024e-01 5.912684106293338709e-02 3.401060352872903314e-02 9.669411612694593650e-02 1.097503098768045360e-01 1.618813850578385560e-01 1.738157935736839577e-01 1.516308266324432052e-01 1.008759691342603487e-01 1.151780335719592707e-01 8.625437225449249234e-02 1.338794409046025757e-01 2.512610535504651230e-02 1.300139860160513805e-01 5.992386722711309094e-02 1.354767997548820269e-01 1.154545637623265869e-01 9.157294493873543995e-02 8.161239919171027479e-02 1.123775181884549140e-01
4.807327908418665419e-02 4.421116566162914402e-02 9.180773419703577853e-02 7.463998965698054322e-02 1.017105884737946886e-01 2.778824649609673916e-02 3.821532314902248428e-02 6.266364118454681442e-02 2.637327639031021576e-02 5.759936274470778272e-02 9.417420028057489623e-02 3.580742340779403433e-03 4.419011620761469084e-02 4.152015136195721240e-02 6.108791854296480479e-03 7.842770648931798871e-02 9.235717061192515523e-03 9.329091006885900650e-02 1.466772316982945662e-02 2.587244336249430905e-03
1.040530019087319569e-01 7.221048739255978011e-02 1.008651334328964505e-01 7.015722022746311015e-02 1.587534122512692172e-02 1.082400248896184768e-02 2.808899547419541065e-02 5.207598776524259565e-02 1.612446014519517551e-02 6.633279023765510651e-02 9.224234815217032327e-03 1.035897148062963208e-01 5.156401092429229588e-02 4.203965580725103207e-02 1.135612310662461114e-02 2.831501036237658864e-02 8.354237972261457923e-02 2.360477949479592927e-02 3.438044947019548714e-02 1.020759939248208278e-02
8.342722279606938629e-02 7.503582016146219391e-02 1.074597251537560416e-01 2.381846973438515869e-02 7.791855475583273072e-02 4.684731189957538899e-02 8.234812849480989405e-02 3.109724085165104998e-02 3.778651388133531797e-02 9.135383223995242885e-02 6.019415730964869544e-03 8.830066112329340577e-02 1.089197998131178902e-01 5.417412021837014757e-02 2.105565957039578703e-02 4.324320189026035349e-02 1.049834416675345106e-01 1.132788785900619606e-02 7.924314902278895012e-02 8.212991372928996059e-02
8.553589140915450473e-02 3.575968619718136038e-02 5.992596384116115338e-02 2.039959682913848604e-02 5.723654020256655622e-02 5.212281660604781847e-02 6.140952126586726734e-02 6.512688425844337381e-02 8.288609482033347520e-02 4.065631487433419428e-02 1.027922554174810210e-01 9.977290133216676349e-02 3.929390213748345378e-02 8.558993450090547628e-02 4.225270680920129723e-02 9.064512574904186326e-02 1.593046963408936700e-02 5.572014718068114651e-03 5.350007211235476706e-02 9.353897636564230400e-02
1.803640981872876511e-02 4.374772404081463811e-02 3.980969421873931102e-02 7.561081831039487278e-02 1.057740852965149830e-01 1.044914488369832195e-01 6.965009658588826313e-02 6.143250643773601888e-02 7.659804170418482716e-02 5.485428676670488224e-02 1.051405976048409019e-01 7.999155500960734855e-02 8.809242449369913963e-02 3.844240516404250768e-02 7.488188000430948121e-02 6.911099293697649248e-02 4.179357641041815674e-02 4.156563850818351807e-02 8.490226858291141654e-02 1.175477425677809093e-02
3.388417788936944064e-02 7.596506849434933595e-02 4.400049008154752195e-02 5.518084315696922260e-02 2.035136172605070751e-02 9.495111170630807229e-02 4.762948164804502171e-02 7.977139917374112543e-02 1.131110337187767392e-02 5.048298372910368231e-02 3.935178927147645056e-02 5.468671282170707582e-02 6.151053927047907266e-02 8.308519207591720176e-03 6.898358090053149927e-02 8.125950655061173200e-02 8.558411236746964190e-02 1.455991744601820535e-03 1.886777235073433534e-02 1.090439883842907881e-01
3.020648435759028597e-02 6.270595715790291957e-02 6.644568108900582304e-02 9.292238185679532747e-02 1.004678723480452729e-01 1.976845363582045018e-02 6.942608826034919745e-02 3.288588820326694695e-02 5.634269067197993780e-02 1.050424808404440413e-01 1.076559616221317156e-01 1.043609178834135204e-01 1.494903300378518443e-02 8.329007971609418692e-02 9.921012212597510316e-02 8.135194130312185801e-02 8.299928280787124274e-03 3.820038102649517264e-02 1.043199199145126987e-01 4.529180420364247589e-02
2.458178279140737360e-02 2.643891488551208119e-02 5.269140870234376162e-02 3.682652155912602421e-02 7.897736003667089888e-02 6.149911303022411943e-03 8.370426026921992668e-02 1.777885448874302540e-02 2.990290678372610825e-02 3.248103885442323036e-02 9.270307311774263204e-02 7.987816480321686952e-02 6.128085678439100514e-02 4.612587644551093685e-02 5.959770695145222980e-02 9.766327018910093971e-02 5.628140925831746910e-02 6.651039297242491988e-02 3.768523873171644722e-02 7.701685729045222584e-02
8.041627669376509926e-03 2.957546867604107094e-02 4.325986503601116084e-02 1.912513151004203299e-02 7.167227148574327467e-02 4.296639388820697181e-02 9.451619816827858123e-02 1.081877527680050188e-01 8.546113136746440186e-02 9.166568507535939603e-02 4.845701911571376891e-02 1.408727316982633267e-02 1.029680854933618800e-01 4.995619659719428840e-02 1.522259907927095944e-02 5.825603543453237304e-02 1.675259651768822716e-02 6.956611067994150632e-02 4.500415669723213663e-02 7.420216094738425749e-03
8.486523466323724063e-02 4.281986399148735023e-02 8.067919307566932818e-02 3.411651291811360759e-02 3.807574158672646925e-02 6.633662885132510234e-02 1.587552939023929161e-02 6.613394692850753376e-02 3.844573609963391342e-02 2.745101023716709984e-02 3.660204489048930754e-02 2.201386045380588144e-02 1.152373189949133098e-02 7.085116425235284121e-02 7.213258048170230474e-02 2.259116201750965489e-02 2.466789517639279145e-02 2.962006596359852487e-02 1.274829235530408264e-02 8.388166670610534836e-02
1.793975813748891271e-02 9.075061073227403893e-03 5.053550062672033244e-02 7.418087788816718486e-02 3.927350616057714155e-02 1.069212630655118346e-01 1.060640584749302506e-01 6.947814091608497944e-02 1.953673332672279869e-02 3.812394943208372022e-02 1.056932297793882480e-01 3.888278973457428428e-02 3.399005145028917430e-02 1.192631162592130067e-03 1.055284882448250944e-01 2.423105902438543041e-02 2.826435572039086644e-02 5.238851102382453828e-02 5.518715523665397582e-02 2.675975531860227963e-02
6.169106517021063357e-02 1.830758963031687767e-02 3.981893184215227338e-02 9.667240751431417645e-03 6.181400634162544788e-02 1.584971913782450698e-02 4.167267291115946126e-02 1.643101409102157295e-02 3.348552208236462574e-02 3.159481103385082534e-02 4.975619389347120392e-02 3.458302878234335853e-02 7.835079244440944224e-02 2.180229192520427225e-02 4.019724331435322456e-02 8.879958756713039747e-02 5.140104814039052339e-02 5.024158484256071450e-02 3.633231341209435666e-02 3.590647438410381545e-03
6.661121441358841544e-02 1.429152231916834895e-02 2.921192788673111079e-02 6.513129326775553285e-02 8.403950975294921522e-02 1.001075285595883074e-01 4.520256918587687092e-03 5.988146515617532445e-02 1.020530405059136558e-01 4.768972420648530386e-02 2.371025224620609134e-02 7.597701905843860792e-02 8.720683057715590547e-02 1.027855372759648306e-01 5.970771032924042376e-02 1.271961901335272663e-02 1.020109928607217109e-01 4.757829150995111084e-02 7.826106447934216837e-02 7.591323526687965284e-02
1.046008122892018305e-01 9.421093418626903804e-02 9.843493032930425435e-02 6.392125851100331768e-02 1.090806993987865070e-01 1.054123409163738728e-01 7.186374267378294045e-02 3.561579485845357135e-02 4.300984845445819660e-02 7.272211424024391246e-02 9.138130821264997539e-02 4.153517284401450627e-02 4.253227625512458199e-02 7.415206947563207640e-02 2.255812988195365562e-02 3.854076826602208239e-02 6.988599911333576165e-02 9.396455158479576075e-02 6.210827893615183254e-02 4.065278286472099462e-02
8.138049238779475336e-02 1.123062762100307706e-02 3.272821697846032413e-02 8.390759314355016041e-02 1.641796807441645370e-02 3.341780519483471962e-02 5.842449009224935479e-03 5.904589318744137005e-02 1.079848406718017378e-01 6.107881185993323941e-02 5.823231118534983458e-02 6.477088976267521281e-02 1.801947530895320684e-02 6.065729490577136118e-02 4.141614461624686105e-02 1.047494011503118383e-01 1.115202463496642142e-02 7.344452931734059276e-02 7.840083769207581432e-02 4.399427081220224495e-02
3.409075037745145503e-02 8.270727525260054835e-02 1.030467737672977335e-01 8.165529008663666155e-02 6.669076351062760977e-02 9.675583576147257781e-02 6.482948767966702219e-02 3.014506546764592412e-02 9.099492138957461507e-02 9.332699611422053468e-03 8.360839426948367403e-02 6.328763169554782464e-02 5.098656879340585091e-02 6.339927275545804986e-02 3.797940065912454310e-02 3.543105414095058109e-02 1.011682120218587583e-01 7.420126234024340683e-02 1.011532573685028913e-01 2.738555186153759577e-02
4.107572212121485961e-02 2.531496791590459941e-02 8.190393025154354967e-02 6.368368337625493480e-02 4.752372120214937851e-02 1.919213959415703302e-02 4.190326284787094374e-02 1.788289396890878347e-02 2.626735109725294309e-02 9.669215805423529708e-02 4.419818485981534539e-02 3.864337172127549347e-02 3.201941047760580722e-02 7.458343507036326037e-02 1.850682983083452859e-02 9.588554856488525069e-02 5.277816613882657659e-02 8.225228893139797937e-02 1.381956096729906186e-02 8.966287504414974241e-02
7.925994181910971104e-02 9.528004902495899875e-02 2.323055559048655891e-02 9.248531454357082626e-02 1.091915426796118416e-01 9.507311312384762736e-02 3.797325810428654053e-02 2.055356666045954350e-02 4.454056760992616826e-02 2.064501005393037589e-02 5.369000485349460089e-02 4.607341578487615663e-02 3.479643050536089521e-02 6.035790704746003127e-02 5.493147181316887506e-02 2.578524185138391517e-02 7.796446976505132243e-02 6.916845832461467058e-02 2.179044929002917075e-02 7.914425543787045880e-02
9.289481670762418652e-02 2.756905761351536449e-02 3.332760838305794809e-02 4.287181045866957085e-02 8.977583445699909015e-02 1.040768833396571169e-01 7.063712953371899250e-02 9.837008400628147187e-02 4.913680850424544805e-02 9.334971510391382177e-02 1.080803128969563404e-01 9.229824492463528651e-02 3.267308486590839861e-02 3.384996798896699154e-03 5.468225682328562570e-02 1.510157119127258918e-02 9.585654207989179054e-02 4.343276846262011937e-02 4.062147855651589146e-02 7.545658158624667100e-02
