2.985846921015452571e-01 9.460549426202753687e-02 4.464512281345047601e-02 9.521736741710110086e-02 1.962539351928307280e-02 1.242530204423602652e-01 9.033423973837151344e-02 1.094694015173982432e-01 2.438002374381613435e-02 1.556126324660843663e-01 4.955264106756086806e-02 7.869690428980832819e-02 8.693130660338632687e-02 7.602516525177013818e-02 1.204855251511682823e-01 1.321711423520782469e-01 1.197094575495595004e-01 1.294139478950147998e-02 3.476754290408469450e-02 6.209157423310876500e-02
2.701351247309490347e-02 7.449378292239053345e-02 2.418661133076476302e-02 8.769415555296294906e-02 3.263993893136751118e-02 8.580972371124129250e-02 3.755895589157275810e-02 2.163089132212047197e-02 4.624772646276459342e-02 6.261731832252458163e-02 4.336526884073761690e-02 9.550738009713977128e-02 2.523914843470952477e-02 7.617023207944816077e-02 7.371901867761999905e-02 1.752470576159053176e-02 6.772308837345289434e-02 9.415614853226747516e-02 2.780856550330137664e-02 6.377205495486612530e-02
9.942327340178566675e-02 4.153112189804167992e-02 2.258798185603907646e-02 8.220503160605280302e-02 1.638600464154681483e-02 8.806639465728111071e-02 3.710452306823271151e-02 4.287019129772287607e-02 1.393852588112083450e-02 1.083122427704736983e-02 5.165897773760610989e-02 7.920783699951011725e-02 6.354813097632359964e-02 2.171885383818137477e-02 1.231616316942864102e-02 3.108736589514386056e-02 4.145192762541960452e-02 5.241857764643048645e-02 3.479840173991508717e-02 2.606472756186051579e-03
1.540900142908541159e-02 2.460693518460092127e-02 3.337485345397320918e-02 3.500197117684469145e-02 1.350825571040760280e-02 3.840025197692716052e-02 8.053317714010349571e-02 9.944358767979850910e-02 8.961181914962772221e-02 5.574079365627185312e-02 7.952210217742253229e-02 3.487140532583656721e-02 4.351080550485898757e-02 8.410333110091933184e-02 4.889870973168272683e-02 3.332803935297447284e-02 3.939192020668871863e-02 5.155618590418975695e-03 8.565382844176405719e-03 4.501379701441987624e-02
1.469249606938501963e-02 2.299227768955294446e-02 8.153906528900790873e-02 6.208244388537936115e-02 6.288022044842064839e-02 4.176556135251596920e-03 6.760461154141934881e-02 5.095402460551224505e-03 8.056545764682948585e-02 9.062356828127049457e-02 7.823860168064279696e-02 5.168836692864114957e-02 1.757887356477876376e-02 5.912504988826572556e-03 3.909760797358204087e-02 6.173890860500375402e-03 4.654663893081912099e-03 6.380450822330174798e-02 5.528253915943390912e-02 2.739420242028516375e-02
7.376286673577039932e-02 9.842636728903610133e-02 3.416280227328841873e-02 4.664406903652201092e-02 5.938026325705403514e-03 4.212723791713377658e-02 8.968850966296533500e-02 7.599819379303117406e-02 9.142080992536766315e-02 6.401710494229710668e-02 5.366933876363971095e-02 5.760574899812314492e-02 8.262508619038312629e-02 7.305840701926850922e-02 7.525432434158292605e-02 5.741705006029560604e-02 5.199963875528162971e-02 3.068428702732201030e-02 6.401720024308747703e-02 9.540812634555823069e-02
1.114003172802129418e-02 7.712092688200047896e-02 1.386262870937323734e-02 6.421545041120280649e-03 4.970971280424726912e-02 2.642577090369999798e-02 9.397427648722631033e-02 7.405415689571315675e-04 8.611602580523390615e-02 5.875829624566077103e-02 9.930167168350056972e-02 2.885113598102634347e-02 9.478393556730180247e-02 5.394365873537484979e-02 3.102413237057494166e-02 6.355098297338376834e-02 4.849994473277362966e-02 8.186488243946899585e-03 8.010628564597642443e-02 1.443257294790389889e-02
6.673264343517127002e-03 1.565382474226944057e-02 5.795128181259127237e-02 8.754360178957620864e-02 5.531954303399969769e-02 9.976280410508826801e-02 3.090846123739761364e-02 6.184488619062405296e-02 2.797985240404374935e-02 8.209225330930670916e-02 7.684191329264798698e-02 1.557811309471217667e-02 9.863300981431009917e-02 5.015111722275012417e-03 1.995149164373111184e-02 4.634974311491821958e-02 2.300914908994414892e-02 1.821660224656831625e-02 3.389119496978914431e-02 6.830897962751449060e-02
7.982994751553375290e-02 5.768410071418697549e-02 5.484483861956358786e-02 4.588489075669863193e-02 4.236947489253475863e-02 8.063148918610252291e-02 1.740693217380914412e-02 6.461100245711857981e-02 1.062161042350453534e-02 2.974282014823667261e-02 5.304751486680558265e-02 3.542487990812345083e-02 2.236608933774129199e-02 2.822540011072681779e-02 2.505775314709137933e-02 3.435100988851746279e-02 8.272506850948374568e-02 3.988246212885787623e-02 7.239345100893794516e-02 3.347632774788854987e-02
7.962650284967581760e-02 8.402252622489145284e-02 6.061113923125840963e-02 3.037467071664613771e-02 2.298357018156893528e-03 6.884946352203040465e-02 4.028969943291013656e-02 2.947158989194711629e-02 1.386487351473076994e-02 6.712432381903821882e-03 9.045662587371085250e-02 1.401023555656162427e-02 8.501486368373556424e-03 8.535687057115225185e-02 1.019781920901420384e-02 7.083296011968093220e-02 3.995226333202531177e-02 4.820292103639294695e-02 5.019144312519219220e-02 1.045583620319450249e-02
7.498624941211388950e-02 6.316701789498742337e-02 1.034080238469247195e-02 8.847351394711357175e-02 8.405725718283094117e-02 8.887294233759500395e-02 3.201789777664727776e-02 7.109917197103086950e-02 8.160186304832418858e-02 2.409601220063731924e-02 7.013515533398327617e-02 5.940140672542150446e-02 5.854207400929080374e-02 8.795319092699839525e-02 7.179577313414269024e-02 9.724298039120447823e-02 1.044478502304698776e-02 4.167961072916668425e-02 1.403567350103355343e-02 4.202856289240522458e-02
5.450926915832276370e-02 8.108172262313155521e-02 2.864160805402751406e-02 1.988933853951271521e-02 6.521974323135358576e-02 4.683256441426895261e-02 9.771598075222152902e-02 1.807395671096240219e-02 5.291107925565624592e-02 7.601855226425163758e-02 2.462231806759530850e-02 2.475966173554848895e-02 2.432624612276043305e-02 2.216397337974569670e-02 4.803558783680581673e-02 9.110934243306909042e-02 1.083260638453605908e-02 2.571936856663320503e-02 4.113174469123294374e-02 6.456607545502968115e-02
1.085028615419095926e-02 5.359841569085463386e-02 9.113436513457973120e-02 9.275252946734936429e-03 9.701927788185071844e-03 7.935964251408300640e-02 2.122601337108103239e-02 8.842270275461057427e-02 6.777409185609380160e-02 2.042037546904908185e-02 1.858496445672168720e-02 5.814530385936243079e-02 6.483494799509073592e-02 9.673882297707808720e-02 7.503393037697064782e-02 2.896335532431648652e-02 3.832675891914695543e-02 6.826275601962617477e-03 3.542692423334346113e-02 8.485951296346183614e-02
5.019776241854272819e-02 1.919834650653003127e-02 3.891490506883948930e-02 6.985110554667550709e-02 1.323476130584682123e-02 2.144218159338018292e-02 2.082498424620568209e-02 5.607969007672378853e-02 2.254424296832979898e-04 5.457461528330614930e-02 8.183698288894161732e-02 7.413117355851173498e-03 4.683900279880943984e-02 5.696188378808733632e-02 5.456861441776940380e-02 8.554241925728567342e-02 7.003857177066627471e-02 6.008307181499244337e-02 1.704694240244116962e-02 9.896501594010902181e-02
9.976303173359368781e-02 8.878014973276916744e-02 9.634977544223387314e-02 7.213312443088062964e-02 4.520488512463893133e-02 5.624541311935793431e-03 4.308309979169353682e-02 5.429463902855236578e-03 2.761352523950938442e-02 1.956817534163982769e-02 8.547254427730957560e-02 7.023270879256700294e-02 1.067707101417115882e-02 2.315548742431699017e-02 5.020759487873328181e-03 2.824823523210617804e-02 6.869115754823152190e-03 8.957992314459017544e-03 2.628023379762822742e-02 4.315668158883503858e-02
6.557838578467260759e-02 6.241158930063298721e-02 4.071023729774961297e-02 7.509018168354186784e-02 6.540698260187371993e-02 5.346308624348034000e-02 2.404048631710618139e-02 7.465767344316515119e-02 3.571266618527001863e-02 9.742454171065183244e-02 6.988953416855282763e-02 8.487606482915770190e-02 7.775939816870901244e-02 6.580909221727002101e-02 8.498166555412102474e-02 5.300807469933058180e-02 5.354422670023343406e-02 8.290894980253994337e-03 2.165281012116609949e-02 8.529969458197950161e-02
2.492523836733414808e-02 4.370127213098806002e-02 2.435389965991372613e-02 2.589549585837942758e-02 9.888941795573952254e-02 3.164501511632535069e-02 4.063773311211230782e-02 3.726476533444145200e-02 7.202038456084786100e-02 2.395263762685332504e-02 2.008225705627496652e-02 3.191921767390309972e-02 3.525981131910218419e-02 6.012148058884835694e-02 8.606360848021621379e-02 8.522892364458467540e-03 4.600022903883428660e-02 8.896179945979271197e-02 3.123202505288666039e-02 4.423356308093391587e-02
1.174994757813855456e-02 6.832162085923258743e-02 9.035774943636802614e-02 3.835193709957366442e-02 3.128637356733232882e-03 3.263881097203863435e-02 5.130100059566505832e-02 6.380707230191040580e-02 8.770637637052870750e-02 1.441470972263292349e-02 4.581934031664615381e-02 9.775993989501531242e-03 4.243674446245059712e-02 6.468051365844362799e-02 2.613687125016020060e-02 7.282928005448439934e-02 1.842176386353077192e-02 4.559479839090321840e-02 3.811207648113904001e-02 4.630487522936041489e-02
2.358435064683006566e-02 3.770524805310818822e-02 4.408190497737101560e-02 3.231428664307467447e-02 3.517782267040160671e-02 2.560334300931398424e-02 5.320440091855734022e-02 3.180434827461840058e-02 3.081787529275552620e-02 2.766269462758839254e-02 2.766248871981422802e-02 1.613667488619134963e-02 1.968099766110069718e-02 5.675960015313272211e-02 2.649186160802643672e-02 6.673303371981454540e-03 5.508783628308033808e-03 2.634591653263125555e-02 3.598798444855826756e-02 3.558585585762496367e-02
7.243363904588307096e-03 4.813996211699456650e-03 4.373657048918905277e-02 3.595689598760998522e-05 3.419979646485362540e-02 5.264179057407741835e-02 3.640513789151141044e-02 9.650420535326731386e-02 9.421351144718831394e-02 1.411455962018343113e-02 1.501291452458736186e-02 9.045070092685865426e-02 3.397603365099969436e-02 6.399116936781061582e-02 7.454728774513105782e-02 1.842999644522208547e-02 1.734439666977550740e-02 4.384106799059111353e-02 7.097410511000858124e-02 3.036110361509877439e-02
