2.827368199084978606e-01 5.661573676253992687e-02 9.300308086208970704e-02 7.232984404418400792e-02 7.212480681946714656e-02 3.964557382455075052e-02 1.390149095578051830e-01 3.726176107804340248e-02 7.618439139196789278e-02 1.387760206307931676e-01 6.459219859937227748e-02 3.477663915174039611e-02 1.586390558756431424e-01 9.271166780999370860e-02 4.080612747750720498e-02 1.050108670957826673e-01 1.029690688388057856e-01 8.825958025551079722e-02 1.088279920420227587e-01 9.384653016738515874e-02
5.892929301771699518e-03 3.109627532387490220e-02 1.266968348995890607e-02 4.066857148933298444e-02 7.417789470590841622e-03 3.724272248139968294e-02 7.439788409975001127e-03 5.006276114974057834e-02 5.433913756443994880e-02 4.690237772174787878e-02 2.887613061769454120e-02 5.137107910677909950e-02 6.847050496022397126e-02 1.805096744521561547e-02 7.871325444597435106e-02 6.286054438616218119e-03 8.557801054625688297e-02 8.875135946361767739e-03 4.906463449824974288e-02 1.877895186504638034e-02
8.792902660146720284e-02 9.617283604573273470e-02 9.031974585676716405e-02 9.018858775437644040e-03 7.267971123007459233e-02 1.251413767420665041e-02 7.315260018781591378e-02 2.261575449925586068e-02 3.054090220901134467e-02 6.139431691759322796e-02 3.891231819527642133e-02 9.318685374197610560e-02 6.804403093298209970e-02 4.407724855840511324e-02 4.346969402811174180e-03 2.364036464857601980e-02 3.807288665256234467e-02 9.152539377717738844e-02 5.676078979674201858e-02 4.370194654255076666e-02
2.644431885003592150e-02 5.643956309449779662e-02 5.591137712096184986e-02 9.369958574278658414e-02 9.532120763216223036e-02 5.842569748692606757e-02 4.683473019073743082e-02 2.470020586009642749e-02 5.362928803357756152e-02 1.451526097807005582e-02 1.990939208088143841e-02 4.450430649082681711e-03 5.503762159871469772e-02 4.833635654075377902e-02 6.656180980275902548e-02 5.186355970093400880e-02 4.854487965262796467e-02 9.126790338240015066e-02 5.292836447340777684e-02 4.024139809132046969e-02
9.369331918337461818e-02 1.540026959497589089e-02 7.929277765109929432e-02 3.720518652765249235e-02 2.422997173728017734e-02 6.941240506897955465e-02 5.035235035193465214e-02 8.308044110241213920e-02 9.922079218518180255e-02 8.128767234954803467e-02 5.813443680198096541e-02 5.561513993204012657e-02 4.085906150558350769e-02 5.144440562797445576e-02 2.708096299689344635e-03 6.114253783288217670e-02 8.796930632967145391e-02 1.505729144632305186e-02 6.209916547253348240e-02 4.395799346831352067e-02
5.291926938107252565e-02 6.556098361347523218e-02 8.251937932746955529e-02 4.956113629487856470e-02 1.505549150958403019e-02 6.412848575246164751e-02 9.375319113126256987e-02 4.328783611540210413e-06 7.851428737898169530e-02 5.761124094927436851e-02 7.354162537182119819e-02 9.261776136333355058e-02 9.406789129354256596e-02 3.406523368877263647e-02 9.784106002414295206e-03 2.226283031378337857e-02 3.414769490046716538e-02 2.719714240132803384e-02 6.024703882100559960e-02 9.834830827115193311e-03
6.678025634897880036e-02 3.321603608290927406e-02 5.142648088534960277e-02 7.164622789387319057e-02 4.657445419317210455e-02 4.440241494057731164e-02 7.361344336747940864e-02 5.485051096048594588e-02 1.583501085137479711e-02 5.362767468364312839e-02 7.579881990422021598e-02 7.884346985217001447e-02 6.746823981411394222e-02 1.786811380171338115e-03 2.295319642325810688e-03 7.399870703139845018e-02 6.352253055837954465e-02 6.145195094658034013e-02 2.774187389386555472e-02 7.508508058362102500e-02
1.895802046064807428e-02 4.240130127009664185e-02 6.659330325109817650e-02 9.586370518374885685e-02 6.795076880111965145e-02 2.683745770014977008e-02 3.238995895960537080e-02 7.014972171515794497e-02 8.517627117407246262e-02 9.947541062272847318e-03 5.740774056014294469e-02 9.213393027391877932e-02 9.177756111941851036e-02 1.734634093431959220e-02 2.518757219376316359e-02 9.050649203368024698e-02 7.659725107300464908e-02 6.356685791555535814e-02 2.861832365763394836e-02 1.484637841737179720e-02
8.830972096548568573e-02 6.325950461736162822e-02 3.246125988406280138e-02 1.106809507006034643e-02 4.897688752083951408e-03 9.714605437100404250e-02 8.538687990651201709e-02 6.248068611132744782e-02 5.677403968843142135e-03 1.321892864694531634e-02 2.248971426676812588e-02 9.971892552119682174e-02 5.903168771050248953e-02 1.939594011937276902e-02 6.234415113150047066e-02 7.477421397190067709e-02 3.238062004362563147e-03 8.685026360800657264e-02 9.770856864049182189e-02 7.413298763130297953e-02
9.344307917608379865e-02 6.120830308323968461e-02 9.474152881846015228e-02 5.756643681114567701e-02 4.654523585206823966e-02 2.672062684197415092e-02 2.112385407265825535e-02 4.067368815778937829e-02 9.131926975893830956e-02 6.176330031730124098e-02 9.202678147737942960e-02 7.838250365490827265e-02 8.256982276933345910e-02 3.261222031409636429e-02 3.906758182138649060e-02 2.142773457895508129e-03 5.330767759073937878e-02 6.507239573923802312e-02 5.655947610740118953e-02 3.954343203352017611e-02
8.858358448684755526e-02 7.133969147217560092e-02 1.576300235790562086e-03 5.721430280047909434e-02 2.322001759743130833e-02 4.393091465073924173e-02 3.316349449965266816e-02 6.755536192217657943e-02 7.921398035976164043e-02 6.626294496255791255e-03 7.266121492921767677e-02 8.079259242172116828e-02 9.019666251204883078e-02 6.099682043089437594e-02 1.425738633241628930e-02 1.205731877324865003e-02 1.675198184667725521e-02 4.326734353819362833e-02 8.411028475706737451e-02 2.398944027525604789e-02
6.473509159846452254e-02 4.315833851790832482e-02 8.889014550296678308e-02 6.246866089665538413e-02 3.434846719350907046e-02 8.813260195568216326e-02 1.075730049958695256e-02 3.351945276627210646e-02 2.032746784455802258e-02 4.141835953805644149e-02 7.806403945964349167e-02 7.589194043314775873e-02 1.016100429869596505e-02 2.765177563681717882e-02 7.338527512930234642e-02 8.921120526637531245e-02 3.182682667956195782e-02 9.635901305360928051e-03 5.017713639757151456e-02 3.476143853633550940e-02
3.375892938540010768e-02 5.095732555994002960e-02 9.350252682667865856e-02 8.343107230493786164e-02 1.322695808529957863e-02 5.858351813403999547e-02 7.309456982596169994e-02 2.451688005784158353e-02 6.581329192527479721e-02 6.087748057528461626e-02 3.580423109005958365e-02 7.159451918283429861e-02 4.508125292890995811e-02 7.036178465792276848e-02 2.442634490384659740e-02 9.873535516124154476e-02 6.056832132991094020e-02 3.990762629716015225e-02 7.301399922901648243e-02 7.148284377798509032e-03
4.696194167416644499e-02 4.646433764733470112e-02 3.661269821104066319e-02 8.930937853220993761e-02 5.415416779955001259e-02 4.592750239626161579e-02 9.264206958833420824e-02 6.676182709757616518e-03 2.543760435177866777e-03 6.632444510218078737e-02 2.067037334981947083e-02 2.636816511193362800e-02 8.776231850864626982e-02 8.817167833566602608e-02 5.145480215178081101e-02 9.151027740315567649e-02 9.472750675844578139e-02 2.156998213230891873e-02 2.288274603078592831e-02 2.313879317482584602e-02
8.518715452997287219e-02 9.593669187407372068e-02 8.291818099291851929e-02 3.953971153612306083e-02 5.790555652849352364e-02 3.217302609085672532e-02 6.758580179915070485e-02 7.110878095167612323e-02 5.254181240375355166e-03 9.873107825376596647e-02 5.258292121788264023e-02 7.701321563565013961e-02 7.344610860157952358e-03 2.380226776805283335e-03 9.143538291676407692e-02 2.046193484809082433e-02 4.243221004335795757e-03 1.064636441186970345e-02 4.369051932782922615e-02 9.250705295610218981e-02
8.481532073940908911e-02 4.277565147721058836e-02 8.646808823417653778e-02 6.731877279861053776e-02 8.713025637069071738e-02 7.006979807427850260e-02 9.294982267639603779e-02 5.669548894194523930e-02 8.244341897101217786e-02 4.762467974879347650e-03 1.355380805368983088e-02 9.186967189236479314e-02 7.816977229420145334e-02 4.130990737497673010e-02 7.584393061382811718e-02 5.382599032255997416e-03 4.370461118230400954e-02 3.780336461751726551e-02 4.101182290904580724e-02 9.140988130424021474e-02
7.713740257144491297e-02 8.119231216947042640e-02 5.539492333308163041e-02 2.983727187508659201e-02 5.922874110891909738e-02 3.294771915064207551e-02 9.517176218547733491e-02 7.516968236358501359e-05 5.375412792805742829e-02 4.091723308328110674e-03 9.848127775287167374e-02 9.046984341584289602e-02 7.427720457278530648e-03 4.035231632006430758e-02 9.459252833505080171e-02 9.337590864518312272e-02 8.060630708944471756e-02 2.976418554957132104e-02 5.409181036562396572e-02 6.399142422674201913e-02
1.983052434332488716e-03 9.829968532098792844e-02 9.806029098033751390e-02 4.088699820438113086e-02 6.362857482730037428e-02 3.876822311725225748e-03 5.317549548574110330e-02 7.449582659836141707e-02 6.022776427911556013e-02 1.875597884103814839e-02 8.260942775470021815e-02 4.015485147273554350e-02 9.154956192399904547e-02 2.800120456400866445e-02 4.594407816597456673e-02 3.894750417089683225e-02 3.191099495655368851e-02 3.749517510287125877e-02 1.018970773216788632e-02 6.971464707800151261e-02
7.631634832365609411e-02 1.336032826881185069e-02 4.444817099260862936e-02 8.379031709809355022e-02 1.646081829543999441e-03 2.222331032867282119e-02 5.540017483082287225e-02 5.348723030152388591e-02 5.406197655615261471e-02 2.655685312497213513e-02 8.931245673293761178e-02 8.653233718893328305e-03 8.900889671127583391e-02 5.720811570247791300e-02 8.146434853376238738e-02 9.025681920078140741e-02 9.576693397838301203e-02 3.721282958328714363e-02 9.387483843307431464e-02 3.403306284404166576e-02
8.723617757214700841e-02 1.127092356260200878e-02 8.342057160094801249e-02 8.982546605540221371e-03 2.801446880301424955e-02 2.459076776118510749e-02 7.924129077876330973e-02 1.011106740433417341e-02 1.255349024964759301e-02 9.238831298791366775e-02 7.228537793546555013e-02 5.441603301984968000e-02 9.983290229173562291e-02 2.626588788534537505e-02 2.289680364380153321e-02 3.034172567624216204e-03 9.195127047752188476e-02 9.893981276205203457e-02 9.197524249678690200e-02 9.211672149115579869e-03
