2.313681221882908923e-01 1.020538772768346258e-01 8.671506779371299101e-02 1.498709684134881259e-01 1.234793881859694992e-01 1.384694848073563800e-01 1.069387482082158614e-01 1.259714790639308579e-01 9.987506828515900492e-02 1.297233764388607269e-01 9.642743092588894338e-02 7.556116058330945850e-02 5.979580863962440790e-02 7.095280253591086661e-02 5.149664572013144120e-02 1.348242009757660842e-01 9.910234623760030837e-02 3.294714661439679393e-02 1.845917522972312722e-02 6.836085192880937689e-02
6.740017116848173728e-02 3.186115715179349767e-04 3.755669803099988269e-02 8.841153612230468611e-03 6.607242579087796441e-02 8.002435716024325569e-04 3.656730448880196604e-02 5.821115815150193495e-02 6.630068119771456714e-02 1.809534259299702338e-02 1.379389381195678110e-02 6.331218368757896182e-03 9.674408101868574306e-02 6.060017430339830619e-02 4.689986553042538309e-02 7.680543709480816550e-02 1.434445751376207771e-02 8.635726168465510111e-02 4.432588078243088203e-02 6.374264504981651258e-02
5.710356689039426670e-02 1.513626434623491918e-02 3.937019084867076496e-02 8.781428038670180403e-02 2.133460750476553688e-02 9.708818944177206867e-02 1.933231240077715185e-03 2.191148679006098624e-02 5.544067749175279197e-02 2.318264043196710533e-02 3.020735105800166631e-02 5.952923992537659942e-02 7.877374196015411723e-02 6.104543630652834590e-02 8.184087243725629568e-02 3.696824955345490160e-02 5.765686970872833245e-02 8.263925883989295396e-02 9.880671831278849127e-02 5.987995333717895108e-02
2.727204010126937916e-03 1.218592466877895832e-02 3.358168862083562439e-02 5.929207380573984359e-02 7.519615019603530237e-02 4.306493340092004685e-02 6.232433363122147352e-02 1.874119659184585521e-02 1.555075503711357381e-02 5.204296241652082294e-02 4.505636026580939202e-02 8.959443660200445969e-02 5.057872957992337951e-03 6.825041692618979972e-02 7.137121481593106109e-02 8.207351460116019126e-02 1.217772377136321429e-02 4.479207357671943779e-02 8.102145159713003419e-02 7.949120824793555473e-02
8.953666745404377514e-02 3.555167002926525738e-02 5.303210853012127468e-02 6.779463624683102450e-03 4.092206009925425381e-02 4.646502880252240120e-02 9.237051369636720133e-02 2.185573008108390378e-02 8.963336146245209912e-02 2.289061755528503175e-02 8.441439182507166905e-02 3.767635373637615720e-02 6.649969176512469937e-02 5.961783723093320303e-02 4.809685410549791040e-02 7.148280709538588906e-02 6.783082545855449730e-02 6.012179612013514307e-02 4.805895876309242143e-02 6.606299512224769743e-02
3.888668278221878855e-02 1.462653703438942035e-02 2.653422227761422988e-02 7.804332358085319839e-03 9.380641932677311057e-02 6.742812208331404322e-02 5.935304628076270433e-02 6.703257443869883869e-02 8.967444672027147234e-02 2.512366944533538440e-02 8.906285330517828280e-02 8.363427179970898961e-02 2.231002462703379763e-02 1.722449177133309611e-02 5.800757282020228139e-02 8.522905896906274315e-02 4.926895200509924522e-02 1.242905893796322249e-02 4.682193149179383895e-02 6.011139230814476625e-02
8.588170048499982334e-02 6.383494231442798927e-04 3.140494862325531739e-02 6.759850635316255740e-02 6.377855531366909136e-02 4.846549928681311015e-02 3.755382074508365614e-02 5.775404558766893820e-02 5.064622498264245709e-02 6.030718122931860714e-02 2.412306668770721960e-02 4.893318613251427390e-02 7.157090258908611891e-02 7.008232175507014827e-02 2.232962079461854599e-02 1.353004556210144621e-02 9.702015678044151326e-02 6.839771408125910890e-02 8.194952829256436921e-02 7.862565792292680600e-02
9.297829905513427251e-02 7.328407106792222958e-02 9.226813353168530907e-02 3.660967028283316355e-02 7.646181472092162396e-03 1.404740588578441522e-02 9.234195432750509636e-02 1.455805781613317591e-03 1.968264320675068568e-02 5.921562823109260965e-02 2.020193202393154655e-02 7.104006136993079590e-02 2.141228943633891740e-02 2.443269324633401407e-02 8.475213045555050895e-02 7.297549098490349606e-02 3.028579845651338184e-02 5.019507856411303121e-02 3.882538180420989221e-02 4.467326098197513945e-02
7.327340041933949610e-02 8.142104053495666238e-02 4.980292433458049367e-02 3.861835285682466146e-02 4.400256440579426720e-02 7.207998980288214674e-02 2.418204287053609194e-02 8.206747973300898558e-02 9.370999430678443598e-02 8.990062080839680836e-02 7.729388896031916256e-02 7.706046734461202696e-02 8.481581586148652374e-02 4.836971277031405780e-02 1.144627410653950052e-02 7.693030554339735927e-02 5.809248088628417295e-02 8.466881486946362112e-02 1.703528342349342958e-02 2.369033733125754104e-02
7.598455161520764611e-02 1.595904408635578919e-02 7.807485302125140303e-02 3.122998843096853883e-02 8.559530502712672795e-02 1.349903030058172831e-02 6.396075277425991579e-02 6.385001526203018529e-02 9.307187136638646330e-02 2.302372708006526075e-02 1.725081756661528409e-02 7.779740809833232684e-02 4.308333329410007212e-02 3.889971326220045822e-02 7.505317107395856335e-02 2.669318542819772155e-02 6.184894488402883916e-02 9.317935576971346501e-02 9.362184414394116028e-02 3.950734611556300235e-02
6.750687461739671158e-02 3.189433670890793465e-02 1.080621003910625655e-02 7.257052527694281274e-02 8.385455601589913988e-02 1.536469894058923973e-02 5.638873282623801724e-04 7.917879188053784933e-02 9.561229182516462963e-03 7.059971671566782347e-02 7.279215773326748462e-02 9.741252571447836517e-02 7.842193963490627640e-02 8.493057570938081224e-02 4.024347961219140735e-02 9.060233166144583683e-02 9.524543103956319146e-03 6.295592211809479533e-02 8.142071145752091677e-02 1.309586796318189597e-02
9.072866897190111357e-02 5.615129514757401241e-02 5.184972040040099206e-02 8.035283159839441691e-02 3.650701287582303143e-03 9.757505790446141525e-02 6.962512099651529951e-02 8.854489468436310684e-03 2.458239904811594656e-02 7.769307456076751661e-02 2.052785140043901502e-02 4.614874478225861054e-02 9.791915306082155102e-02 9.510267816353014034e-03 2.460399224041450936e-02 1.373975443102236696e-02 3.781605618930605761e-02 6.705292077460826838e-02 7.171094328056111522e-02 1.540557409395970634e-02
8.688769069897950975e-03 5.249539699794551068e-02 4.461587129424390841e-02 9.190182670504359885e-02 1.545487727820911254e-02 9.061292445770285572e-03 6.145223349380638661e-02 3.243545783035774871e-02 9.569461234207389533e-02 6.427887452920930111e-02 8.702666731284992852e-02 6.768878445754963891e-02 3.412835837682253598e-02 7.898381353465576404e-02 2.600424882934859738e-02 2.130108447901438856e-02 8.767758239293416134e-02 2.792957702671550278e-03 7.730880781274898639e-02 1.099594030052639809e-02
5.218461061986755939e-02 7.868977787744532715e-02 4.049461354364754240e-02 5.987465882088941621e-02 8.812421166299465314e-02 7.561786254076080516e-02 3.336172348343651589e-02 4.402946731250289431e-02 3.575068954858140729e-03 2.329280714675604699e-02 5.940976875003334268e-03 4.995665334831847493e-02 6.032338309021585687e-02 2.833553786305920488e-03 2.109791756739362242e-02 4.845474050111180792e-02 7.562877643096393987e-02 6.893813572367830933e-02 6.896005439751731747e-02 8.939064118641004697e-02
6.882403009614808387e-02 8.229152175862514129e-02 9.184665516800216700e-02 2.177940544907606274e-02 9.538678572510393694e-02 5.238090727426390064e-02 3.742936229495580358e-02 2.734181732429644823e-02 1.478022716543968620e-02 2.051402076676200892e-03 6.289927798482052024e-02 3.506507225652368692e-02 2.076667215850536315e-04 2.121872439657899317e-02 4.222414483235059461e-03 7.236429919175900449e-02 3.148891171044504445e-02 3.688293347595178462e-02 9.772587087184828047e-02 4.376906404681777524e-02
1.573809768416818342e-02 5.701908351083215948e-02 5.408554129808704897e-02 5.737518711448741544e-03 9.310912769952064960e-02 5.340765675915102456e-02 6.287224976986624525e-02 2.617839860584666653e-02 8.129205533338686174e-02 8.705184073530947142e-02 6.518903286427989163e-02 9.755694265919079289e-02 4.266198602052406752e-02 1.087260720351547298e-02 6.887054184495366993e-03 1.150223872735794961e-02 8.417926616941185042e-04 1.687414626293081213e-02 7.314326014397526388e-02 5.726647138019935745e-02
3.618138905870457028e-02 5.134184256285996562e-02 5.229457855349653461e-02 3.208086060116819432e-02 6.482902304675461358e-02 5.644972773170885832e-02 8.525642586998127825e-02 9.540924990774182768e-02 2.983684852968444823e-02 1.282137727278074429e-02 2.863842050926203309e-02 4.890978152297442488e-04 7.165604224606834938e-02 8.792764219337102088e-03 1.334321064496812870e-02 8.047055794018084796e-02 3.562480372030418091e-02 6.958198892345702179e-03 2.291801091850557276e-02 1.975754722097703558e-02
4.578432055058187511e-02 1.556559172640572565e-02 9.247574993834517532e-02 3.055451036391527986e-02 8.496439248910148123e-02 6.027269075500174718e-03 6.987500814674930949e-02 7.077686038159729243e-02 4.336787360792504487e-02 3.501302190520064889e-02 9.991543615064624184e-02 9.772604116251459860e-02 3.178282637629511326e-02 2.199356549153752820e-03 3.719354727136248151e-02 2.020953652839263797e-03 7.918096185669232234e-02 2.368710412268125801e-02 3.750097194072267437e-02 2.000523302578538758e-03
9.743889451652787415e-02 8.201889324936365022e-02 9.216885293324145190e-02 9.803391775536370034e-02 1.748292705500795879e-02 6.010972667408235465e-02 1.805059179577228612e-02 5.125404585947124659e-04 5.969580556287618078e-02 6.834436015716165158e-02 6.334276618564979588e-02 6.631844999066202617e-02 4.984007181750206572e-02 2.960859882857741487e-02 5.861731695048286866e-02 6.874207938083028158e-02 1.403204740585675160e-02 4.840466176117422942e-02 5.629637514097284717e-02 9.105046429051963375e-02
1.624155682177536031e-02 1.855557704263751870e-02 8.272334115387107445e-02 6.971801967121714350e-02 4.827774065151480519e-03 3.332031093550293782e-02 4.357537023294162648e-02 1.473838876792356138e-02 5.287839020359062087e-02 3.400423716069385371e-02 3.067770920408093016e-02 4.427282366221445969e-02 3.452454631761243953e-02 3.564381954776041361e-02 7.451365367836482352e-03 7.496525835224387979e-02 2.145256717864571158e-02 3.802281845237018981e-02 5.920104308901444345e-02 3.548388466551834902e-02
