2.137864616448623412e-01 1.313245691508813651e-01 6.377980709725551700e-02 1.018260905305240493e-01 5.825165452655653442e-02 1.060685587170971250e-01 7.442688925268862998e-02 6.815451841539695021e-02 8.369701301338366983e-02 1.132851531095883102e-01 3.138558523088631758e-02 1.049362652518022604e-01 2.833695511585577337e-02 7.945579204393110606e-02 7.535660103301322632e-02 6.781708861954786893e-02 2.931708387538099064e-02 8.292707449963779287e-02 7.017529718015409756e-02 5.836386338562017662e-02
2.837203900020872707e-02 6.941298038632971734e-02 4.370726262242541175e-03 2.023062419713793705e-02 4.215855483690448408e-02 3.851449064693764079e-02 3.721555971950222391e-02 6.470118973037203292e-02 7.703880880722742408e-02 1.950441507825672119e-02 9.119265311238550220e-02 8.550194709057361286e-02 1.212242301373966935e-02 8.282251843754802334e-02 6.513543829304106747e-02 5.205310182576894894e-03 3.124112308133364380e-03 6.335339140104280509e-02 1.710107074875977240e-02 3.271101176669022337e-02
5.430598587264204302e-02 3.517374441117393502e-02 5.073881953982093546e-02 4.744063921080678148e-02 1.283425595968511537e-02 4.601179041234847861e-02 4.359310163780982621e-03 6.556659154286924307e-02 3.681007099532398325e-02 7.162508601953325449e-02 5.804738232395756543e-03 5.311831674508657453e-02 7.316201668666566515e-02 5.946988028146587418e-02 5.578063749727141252e-02 8.091550750206694120e-02 7.255031642198354891e-02 7.042964638718111903e-02 7.888221495803261025e-04 6.430374200141382446e-02
9.038805392629024882e-02 8.749779392184039994e-02 9.599694761776826624e-02 8.923176596706569597e-02 5.679831103848668322e-02 1.772601601353211015e-02 2.620668661934863128e-02 6.081638776448961003e-04 1.388235439677304450e-02 4.631421427065358920e-02 3.814399794243697461e-02 2.777952443916256384e-02 5.512722930804848931e-02 6.446326362117608955e-02 6.523345291169557920e-03 7.834673576468138834e-02 5.288448846268411357e-02 9.354506371265756959e-02 2.907198194170078701e-02 9.424405315276308814e-03
2.905939903985791523e-02 4.564902584512086497e-02 2.619785678678654417e-02 9.588516557617143832e-02 7.372645175060885125e-02 8.167113401627297542e-02 9.148295455499130813e-02 7.303704958897515309e-02 4.832362022724367295e-02 9.795395614123073025e-02 2.367985930740061987e-02 8.608617129351681108e-03 4.460500135537454058e-02 3.199116925528966513e-03 5.672326285301534932e-02 9.126907737984892022e-02 7.130848383685674252e-02 4.163053226212153762e-02 6.952550924772818441e-02 6.250455240128716117e-02
2.825566005587226703e-02 2.456162136102984020e-02 8.599810729152968305e-03 7.434492197200850971e-02 9.706162024076858685e-02 8.424337672987683434e-02 8.489177185799013856e-03 7.831209526560833564e-03 6.442926397980823505e-02 9.764740740297495059e-02 1.397150243297301531e-02 3.755565657976533966e-02 6.034502607449748757e-02 7.126912048658583243e-02 6.810929049037724170e-02 1.426165749086402181e-02 5.366937149019077730e-02 8.390586422349777251e-02 3.567568440558003401e-02 8.043419757822366234e-02
1.116992645032031245e-02 8.808047724361550701e-02 4.666963419129949164e-02 3.125474727097332910e-03 8.472387353538779475e-03 6.067033899456007046e-02 2.363608306562018507e-02 4.520078973910736375e-02 8.694971769196230271e-02 6.551177641148042685e-02 7.584763623960733350e-03 2.970157678869287526e-02 7.280869947014974308e-02 1.276341762283063168e-02 5.640741419210363455e-02 3.535330073383734922e-02 2.416089465168648476e-02 4.070899450183691759e-02 3.206130340911207688e-02 8.615989629757486723e-02
4.622563388698807535e-02 6.138418985020605012e-02 3.144919915149287787e-02 9.756203874247493246e-02 2.831196572826151503e-02 7.460131671513324514e-02 7.011301957008862773e-02 4.629263008424081005e-02 4.456300272447774602e-02 8.650072905099352727e-02 5.925480341600319195e-02 5.534500487572710514e-02 1.254433587483418967e-02 2.276169401860706095e-04 4.344657353861025584e-02 9.797068225723433443e-02 5.227757563999888002e-02 4.549029774727200715e-02 6.528481236330904713e-02 1.095235662647919828e-02
5.718159105107795126e-02 4.334506093754586509e-02 6.479255554361973424e-02 7.819348618466798184e-02 9.115244439989001607e-03 2.974956032312627008e-02 8.417620715326799841e-02 2.166339228671705641e-02 1.792792186822159822e-02 3.780106572680135696e-02 5.879962720024403677e-02 3.991944810890134948e-02 2.418584204436237395e-02 2.081793630210346940e-02 8.299067609204345553e-02 7.235715511806597999e-02 8.513567741520725041e-02 6.917456511934276520e-02 6.548608240135692093e-02 3.728010942154593582e-02
1.777590635416276266e-02 4.187281821320984476e-02 8.763076067542767411e-02 8.529736929581302474e-02 6.081897116825726868e-02 3.496699705768498145e-02 6.486953713363624585e-02 9.328223367436536129e-02 6.342804031268230169e-02 3.371192590177784359e-02 6.313630156837150842e-02 7.826832780921390287e-02 4.957635270791735382e-02 3.434855022667417795e-02 3.815193696652792454e-02 4.105220744303772484e-02 7.295370571890073819e-02 9.822777549795087826e-02 7.053356971701105205e-02 2.488559633448830452e-02
1.180067631611536605e-02 9.689133714591841029e-02 9.733070047817445059e-02 7.995282165070677349e-02 6.750304125666904687e-02 8.018934529485233220e-02 1.651727829624083377e-03 8.488087758268525462e-02 1.090943294573303371e-02 2.897593689436817055e-02 5.969499549086853402e-02 2.135316895678009141e-02 6.594843916434041386e-02 2.137678625701279478e-02 2.939082749894609409e-02 7.294970547665988181e-02 1.026987013559402945e-02 1.438605022190848730e-02 8.329394615521697187e-02 4.315126296803978301e-02
7.881083686635732832e-02 2.064088928725582497e-03 7.701972276847207644e-02 1.949432310526037077e-02 7.352965838088867945e-02 1.547465390251077239e-02 8.826923545328069567e-03 6.360037836022940094e-02 9.801691295757742478e-03 8.589021288995857262e-03 2.312619778744120710e-02 6.888961306848129457e-04 1.186999270412667645e-02 8.891816837470291335e-02 9.152803950588267456e-02 1.416724045506296929e-02 6.175750315298533105e-02 8.138800548966970694e-02 5.447505592328971691e-02 2.206375200102527259e-02
7.101974480251611876e-02 8.695672038628322886e-02 5.300137791738231130e-02 3.145097799319451770e-02 4.071733674884947529e-02 8.504739833914762293e-02 8.036493415236571625e-02 9.949055990326342858e-02 9.676816396226342598e-02 5.535038885768919781e-02 9.342302307118227622e-02 3.160475638570033746e-02 1.021686256476199775e-02 5.196350512729841845e-03 6.651416512084844246e-02 4.339648187955394421e-02 1.824088689273568528e-02 6.700463388805003029e-02 7.481898835746704501e-02 5.863338752280973509e-02
1.168931023824333441e-02 5.000677018210997193e-02 4.962771759194783278e-02 9.650425962021566550e-02 6.492327523684683632e-02 1.400742274046738040e-02 1.773905626461564841e-02 7.483613781511226637e-02 4.907852155472381371e-03 5.379760906909556578e-02 8.283291579773099933e-02 4.711438425265168650e-03 6.960053204588811937e-04 4.265480307597129678e-02 1.059776761655016955e-02 7.910609011635733046e-02 2.301962723731171279e-02 5.228752178362914421e-02 4.558638103929259222e-02 8.256325154290444779e-02
5.335826413237746563e-02 1.843345797591574783e-02 8.574511266435448295e-03 4.711414509332200601e-02 1.906357695666067997e-02 3.304923391349078726e-02 3.307623749436196248e-02 7.782281684472674987e-02 3.145674967355739649e-02 3.282103367847690606e-02 3.650502622094863731e-02 9.284567922955327957e-02 6.342309773152708663e-02 3.939275295444090441e-02 5.926277820748622471e-02 2.513932178873248477e-02 1.129329142099194661e-02 4.232492099608192726e-02 5.211162593617742200e-02 6.230443802307059770e-02
9.633985108959781940e-02 8.813130345507946828e-02 3.369545553258137399e-02 5.530018883314236078e-02 7.742205378019494100e-02 9.993151449452568336e-02 2.014856256186025110e-02 9.464804659844265611e-02 3.131692694859949944e-02 3.014986466348124061e-02 8.075260730669292508e-02 2.233132556404747796e-02 1.448564444513868003e-02 8.643187143214312029e-02 5.417024470014419196e-02 8.992046551944052335e-02 9.991038742934210681e-02 9.623294430852978587e-02 1.436650258950512675e-02 2.296837562795732771e-02
7.239975923326152918e-02 9.122109773004549726e-02 9.786271523186043653e-02 2.998847121507015878e-02 6.117406793239141966e-02 4.113769492473652589e-02 7.252792297674615085e-03 9.251353686476704308e-02 7.184691105569450398e-02 8.899929866572831721e-03 6.055711023475533056e-02 4.258907503424819163e-02 7.888368470772876007e-02 1.264106188437363887e-02 5.032217655085835517e-02 1.130533123538894971e-02 3.161418275114148690e-02 4.884761836338458174e-04 8.531205627428579963e-02 4.463043731521909585e-02
5.755592566495561224e-02 5.362359455735160596e-02 5.658720376749962894e-02 1.303446901047816686e-02 4.531281951364331262e-02 6.805384243596543370e-02 4.494718216985205128e-02 8.423721696101904577e-02 1.627132049311165105e-02 3.592308584914838399e-02 6.839172030495839494e-02 7.350038842508674342e-02 4.486503841119748176e-02 7.565280757170125825e-02 9.055640668123404735e-02 1.151577093476576809e-02 2.708357168996225126e-02 8.346632100809675547e-02 6.647224988741917695e-02 5.859255315412854881e-02
7.619493752895389882e-03 7.021363753716640399e-02 8.416074979361140573e-02 4.251308628934968858e-03 7.524406356803273188e-02 2.408107624034908772e-02 9.882045054498411751e-04 5.225071953152024551e-02 2.361798965328964009e-02 6.983801187061479399e-02 4.330314593026518555e-03 9.432208295902441697e-02 3.933985318296367301e-02 4.879020004366307200e-02 3.647730494287271252e-02 5.995178009598296776e-02 5.916743482431770229e-02 1.245816611171332057e-02 1.659849879748209744e-02 4.112320306305122103e-02
6.297953514226038718e-02 7.026121497525462207e-04 6.064477558425810516e-02 3.796384460813562178e-02 4.318196896965348364e-02 7.652102507335134529e-02 5.393595848195596038e-02 8.864398559398987965e-02 7.842228170030846046e-02 4.321683735532300639e-03 9.511049021965778394e-02 7.107762173685963636e-02 8.098353197978919171e-02 4.256205832851919779e-02 9.214981356347033692e-02 5.686258931802437577e-02 1.007112644681976837e-02 2.399846469379055686e-02 2.628967310547188074e-02 7.841275007454723278e-02
