3.148154409763741501e-01 1.147777463028223921e-01 1.163745829581470659e-01 1.187861384456690428e-01 9.812326859453088246e-02 1.184214626521816194e-01 8.093426444627821459e-02 7.206541172984254340e-02 1.165517329681779735e-02 9.495269732651648309e-02 9.727332068286895228e-02 1.575971486805831656e-01 1.526425992692971301e-01 1.165170319041085867e-01 1.883653479882180237e-02 1.081599028182738398e-01 1.151507059805504246e-01 7.734532258262896698e-02 2.052574169881040550e-02 6.898350987744419904e-02
6.378149248893506124e-03 8.947264559999082434e-02 6.416397417153449356e-02 3.073024905203736168e-02 4.020157245460540679e-02 5.632986726994646670e-02 6.450344199892833752e-02 1.732490504397382614e-02 2.136519962636789297e-02 5.746276573573561725e-03 8.924542359646991593e-03 5.519068496011825253e-02 6.025873928092173593e-03 9.670331692201317858e-03 6.575190219612669917e-02 3.553219541311539859e-02 8.977153233885090677e-02 4.511201570308895348e-02 4.326109201528427484e-03 2.739891992291382250e-02
5.221098360000832328e-02 2.780943341331165719e-02 6.275881050029173680e-02 7.416985582832814200e-03 6.164065697947018058e-02 8.043153316339726744e-02 8.213641206173821763e-02 2.570885541403180805e-02 6.949523583020232598e-02 7.597150903809418709e-02 5.470705866350394214e-02 8.315649607286268452e-02 7.054380856907016550e-02 3.022763576355584972e-02 7.716828805312714312e-03 7.648550773515533363e-02 8.206660802949850226e-04 7.808158437624029835e-02 2.762517356389570036e-02 5.822442927577290567e-02
8.853341074451416201e-03 6.913479530908940573e-02 9.514659298874644788e-02 1.970902754023503775e-02 9.312735367850955015e-02 6.336828216646815670e-02 8.375473511735478938e-02 9.708958809802763212e-02 4.458094758778779337e-02 9.124721225606122199e-02 1.596217461915604499e-02 1.245668870302381152e-02 1.624170127106842193e-02 9.660870168261091739e-02 3.042463780509026272e-02 5.875432070006203489e-02 1.646007773185692580e-02 1.324296933522468682e-02 3.784615304169983152e-02 6.268709166556435397e-02
4.554639573727603703e-03 8.768307299422600787e-02 7.111558134436740675e-02 9.892305702158760150e-02 7.685742001425177605e-02 4.563059422533012610e-02 6.210820076622010355e-02 7.295356448049928125e-03 5.998601429211741082e-02 4.635233168272806514e-02 1.913341377508930366e-02 9.322542584509420360e-02 1.104814343873501518e-02 1.302721557103847516e-02 7.174236167293722433e-02 8.827095050227573916e-03 9.853141589160341329e-02 6.029054523767443663e-02 5.017004861006294641e-02 2.489074764796397540e-02
5.623664644356152209e-03 2.239250295950589997e-02 6.970387109309315876e-02 5.432153147528648307e-02 6.341603314881887055e-02 7.428686711359809569e-02 2.538196754306887293e-02 2.962861160227618987e-02 1.764586858161716273e-02 7.539720219622590702e-02 8.005816241494799479e-02 9.167188643569804118e-02 8.535110047730064264e-02 1.740110283438911498e-02 8.644266932056135500e-02 3.084847098483607664e-02 4.450419463472130716e-02 4.267394750199693908e-03 8.390687035535249194e-02 5.446552344939745161e-02
9.822426080503590673e-02 2.199883485796104779e-02 5.805601588084668974e-02 3.012186521244173548e-02 1.659154187926746918e-02 9.291003311801743214e-02 3.116619579222662528e-02 6.446617453286868082e-02 9.941702601190355315e-02 2.968546267789628004e-02 4.100298601136242831e-03 4.675258481947217742e-02 8.163521652722965927e-02 9.811749913305979273e-03 5.675412887519983018e-02 8.104877972516115470e-02 5.478430717811577644e-02 3.789532700173477153e-02 3.961873044180450748e-02 2.080165200813221052e-02
5.365720447472173416e-02 7.303207539811500115e-02 6.924786219229443762e-02 5.269327865060330351e-02 7.923863275908782366e-02 3.818709785221192921e-02 3.093977828729098725e-02 3.990058684414427015e-02 6.159645194929933704e-02 9.259823133738032119e-02 1.555779804001931194e-02 3.246975800516456456e-02 6.332065076379370105e-02 7.074341806782345754e-02 5.696147377871607631e-03 5.612600747645483251e-02 1.224887426314036397e-03 2.425982621730865540e-02 2.175802510340620055e-02 1.744653652232509497e-02
9.149009827410181650e-02 5.754862528003351629e-02 3.773751841159178610e-02 8.316052475424624835e-02 4.354062662505354953e-02 1.936181749950219994e-02 4.560910107467191360e-02 8.055865723954307167e-02 2.657899881970349210e-03 6.886346389639570742e-02 4.373563481897831118e-02 6.729753393352944091e-02 2.615265943672661145e-02 3.512704265242191232e-02 1.477132918547273757e-02 3.200624467490739006e-02 3.572716727556247973e-02 9.869888825046681247e-02 8.744799697402803884e-02 2.217145725771622194e-02
4.348151497641435104e-02 8.961012713242717809e-02 7.765025822382420895e-02 5.660265351611164925e-02 9.995273079072164446e-02 7.006661226248898922e-02 1.277749999529486161e-02 5.644881354595681494e-02 2.744114438213971635e-02 4.642831717347395935e-03 6.990220019895675152e-02 8.576222460598702246e-02 2.478155348177950648e-02 8.242186326264559770e-02 7.437484891615027405e-02 9.578544256231714960e-02 3.547201276694716271e-02 4.659821971883255920e-02 9.024611218624090103e-02 5.405675211080341117e-03
3.924900716910939731e-03 4.687998835063399844e-02 3.050892853417586092e-03 7.564046980983342439e-02 5.295799195275098514e-02 7.186534228770681543e-02 5.521326306109958226e-02 1.841834473546502191e-02 9.029866656934627811e-02 8.322629918444192365e-02 5.038086281360185797e-02 6.966447618264867692e-02 4.912633954199642494e-02 2.975294738544699558e-02 5.848153925311026097e-02 5.945227557760422027e-02 6.863681348594766196e-02 8.756935840582116826e-02 5.899773797347910437e-02 3.779110547118596369e-02
3.741552867312038927e-02 4.766700522152354097e-02 5.028821360004975816e-02 6.045120910984547180e-02 2.738667078568927243e-02 4.204115006792021048e-02 9.822458144979938355e-02 8.100459721499014831e-02 1.826136778526655721e-02 9.784971867672788426e-02 5.372526725448889540e-02 4.857223643121830192e-02 5.325906717388362299e-02 5.031963686766829924e-02 1.263591465364818402e-02 3.293065252712085167e-02 3.277384826323003625e-02 8.454258858941626764e-02 2.742344898075646173e-02 1.585788382764803314e-02
5.721378332908906572e-02 5.391662709511187146e-02 6.189059069485522424e-02 9.551373879505013764e-02 7.874964601825906740e-02 4.846057738200249161e-03 7.889336178973455072e-02 5.652427492635530432e-02 5.160479795461097446e-02 5.288649428456422552e-02 8.863642614939980235e-02 3.131898110931208377e-03 6.234461371476535119e-02 1.509043674500454464e-03 4.758967544337518174e-02 3.520124809569803725e-02 8.750282356261994410e-02 5.647224469600579250e-02 5.425698312005333701e-02 8.780917715904935222e-03
3.148641612409697199e-02 7.258394170573131965e-02 4.185828007584063704e-02 6.758655036022614970e-02 3.396587891738713644e-02 7.839731489287529720e-02 2.640288851979444643e-03 7.320912041595699360e-02 5.869175103784982778e-02 1.005016831857563631e-02 7.265299515140438702e-02 7.479540731138895060e-02 7.547352751381238012e-02 1.318207626024836543e-02 5.279151500443510225e-02 3.039949855868131698e-02 2.567942173267038358e-02 8.280716836867811625e-02 4.095425395797789442e-02 9.645003722690712045e-02
7.032469154329749894e-02 6.893914361717635997e-02 6.073436685983273770e-02 9.428546065300591472e-02 5.291676184542577766e-02 1.213107614335950935e-02 7.323576677423791759e-02 6.285327455590506568e-03 1.931654328194409896e-03 4.006428030778878130e-02 5.910410141332538697e-02 2.445552795987334868e-02 3.471457776450910526e-02 2.273333721513812883e-02 8.387891285341000924e-02 9.143843232464923809e-02 4.518960557370524378e-02 2.933006787362291146e-02 1.454308480528524600e-02 9.657993814570302316e-02
4.440411244943531788e-02 4.092559515053027092e-02 8.852688930387277166e-02 5.837399584748771686e-02 2.270182025016370675e-02 4.161387518936047331e-02 1.952556334912460001e-02 9.188503689012328390e-02 7.558249186800618247e-02 3.687844130993055830e-02 6.343490377512829570e-02 5.121337234710354042e-02 9.661923717441768533e-03 9.945744627244779146e-02 5.132029697950216129e-02 2.711622375681033495e-03 3.684473659141643959e-02 4.262444945826047299e-02 9.208557635333368407e-02 7.570835985700782866e-02
5.927830070126821616e-02 8.164938015491671197e-02 7.574119695546253916e-02 7.192322835612965926e-02 3.161226419417784150e-02 8.725438357531456468e-02 3.384320746563803523e-02 1.413752393987336570e-02 1.348867360503914863e-02 3.638574778856936559e-02 8.898163231154199160e-02 9.044828216286427552e-03 1.831313708982620567e-02 7.957590864586398804e-02 1.324356159292290440e-02 2.883002852944252167e-02 1.555383413198807661e-03 4.332139878341232514e-02 3.038120931872374808e-02 6.934281233419131718e-02
6.144724097785977945e-02 2.608575589807266004e-02 1.470906822419880758e-02 2.152482170421414834e-02 1.767080607340396764e-02 7.404741914000916025e-02 9.593565189586648889e-02 8.583392122289677795e-02 7.154101573668353309e-02 3.885020701045404506e-02 3.659544365355128781e-02 3.831917396542771498e-02 9.279250751287394794e-02 4.310852538924325739e-03 8.921671425500837804e-02 4.394592870803837314e-02 6.294515885926599275e-02 2.381875280095050590e-02 3.562328438458226693e-02 7.335548671978808777e-02
2.310197970763359226e-02 1.348884218362878109e-05 6.355217068474285080e-02 8.308813326389286047e-02 3.668680208764264761e-02 3.138606355729433445e-02 1.525930220700539956e-02 5.346915415322594373e-02 2.865252467350056995e-02 9.943407527740835694e-02 3.040668037986030831e-02 6.107938959996297990e-02 2.330301263352988622e-02 9.316974004529102182e-02 6.394560895240286938e-03 8.647114505226649595e-02 8.584636121322947178e-02 2.384609974023194079e-02 9.235662964394691921e-02 5.181110893777940603e-03
1.667727539052199720e-04 4.160587513346580835e-04 4.527567584645172949e-02 7.214633616372717606e-02 2.142338747454656384e-02 5.094092285394494213e-02 9.461214402157772096e-02 6.825563698503449295e-02 5.661119637197018634e-02 8.306997562190431006e-02 5.270094236932651444e-02 2.827557061083474724e-03 5.333949868083776025e-03 3.821576082880712155e-02 6.313650980409356295e-02 9.447986895645135719e-02 1.882431044110469825e-02 5.030133645572359979e-02 2.804552431801025231e-02 6.625246272085727473e-02
