3.022792178673709418e-01 8.612868271494916739e-02 8.294811556700465438e-02 1.022366741501388177e-01 6.501701563444378662e-02 1.362801246484189599e-01 7.372960982198684121e-02 4.633345970373199674e-02 1.063276892130483320e-01 6.333501966465047983e-02 1.324036490203473471e-01 6.140348140071999472e-02 6.006281432342137905e-02 5.573896646150465484e-02 1.215288204066340971e-01 9.251053472189130211e-02 9.543947368119604091e-02 1.053258135826544845e-01 9.591002108271379223e-02 9.202617790135107778e-02
3.058418258308487694e-02 7.419403845288567723e-02 6.171356914565851240e-03 2.125537756591434554e-02 5.418763875610299596e-02 7.372055014919710880e-02 8.252813500236845512e-02 8.334133270764618184e-02 9.278418351687672816e-02 7.822224892990198297e-02 7.610603543616012434e-02 3.699066724437246462e-02 2.541675757696443272e-02 8.573183832269079541e-02 8.673119186156731664e-02 5.770009095459892323e-02 9.921522366003913962e-02 6.827744392972004417e-02 8.526036631008254707e-02 7.819472231224371128e-02
9.840565713266026873e-03 9.198198260274804972e-02 9.969320372187816248e-02 8.805194091390594613e-02 8.893561018149720790e-03 6.238592777508578796e-02 5.872563829026209575e-02 8.341478479236699717e-02 6.391197694513597871e-02 1.780400718094055437e-02 5.411262406318781415e-02 5.174114427885026513e-02 7.719200506200493694e-02 1.576149121877044521e-02 2.363612404314726148e-02 2.285637415962354490e-03 4.160318234063371118e-02 3.133927792874000723e-02 7.741707606123239549e-02 9.121687954687132671e-02
3.226383022049838373e-02 5.725938741285348937e-02 5.334690729309225776e-02 8.589167356704568990e-02 8.818440102074004416e-02 1.220007989495935224e-02 2.442820564453352522e-02 7.267353551873323436e-02 4.063952539128977415e-02 8.276287831714101983e-02 3.386168296085835527e-02 2.504424380362551758e-02 1.601964297141992774e-02 6.344255839064355529e-02 3.910437060859769248e-02 8.034001758732645104e-02 8.035883420191601567e-02 3.225241310844542686e-02 2.329549835834443527e-02 1.812112443699371092e-02
5.570375298706536221e-02 3.649014964024251823e-02 5.849740959798494649e-02 2.173472163985067356e-03 2.829500981003678015e-02 3.451350815557049923e-02 6.422273718614907034e-02 7.519728699488210932e-02 3.071975034284725112e-02 8.734272770118671481e-02 7.594702632751037380e-03 8.275631587610467188e-02 2.349098224396269433e-02 5.043536174523358812e-02 6.017177026719865152e-02 7.850738594719139374e-02 5.079301715305080834e-04 8.631053785147012325e-02 6.021879920570857858e-02 2.747539275652566976e-02
6.095720192795531928e-02 3.703905300074424034e-02 1.047987824460279611e-02 1.907173476035237342e-03 2.009193261095337107e-02 3.220351826210220841e-02 1.005289373643048767e-01 9.469967203605871020e-02 7.798972185758328013e-02 3.215323181348459652e-02 4.922260414363435754e-02 4.770503091973653936e-02 9.605575309929181849e-02 5.093595407294469052e-02 5.843245381545954242e-02 4.985531065743953327e-02 5.725990002505119275e-02 8.727807703739684508e-02 5.502914772255704245e-02 2.598709011060334681e-02
9.997869072111946476e-02 2.404674682328934374e-02 2.717032969624534958e-02 5.180157094688449260e-03 9.161173645839315594e-02 7.695797682596801359e-02 8.920850421590521828e-02 2.821860872168073867e-02 9.781448026475703453e-03 9.063824879544080115e-02 5.625841210464700703e-02 9.439882010482755770e-02 5.951831521153342491e-02 5.756264018899018287e-02 7.644166023390142062e-02 4.403177380421007675e-02 8.791283353616710650e-02 8.844607208758006531e-03 1.747590373277223968e-02 2.127137169083536186e-02
4.143985836647465920e-02 7.911229963950947019e-02 2.632946706002093490e-02 1.849036170338029571e-03 5.071782781149398317e-02 5.085932863939517795e-02 2.066838407239194458e-02 3.595579068854251950e-03 3.511227607028027942e-02 1.012293887560028298e-02 6.876504400805108497e-02 4.183492944089210047e-02 5.626439608191628056e-02 5.317762483898377107e-02 9.711686019174919915e-02 6.315021669572212781e-02 8.819198484199623767e-02 2.854469919066186540e-03 4.749379678173436953e-02 7.587436824619400721e-02
9.435733543734170503e-02 7.973568137886857810e-02 1.165435080841330240e-02 5.245090053802884539e-02 8.314018743197078287e-02 6.756179757074817945e-03 1.359146616719582833e-02 8.658874335064024874e-02 2.576807244783274956e-02 4.457756639145562388e-02 9.826446958635125239e-02 2.985735294213073127e-02 3.738880096929561581e-03 7.174792262678721111e-02 7.737830771411625952e-02 7.982758597244930809e-02 7.389451188457809259e-03 2.694311177466592391e-02 2.830949841935956855e-03 7.104058200619080277e-02
2.346529411118386879e-02 9.437244458723270668e-02 5.757082512669865065e-02 7.315862457848863742e-02 5.244456652316777101e-02 4.188596589525789282e-02 9.810921166788526271e-02 9.336200758671731048e-02 1.011852969289733228e-01 4.603738134533735121e-02 4.817397285954682501e-02 1.769822481591305091e-02 5.646734112737912537e-02 3.566548241185123636e-03 2.815448627547790725e-02 8.451941155381069437e-02 6.761865874086202266e-02 5.095791090329168660e-02 6.380048600892551658e-02 3.666150058741353412e-02
4.228937081167982032e-02 9.523357558237585674e-02 9.953932689927738608e-02 1.549306401538491293e-02 3.666040343317418515e-02 7.645843830029978860e-02 1.941500359492165026e-02 6.320100470250622493e-02 2.026204200097326408e-02 4.783674784755310300e-02 4.572560573317749344e-02 1.185493019524926778e-02 8.459698358731124190e-02 7.336231351320084138e-02 5.757130432532617248e-02 4.010363457326204112e-02 1.057156182031436520e-02 6.324049477583829071e-02 6.208565692661251884e-02 4.903663237883707643e-02
4.701711250416441140e-02 7.288736191749650706e-02 8.119905642338914875e-02 4.915513813935076803e-02 1.857168048225989188e-02 2.705821360346606641e-02 2.969388841982875671e-02 4.874309060376313257e-02 4.563575081496799163e-02 1.817156698593361611e-02 3.329815013472257890e-02 3.756979690132668942e-02 5.466434227967625209e-02 1.754389792509052429e-02 7.699178826810093579e-02 9.783213922429116749e-02 9.596002545777405912e-02 1.742271631847781832e-02 8.675190733012384456e-03 3.515949424928573736e-02
1.070530914600290907e-02 8.924024725095451582e-03 2.285711576581177500e-03 8.167840250970599680e-02 3.064876361343754976e-02 8.683242722348917531e-02 6.555510403839601152e-02 8.090701847119690857e-03 6.477100219702676409e-02 5.797325958339944602e-03 7.717477259289458325e-02 9.546273400410107413e-02 9.018649755652163869e-02 1.520447199175374575e-02 3.178939700198132878e-02 4.531581439741777517e-03 5.064047101688873981e-02 2.037392992528838653e-02 1.478435722952168435e-02 9.730797464452393963e-02
4.127363672437878855e-02 3.291885757076077473e-02 4.852855150901421236e-03 2.941274835586715070e-02 8.818246728104307819e-02 9.957136648041143862e-04 3.493212943383568886e-02 6.875037100542830126e-02 5.386079698463150378e-02 2.606878262535430174e-02 9.602080910375754286e-02 9.158623066082893782e-02 2.743189621481493048e-02 2.906229447607831806e-02 1.732558346990508910e-02 5.255599546109467057e-02 8.578464461176746325e-02 1.711910278970125293e-02 9.707928341067072198e-02 8.853804789657869490e-02
8.157918858039389653e-02 8.227257971012359727e-02 5.820471341703944458e-03 9.688510834927455129e-02 7.971431045548942398e-03 8.457941373989638634e-02 5.895237882085233722e-02 5.810527864572086892e-02 1.007908088142981523e-02 1.555747384321705569e-02 3.292802140457697091e-02 5.415285588676661821e-02 3.771117157419311833e-02 3.413228071956046772e-02 4.979971392225920890e-02 6.298763221401185164e-02 6.450835757304625162e-02 4.695443616092510875e-02 7.808630969540375499e-02 4.488229326517409468e-02
5.597134614949952902e-02 8.747053897415117685e-02 3.318529861153635824e-02 4.489082098391313641e-02 7.568879103066059044e-02 3.895926285749175960e-02 3.102206113075192673e-02 1.674480875551845327e-02 2.484343718402226911e-02 3.526123451707742495e-02 1.792166561252816342e-02 1.553104790995771776e-02 7.908187841044664323e-02 9.982396039186315628e-02 9.896997973741047949e-02 9.004728248780258237e-02 9.302150855236454574e-02 5.293641863166998612e-02 9.613366129929337700e-02 8.199682173542664765e-02
9.756337418340479961e-02 2.397277894384914135e-02 7.519649538537426237e-02 7.530490833765855763e-02 5.946146108218872128e-02 2.256610084622806198e-02 5.287324282968750011e-02 6.284341408392128681e-02 6.899528143639160893e-02 8.712481185740068856e-02 6.494693131616866011e-02 4.752772761371956700e-02 3.355849889813391357e-02 5.566731480930466741e-02 3.777471063037435295e-02 1.452746544845531784e-02 4.145841857842722661e-02 3.267132323211986711e-02 8.703549126196605257e-02 1.009263112918314248e-01
3.995118942538228302e-02 5.458177622449261746e-02 3.012569794634731637e-02 5.683997664082945933e-02 9.575623740270503004e-02 8.757377158687724983e-02 4.696357712423253339e-02 5.474983346846717253e-02 4.727414996927854079e-02 6.597983444792525354e-02 2.638323199900313720e-02 8.223884851774490579e-02 3.461479399756684644e-02 8.864820702686029841e-02 5.288154223116246777e-02 2.610417537343968659e-03 1.008132454305886855e-01 8.171301345022521923e-02 5.830135765261953290e-02 9.857405206625707850e-02
4.480774918716016325e-02 8.448547421049736050e-02 8.853738408872988130e-02 4.510188910917140026e-02 8.801092113834964314e-02 6.585967282929433564e-02 6.026873025633263520e-02 6.930037392265132878e-02 5.758726937158674397e-02 4.002887216447283125e-02 4.992930448664790327e-02 3.112687841760880449e-03 1.750294259582641995e-02 5.199187881516190851e-02 3.643760803897944534e-03 7.725185097929126998e-02 6.241934721012926124e-02 4.341449269588605608e-02 4.065505009154653238e-02 8.490587803441991543e-02
1.011235276572016312e-01 1.355810799504463676e-02 6.822094976130850530e-02 9.809300241541552348e-03 6.372375741557508022e-02 6.683032932147196445e-03 7.169954996028332639e-02 3.503978771365377776e-02 3.551954284748939927e-02 6.898055502448457998e-02 4.639494777071142759e-03 4.688458655789937146e-02 6.655528713312769927e-03 3.582264925338023154e-02 1.643070741791881340e-02 3.326810680044079566e-02 2.805931859807303530e-02 6.705357223252793319e-02 8.175916571329129579e-02 6.328017147145420518e-02
