2.530008906844810612e-01 1.608381912235775091e-01 1.057507692424342338e-01 5.200374326476188414e-02 1.445107705540274456e-01 9.360057152496382982e-02 1.019005679216332394e-01 1.284529991244094116e-01 1.096716614206813267e-01 1.395068824963618670e-01 7.585999963073965235e-02 9.729847518827654251e-02 1.273314659466688592e-01 6.149655515997402844e-02 4.239081234853302182e-02 7.548216082078469669e-02 7.674618393518610471e-02 1.349215405971875281e-01 7.019610944690084231e-02 4.950747201178790080e-02
7.421075442227337282e-02 9.615411369998273783e-02 1.019030629285493650e-01 7.952265613176714987e-02 9.476130807228937136e-02 6.975501321654208053e-02 1.064785131860487497e-02 6.831574799785516960e-02 7.075758316794952818e-02 1.036827310978072764e-01 1.018534245563437399e-02 1.122182937935818289e-02 4.994517323667233000e-02 4.604818483261245710e-02 9.272539988364231212e-02 6.340991392200431842e-02 5.755590438083980909e-02 9.517598612623352772e-02 3.036674584255174766e-02 4.192882392432928373e-02
3.348444029806267597e-02 7.205502391537196849e-02 3.804498128855458849e-02 5.554360267666824842e-03 4.359795749121741712e-03 1.008753113097975995e-01 8.881235650224092448e-02 5.467323449303150562e-02 9.433666832159055826e-02 9.200884555235713802e-02 6.238253842442955527e-02 9.439653847321601010e-02 7.629409794788240273e-02 6.678235108326163738e-02 8.678382197486105010e-02 9.415021557582978207e-02 7.715631250128743290e-02 8.454396263408783807e-02 9.425256383874813793e-02 9.316941125505236176e-02
8.082140562814682516e-02 1.033104928755731837e-02 1.045392588614046381e-01 2.481084465381597909e-02 1.281179365492985018e-04 2.119498727888666570e-02 3.519725965698659864e-02 2.870940466976276348e-02 5.911501486176725523e-02 1.765977804548674729e-02 3.695730730115861368e-02 3.813399376057163837e-02 1.705910134304803455e-02 8.942301501881909365e-02 9.419806526609850530e-03 4.109643809355423283e-02 7.179287185046595576e-02 1.807050127217606217e-02 1.823859921359387640e-02 6.741244355503049623e-02
1.054354400005856618e-01 6.572448414834237973e-02 6.699966537753564155e-02 8.605501963292026824e-02 9.253279043106163448e-02 8.705988345292459130e-03 3.377564808539965102e-02 8.876973773433105563e-03 6.516140163741837577e-02 3.548729327478612749e-02 3.130709039582378790e-03 6.265169804706907999e-03 8.578608234817906852e-02 6.132093531740540060e-02 1.020106035105572961e-01 9.521363664233800650e-02 8.436434250550922664e-02 7.221211304637215056e-02 4.880141887746976270e-02 5.441651126854298373e-03
5.572036459250574031e-02 9.051481049627563280e-02 1.555848018063728071e-02 7.780614103083412225e-02 5.558920091064849245e-02 5.909563551289836320e-02 5.264665384902149359e-02 6.675716177597727482e-04 2.015069666579587943e-02 1.952744810027684519e-02 7.834587151195483712e-02 6.313751368754365323e-02 3.245491689293980575e-02 5.122670408648314494e-02 9.522268925666366179e-02 6.070853766196050716e-02 6.520184446517175714e-02 1.062695248822155963e-01 1.060899675369361000e-01 8.911531262440247625e-02
1.055218467511166991e-01 5.092046387355679549e-02 6.414368264152732479e-02 7.794301271949899239e-03 9.573873987229605809e-02 9.959459843405249480e-02 1.075391413422443210e-01 1.306142841974406582e-02 6.688404435145657578e-02 6.823612205640284915e-03 8.002466547819182818e-02 2.171531416300269760e-02 3.358895481405724942e-02 6.995118415861023564e-02 5.880156086687949452e-02 3.249333353895266646e-02 9.427362546515898056e-02 6.343995473271768493e-02 5.465692593877988920e-02 5.455725619685479477e-02
4.831120770781244939e-02 4.648576166433594781e-02 7.147511736603254576e-03 8.157342399894931817e-02 7.443939740600710731e-02 7.302762248421887370e-02 8.653630712454264684e-02 6.545776816819259825e-02 5.278725337156591618e-02 4.557396939351712056e-02 8.616397976238604484e-02 5.044691438398275080e-02 9.145593586377549766e-02 5.584983362446429428e-02 8.965551245360411925e-02 7.667871190924346880e-02 1.082391604830558740e-01 2.211959076557850484e-02 1.077450333128934928e-01 1.024634624990099774e-01
1.041442939522965183e-01 9.703799827036334313e-02 7.690684049950791135e-02 5.487349933303422439e-02 1.376373450094280776e-02 2.762646634233546089e-02 1.473614199280214553e-02 1.517681937805431813e-02 2.127370531918781893e-02 5.006185996741469718e-02 7.877299189313782812e-02 6.082298425823020466e-02 8.078959478369127090e-02 8.272705048727528598e-02 3.737864333814076845e-02 1.251114249442646965e-02 5.541009097399621740e-03 3.488152232657827905e-03 1.046863142587119155e-01 1.010392401259956885e-01
9.440846523199990237e-02 4.863789393547863354e-02 2.953058099984676166e-02 6.885216898529906981e-02 9.449079005025705358e-02 4.046223319882426284e-02 5.148480834651004978e-02 1.253891240602042316e-02 3.729830034634808861e-02 6.654443638160152663e-02 1.191457951059232342e-02 7.336058431597582141e-02 2.096109570852944248e-02 7.761237926481907856e-02 2.698927836296026190e-03 1.068340205386260205e-01 8.464730897008719557e-02 7.423869463277224523e-02 6.445706575389145709e-02 6.413262963991155086e-02
6.191616830404147315e-02 7.379119681476428716e-02 1.028750848856696681e-01 8.064793643357309749e-02 3.920668352437359921e-02 1.073341312703967182e-01 8.560670558242040873e-02 8.720967344700682189e-02 4.565940095998353467e-03 2.583589303260963241e-02 7.278987604100251030e-02 8.030131053182198997e-02 9.742904118107864782e-04 1.021575060151141967e-01 9.400481076113008372e-02 7.093653087484154407e-02 1.004012540028916545e-01 6.154594706450132457e-02 6.061062598910473692e-02 7.072895331493829485e-02
3.927259114091683628e-02 2.281091571078878305e-02 1.059193210884183389e-01 2.035072141958083405e-02 1.741999136832101877e-02 4.719363561686004682e-02 5.071247282721173116e-02 8.580433019917388382e-02 2.722859627832021484e-02 1.012411384870827435e-01 6.245503272554607521e-02 4.096034409475753785e-02 1.001646360592723384e-01 9.964178445886746893e-02 2.519747054361121466e-02 9.170331892904819149e-02 1.691129492937322801e-02 6.082011904103191285e-02 3.624060050048945325e-02 6.333225727193282639e-02
9.120392490309782441e-02 9.710139577461308902e-02 5.715740788802744013e-03 3.384544135310234292e-02 5.899641798031702439e-02 6.023646840477472897e-02 1.378394485499028106e-02 7.749574025438933644e-02 4.011486910283662555e-02 8.023546435766194806e-02 1.071920108647081288e-01 1.949949559610144115e-02 1.000366617617281725e-02 9.587480621779584378e-02 8.551151177012641935e-02 5.859694347716101759e-02 7.491547210773631671e-02 6.823225998588133834e-02 2.648559599796977693e-02 3.666344429397858790e-02
3.794865331066062109e-02 7.114086939599789661e-02 2.964869489209918593e-02 9.792228704146042906e-02 2.241433959658399241e-02 2.566629881194063337e-02 8.871309208929238632e-02 1.329005627901538866e-02 6.032795978609487714e-02 1.053403586110416429e-02 9.696844882320815318e-02 7.273278619816561652e-02 9.155630390353050596e-02 9.066908020347672070e-02 6.439092751669837911e-02 6.696737034338687278e-02 6.223656950397120531e-03 3.227761338936634139e-02 2.780747329518782479e-02 5.732500801720220862e-02
1.033002313027207575e-01 3.268908184294306435e-02 8.058099638633312023e-02 3.666669300058333913e-02 2.708766766299443643e-02 1.057315639886678982e-01 6.815437324588347057e-02 7.611511215025208200e-03 1.925817645761984317e-02 8.587556406186133695e-02 1.039167345020818034e-01 6.623247006490656785e-02 3.677819712701219101e-02 2.191900474436307006e-02 7.043681665631267019e-02 1.514625472126147031e-02 6.306576869820675058e-02 5.994952541275366115e-02 9.505045651256550931e-02 2.112933125505198420e-02
9.929139163978280280e-02 9.619686968873395264e-03 4.623431441800726627e-02 6.166027778333156573e-02 5.134532302255931900e-03 5.426778638587802933e-02 4.890539667286029901e-02 3.038227529513755354e-02 1.000065741086541421e-01 4.140636134753738172e-03 5.991502942216825334e-02 1.019081826289228165e-01 2.490535755459822188e-03 2.261425277362038438e-02 7.603504041973277450e-02 8.510922898460168695e-02 4.724404899893343973e-02 6.585108138220505114e-02 4.706903881919213828e-02 9.915808148916858966e-02
4.268443005580364186e-02 1.297295114146211322e-03 3.547315973352703228e-03 4.743885758918067741e-02 4.685599840111537295e-02 6.710093479858678100e-02 1.752343126395656051e-02 3.070090204736378864e-02 8.316309337582281080e-02 1.001792769628308127e-01 3.925283181441305280e-02 4.473304517984499906e-02 3.959747314303245502e-02 5.150808699093170628e-02 3.203682734719582453e-02 3.683139107828955344e-02 2.338603959653716771e-02 5.564694968250671891e-02 1.075989816819980655e-01 3.535789780151760153e-02
4.972617387510573465e-03 3.932822157349043918e-02 8.815748848388624270e-02 2.039467186336354695e-02 6.649679017150608717e-02 6.369621791237677078e-02 1.259016667905043033e-02 6.002641733353059061e-02 2.670577026100122084e-02 7.532480269688215935e-02 3.573669005275611349e-02 6.047804751543458916e-03 5.464976706980292746e-03 8.899270539464172736e-02 8.913392588728299981e-02 7.388933079688581040e-02 7.155754465345937065e-02 1.024761597196276741e-01 2.226166431307012930e-02 9.160320855485591662e-02
9.138284444015895222e-03 1.404335916916519406e-02 2.071897133878865954e-02 1.098659567333922643e-02 3.552820487186211795e-02 9.136362304552994584e-02 6.027214181703197809e-02 8.361576222608703077e-03 6.241021179393108770e-02 2.913946828173512305e-02 4.407717393458834149e-02 6.632205572041431976e-03 1.018609867647849582e-01 3.652287028395118790e-02 1.042644723949666119e-01 4.800887136412960998e-02 1.024278596217459286e-01 6.652487740080698098e-02 9.893269845918974126e-02 5.811929079270135301e-02
7.983545041180534207e-02 3.112303502766211594e-02 5.238906091325545161e-02 1.489979650451031708e-02 2.322920117011875035e-02 7.368998233117690644e-02 8.326839062844398898e-02 9.877450362455411637e-02 3.115667961531537813e-02 4.229386849970629553e-02 2.933208866877061449e-02 3.183101157304941975e-02 6.948116739077477011e-02 1.889115602699224794e-02 2.599508931486775587e-02 7.147219168831263347e-02 9.579338335057678566e-02 1.331087512093337248e-02 3.433723827813009444e-02 4.607856460444195723e-02
