2.875040971730451478e-01 1.188663344619409618e-01 1.322662500658907114e-01 9.608277490334866944e-02 5.216164690604275372e-02 8.343281807893096480e-02 9.259784361013713438e-02 1.416752229412331920e-01 1.353172661899343099e-01 2.459669538831763674e-02 9.550362858308583669e-02 1.068091308148938212e-01 1.411291291540049397e-01 1.027743463779827171e-01 1.082052654624271609e-01 7.599692749971470596e-02 6.344249176011647340e-02 4.132625402190737152e-02 9.983184279352777524e-02 1.212786549649611245e-01
3.624160046924378153e-02 8.566469077977807711e-02 9.623238095054661989e-02 2.329426349665815119e-02 1.015971647760687963e-01 1.780918374882420677e-02 1.005516795738223557e-01 6.464797617679766961e-02 7.889182899347847722e-02 5.015457410532273702e-02 6.849842344251275139e-02 7.266869021920538407e-02 8.483031462635168274e-02 4.188723214303542719e-02 1.213727471575168880e-02 1.134526735768055100e-02 5.185451078270205544e-02 7.040151878094264015e-02 4.185700589300431207e-02 4.886983644074099908e-02
8.306193050801828626e-02 4.831766831775402560e-02 1.081192353077825574e-01 8.817373632570822684e-02 1.232906168832528446e-02 1.285080773858961189e-02 3.836197157384165640e-02 2.352109512287907378e-02 7.672028570719330309e-02 1.965534410608489602e-02 3.890842159947996426e-02 2.714993897470885376e-02 6.426861951754661573e-02 1.069778217257140174e-01 9.723721180679452403e-02 9.781116897537517341e-02 2.664693166405683253e-02 9.885851668134185144e-02 2.854914535338325468e-02 1.048032463610353987e-01
9.415375663479953403e-03 2.387965342551183826e-02 9.453378791085681465e-02 8.140145506206257486e-02 8.581747449042753662e-02 3.114365647260230324e-02 6.034796736466366274e-02 4.828545189978755009e-02 6.488509457978805517e-02 4.734112753622849584e-02 1.387411405511505130e-02 3.175795037600128573e-02 1.054593909515966765e-01 1.736307811923945912e-02 1.457243147248528381e-02 8.802009217642825512e-02 4.385457701039732065e-02 8.561864420982381874e-02 2.770363149596308597e-02 3.949330570318709821e-03
9.545537813499760382e-02 6.486346935920829504e-02 4.832295151702602903e-02 5.939842730720108072e-02 4.604177054686706128e-02 6.744479135302693367e-04 3.278907922275152431e-02 2.881689279066715695e-02 2.690335563712259112e-02 5.261751539719171367e-02 3.676497029426265689e-02 1.079152284843927362e-01 4.484731001826651464e-02 8.396573463808514048e-02 6.903899181888961678e-02 8.327806232122272889e-02 3.100378349492059760e-02 1.097603550014891044e-01 7.310200419203385751e-03 3.239339405587726706e-02
5.901144095616912139e-02 5.846593194517796938e-02 4.586301091217182685e-02 2.826419480557648689e-02 3.604743956199189109e-02 7.122774344537417812e-02 7.904808568557679382e-02 2.155052317714782617e-02 1.159082091368400340e-02 1.592849931151357062e-02 7.816838302321338361e-02 8.050606181288497143e-02 1.081114612886358711e-01 7.481406583279837097e-02 1.064925069596002610e-01 5.379546027333325514e-02 7.391038348172852823e-02 4.349347876074211722e-02 5.477624396694348585e-02 8.008124307441105705e-02
1.940915530086911173e-02 7.551419896362331075e-02 1.052006656227538924e-02 1.577506758848122928e-02 1.049421597397804662e-01 8.757980708209504861e-02 3.151655387495565924e-02 4.688692036602042784e-02 1.201532811392467398e-02 8.903147514553623465e-02 8.339665742831608997e-02 1.917164492809551868e-02 4.601821101413653553e-02 6.956739393266127280e-02 6.208076746968881066e-02 4.879202863434518866e-02 3.300407085498056198e-02 3.905895461334785851e-02 2.358880924432493493e-03 4.512040311292640077e-02
4.998295763724963647e-02 1.772246589009423071e-02 5.693557435440056019e-02 9.219800831833191435e-02 2.220340171006886590e-02 7.877656547122048603e-02 9.279340020924621568e-02 8.557453421421591655e-02 3.398745385512410427e-02 2.028543467071547771e-02 1.062743569925692771e-01 3.019842413548551319e-02 3.044619514305937566e-02 9.644283914751917985e-02 1.225269238583144571e-02 9.413434822091638898e-02 9.870886211312733527e-02 6.391408133102127742e-02 4.124091395302724450e-02 2.968751915255864529e-02
9.708626437289591404e-02 6.165751756897012992e-02 1.062669598834924643e-02 4.001188990856643229e-02 8.418349740590010122e-02 4.043697436853448818e-02 8.747156922789200983e-02 3.029556021851066705e-02 5.877492644141843817e-03 1.274087146280256100e-02 1.093404403311079298e-01 2.703465808140381038e-02 2.393001183971195031e-02 6.972833323081513435e-02 3.625256822964603720e-02 7.432760983434857915e-02 5.681875587672133472e-03 4.398000033813633664e-02 4.345181683767240094e-02 3.775286774642947624e-02
2.733252693550351428e-02 4.724828447749800792e-02 1.045719271705554121e-01 7.586027561421382348e-02 1.935874203986812439e-02 7.463038563377552559e-02 2.795930184236590250e-03 6.834260816406979855e-02 6.605897179526649954e-02 7.053506956573998843e-02 9.770552472814558742e-02 4.470502172392697843e-02 2.572582520570463119e-02 2.631914446191260543e-03 3.675366657273897858e-02 8.909421149378858595e-02 2.199890439927735045e-02 7.712791497097741533e-02 7.598888117726357305e-02 4.500798793193107328e-02
1.022580811471991355e-02 4.645779696673506959e-02 7.948987382168185359e-03 8.522095084850526275e-03 9.213219337402213382e-02 1.785687436841279160e-02 6.870057405358531710e-02 1.069483292950100389e-01 9.452055154038370433e-02 4.061087304140640480e-02 8.164057433202172309e-02 2.106573976055631930e-02 2.138253363852642489e-02 3.287972811993159633e-02 6.353028342541792994e-02 4.104282584455336280e-02 7.242657548871114792e-02 5.230960046803813379e-02 5.647131104165649396e-02 9.401551909737389245e-02
1.014295871449610309e-01 1.094605751374867243e-02 1.576161160087354712e-02 1.082699354301898675e-01 1.044293084660590232e-01 4.494410536938723416e-02 8.331856059911102452e-02 4.315268773867855095e-02 9.110979567723130612e-02 7.435916028420913072e-03 7.491569532346671612e-02 2.245917478361611833e-02 1.990011116567408367e-02 4.000903765685148716e-02 8.947986212629810421e-02 8.828244466665165213e-02 4.685514238003305604e-02 8.707437845654376896e-02 2.451681540970858733e-02 3.935295853942092498e-02
9.311231274860362617e-02 1.019820093315271098e-01 3.827260171148236245e-02 7.660982981349735710e-02 9.390883743623013036e-02 1.085891487482390783e-01 6.896449182459042648e-02 2.230043674131415229e-02 4.398497763289879736e-02 9.560191874577915472e-02 3.566549423979409328e-02 7.740716112404185702e-03 5.146716727823466564e-02 8.755063112606365633e-03 1.021464068543849191e-01 8.456760442959512791e-02 1.192685807389541261e-03 2.664154141956729879e-02 2.378099416337303360e-02 4.238092446718797618e-02
3.771461262562286754e-02 8.418110424216578014e-02 6.512684337580414151e-02 6.436952261364917161e-02 5.296658634721154724e-02 6.327776621377423361e-02 8.275253160376864342e-03 5.557522847299639634e-02 4.549466161696336802e-02 3.485889527065263310e-02 7.108598830428257236e-03 8.178636885184514815e-02 8.864174189060390618e-02 5.157599352516017976e-02 1.914953692715306091e-02 5.204312311834362326e-02 2.946272855742530783e-02 3.005843830527662672e-02 8.678495581010547966e-02 2.167309502774560429e-02
4.068219835024736858e-02 1.059102646466309749e-01 5.496251616538400109e-02 6.643814289344907031e-02 1.157004960919190591e-02 1.718542240453812403e-02 2.430052659685898175e-03 6.747495230354061402e-02 8.256442117109769052e-02 8.320114276342237269e-02 1.494229265242196479e-02 2.414711207541190424e-02 2.638915285080407208e-02 2.063214907244455276e-02 2.044192735134702302e-02 7.607568986152309087e-02 7.538262871793117992e-02 1.207829688450807841e-02 4.009752504762147118e-02 2.470143750501421417e-02
7.795115711720142226e-02 3.616558108591823306e-02 9.191659903026322409e-02 7.802382372524977946e-03 7.844971128010877481e-02 4.540238219326891977e-03 7.172843334091417999e-02 1.105350062078689667e-02 9.825480348774590089e-02 4.039725537336382594e-02 9.757638475325998428e-02 8.073027388712451791e-02 1.034479118814188719e-01 1.054262294336666544e-01 4.282678062950524833e-02 5.807469264105920292e-02 9.675369269601935551e-02 6.288618072885325538e-02 8.349175943699457814e-02 6.014891272648963810e-03
9.040378890148441371e-02 9.146933690969211161e-02 2.716534993240521736e-02 2.112697630975298932e-02 6.906941385151821322e-02 2.020525620607975525e-02 9.082453759772690649e-02 2.400397409072559107e-02 3.407112853847796274e-02 5.619790101881998873e-02 1.587996530822252325e-02 1.588107397047154243e-02 8.972454406251799061e-03 3.227947986728035845e-02 4.803575021009164059e-02 6.715790071683040707e-02 2.573308263130869369e-02 3.558765450245450056e-04 3.675851557352257520e-02 4.087627049407523833e-02
4.062243392717072854e-02 4.626242354533225548e-02 4.171141342253038842e-02 2.394790594772079617e-02 4.918613969932100066e-02 6.169320050210871931e-02 5.761702615129320887e-02 3.840549912946591114e-03 5.370595873024624350e-02 4.214815047180125313e-02 1.038224747502863587e-01 3.056043392190520985e-02 7.216559778210659970e-02 3.223141714300783132e-03 8.197033467040232280e-02 8.370962258620670560e-02 5.712489162593951952e-02 3.294419720002263186e-02 5.835565449787357556e-02 1.951990749652677192e-03
4.880768535150809689e-02 7.369192140632359160e-03 1.674499856912900139e-02 1.506669163746653280e-02 5.797714255654708160e-02 1.032157325655850000e-01 5.134485299976584288e-02 1.094400814287046775e-01 5.276253056871512553e-03 2.456530136523768504e-02 8.212374905525225699e-02 2.540364285996640076e-02 3.203524956771305887e-02 2.566494877579217002e-02 5.299463286326115685e-02 5.331791892998066079e-02 8.582391259750674073e-02 7.468754646348160775e-02 9.264990316137260151e-02 1.371410419880079307e-02
5.439034815276731771e-02 1.437434699594113997e-02 9.458318046256444789e-02 5.788141384603809336e-02 7.455452140061462341e-02 1.005417286302135449e-01 5.110763216339579001e-02 6.004909568274416354e-02 8.768427486299387730e-02 9.684568242920987835e-02 6.350580379567453970e-02 4.376206688415105323e-02 4.921302757445159687e-02 5.921439468029252029e-02 9.635206321540817909e-02 7.702238097641622705e-02 6.056192379863981762e-02 5.749144237039700150e-02 4.278062740557912053e-02 1.068766190453994229e-02
