1.745401526373868417e-01 8.040870471395943075e-02 3.612003168345084836e-02 1.147224473027595448e-01 1.035740996965363037e-01 1.117435847654650871e-01 8.811574830094527633e-02 1.028276136271417257e-01 1.827481107899391055e-02 8.671998740205642819e-02 8.988012414030446817e-02 8.317876714314288711e-02 1.005708433636736815e-01 1.125636529543507097e-01 9.759382704007935061e-02 1.114324398461682131e-01 2.674481551768851523e-02 1.015494404397060679e-01 1.209965867053566929e-01 6.970396249506626007e-02
8.144818795148357771e-02 5.063719369332967540e-02 5.309571109266262440e-02 5.372868466955648542e-02 5.165490931897814136e-02 2.279231726023356504e-03 6.975354737138606681e-03 5.758235325604402904e-02 4.971550936470708892e-02 6.276694270028959632e-02 6.042638775022468600e-02 2.512252042692649998e-02 1.800232690805434604e-02 8.610200894601501009e-02 3.937142829596780580e-02 7.499927248847572392e-02 1.976009025078014070e-02 2.463478900916410419e-02 2.125751401852318465e-02 9.245134625284119612e-02
4.288760769050063010e-02 6.293352929041902410e-02 9.856924330047188432e-02 3.736169967169801487e-02 3.674644014231525507e-02 5.178026316009268215e-02 7.624004306905950157e-02 6.934913131110935491e-02 7.254923350083888889e-02 7.086979687881629630e-02 1.064122635079775038e-02 5.221199810985367729e-02 8.211410383306624872e-02 3.501902397090772556e-02 6.133814867720265712e-02 7.307443411189756821e-02 9.848477572841392302e-02 9.466809413387929084e-02 4.254898468732144778e-02 2.048990622405433282e-02
9.278997821107838606e-02 8.982084338290030612e-02 7.430568189632665022e-02 3.854738824086523241e-02 4.522221752280647378e-02 5.786674796710242208e-02 9.026958380444770336e-02 9.493681774730300393e-02 4.246221103260498092e-02 4.648223838855652240e-02 9.220488675125868006e-02 2.100309084591571798e-02 5.141647181363710045e-02 4.038786298896360205e-02 8.888374020925961239e-02 7.041129882322832989e-02 8.052680198797490529e-02 4.611660900752433817e-02 5.249853708633756347e-03 9.332460187820063036e-02
3.267978835894924661e-02 6.379084800592141336e-02 1.947057271012017296e-02 3.614320040527255889e-02 1.786864318523959799e-02 6.183409465246780118e-02 4.030443689411550290e-02 3.851570534665132994e-02 9.922426078082141609e-02 8.501336749214022381e-02 4.291016002994213485e-02 8.265813259251068856e-02 7.762445891282949983e-02 8.888568293748862204e-02 5.365792931484053563e-02 3.931418331962782675e-02 2.936856185197922811e-03 8.285252219291600051e-02 2.482727490481963228e-02 3.346029380953071536e-02
2.152714226629565131e-02 3.699043972983253464e-02 4.506120106690636971e-03 6.906780846382569450e-02 2.106897880462021977e-02 4.664765184460304553e-02 4.823446428984593665e-02 2.620214157016167653e-02 5.078525815514971925e-02 9.207383922528200940e-03 9.028590719579858426e-02 9.033117374142000944e-02 7.882163512063078414e-02 6.538505251276624519e-02 8.721536478794145175e-02 2.549009231552438332e-02 3.787338689749375487e-02 9.302709336922121430e-02 9.746883629733389676e-02 1.891333380865014777e-02
8.867401597761302712e-02 1.338644076907311714e-02 8.262173286248680748e-02 4.008216744456537944e-02 6.811615817251509553e-02 2.581700972424469040e-02 1.310818700348294168e-02 1.710643233341911998e-02 8.425906424461526711e-02 3.664427309240268077e-02 2.519902635148244668e-02 1.203357308351680338e-02 3.143063113246800239e-02 8.201810137877124651e-02 2.390916654989756751e-02 8.443065710545480385e-02 3.240648311976947887e-02 4.819007282437355599e-02 9.195275281615582219e-02 1.554939936706281091e-02
5.147457725470358514e-02 9.841451631431921698e-02 8.555297744819043149e-02 8.262950082182075884e-02 1.396681377758339851e-02 8.090068585814413904e-02 9.297252891464029279e-02 5.761811900317255486e-02 2.023657491567208006e-02 7.413161314118980882e-02 2.210801673646959481e-02 9.655363907198410978e-02 6.643192447766498032e-02 1.389292284768262054e-02 7.628828400752181438e-02 1.471076545456469035e-02 9.656487941184971335e-02 6.668282012273846204e-02 1.975694694218069897e-02 1.753406520254961048e-02
7.012669323003992150e-02 2.672352906401606262e-02 5.105908489694469671e-02 5.204104124520029379e-02 9.271551009618951567e-02 4.217355315076290467e-02 5.117525805810313466e-02 2.153798213634031816e-02 8.632734940674921531e-02 2.493919898242853705e-02 3.735708229716829670e-02 1.614119388021206976e-03 7.889166829006472037e-02 7.282419243926366303e-02 8.047306418616888279e-02 2.561305557466930782e-02 8.752163110976507454e-02 7.469061135935577134e-02 9.272583016405790135e-02 2.672227727902309891e-02
2.570432672223197518e-02 2.392699637781379313e-02 1.607864407944181728e-02 3.869075585989937421e-02 8.284479243903987433e-02 4.525533148822728086e-02 4.965623871404703515e-02 1.109273211750816390e-02 7.421298142306151369e-02 6.307083334151199205e-02 1.416588891709955750e-02 2.900064342276575946e-02 7.727529858368777094e-02 4.100697225286375341e-02 2.665195583645944138e-02 6.392764640733522574e-02 5.803103384803057901e-02 9.882733867455127663e-02 8.308599340258469856e-02 4.086441755566311285e-02
5.596334836337889945e-02 1.010365140209681413e-02 3.626599588660766454e-02 6.796748510438267721e-02 7.388883724028319500e-02 6.360443316603263397e-02 4.817597219325478464e-02 5.023032179797538854e-02 8.932147343802741835e-02 8.372145618206036644e-02 5.887284881812235304e-02 7.270477678879704031e-02 7.340572234078794611e-02 4.880966218669793855e-02 9.946302712648807942e-02 5.238866952924447346e-02 7.135015502839642254e-02 7.002174801853304487e-02 9.765522011793431600e-02 9.680083941024371363e-02
9.534342127272700529e-02 6.537992379447755964e-02 2.058711791768201918e-02 7.155870359555181748e-02 2.228074776476771796e-02 8.588194857946794547e-02 1.880440108572313529e-02 4.367699156958859685e-02 2.583851005428398212e-02 6.546698402319393872e-02 8.073312661769804777e-03 3.237222160680274657e-02 6.102158310600465374e-02 6.929787933138802092e-02 9.488305673480385005e-02 8.951719007985405041e-02 9.908807994379222051e-02 5.569189565086138383e-02 9.360782856799891583e-02 5.525399487139821819e-02
8.289833867331186656e-02 6.280745814323217269e-02 3.879491036458365683e-02 9.791952301788491020e-02 9.460850943133980451e-02 9.520425856199843384e-02 5.935867077366681344e-02 6.875679165750808730e-02 5.447194425364126902e-02 8.182174693118790532e-02 8.416789922541104141e-02 4.951212273593093294e-02 2.144262083868884311e-02 8.006845630059042374e-02 2.553073216954525673e-02 2.370636655600218134e-02 2.200422691626418084e-02 5.460118043494223417e-02 8.205470567360742540e-02 4.824044873770504810e-02
2.846678783057597986e-02 3.668229875154271208e-02 5.979106295712127705e-02 3.316688444177252892e-02 5.335023648974018817e-02 3.335222734017066065e-02 8.701130327839226575e-02 1.494671277396606573e-02 7.507637908021057294e-02 4.948320234833136072e-02 4.815474318348422766e-02 3.275055730440425833e-02 8.177182917871832213e-02 6.084686721840572299e-02 1.996528795304234466e-02 1.165516031162918721e-02 2.642230491981121393e-02 9.908245200373311246e-03 7.779523081261927042e-02 4.910870260304312299e-03
9.192578907972995261e-02 3.327278425606052664e-02 4.493605549013366535e-02 1.078518384838880219e-02 8.635606533429243670e-02 3.795102499112391892e-02 6.198834131019514276e-02 6.270188048962191396e-02 6.937756937528770373e-02 7.919024505021508842e-02 4.213956188776002421e-02 3.237642263387326136e-02 8.660481207305276152e-02 6.648593735845841068e-02 2.717027250655877982e-02 5.451472157489132414e-02 9.842886814680258667e-02 2.685366391200972019e-03 5.020775535076019147e-02 5.512015192110772399e-02
2.938423821717465328e-02 5.434620049100640643e-02 5.826325003078466902e-02 8.661107747847508753e-02 8.815110621977020888e-02 5.112788471641636218e-02 8.011575326830590316e-02 6.937588848794554175e-02 6.991688382183912365e-02 8.607351896286541404e-02 4.883515257310178104e-02 9.596906379306242851e-02 8.034252183500664724e-02 3.571538320233481889e-02 9.038114625488725962e-02 5.537299741524544239e-02 4.696864208184471645e-02 5.795364741776989903e-02 7.784071755824262598e-03 2.810106900250010364e-02
4.541459793763613639e-02 5.701965604539913773e-02 6.340750541000503282e-02 9.382482857897710138e-02 1.741828413972484890e-02 8.283330443234621088e-02 9.210808394361504059e-02 6.116801097305635607e-03 1.933382471533450289e-02 7.609665846319790990e-03 9.475445913535252007e-02 8.525726940429600997e-02 5.941465395071746786e-02 4.525373542779203423e-02 8.409292866766523988e-02 9.153007666523577113e-02 7.150747015550339147e-02 8.218042611243295270e-02 2.869868513117121087e-02 5.632067857022781537e-02
8.489791892288786612e-02 3.832182965904419591e-02 4.791702065134765404e-02 5.932204660367850629e-02 8.624631476345769043e-02 8.852920443003731155e-02 1.263963576419439155e-02 1.943168489441190680e-02 3.525771383601360859e-02 7.520689278792411225e-02 3.061159918401879215e-03 1.396118748981475290e-02 7.965920523119558727e-02 2.432265272699243516e-02 7.385374548897748193e-02 1.320936752411402439e-02 1.521849404314501615e-03 7.890647416591996255e-02 3.861867871793192575e-02 6.451323558851800033e-02
3.067287769376457821e-02 3.545288631380521388e-02 7.552543257470567539e-03 1.932816236481409503e-02 3.263720277197852682e-02 7.661887793487824616e-02 6.280731629467406485e-03 4.152859134209594544e-02 3.105356874124488853e-02 5.194718541849624449e-02 2.289605126573298829e-02 6.442838550257377894e-02 4.197801464188251341e-02 7.294214987256528171e-02 7.404648638955782514e-02 3.118145328019503865e-02 5.945044260891849119e-02 1.110619995394479488e-03 6.654285952569538587e-02 9.245737890529177883e-02
8.425556082006482872e-02 2.200721108959713315e-03 9.264102774032147158e-02 8.945085990221039729e-02 9.981547712487731649e-02 7.949175128388509537e-02 2.031900456333671917e-02 9.447613802608180109e-03 9.117214835285768204e-02 7.330279641534506729e-02 1.091070079356072468e-02 6.162929504776686745e-02 9.381204027224256115e-02 4.877195012058475193e-02 5.321115820748342773e-02 1.709649993933036807e-02 8.075521379877464989e-02 4.260488973473894325e-02 7.567554105312313331e-03 1.408447918033558545e-02
