2.098099492079072981e-01 4.896589043606811714e-02 1.774998845629004451e-01 1.839365502668542998e-02 1.157105321138530429e-01 4.550541495930852248e-02 1.328165452132171187e-01 1.445443890301451595e-01 1.850535936653112737e-02 1.582230102666630500e-01 1.159839232317952107e-01 7.635050567546834699e-02 1.275868439061592641e-01 1.138149230429076758e-01 1.776265608397201157e-01 7.246177124763827915e-02 1.105652085397513529e-01 1.531592900190688056e-01 1.277795482904457991e-01 2.042582262384396233e-02
4.762380937987799323e-02 9.316104248186633796e-02 1.036769111955733874e-01 5.200129362628752583e-02 4.227673048243042742e-02 5.930074464098092357e-02 2.255380191909071158e-02 2.020196012790434828e-02 8.425692158542993915e-02 6.677582098532319765e-02 1.005667119027954665e-01 9.537949051283704793e-02 2.339611498409463475e-02 5.140828851222171980e-02 5.210958238734107739e-02 5.364859222889546003e-02 2.422920238866888704e-02 5.182556716631998850e-02 5.671176445103900954e-02 1.057337391036680674e-01
2.365482685516663575e-02 6.060208950463164858e-03 6.380366623018007832e-02 9.707057340334085405e-02 4.462284253103278200e-04 3.101631231068163047e-02 3.922112529406240888e-02 2.487430426090948485e-02 3.818091474525164147e-02 2.608175621866846636e-02 7.893357900006162109e-02 6.779146516594299066e-02 6.403401076198395048e-02 4.731385239251886116e-02 1.014115846060690135e-01 1.240641198430623114e-02 2.409515755527959907e-02 1.028949988844123364e-01 2.388990804352130251e-02 9.107219084066461856e-02
3.044966360239523273e-02 4.075875796088433700e-02 1.541303734299800422e-02 3.122705615792073508e-02 5.273775052707522365e-02 3.349942051773222712e-02 9.192923507063897881e-02 8.831889948229594556e-02 1.539837768683048440e-02 8.700640694564808209e-02 2.610359515017505322e-02 7.851317051384545942e-02 7.511890977747939790e-02 1.090066960287337273e-02 7.157706636443651738e-02 2.788735687059454640e-02 2.334297983700594353e-02 6.505008229151447441e-02 2.552431163489728844e-02 8.719339168748360333e-03
1.059359377500002225e-01 2.289217071339930826e-02 3.040501953457252354e-02 4.366875411127155854e-03 7.577215608112446155e-02 9.163943544983477185e-02 5.646866578108909046e-02 8.920987418654191189e-03 3.123608971794458733e-02 1.533380130713996557e-02 5.508093184672255976e-02 3.192547557353598436e-02 3.301483618396188618e-02 1.059790236155049026e-01 5.015052648234744406e-03 5.957630357756083656e-02 9.945816585343514316e-02 6.035264986901498624e-02 5.796776154908331313e-02 5.969771829566743876e-02
4.908166977340273907e-02 7.182456018985081125e-02 2.643744732531499650e-02 2.931415164953902683e-02 3.243510476860516495e-02 6.392393239109268877e-02 1.016317968854770076e-01 8.194387404749359227e-02 2.257139179588444830e-02 1.024180011499102316e-01 8.175064366494851076e-02 1.715538092074113397e-02 1.044570576692884639e-01 9.265770898266852129e-02 4.740311640823246381e-02 7.064216980536996981e-02 5.571522767931375020e-02 1.376225976870196037e-02 6.174269765922130865e-02 4.067375560640985183e-02
8.340625079002359291e-03 2.804671790144783530e-02 7.300470336047591713e-02 1.387718232118723138e-03 5.609970600549697706e-02 7.216155470001259231e-02 6.182320082455841637e-02 9.683922381338823382e-02 5.182221542991189214e-03 5.529873499296269340e-02 7.229586809358150290e-02 7.817300615640750128e-02 8.905345426523710028e-02 8.487094289127282420e-02 8.435631819263477230e-03 2.802223096762988114e-02 1.022531340520810988e-01 4.730357566001241326e-02 2.739418419243852890e-02 1.058250433536539470e-01
8.463688168954304480e-02 4.701279852901030926e-02 1.892029750383728004e-02 5.469237646351058496e-02 6.632258336058934056e-02 7.865379528166649425e-02 6.747851969576679210e-02 2.195133117002122120e-03 9.476196366646112701e-02 2.873803396842750102e-02 4.896791337948994127e-02 2.957121279612182074e-02 6.621717173523680722e-02 5.157564173329657470e-02 6.859867116265629117e-02 8.207559549445815616e-02 8.861684801216652974e-02 8.796430261543460027e-02 6.831902243278351397e-03 2.669962833653457147e-03
3.574417349976195032e-03 9.573241996184674030e-02 3.295146997426714325e-02 7.521041864703947866e-02 4.786520685618995442e-03 5.080421135447149572e-02 3.266029969049883547e-02 4.281798662848596004e-02 3.455162919731769727e-02 2.002792185280921969e-02 4.754792260224293549e-02 2.126550007599666697e-02 3.951394147340562407e-02 9.268956399396474644e-02 4.824995980349592456e-02 8.550285577245643476e-02 1.035401637578458461e-01 7.041464524886266452e-02 2.397727999858585701e-02 1.526368775997924594e-02
4.598941671358949823e-02 8.621384342442332815e-02 5.606182291107379007e-02 9.657361912968610851e-02 1.034934800381503983e-02 8.599404515454210293e-03 7.178411078632923603e-02 7.716863245608773791e-02 6.435717838586755245e-03 1.647808045541370586e-02 7.193709193185723882e-03 2.411226959586995969e-02 9.316604423440327798e-02 6.332332358286732465e-02 5.305893398771286545e-02 7.634908355129034485e-02 1.924528667242085198e-02 9.654830265922960397e-03 6.307781302809158976e-03 7.452397401993665627e-02
9.081718861244485186e-02 6.419233417774525274e-02 4.749835882529560016e-02 6.319535533839773511e-02 2.980685270486845700e-02 6.111867957715561711e-02 8.704387449012120082e-02 1.019157969156908317e-01 6.964715286280996620e-02 2.852280354971698656e-02 5.505222255514351237e-02 6.712682107090015005e-02 7.436199910171646665e-02 6.830032349051413931e-02 7.575973967939370057e-02 6.748257434738851035e-02 5.605199242189651959e-02 2.751113839854391410e-02 1.528169849459231700e-03 7.000826208840421616e-02
7.192731129000206301e-03 1.001249593801344234e-01 9.677659909725423726e-02 8.716089852805829208e-02 2.503863865409775361e-02 6.482775023920196722e-02 1.929887540373497259e-02 3.800216305927837240e-02 1.033400687453709665e-01 8.409983741441086347e-02 5.552289894881500681e-02 9.912841284489518068e-02 3.572673771644910290e-02 4.893806347756032155e-02 7.640569303494640363e-02 8.127516209202552411e-02 8.184907997881213371e-02 8.234956134437000641e-02 9.785493514140405913e-02 1.096205656440528767e-02
9.686943717707209578e-02 1.359058815769825443e-02 9.587307241732821034e-03 5.170014654788774450e-02 1.194473689839582568e-02 7.848914621063772523e-02 7.004993468392897715e-02 6.959227506215492909e-02 6.483415493241270755e-02 4.673898336081221995e-03 1.134128029170159216e-02 7.693978702233303379e-02 7.519351868380613757e-02 7.199979352633868734e-02 9.986630299828465340e-02 7.710634269275296049e-02 9.317823920288957618e-02 8.350366386170871014e-02 1.173563684319455132e-02 5.419143149253408814e-02
2.138454056875900913e-02 7.637189414011692767e-02 9.776362136404292968e-02 5.922348591651189868e-03 4.683992125375707055e-02 4.269768453599343563e-05 3.900794620956418626e-03 5.611462144508862909e-02 1.664280951758348101e-02 3.090155255176811958e-02 4.102837730544667966e-02 3.825312522829283496e-02 6.739893283395591121e-03 6.853963689816047755e-02 9.102929310986764000e-02 8.053129288122599927e-02 7.667095155683932572e-02 5.801245276917802590e-02 1.053311520640514906e-02 4.845745710320399635e-02
4.473811844670120587e-03 4.694406272925062684e-02 8.791358855280780038e-02 5.095801395234636488e-02 4.961407253252497068e-02 3.941891994673157873e-02 5.499607310398736681e-02 1.345065764333024973e-02 2.568454740396016595e-02 5.702598269672781023e-02 9.251759607231906102e-02 4.772098906939402363e-02 6.953897990545498953e-02 3.633295594364945036e-02 2.888232310213564163e-02 9.816322002602487218e-02 4.438231633330506909e-02 2.244146026168638425e-02 1.432466445868640220e-02 7.362648753609889185e-02
6.751994357865270281e-03 2.069989012308329213e-02 7.853842158357383614e-04 4.991927225318801287e-02 7.038529545792562847e-02 1.034015214067015298e-01 5.324294216859745688e-02 3.075972233022637031e-02 7.191414964738050697e-02 7.310797629167324618e-02 1.417143377868252882e-02 4.388959726889573448e-02 8.992490084034025777e-02 3.424625261660350223e-02 2.334179079050207120e-02 9.313847817419068642e-02 3.102126459170253397e-02 1.043509847463595513e-01 2.714036338439480486e-02 1.186367778697365941e-02
4.754175225287508855e-02 7.946960870293347245e-02 4.284952451223870279e-02 8.449187618376562126e-02 5.141649471568122964e-02 2.213043623325791284e-02 2.998319032113382424e-02 3.228108983856888686e-02 1.957992858941794492e-02 9.783398907801507671e-02 3.263915968038872545e-02 8.076502249828548807e-02 6.765778238175457204e-02 1.010174807489640399e-02 9.275288952592986025e-02 7.124946569462991576e-03 8.566422243691730609e-02 7.446430084851445030e-02 4.277603903138490343e-02 1.457408897292602513e-02
1.976170826533554456e-02 9.978222148886313481e-02 1.211196971684275377e-02 2.330331499383269875e-02 3.938467364623354089e-02 9.609246090501480375e-02 4.011728510221015259e-02 4.899242803061001211e-03 2.794272911364946779e-02 9.773607814961558782e-02 3.840185730840451478e-02 2.463631808921464689e-02 8.572276343543189236e-02 2.663116534804851540e-02 2.159261412025302584e-02 5.560021993967232540e-02 6.062425921429621251e-02 7.808709407815406234e-02 2.903372226225682529e-02 1.040609924897071964e-01
3.242813493794329850e-03 1.553530350323117752e-02 7.730960899989253177e-02 1.555671450676035864e-02 8.862375903653245401e-02 4.093809151081979208e-02 2.653488089466522759e-02 1.034648306129749146e-01 4.030712479657893449e-02 6.957620808181520788e-02 6.452633918676940750e-02 5.575467113419987214e-02 7.922485937737405249e-04 7.258189328413462704e-02 4.329805610034116042e-03 9.406095678582984676e-03 1.471030639451026065e-02 9.967603917241468769e-02 2.266664867115027529e-02 9.049781247451887944e-02
1.230029253424828710e-02 3.913580357750085642e-02 5.662301333726471597e-02 9.042079926287086011e-02 9.570576338834450858e-02 7.381630204771523485e-02 6.533372410812079978e-02 3.178338993592288997e-02 6.764591415334471336e-02 1.528193406827403622e-02 2.495449701622323019e-02 8.101464581814585286e-02 7.250262824577707876e-02 5.219110226170641138e-03 1.199586733593590269e-02 8.153326009810418773e-02 8.762508026689180829e-02 9.097088769763102267e-02 6.332880981263676323e-02 1.382945963135973587e-02
