2.865293219787418133e-01 8.079491040181183137e-02 6.672997608517788892e-02 1.023051523436531995e-01 9.677554610280043879e-02 6.694813766002025157e-02 4.837014760505278094e-02 1.699497017701838975e-01 2.127215977156868276e-02 9.548225766219362032e-02 1.138690490666219718e-01 2.556250195695209185e-02 1.508416528907506327e-01 1.050467278940105664e-01 2.664414188203578782e-02 1.100984808133650128e-01 1.031726861608028289e-01 1.640871368170076228e-01 3.928172983163542853e-02 1.232164672578490994e-01
6.399663937864921714e-02 4.303063378117421428e-02 8.619199962229580347e-02 7.720258779455399512e-02 4.264158482401116113e-02 4.034364361442022151e-02 9.752720464494313984e-03 7.612379549190946559e-02 1.560835627376061518e-02 5.072872198313990721e-02 6.057145045717299281e-02 6.818614459384243071e-03 2.180802724837660467e-02 1.669199029164894141e-02 4.534603008787571610e-02 9.065430856452397212e-02 9.470163583068169633e-02 3.353625488173683777e-02 8.171469864733656163e-02 3.091312719268237905e-02
6.547569926663628082e-02 6.490362696913863638e-02 1.926393543692526272e-02 1.255900820497202197e-03 1.333982645933159440e-02 5.996742725212890479e-02 8.956585016260827647e-02 8.609824569670221014e-03 1.100569168282731353e-02 7.684729010688079454e-02 2.144042999886122333e-02 5.988208113348913314e-02 7.465601092378227124e-03 4.256335725170370954e-02 8.139129419270123289e-02 9.399773121489643501e-02 6.116209746227597131e-03 3.887342145767297419e-02 3.304846610257966555e-02 6.291498812762218173e-02
2.065945909975086623e-03 7.833726508679207320e-03 8.834521388147126286e-02 1.430531854276215903e-02 4.875744380378702059e-02 3.016873456100968229e-02 2.534096179751265179e-02 6.930607851213493875e-02 1.210051122902523583e-02 8.139514801278437128e-02 6.485794939380297441e-02 5.428025302884163100e-02 1.424182524327803970e-02 8.957179689519512156e-02 1.316795789700667824e-02 8.853330837324425995e-02 2.854435222127643668e-02 4.771087579713473650e-03 3.490043627734448067e-02 7.309936830914774697e-02
4.676939204951591038e-03 7.326082947448583904e-02 7.821394718484375730e-02 5.854568429875417479e-02 1.294163132494041864e-03 2.155482628573916065e-02 8.336325579385246709e-02 9.085521202803745200e-02 1.501224269016547888e-02 7.848133943896151710e-02 2.642304044309141953e-02 6.759907567830554520e-02 9.675975323831252639e-02 4.660044855663693364e-02 5.376572483402022873e-02 6.888221042543550554e-02 3.221710819343394372e-02 4.940114837791394209e-02 1.206531195579355759e-02 7.184753770779750415e-02
7.849063564919148139e-02 3.277502649241128413e-02 2.424978006603651162e-03 5.890784431321684222e-02 2.902581012820037998e-02 7.446718358064489951e-02 8.931175917888906080e-02 2.974255170092784603e-02 3.125111417418424686e-02 5.712460130936337921e-02 9.510644236590612421e-02 3.231470625173036432e-02 9.522090263754078021e-02 8.657412293968937134e-02 1.620552182008446959e-02 3.301778100911346991e-02 7.622622637568712833e-02 1.569450133772920704e-03 2.176798566595422590e-02 7.969565719893750844e-02
3.967898508946909875e-02 2.426984897533458752e-02 4.367198381709271049e-02 4.213207826577885368e-02 3.669417196309572582e-02 8.945400663673297448e-02 2.510636014142849856e-02 2.993385470182331753e-02 8.840460149761013298e-02 6.188566649091323257e-02 4.857958789407858247e-02 5.015483240958888006e-02 3.764979526614025546e-02 4.069106278055741044e-02 5.381940440041255158e-02 5.935621215359329628e-02 7.120797554902312532e-02 7.488573819415353383e-02 6.881674402230091026e-02 2.421688178977074099e-02
2.622262402970172712e-02 3.361928468360344396e-02 5.575056694046608835e-02 8.919737894477453022e-02 9.621613364797287904e-02 8.072611947740948590e-02 2.982915080989544457e-02 5.156187173168418764e-02 9.136297555859880515e-02 8.845546091349520967e-03 7.301270727704693708e-02 5.071408327724866855e-02 2.313596409316597338e-02 4.201958376540856910e-02 2.873520848346133969e-04 1.216485982882785713e-02 6.304494594287950171e-02 5.850226173978217981e-02 7.202316807212490180e-02 4.450414394198271006e-02
1.073990008411834784e-02 1.316461994422688658e-02 6.239424822759543146e-03 6.517033681927496269e-02 3.746807705788279819e-03 3.669399169572273856e-02 5.510474021687684909e-02 5.473008402104730108e-02 1.505429847209850507e-02 6.977665794699938751e-02 8.852035094375362845e-02 4.795113431378316554e-02 8.027413808664871087e-02 6.957372834003544559e-02 9.947914065279803153e-02 3.675782889712036344e-02 2.937549229175117141e-02 1.648143214335835369e-02 3.657220778438128456e-02 4.664143470652348106e-02
1.624701495924069095e-02 8.166266617620882018e-02 7.540580140625266492e-02 1.781332222997034087e-02 1.254214256118206874e-02 9.590189590846164014e-02 9.524059418461140736e-02 8.176087444461023479e-02 7.164245631359575373e-02 4.367576183595679729e-02 6.793011801889672907e-02 8.283028437766459806e-02 2.072357453797216836e-02 3.735783569946837888e-03 9.881672383949764715e-02 5.335141738718695431e-02 3.009591779054525754e-02 7.488255623459298682e-02 1.850734944377832245e-02 4.522256627060559225e-02
6.611837718079120740e-02 2.022376323577094320e-02 7.833735631282118250e-02 1.752568747097826883e-03 2.155090560157502111e-05 9.055868786367838805e-03 8.898033481462930272e-02 4.236058916648432343e-02 2.451063436969255424e-02 2.005586398966940909e-02 9.917912503114578726e-04 4.402906105212760907e-02 6.448608136517793021e-02 1.602612471018729709e-02 6.871473616764435521e-02 5.698192011259443218e-02 1.027763719954839609e-02 3.922498250432038779e-03 3.162061149479344219e-02 4.497906249361297709e-02
6.012073505603604540e-02 2.872223580454258407e-02 6.136163349089703012e-02 1.762177031451218553e-02 4.299488569484553185e-02 4.070461375334281234e-02 9.819990183704480069e-02 5.234714752248290082e-02 8.074667855923697846e-02 1.614903408772040347e-02 3.382093713466545470e-02 1.214543614715536506e-02 3.600581516878039595e-02 1.203737927998457281e-02 6.991600890561955328e-02 5.765097750890070538e-02 8.234453513156564375e-02 6.219207965324272114e-02 7.866955092134276031e-03 1.954338425196069581e-02
7.536704750738175418e-02 6.633969371276747518e-02 2.986145371178875602e-02 9.670110421757642516e-02 4.205148446256643663e-02 8.975077115956442420e-02 8.829182062259217922e-02 6.916872580462662956e-02 1.061109724316700031e-02 6.033532394829336371e-02 2.821251239726030573e-03 9.191426324272614079e-02 7.893703711157762370e-02 2.909545201025707378e-02 8.901644877645776738e-06 7.343102743618759587e-02 6.300146681174594032e-02 5.227730345054690253e-02 4.369421902847808042e-02 8.501121953936520426e-02
9.939184415746503409e-02 2.552136829805522547e-02 5.624218745614332354e-02 4.941042015187290665e-02 8.104597741902565267e-02 9.562715433872996662e-02 3.112948609295469737e-02 7.504017274297250517e-02 2.714124199326671885e-02 8.030530147715697620e-02 1.528669231930742702e-02 3.449331118044997313e-02 9.478870128214578195e-02 8.424642801426390770e-02 3.151764710304547773e-02 7.049819317699915211e-02 4.201395984214986723e-02 7.389753162782231044e-02 9.872579314412857632e-02 8.877662407439225467e-02
4.796607534869526401e-02 5.847416756916132274e-02 6.124345947073932955e-02 3.236899119263717678e-02 3.314159758692551000e-02 7.125702077026091485e-02 2.305220175072877561e-02 7.046144784413348183e-02 5.601889196132647797e-02 6.963421665141535100e-02 4.401726262359273965e-03 3.958099444206092388e-02 6.396907872209098289e-02 4.154736824776669724e-02 9.851912730002902741e-02 3.590824784780967394e-02 9.986987950083955901e-02 4.786265774362391534e-02 3.670611513396983272e-02 8.002753955787737794e-02
7.692387830671658377e-02 4.142190809316182235e-03 2.531265155173681100e-02 1.179862553953843311e-02 6.508827789967897015e-02 9.718247008991828806e-02 2.030727582771008066e-03 8.305397107106815557e-02 4.476628398594778568e-02 8.580479882943180259e-02 4.431998757094273572e-02 4.999913795110016990e-02 1.691014483843245042e-02 1.585519113526470333e-02 9.172534716831771441e-04 1.342626183776446380e-02 9.646483664348678988e-02 3.376552043937033204e-02 2.295458339919580551e-02 7.799522311409141928e-02
8.264453525910474274e-02 4.525931566638541348e-02 2.879481709185011118e-02 7.859794977342327016e-02 9.865147463467653643e-02 1.183059706135847211e-02 1.221661271948404348e-02 1.774382197695669947e-02 4.123492050877380910e-02 9.915685952855829433e-02 8.789438607912680376e-03 9.227525936161880271e-02 4.045330176216615364e-02 6.011131316180454848e-02 9.344894099993295011e-02 6.408717826659926509e-02 1.302611720072912628e-02 7.940206540198352370e-02 5.067421614032277533e-02 1.604271441567773834e-02
2.629082314335494733e-02 6.669892654320783154e-02 5.237259173648670108e-02 8.587931385742549051e-02 7.769857729618299957e-02 1.539168317130067479e-02 8.740796394498789867e-02 1.229530689293408842e-02 2.282764508665692527e-02 8.464367681786594266e-02 7.228934975465639914e-03 5.480412940195860533e-02 2.442323275717565162e-02 6.163807804306353083e-02 3.671752954289023846e-02 3.231450173980921110e-03 3.166351061590675503e-02 6.244461476590563997e-02 6.605734063542932633e-02 3.244674230828453743e-02
6.860594299292709086e-02 5.122612008401247752e-02 1.586988238148407879e-02 7.038922933835019269e-02 8.993682596389744599e-02 1.042331486422565234e-02 5.315193823757864700e-02 8.233786774436543943e-02 2.306370413393357341e-02 5.472193077368479180e-02 8.815215277124929805e-02 7.230593173611470081e-02 8.064175504344973933e-02 6.637384956336732367e-02 8.962376584258532897e-02 1.793207638912599697e-02 3.785376088944828604e-02 1.521644733573383063e-02 1.126648528946637765e-02 6.007675122121633460e-02
7.609117791682107335e-02 3.011306111952353343e-02 8.954880828897739120e-02 5.267251268636219744e-03 7.454632208450258368e-02 9.452904159616556945e-02 2.846901994286070783e-02 8.413679404836370279e-02 8.507087282704178799e-02 2.046538982273361784e-02 6.998896565282864031e-03 2.306453327394960770e-02 8.044729730194377648e-02 8.791849666842632346e-03 6.158136665967860884e-02 3.910993614688748621e-02 1.442705674501646579e-02 2.918362151262798854e-02 5.967901089569286471e-02 7.552626869036140056e-02
