2.808332651637181487e-01 7.827927057356748319e-02 1.004655930287955967e-01 8.058519852263473782e-02 1.378448530594569843e-01 6.823927868335297187e-02 7.099206056244514174e-02 1.398246271299724286e-01 8.171749700484483292e-02 1.086825153619148804e-01 3.786604751739539032e-02 1.190448032543792445e-01 1.233665112425591376e-01 7.110625273603188301e-02 3.245261073304740035e-02 8.515239183319225913e-02 1.604666223636189437e-01 5.261193412120256790e-02 1.378345045127196168e-02 1.214074212891738114e-01
4.696796479657427970e-02 5.271685737576304416e-04 4.082312012495606379e-02 2.908271748470746612e-02 5.086030207161305189e-02 8.670707892158352470e-02 6.268119646478696738e-02 6.945257607792452992e-02 8.521030647654499746e-02 8.608669449572642351e-02 9.716671080030077345e-02 2.465224277825081231e-02 8.226322194354804274e-02 7.068691073695493321e-02 8.422932610146451060e-02 8.376270177065148204e-02 6.822721927407132680e-02 9.745140198359303341e-02 1.126697716703761731e-02 5.017482139928167856e-02
9.391001560078146571e-02 5.036101997443100109e-02 5.020170374987381612e-02 4.326204252111393034e-02 3.936214351340361697e-03 4.431630443773854067e-02 9.867501982469062405e-02 2.249553423652047787e-02 6.906910347075188861e-02 6.662740717388963840e-02 9.695605604683536771e-02 3.363408485418596661e-02 8.159653249783538689e-03 8.424042592320791015e-03 7.141652935540965252e-02 7.747540116630513563e-02 2.070122013523667537e-02 4.735661893791898516e-03 3.744551467163429598e-02 6.979015377987972391e-02
8.059296546682992446e-02 3.505847812683123010e-02 7.565103942922318803e-02 1.597074233860851233e-03 3.329576269083435458e-02 5.874732072506377162e-02 3.681707503086239369e-02 3.602533743368835362e-02 1.289245768128459771e-02 2.797248245393352262e-02 2.269385770312673176e-02 4.878411204814595697e-02 7.202119091161386655e-02 9.004282314851189128e-02 8.643538872079789548e-02 3.387102810973835476e-02 5.363120398800898248e-02 6.842062283603700390e-02 4.306109117310441547e-03 3.586449748622949629e-02
8.980969094261981311e-02 5.300044615917592905e-02 8.561567692445827549e-02 9.309105192329579503e-02 5.774922989055184669e-02 5.037725789430840678e-02 6.166935315627422587e-02 2.445144467588286283e-02 7.528879540422452055e-02 4.990125412707802077e-02 3.664329278319555794e-02 8.068180893414207688e-02 2.093324988892254768e-02 4.855482728283680438e-02 9.589867165651834446e-03 4.013493672547829155e-02 9.370977383643538938e-02 7.586666818724163708e-03 5.608492795101369804e-02 5.337350389056828848e-02
7.188753106152379405e-03 4.910833590523310671e-02 2.611223828081835757e-02 5.195753126231020952e-02 6.175447941720802608e-03 5.311397791094410459e-02 4.076540869550955570e-02 8.214935279255883294e-02 5.432883180238728266e-02 6.241771009179669649e-02 2.353535774023476565e-02 1.010626470315166905e-02 9.101900732129328264e-02 9.684442071353972781e-02 3.059890295013750761e-02 6.335371640056117193e-02 8.781037110849757021e-02 3.340141580294551243e-02 3.319243891255182349e-02 4.656508858338281875e-02
9.548524162865935916e-02 1.057682913185708021e-02 5.918192778433897794e-02 9.528180861090228271e-02 3.044214685362637424e-02 4.294998421812501466e-02 8.436262026949871082e-03 6.662294316187734877e-02 4.758955962390898353e-02 3.095323273841214112e-02 6.832535572126210988e-02 8.068903237748786816e-02 3.534415039148342073e-03 9.515958717971047254e-02 4.128877471476814082e-02 5.446574864645709058e-02 8.312378144071735919e-02 1.015837083094820598e-02 2.630535026406292248e-02 9.994345535335514598e-04
3.752833991396973407e-02 6.395023260917170882e-02 9.717151641154386787e-02 5.136760102207127421e-02 9.358696873344383993e-02 8.182625953934404006e-02 4.630285214093419338e-02 7.104971756797007210e-02 3.395891286728606323e-02 5.482017534124267177e-02 1.386119845362861029e-02 7.356427950459218379e-02 2.836931009609353765e-02 5.258910817229176665e-02 9.888676390832334961e-02 1.093970042585164053e-02 5.828173990980601259e-03 4.859915496070674190e-02 1.258626365018281762e-02 5.984783895154627276e-02
6.680390419703878535e-02 9.634332020227459603e-02 4.934490668000738461e-02 4.559741174042102746e-02 2.660273603405820600e-02 4.149958685675919634e-02 7.591243597899444140e-02 6.838759332459203033e-02 4.012198737729273657e-02 3.946558702450422840e-02 1.897277961290749770e-02 8.152668546645114311e-02 6.449912815936149901e-02 5.418607466387804009e-03 5.880490406195899855e-02 4.767192758139413011e-02 2.852904695592302364e-02 1.470107586390955248e-02 3.795328558119592799e-02 5.727899333378737995e-02
4.209772104933928033e-02 2.114253212917642857e-02 6.824717430823820652e-02 6.221270743549418836e-02 6.775597210890439703e-02 9.729551014597712100e-02 2.264807576853407334e-02 9.427852888032717260e-02 9.215199985575757424e-02 6.319966345558812593e-02 4.355416912831466814e-02 1.898953939682279787e-03 5.173326322713253655e-02 5.045085824947588560e-02 4.973036682135134612e-02 6.239671724048434509e-02 3.182523292378178909e-02 3.512799674242685077e-02 6.205905063914718411e-03 6.917446487605094507e-02
8.459709656056052518e-02 9.179815823055233193e-02 6.658504108605448057e-02 4.509396571879625837e-02 7.142861579438858355e-02 3.749618983451322857e-02 1.972285547617902684e-03 4.902763814174401769e-02 4.689417875653779065e-03 5.142391956773541273e-02 3.695780055550001303e-02 9.358873003407637559e-02 2.700782150357287220e-02 9.061264081612656340e-02 9.821659102336291469e-02 5.510769329035872938e-02 2.107995622794446577e-02 4.324089329014114969e-02 3.611665447604483353e-02 3.480102687720260102e-02
5.598674037854393243e-02 6.304439765939176543e-02 9.647564646672968092e-02 5.763532921345655702e-02 7.050813974280394081e-02 1.140845476759696532e-02 5.477078994034421250e-02 2.004754272647699814e-02 8.071441199043349890e-03 1.744907976875802527e-02 3.209841983045613831e-03 2.143652752031133257e-02 8.263587813949764549e-02 5.341839999054798227e-03 3.614808098870299358e-02 7.843015914385033371e-02 4.925233973318752373e-02 4.551585671220451101e-02 1.097007276286736735e-02 6.321133827191284527e-02
9.761699010751445638e-02 2.998730367186997186e-03 3.223689225500949579e-02 2.749865498382787765e-02 1.159552035456965641e-02 8.970314191796453784e-02 2.672626733837981869e-02 3.148797983797354400e-02 4.654497297309329040e-02 2.293272643072069572e-02 4.687375953864781133e-03 3.378192619137059677e-02 5.969713695395484875e-03 9.106535597006168437e-02 9.759936311270667186e-02 6.577244529674172724e-02 5.477915321251615455e-02 6.309756129124487189e-02 1.834987685095744794e-02 7.815441884493916358e-02
6.427658717103057646e-03 8.917811485050727849e-02 1.516962929579046548e-02 4.774405543067617580e-03 5.714666942444929232e-02 2.315537430991694567e-02 5.904773744275117198e-02 3.002776148157189351e-02 6.634211448653284937e-02 4.071186421815495976e-02 5.488031015328982687e-02 1.012961021891214432e-02 3.112734736598340643e-02 3.217365484592468045e-02 2.359875953109391751e-03 9.985910530707001187e-02 6.946241276965448019e-02 9.852766976060844950e-02 4.723867045215565663e-02 1.490676678343479979e-02
5.423706457091576061e-02 7.438217854275695762e-02 1.417740510624054817e-02 6.386630497866734035e-02 7.450765776145940739e-03 4.828787471182094827e-04 1.616372088442227448e-02 8.056917788460599139e-02 3.413648137840558094e-02 3.864636119722979907e-02 6.245056293237991746e-02 6.357101397266333442e-02 4.937502915646527213e-02 3.075270829308074643e-03 9.736030272782167372e-02 5.922974173113393533e-03 8.443092941428684273e-02 9.809688403708176352e-02 5.221506861634598456e-02 2.778066519356467076e-02
6.597366136125940028e-02 1.343521479723378681e-02 2.806252747486248644e-02 8.453896135774613407e-02 9.414059360131926679e-02 2.618931900679054639e-02 4.788497103534960359e-02 7.790550753758795910e-02 5.534709517884447982e-02 7.044938393587543701e-02 5.579801032414534456e-02 9.899182439551724999e-02 7.422449155032710688e-02 8.834417142937989187e-02 5.554085796500452671e-03 6.506440247660956466e-02 7.917630680095236184e-02 9.534801247819069819e-03 3.151684008108245755e-02 1.385251451634412871e-02
1.507759895991600541e-02 1.623832006084811180e-02 3.327504805335884663e-02 8.720902046338224745e-02 5.231999236685084403e-02 8.299028442271011441e-02 4.148783188738869310e-02 8.408290206347293627e-02 9.571498591731084082e-02 9.757733280279397292e-02 5.024217956290010639e-02 5.892056299375392214e-03 3.341480688797720394e-02 7.520407453111122020e-02 2.748820203428290615e-02 9.218432327199278450e-03 8.279180705737770873e-02 5.636606980093300523e-02 2.544562993423937942e-03 7.213346832606149645e-03
3.509925334122809132e-02 2.979845017708733501e-02 2.987567908875096365e-02 1.747232578736345257e-02 5.921523772334598423e-02 1.990160583646174638e-02 5.693425895250683877e-02 5.674940806738362764e-02 3.240928907845510437e-02 8.396353608349038655e-02 7.225451568601558294e-02 1.819174023991193545e-02 9.346427199060397539e-02 4.867822283304418240e-02 5.344802992819502191e-02 7.061233806744597608e-02 7.815972859410909301e-02 2.975031779066215215e-02 4.880743695120682256e-03 1.378950636915554639e-02
2.224634381803239011e-02 3.639946312136776996e-02 8.201131682381920807e-02 2.858764405996989943e-02 6.722796831492092173e-02 6.024924533876630482e-03 1.501865785375841068e-02 6.473551079724924884e-02 3.392959835999857093e-02 5.817088165802636324e-02 5.663496866981630046e-02 7.761542893655171312e-03 1.283050652355454194e-02 5.539822965831728979e-02 3.674851199207292141e-02 3.659147421619162593e-02 3.852708544353494746e-02 1.657536439687834571e-03 2.510072207583502815e-03 6.426155077045110631e-02
3.939527082056698548e-02 5.487082961970893291e-02 3.117888259493224734e-02 4.507787411957147466e-02 1.866670505449052886e-02 1.624220068619703847e-02 9.140925833325697081e-02 1.720872094571493024e-02 5.548479100664743119e-02 6.835843569615064619e-02 3.423002257169410756e-02 9.857828787944235283e-02 2.391193930907874535e-02 3.777789691196036664e-02 9.806559537103795576e-02 5.228925082162322324e-02 8.623657290243771922e-02 7.394642273910125019e-02 7.640827018085150080e-02 1.656714931609692965e-02
