2.858550016137428873e-01 7.909739743481222773e-02 1.505744917004449290e-01 5.352620628457032542e-02 1.035113328143903166e-01 7.449561550566302648e-02 9.016429745007711882e-02 7.831482924259842993e-02 8.011413897225350134e-02 8.610353786305066648e-02 1.071721900696378238e-01 1.357179472708441303e-01 8.123851970452602989e-02 7.758560787283641513e-02 5.538641179860270825e-02 6.147557542590623841e-02 9.775550547770808785e-02 8.939674689283422238e-02 3.719734210866988688e-02 5.260666559683384313e-02
4.689048182048372038e-02 5.257546304792257846e-02 8.417318414966841467e-02 1.444881050518761513e-02 4.941213796761380339e-02 5.460627378774556701e-02 2.779553825119618609e-03 5.820142999492187302e-02 9.032955966587545571e-02 6.864619473035442343e-02 1.102206848733461308e-02 1.237862324735139463e-02 1.761574892653608101e-02 4.925114979394893538e-02 1.866377441036971493e-02 3.323122881726858074e-02 5.760401920952891441e-02 2.666397064061090325e-02 9.646990632604358906e-02 9.581243398857902660e-02
1.687568684251755657e-02 2.000380904102307122e-02 1.379605645430093163e-03 4.436296169675080572e-03 5.470994484941547192e-02 6.338385631936370446e-02 8.263079863503124123e-02 1.377173980628562146e-02 6.889631721548208909e-02 1.256960157325737182e-02 1.330456913281811288e-02 5.014526384129672221e-02 6.795775859355861204e-02 6.263858836975862154e-02 9.031342159002468672e-02 1.991573485126757470e-02 6.518977359174882302e-02 1.818686836248596325e-02 4.453675273436927262e-02 7.553345104389386222e-02
2.454074033028669222e-02 8.925512466782853371e-02 1.669999170310024900e-02 2.434364443685020987e-02 5.503899740616662734e-02 1.987970142906822155e-02 5.974619312880548316e-02 3.531482823083895856e-02 4.114322057906682345e-02 1.770887110849209828e-02 6.982130725427060369e-02 1.163452275530020390e-02 1.312403804684897368e-02 4.855935114710170641e-02 6.842138479154935993e-04 1.983217019581892324e-02 3.393239880756001442e-02 5.009873929477340337e-02 1.434952777907563294e-02 7.045195374377397068e-02
1.502119562626358373e-02 8.219429933044200554e-02 9.072487801799651586e-02 7.211105619605840365e-03 7.116487978942333259e-02 1.631898613035536252e-02 9.731922253725612190e-03 8.899763624945949969e-02 6.201427926471641400e-02 2.024848982825223909e-02 7.281890329843400400e-02 2.121815332400189878e-04 1.236404304820356605e-02 4.299392805696163056e-02 4.579940447771446710e-02 9.894313683600108877e-03 5.331474682498104495e-02 8.641362008433400854e-02 5.614958794503286527e-02 6.812177326813319278e-02
6.508143842800184764e-03 9.564231019555070878e-02 8.910764288413206002e-02 1.552846572994979329e-02 4.489140384855604821e-02 4.135434060252958510e-02 9.108659161957204098e-02 7.324101846803308946e-02 2.421481004864187853e-02 8.751545441034780382e-02 4.497408313232430926e-02 5.116440421897425900e-02 2.303942596163609594e-02 2.445037523725227674e-02 7.861925911743444795e-02 9.171816237214584777e-02 5.696215949740442153e-02 3.283755665631504957e-03 8.343448950893528338e-02 6.804218109642917733e-02
6.383741635583603524e-02 5.830402145045376211e-02 8.551785077078270791e-02 8.052658063356082918e-02 6.877960810616784437e-02 1.278721853903295319e-02 8.166758315975198787e-03 8.814551736007024407e-02 8.969754765688803255e-02 6.508316713443282331e-02 1.401478784469641949e-02 8.165389419952580330e-02 1.216754943704692095e-02 1.357543908273486401e-02 7.112208443323020379e-02 1.936863848967163015e-02 7.945300950696657094e-02 1.564614842016745153e-02 3.994261576656278623e-02 5.383724799509609360e-02
2.295907751910141251e-02 3.871468015505549753e-02 3.685947861494549838e-02 8.493840749788605926e-02 9.551644070756092064e-02 4.792045970998524279e-02 4.368382473904897610e-03 7.667515335493584050e-02 1.898710566230289720e-02 5.415432768210007297e-02 9.377905726447220702e-02 9.665470554954381718e-03 9.527281764664934094e-02 9.996645808606714756e-02 5.173604412818199466e-02 2.404906204691863517e-02 8.472937360814672414e-02 7.153721551548385127e-02 2.973618263333843801e-03 9.633965361438155683e-02
4.714499007436551148e-02 5.271637956665934516e-02 9.920555436238365221e-02 6.407618368355787186e-02 8.059362631563166124e-02 4.116965825105200344e-02 2.381944390268153720e-03 6.449590713257946639e-02 4.814721738910102133e-02 2.407598583557768457e-03 3.371925900286523031e-02 8.634730367529577788e-02 8.859527356282066723e-02 5.837267859976927320e-02 5.321430713907772392e-02 6.222096550911360158e-02 3.793537269890604607e-02 5.710524433726709564e-02 4.297532261871692821e-02 1.166687191804624026e-02
3.857614231063835608e-02 8.133371503934394564e-03 6.251678572813659795e-02 7.056338272490540742e-02 3.597719864243272003e-02 5.963652093802279675e-02 8.147849288160774472e-02 9.463712873956081628e-02 6.119376024405487335e-02 4.397604468531621236e-02 8.864229301672677669e-03 4.664321385885696059e-02 6.023485663677639185e-02 3.256935410898483679e-02 3.094446300466539151e-02 5.738258822444790991e-02 1.927217959983354087e-02 9.508977218242044283e-03 2.786551395124579195e-02 1.249302297009324825e-02
4.287005405072548403e-02 5.219874694945081384e-02 9.610043283537622605e-02 4.278665371884227478e-03 4.572574163028197969e-03 5.913389846193529975e-02 7.081617517411029072e-02 6.382208197467389987e-02 8.941726092006291315e-02 7.060622161839519295e-02 5.000467757135114433e-02 8.672461757576292729e-02 9.454121843410757953e-02 8.966696360863452009e-02 9.793261454771352847e-02 8.892012978715328753e-02 4.183716940152503588e-02 7.430126125547917293e-02 7.505057862049729911e-02 7.617702044551172280e-02
5.555753022460857560e-02 8.786840752229030382e-02 1.464008232023155179e-02 3.743486521445327318e-03 1.702540278196570597e-02 5.264094400481150737e-02 1.748601818097479318e-02 2.515427577537274889e-02 6.028040447726984441e-02 8.208501576057400384e-02 9.377583319111276738e-02 7.227856622029605292e-03 4.417953467602812184e-02 2.490165176729053614e-03 3.685788010258472802e-02 4.465974333374509581e-02 1.483038693165564942e-02 5.312887461400690736e-02 3.095394632943247043e-02 7.637154255981246087e-02
1.477401361508601241e-02 8.696605248251609854e-03 9.682430800555225092e-02 1.396076601056963663e-02 9.736313508138060013e-02 1.481801571855636580e-02 6.213748011232966828e-02 1.163656999659044150e-02 6.808640662740010618e-02 7.479346721073193427e-02 2.759931964456875664e-02 5.666948931735110717e-02 1.330649341687793058e-02 2.779670114675859838e-02 1.089695373652522885e-02 6.326506129812194124e-02 2.041323470219881531e-02 4.064858742787480494e-02 7.354383838423955710e-02 7.128485711421859994e-02
4.413264551579729189e-02 9.752021067202515381e-02 2.809614200878900528e-02 4.460085541341363255e-04 5.557594969917033917e-02 7.053224175566868981e-02 4.380878727798610817e-02 7.378929677180311175e-02 9.486066077553347020e-03 3.114057374715453394e-02 6.705469651380130403e-02 6.883574437727550677e-02 1.956891326368374179e-02 6.309169451828881836e-02 9.648466556439186381e-02 7.055280957358501213e-03 1.633979338021088884e-02 2.038451276270334539e-02 1.256808469478066896e-02 1.111316726686342217e-02
5.217401893623981046e-02 6.928881368845164757e-02 6.028139702630819219e-02 7.472111616419266356e-02 4.234126783234776203e-02 2.570496910227276777e-02 5.668067768358187562e-03 9.185719262013603004e-02 6.791273260649313692e-02 3.629213524752853554e-02 3.633826256909413605e-02 1.356506793580676377e-02 5.308729800489719874e-02 5.897235212452762998e-02 5.002250223423892334e-02 1.446384269703578952e-02 4.478069430799117706e-02 6.450859807400292911e-02 6.243979046637220670e-02 6.928898210995838164e-03
8.415983161602048901e-02 8.337450669144527704e-02 4.574292925263641341e-02 1.032974283174149625e-02 7.236531272221391475e-02 2.805292916397579550e-02 9.926527402576407200e-02 8.931362994912689368e-02 1.995032635776560273e-02 4.954357505369802461e-02 5.158190303427234724e-03 1.906885376850098179e-02 2.293557817184832710e-03 7.038328161623007284e-02 2.169490717355569004e-02 1.460701064056843003e-02 3.634984035518664530e-02 4.509985458523768642e-02 1.730151818157510402e-02 9.757173401324159556e-02
6.537291250990316660e-02 1.029532205346137680e-02 4.635012882137726220e-02 3.621289891936030347e-02 5.487672304848367549e-04 8.271504904237264588e-02 3.857655214491632206e-02 4.511333954911522087e-02 7.167978588945324303e-02 7.522126732061346077e-02 5.126730062388951126e-03 3.498568337743564877e-02 2.260234155147601565e-02 9.410744612724217251e-02 5.675899929942345573e-02 4.741703779614903080e-02 4.403681342700974111e-02 8.497922485736385256e-02 2.736784006699931673e-02 3.329743714638776914e-02
5.501584592321606682e-02 5.022457484418030998e-03 2.483735683505937722e-02 3.077750151853490129e-02 7.280016777952290352e-02 8.535378158112455482e-02 4.641025699851506620e-02 4.588314346030158974e-02 8.451194146779071603e-02 7.201913401197819475e-02 5.920738901045970171e-02 1.309115643949532171e-02 9.777110591898101333e-02 7.920747705727716401e-03 9.492130349083272023e-02 9.274146773192964988e-02 4.555375406453959081e-02 4.025199557630143723e-05 4.679075054544221818e-02 9.218547884775135648e-02
8.140591805491279032e-02 3.800494201703553954e-02 6.796014093569069554e-03 4.815061145005634924e-02 8.466895289758297194e-02 8.218476118038919864e-02 4.429501966354498776e-02 6.571214410362440084e-02 2.003250204794918693e-02 1.064031944561578784e-02 8.858264416345845715e-02 2.851923808788178402e-02 5.752953154840054900e-02 3.307088999194036927e-02 4.754425815228618957e-02 7.616611793638619621e-02 4.103620796227702705e-02 1.559202089518574308e-02 1.134873655608359400e-02 2.477755637830275637e-02
6.024935016204714666e-02 9.408556366038857421e-02 3.728464988419018938e-02 2.930800182254808192e-02 1.542871237097854890e-02 3.267306018724969174e-02 5.065919612322386523e-02 1.851448911364959177e-02 8.564918994081122117e-02 1.506176165726812524e-02 8.554174138004053130e-02 9.180680758504249084e-02 8.654097435997222185e-03 7.087060711291409687e-02 7.276752749405136084e-03 4.235320112398324732e-02 2.355023776293643442e-02 4.627184075447379752e-02 1.284652005821086511e-02 2.354331736285713086e-02
