1.563101663130155028e-01 7.877558273673476719e-02 1.383287567805735752e-01 9.253451948932710225e-02 1.332664796844936772e-01 5.456843130856734586e-02 1.010079120712633338e-01 3.303090659433344234e-02 4.916403259755817295e-02 8.020265185965311239e-02 1.697591704576195126e-01 6.058765232388713118e-02 5.442162198151335312e-02 1.046786094825576108e-02 2.462321255259243558e-02 8.785744640411088935e-02 8.433687047409202386e-02 1.371210318959369956e-01 1.288845806656557236e-01 9.563998192011295696e-02
8.625305728836164809e-02 5.554366706611418153e-02 6.946662602652313445e-02 9.645030593618067472e-02 6.146029913961744556e-02 7.476789247557112661e-02 4.308126081621901915e-02 5.143183488884094795e-02 9.111481372069715756e-02 8.235169408648991551e-02 8.547616865420117060e-02 1.582899381645697101e-02 6.202362296739140357e-02 5.749830509871014378e-02 7.249374998312313467e-02 3.356203180975091127e-02 4.957798933012737969e-02 1.420112606652165765e-02 2.008378083696893499e-03 2.033521367501721008e-02
6.240306482745447414e-02 7.727436074688576184e-02 6.969800992013576446e-02 9.903163900426488475e-02 1.012053460889638656e-01 8.373687887039335531e-02 8.018871218418562041e-02 1.562672320919208935e-03 2.986045649029282767e-02 5.071757640072178941e-02 8.662021053108318047e-02 9.123126809159536055e-02 6.501950198061888508e-02 7.201978010029298771e-02 4.334195463401372544e-02 6.598040853288798802e-02 5.811199428764922403e-02 4.970258348378913532e-02 2.201469528486790089e-02 4.178022067382249072e-02
2.407466642489645287e-02 9.279912988309359234e-02 1.047733353409611122e-02 9.847092385467472175e-02 8.540494746649794633e-02 2.160535148325622157e-02 2.645273491635476322e-03 6.109627367635487444e-02 1.469250271570881304e-02 1.129262229718432445e-02 4.275277967998609291e-03 1.991995057783495574e-02 8.821397984611029086e-02 5.887591465613230962e-02 2.865417304036691534e-03 2.293538562482053469e-02 3.226538694024670001e-02 3.764482930504957359e-02 2.552602918593613779e-04 3.328332938671560437e-02
9.678090976260315947e-02 1.991688539269871605e-02 2.966299324770617449e-03 9.256611127203900891e-02 2.645104084585536350e-02 6.982571608090346049e-02 7.889972159365676863e-02 9.805837469677783358e-02 8.035640106559428786e-02 5.296746798793147692e-02 1.109810514236266032e-02 6.767842432374955586e-02 2.853274643832726803e-02 9.460552997828679256e-02 9.478059185052802038e-02 2.927546963181164308e-02 2.185459939093907858e-02 7.094127138135795929e-02 3.986720733737639938e-02 5.531619556417394917e-02
7.966446268853752399e-02 3.943850764319575125e-02 4.984488807021628110e-02 7.636681560410578384e-02 3.448352721336285509e-02 1.068051185943723162e-02 7.119975279706217131e-02 7.409814545055466717e-02 8.038851552506630360e-02 1.329507571416738100e-03 7.120862657999674217e-02 7.623439105158628416e-03 8.891399674178178392e-02 5.019884755055817327e-02 7.639253972461107489e-02 5.357342739148338029e-02 3.112183808603042126e-02 5.824844142642068845e-02 2.610280897642955691e-02 2.251891037574015736e-02
3.730578648621894061e-02 5.092514860955223849e-02 7.113128790617553876e-02 4.535068581404590182e-02 7.554458762506012330e-03 5.481316633878680761e-02 2.898602555525298455e-02 9.597085665481143446e-02 5.537395496913857795e-02 6.265145846811029373e-02 4.601267350682221313e-02 1.610052386364195856e-02 5.208346719792932705e-02 3.122851403248196739e-02 7.064593895093206066e-02 1.864759176024511494e-02 9.499493500917839672e-03 8.454837177369042833e-03 9.442632393584088346e-02 7.024368872313116463e-02
2.584160556648743001e-02 9.392344168041880104e-02 4.324159909787114037e-02 5.596626624941041656e-02 2.289414516560469431e-02 9.723077744885745555e-02 2.474634849081162880e-02 6.861681388980010732e-02 9.413950518923901167e-02 1.803118461355647864e-02 8.469721269362948113e-02 9.979358973321371395e-02 6.168464824949766723e-03 8.253892054849598647e-02 4.061852572292070501e-02 9.559693435925835370e-02 8.342015531194756084e-02 4.492635512197625663e-02 7.388895513298321394e-02 3.695121956134228558e-02
8.435892750423641673e-02 8.257084662308331047e-02 4.773845380116212983e-02 8.920931555066954899e-02 7.287899869987832235e-02 1.173921734843120894e-02 4.824594365210752023e-02 8.761029092930727735e-02 4.679108777974574918e-02 1.133865229801142398e-02 9.096064929125652343e-02 9.714319083703462643e-02 9.518059583303985563e-03 3.858415589868040285e-02 2.791386297067495123e-02 8.368727350685323946e-03 7.028164802075222151e-02 4.594416933623404059e-02 4.111435158798853497e-04 1.191133669801038887e-02
7.718600024486638178e-02 2.676171688278672703e-02 1.086031977889981986e-02 7.190395188828162254e-02 5.014140218122148385e-02 7.546052873685551998e-02 4.781803660233348990e-02 4.377391820370128694e-02 1.261563762927930647e-02 1.684580309904134404e-02 4.104589622346623001e-02 2.945585179782801190e-03 2.869685445154776873e-02 3.667029486888401246e-02 4.759825618649533158e-02 1.290306099714417544e-02 2.560477419571983299e-03 4.910322848545891489e-02 7.743007545656951929e-02 5.678533024890546586e-03
8.995702014571364813e-02 4.182221440708490390e-02 9.598654341290899228e-02 1.740247919338041085e-02 6.657259742659525636e-02 3.271535337483661571e-02 5.948319473307149552e-02 9.011025588946057485e-02 8.449733736782341631e-02 4.637623626574239460e-02 2.320797069942923813e-02 9.304234324673293227e-03 4.914460727129383449e-02 7.946111004799829430e-03 5.966956443161162971e-02 3.163763300423375058e-02 2.032083780750121305e-02 4.933833055556835490e-02 4.812670125708099107e-03 8.930872775558071353e-02
3.868300590391476196e-02 5.654830086034507569e-02 7.148171742648179450e-02 1.706757264977715183e-02 3.583647997858046413e-02 6.432739957339940473e-02 3.032779518090236368e-02 5.343524749097877669e-02 4.742632255881604197e-02 9.921039569790850166e-02 4.952882647682961548e-02 8.364535173706581783e-02 3.191723840217297603e-02 1.010720326759225185e-01 3.603404148378343275e-02 9.871565381722428867e-02 1.070637295675751222e-02 7.044274504461441044e-02 9.180189489853908535e-02 5.070596019030845086e-02
2.138399843830237138e-02 6.146714445745864869e-02 2.664912329306518696e-02 6.135116352609387702e-02 7.096890818782021493e-02 2.934385508707961984e-02 6.141890156758327002e-02 8.917862058485621912e-02 8.645094664657070049e-02 9.582637465654110509e-02 5.490223227568488684e-02 5.023726305056630537e-02 8.186143605226625652e-03 1.727657502470159034e-02 8.063559337200659760e-02 4.187824265753841563e-02 1.819793532311918954e-02 9.094558710134705362e-03 5.448140391520009396e-02 3.211634236465823328e-02
8.377206520716341809e-02 9.767696392341881917e-02 7.920455501059450731e-02 8.963364885000769944e-02 5.800610409907904635e-02 2.224408682428518844e-02 1.584104028966959107e-02 8.033554302965034699e-02 5.525852053363395494e-02 5.990321791008849928e-02 4.873964562490797764e-02 5.380021915202902634e-03 4.042640042341830858e-02 8.556599184436534944e-02 4.902441077522692869e-02 2.646517357787386490e-02 2.605690208211147024e-02 8.462057611345617791e-02 5.984680577230085119e-02 6.975508639513250397e-02
3.431395824751017065e-02 1.641005311357766200e-02 8.507668513391905551e-02 6.171705019462744163e-02 8.953444028408501232e-02 4.374001265915241493e-02 8.093984188446043393e-02 3.672962399739151951e-02 4.686651101134071268e-02 9.171498515351443614e-02 8.116314979863017975e-02 3.575620368011298705e-02 8.725411586597674185e-02 1.289394120959559686e-02 2.771469363995045232e-02 9.697948807152996509e-02 6.473754638360568192e-02 7.119890777232723740e-03 7.918942402827479354e-02 2.428509510063596097e-02
4.406082342651641837e-02 7.293445384355519423e-02 6.174930197840956120e-02 3.533455318560995567e-02 3.257293135484801844e-02 8.832426289678667330e-02 6.453950081163753461e-02 3.354255404201850199e-02 6.830846393598050126e-02 9.540986756915575961e-02 7.165637430718439782e-02 2.366063496031614241e-02 9.953593398353081934e-02 9.752664900843392715e-02 3.371279514978483410e-02 3.860088388730630038e-02 4.766146154258320278e-02 6.576166432063873524e-02 9.520254769627184421e-02 9.141985946888835091e-02
4.368393883264695687e-02 5.823884310612830600e-02 8.781806125666082041e-02 2.906084378463344442e-02 3.050484806594237416e-02 7.303378071423852202e-02 3.119134695737535434e-02 1.487704344739635039e-02 2.991517083398293961e-02 2.463231621320100331e-02 3.061284610363058586e-02 8.553910284739575653e-02 3.405987605787678951e-02 3.401838190930322331e-02 3.946342084815598200e-02 2.344876138311197122e-02 9.176636311735011931e-02 5.447232591367479754e-02 4.228611814604300856e-04 7.089405039777380013e-02
4.987032756896993616e-03 4.948824741896517415e-02 1.826531020050213908e-02 6.719228329306579928e-02 4.752540240215945636e-03 3.762536090107456571e-02 9.709899535630479861e-02 8.839342453365420238e-02 2.384493909960975003e-02 6.677727437056049653e-02 1.123486711177724279e-02 2.664607050323203330e-02 6.566233655175943325e-03 9.507614773153016952e-02 2.483132517655772808e-02 1.007481922817497766e-02 1.198664449316664236e-02 1.002035949747172999e-02 3.755213352421630374e-02 2.890987265446797599e-02
7.510834244428191142e-02 6.489327127821356567e-02 5.976382718848097242e-02 3.728281737915965788e-02 9.034163225588731638e-02 3.456388897010729405e-02 8.541470885845642291e-02 1.523311587779840881e-02 2.025946424243625643e-02 8.869790598002720572e-02 4.795048886674203870e-02 3.490430996643550943e-02 9.538742835992766733e-02 2.439794684775144565e-02 2.165247287169979121e-02 7.649177411687471673e-02 8.329652243674948164e-03 9.164669873744997475e-02 2.831927460384349102e-02 9.773349286349081178e-02
1.010970860817423100e-01 5.360509594279115608e-02 7.801130875343106896e-02 7.220661258110817882e-02 8.152704837213169131e-02 1.199762826820192398e-02 3.719080968337899924e-03 7.985053932309674196e-02 4.893541913437459562e-02 5.807355141208867672e-02 4.452001280686216506e-02 2.537443973439645201e-02 4.923031575516403913e-02 8.804843100439914416e-02 6.746051023366729515e-02 9.548899224009071984e-02 6.929426696449927925e-02 1.014390128771785887e-01 2.576320224044968341e-02 7.048224588865088791e-02
