1.532205248281953147e-01 6.755411287539184184e-02 5.690522456478874780e-02 9.875103541564478338e-02 6.538372061164424154e-02 1.038028868421200512e-01 9.544973377716935159e-02 1.107255767445703420e-01 4.649901549789650645e-02 7.903997929801372113e-02 6.293279435349537210e-02 1.211327152950117392e-01 6.807312635470301465e-02 7.749980269020906309e-02 9.701940435345010605e-02 8.992941639947019117e-02 8.396093390225028985e-02 1.346622171464177675e-01 3.583440576882446910e-02 1.294470564378594202e-01
9.023223449938029550e-02 3.265387398868258712e-02 9.577378024358813857e-02 1.657131258072417831e-02 1.467519449922330931e-02 1.434944838348185814e-02 9.011317093084685037e-02 9.180196925552791543e-02 7.865121344887418542e-02 9.674058257736650734e-02 3.579907549213110635e-02 9.464963058110389960e-02 9.057693368180295967e-02 3.788587014660985131e-02 2.686091467076141479e-02 8.290817123583250903e-02 3.160752617400866722e-03 7.582157794044454280e-02 9.378834107773077744e-02 1.447690778633096975e-02
3.139158397137922080e-02 1.600311453336270701e-02 5.498284549286776984e-02 1.992246018744397301e-02 5.194138879471509734e-02 9.824109782026957394e-02 2.353876509836956912e-02 5.282750530520928522e-02 1.181589877684925162e-02 3.181323924809317891e-03 9.009922155814512404e-03 4.008927050005835213e-02 9.839297374790298423e-02 8.736532311954904595e-02 9.957074849774660841e-02 3.322481867611039308e-02 7.740801617009648861e-02 3.416898147491725241e-02 4.460099968773972162e-02 2.157509626992292623e-02
2.958492757606767665e-02 7.611613241860935852e-02 4.659338246593903304e-02 5.562083277774424600e-02 6.164418109327836348e-02 3.548114630741087266e-02 2.607630526370890989e-02 5.406662625326141836e-02 9.643173583346800748e-02 3.147426391920973149e-02 8.455419796376294813e-04 9.031296668184830845e-02 2.186816478525906854e-02 3.709286023846146418e-02 5.281206076690717760e-02 2.002563130656497686e-02 4.091687063635534444e-02 2.652019307822162802e-02 7.971376440829998355e-02 1.573174600190867245e-02
1.754010957052876260e-03 2.534625361114248646e-02 5.039316388575955374e-02 7.519925520724413462e-03 1.006206109739959248e-02 8.953104598258701530e-02 5.943291814545145074e-02 2.543382279429700146e-02 8.282747122289928210e-02 7.860455401740427950e-02 1.578170208503447414e-02 4.326409432598154331e-02 9.827064689291456490e-02 9.335240812134655564e-02 9.834789986732775380e-02 8.201612985193021399e-02 7.138640199121991381e-03 4.013367749413931235e-02 8.234478177769496976e-02 5.321593653769782217e-02
1.641577235136575108e-03 3.091127623976366867e-02 7.771289300645965736e-02 5.402838215114791516e-03 3.788466118982808297e-03 2.017093221637583991e-02 7.813383778334147267e-03 4.733336460109437843e-02 8.058589052280992759e-02 4.619917046764365764e-02 8.538413974165645626e-02 7.598549583262655853e-04 3.179862227263405977e-02 6.392733732339328512e-02 4.782129859949500045e-02 4.179038476673794383e-02 4.815746252408752148e-02 2.703678055418470318e-03 8.826449628256452518e-02 1.846313338787239008e-02
5.033757610852606507e-02 1.995188663965888343e-02 1.154598335817768121e-02 6.415500550260093415e-02 3.650185560206337110e-02 3.254826310448587917e-02 1.840424117750192809e-02 7.019743118741017529e-02 5.755580277131169820e-02 4.394279849775310949e-03 7.932978277259888911e-02 3.672206623398962394e-02 6.744362131588946263e-02 2.700544956732634991e-02 1.834980246269113727e-02 3.017769340954430668e-02 2.803202052278076437e-02 3.887259392877649711e-02 2.257387532886551140e-02 7.498289679710359867e-02
8.936678318392916875e-02 4.463460637902826045e-02 8.929512985274756787e-02 7.081338120377471401e-02 8.576761940008472557e-03 5.158976132595052833e-02 7.738626290626295090e-02 6.110745694497009273e-02 6.070516910322918541e-02 5.774523389247211008e-02 6.560708980469151519e-02 5.566464718903103848e-02 1.743721675098908186e-02 8.564820098854804276e-02 8.361331613116694539e-02 3.753939068970008758e-02 7.385218975293954269e-02 6.958012568811297593e-02 9.935554351200395762e-02 1.331167217757725334e-02
4.415100309505506221e-02 9.648347760110448368e-03 1.059799173085774517e-02 6.640853690246666108e-02 8.705114322422047302e-02 8.638760240729155548e-02 2.280100202536632092e-02 6.945000466151625418e-02 5.011899192633227640e-02 7.632283474944069612e-02 3.433670925030747612e-02 4.458900962390442008e-02 1.173848304626741099e-02 2.128935228649379147e-02 7.937974630552994959e-02 9.710983752479587783e-02 3.596783902037901937e-02 8.930055236697392873e-02 9.458327054516911525e-02 8.491879868863903835e-02
7.672363994936001741e-02 6.193772652478010676e-02 4.818528423704147856e-02 4.352862754429147329e-02 8.079951715678351798e-02 5.984665217953454887e-03 5.111632902717035826e-02 9.052521663307419586e-02 3.926938318843635131e-03 7.524418032450033711e-02 2.343291187002199266e-02 6.236812701677215548e-02 8.128460898460808381e-02 9.228563542982450019e-02 5.119631952947058251e-02 9.703565074822845249e-02 9.298523786612276909e-02 6.575566526041994042e-02 7.771770683471616870e-02 6.781463950469610036e-02
2.104642368214603917e-02 8.286650670554826514e-02 3.448707668502962870e-02 7.620258505538628213e-02 9.937965328248878072e-02 8.255468896797507963e-03 2.942535285587904656e-02 9.632234546793384811e-02 1.237051336334460752e-02 4.723537231487772575e-02 7.614415512125616292e-02 3.239790742820560648e-02 7.701362518433516047e-02 1.981173046100048393e-02 3.451167952966829183e-02 1.971046576553737648e-02 9.228839543942778806e-03 6.598746584583693731e-02 2.900628869229102819e-02 5.850332171459131370e-02
3.757780840815923284e-02 7.893997921426390563e-02 9.054833331888192949e-02 8.796466016015856704e-02 8.852632654943576318e-02 1.346830640623257296e-02 4.961519270800322789e-02 5.041308057243311380e-02 5.067386317985715129e-03 8.340540087608795672e-02 5.582817411352286596e-02 2.856527345493244238e-04 8.221487596354920546e-02 2.853205687749958697e-02 4.568374115254606599e-02 4.343421308966329691e-02 1.351409931521776672e-02 8.887134905707351484e-02 1.186052085654211528e-03 1.346622583756868982e-02
6.588220849851988969e-02 5.829193565039545583e-02 1.336893519767057975e-02 4.416439960739262927e-02 4.280195731785784580e-02 7.636910739971236595e-02 3.116599822512144610e-02 4.773576538221376009e-02 1.895736363286176090e-02 8.572561995613044161e-02 9.110672538938781317e-02 6.119172701379912982e-02 5.368403433486619580e-02 6.886060495405565973e-02 2.009850773852964873e-02 6.608771980743140262e-02 2.459240900059119980e-02 6.732431622496420909e-02 7.723817818957356973e-02 3.263612836012108609e-02
8.635386013631762489e-03 8.451779159274118436e-02 8.193658571368406252e-02 9.854452467919015690e-02 4.462705345233072829e-02 3.402658464054151427e-02 6.516075129690400425e-02 4.036396514384042733e-02 6.325358074823284049e-02 1.576261817526242170e-02 8.665859189749847147e-02 5.154029906111350090e-02 9.267657708591411914e-02 2.677760982420420918e-02 2.017923521963192399e-02 2.169340424102129961e-02 5.397052883017781216e-02 6.816780010013587243e-02 4.404945289598274916e-02 4.718952310304017073e-02
7.372690325483244322e-02 6.413567478972366509e-02 4.874112918752133289e-03 7.250461885539843943e-02 7.310953190698089854e-02 3.074598711901129974e-02 2.325011098444800667e-02 6.553239546508562996e-03 6.448311056673879105e-02 2.106778760728646172e-02 8.216581532733964466e-02 3.195313737393858620e-03 8.007931934158839249e-02 7.728102772734772585e-02 4.746229424407152203e-02 5.120196329523420825e-02 9.220895919663080198e-02 7.079371221001019843e-02 6.456706945488153992e-02 4.972059441398996027e-02
6.297238271772816198e-02 8.139175882482597643e-03 8.313033945561437710e-02 6.055859727427203437e-02 4.696189311814602529e-02 5.828782524886012145e-02 5.931341375140100625e-02 3.490981147868809503e-02 6.321385993757028254e-02 7.558398797762852506e-02 8.395823559718205986e-02 7.800919178794807340e-02 5.469758823323129376e-02 1.622882771544915254e-02 2.107741739444690676e-02 5.537696396718995440e-02 7.109883831312396874e-02 9.597430502866613478e-03 2.196745471543574621e-02 1.704031148495359360e-02
1.240625449774959439e-03 7.277177139936176486e-02 7.834173992393037023e-02 7.167127318605960584e-02 6.042947610313711276e-02 9.875149897499704843e-02 4.666241047574855305e-02 6.323436450406764997e-02 2.231119333384758152e-02 6.564126337786374554e-02 3.189662368086684796e-02 2.647994163295668696e-02 4.499339322647139569e-04 8.283376805784008201e-02 8.417890924092077953e-02 7.265072878612988116e-02 8.668609490980826171e-02 6.574018295366972076e-02 7.636914096822221276e-02 6.363373510045017278e-02
3.885531536366933214e-02 1.531215466501178665e-02 7.143728678428153123e-02 8.128385024874318354e-02 2.539998245037544330e-02 7.372678805557673909e-02 6.860502146781860544e-02 5.552044665530195960e-02 3.563432398009249574e-02 9.987766110625387328e-02 6.056407164773291996e-03 5.562221020395907017e-02 5.171832002424300856e-02 2.188543047745360529e-02 8.733097454191718345e-02 1.696200359537217844e-02 4.454019267137335203e-02 3.701470642873670724e-02 6.588419213286675347e-02 6.280404461031037500e-02
5.531036041481400545e-02 9.132843743294256911e-02 8.561615097735505997e-02 6.009860492847956398e-02 6.196439680735594396e-02 9.103893399878511261e-02 1.620324994332428270e-02 3.516720022548943531e-02 2.000136062195661049e-02 4.504129719932045695e-02 5.424903075551229525e-02 7.811491467863793114e-02 3.036813437757577075e-02 4.218382051377801006e-02 2.053527984556513530e-02 4.179327736281784195e-02 4.943244922045500478e-02 2.991712601525002915e-02 1.179088707200296599e-02 5.927477418855617991e-02
1.486370651244306625e-02 2.343854970270180596e-02 4.268322736776160656e-03 7.968976035037381167e-02 3.178142950626473839e-02 6.707202531235768872e-02 7.100830237104810427e-02 4.139219113998608007e-02 8.225936521748219987e-02 4.771471707469723128e-02 3.692500486016572509e-03 7.059116291631821818e-03 1.333654615494775895e-02 7.276361027608166387e-02 9.657173082668724096e-02 9.300532145332641998e-02 3.498459095072230240e-02 1.089895442039548294e-02 7.329274823964852803e-02 2.750510165541539265e-02
