2.767475989069018705e-01 8.275219879495196440e-02 9.283258818545188362e-02 1.344950308432746877e-01 1.359264639266182240e-01 1.519128253931086581e-01 8.001213881349300561e-02 7.661778644820388395e-02 1.257493763112651763e-01 9.613471764236100614e-02 3.991030834020531382e-02 4.056908051887311156e-02 1.488831930270726467e-01 7.320635015837220760e-02 6.601150432290840697e-02 5.523739190713677222e-02 1.098652412055167171e-01 1.055949336178698961e-01 1.236099211842609652e-01 1.450928825134156774e-01
2.491019421580097440e-02 3.438127819842563826e-02 6.507228970054735424e-04 7.928764820486555731e-02 4.134709445863537364e-02 8.662865675090287987e-02 7.249153645724815132e-03 7.514622931699121988e-02 4.018471679360847981e-02 8.743247039051760261e-02 6.552051015828096181e-02 3.121789521806478396e-02 9.544661536274555436e-02 5.378107373866914016e-03 6.676253346259629351e-02 9.821957988272664308e-02 7.921587386563812283e-02 2.653214085852602377e-02 8.728819434681263367e-02 3.340913180497530333e-02
8.437667933772191597e-02 1.596104351267258002e-03 6.274972343554030899e-03 4.388366992667785266e-02 3.096281559703676495e-02 6.337452146317257284e-03 6.173391419193963690e-03 9.934051656340965597e-02 4.811008563266812310e-02 5.858114488477095781e-03 7.765493565726434844e-02 6.657509157527667643e-02 7.841302353844843698e-02 8.940446011066327525e-02 6.914214579116369219e-02 3.479672459580829269e-02 8.031674473850086704e-02 3.993849926634303327e-02 9.868190821144377789e-02 5.805919265416842334e-02
8.710784967204378282e-02 8.369419482604732730e-02 7.328780649679629555e-02 6.130469017619059185e-02 5.682055510102967943e-02 9.778773898414810928e-02 8.908690498070394315e-02 8.119183944765222261e-02 8.820869546815957030e-02 8.319121044994592928e-02 7.900809989290370067e-03 3.496579956901920555e-02 3.334281638804693915e-02 9.218865049693875102e-02 9.557876707493085690e-04 3.860742278687880058e-02 9.228500013008011926e-02 3.763645920533610634e-02 1.277238557185411726e-03 3.816940930371756635e-02
6.795072066126707500e-02 5.403021804317925669e-02 8.347504753380444176e-02 4.910012225507627559e-02 7.127794528320208212e-02 5.737961104424842834e-02 9.124104820343631461e-02 2.489738869335631627e-02 9.262433586953618125e-02 2.465913826479147059e-02 9.987708154654406992e-03 5.170808347368319874e-02 4.899099610974058661e-02 1.828711669711258203e-02 4.287364678788716660e-02 8.023433241793166693e-02 8.771030162282400511e-02 8.511739339020986395e-02 9.623193140068693474e-02 9.544009207614459478e-02
9.963197860957243024e-02 5.685452200323505567e-02 4.890257273753117334e-02 7.559171450921539637e-02 6.174441327513387201e-02 1.175826697480244522e-02 5.793744948723216631e-02 7.190640622995893294e-02 5.901200578562503657e-02 7.563236477947753167e-02 1.170288511145940562e-02 6.114552507489674771e-02 9.529689277679334602e-02 6.679033308546782066e-02 6.436099409878855149e-02 8.911488745891486818e-02 9.633397213757338706e-02 2.954798178278922327e-02 2.479934324503854301e-02 5.290002771040035884e-02
9.808482994976780445e-02 2.656737790328861371e-02 5.137061806879064663e-02 9.235052295912574150e-02 5.619391399667964665e-02 3.022295687150305943e-02 6.482228899793400501e-02 6.641031754305326551e-02 7.020576179612247891e-02 1.095023913089576722e-04 6.362076702522395655e-02 6.240075612723407217e-02 1.400290329069922048e-02 9.548166919484636639e-02 4.783768845575875339e-02 3.262094882506385435e-02 6.207912677460521167e-02 9.606882931983611040e-02 4.722269457045855795e-02 8.113036328224085270e-02
5.438028493842991806e-02 2.211442878415040975e-02 5.504024122055149043e-02 8.630575432868137220e-02 3.502960730581759080e-02 4.152898395282392935e-02 5.631790257565924551e-02 1.231687804564340905e-02 6.314243363678284648e-02 9.266016676499787275e-02 9.929991962977217923e-02 8.654019614457986176e-02 9.841648850189232967e-02 8.331676050330744099e-02 9.482908156411519462e-02 2.751690434896656573e-02 5.448250663921860165e-02 8.561435650049925572e-02 8.651868638390566857e-02 2.527152812108688501e-02
9.143710958311280362e-03 2.139023321681752382e-02 2.155000602231699203e-02 8.568574415908976338e-02 8.382723190341337394e-02 4.589525795386095730e-02 3.253212890075452002e-02 5.504372552542963204e-02 9.595141611905222412e-02 7.548781902337581284e-02 1.976523085055932605e-02 6.009014991248907978e-02 3.989932628606639858e-02 3.437267519129638942e-03 7.232953712541759228e-02 2.611614567983297150e-02 7.799456754969263939e-02 9.234851590570422597e-02 4.103344994548625835e-02 7.332982102493106058e-02
3.056807092989470911e-02 2.479249751684443892e-02 2.439448636460275419e-02 7.606065083976101815e-02 3.137622536657369565e-02 8.369656325400626207e-02 7.746470260507831718e-02 3.889673658013704030e-03 8.865542956641253580e-02 8.185903549915921062e-02 1.375562696367871448e-03 4.767988772100604372e-02 9.428004939821461872e-02 6.778565250729094716e-02 5.739708726677429651e-02 3.279502035911823626e-02 2.661678946406158611e-02 9.545465068431382982e-02 9.595206306499893395e-03 6.498573456384280911e-02
1.724362570203885614e-02 1.985488474811296714e-02 1.983907830713961540e-02 8.368040554172007095e-02 8.163553031791938308e-02 9.014615873942243007e-02 3.437101104555145142e-02 2.220071691824215820e-02 8.625936261143665740e-02 8.731509399941314586e-02 3.122044720316644734e-02 3.764708816039061268e-02 7.766515527504544436e-02 5.194294942911895085e-02 9.799126745979133690e-02 9.184534907736136011e-02 3.426691542696611720e-02 6.769995078976064062e-02 5.796074701646394822e-02 5.062653434313671430e-02
6.656014131042219117e-02 8.549043355565083546e-02 8.374791907972906069e-02 3.588850296270298251e-02 9.983102566970351865e-02 4.215744434081526715e-02 9.594113565380323061e-02 2.340096024335649658e-02 6.384872675662940644e-02 1.160411152596727696e-02 8.783440000437967021e-02 6.317113639203590647e-02 4.611761829387978073e-02 5.845784874763940153e-02 4.030410964123107981e-02 8.498257877099313698e-03 9.240734465513034124e-02 5.361424870014380034e-02 6.605721181751411653e-02 7.457108455842147154e-02
7.930241264332635320e-02 2.508993129175870682e-02 4.934414985362915035e-02 4.804643949540224335e-02 9.394174637498284297e-02 5.672385186111942451e-02 7.268729993539445322e-02 5.393949722721396584e-02 2.125180390180160528e-02 1.669215840843189108e-02 1.039492433918396547e-02 5.091858099591939357e-02 7.752502823503948370e-02 1.735051620490273352e-02 4.266309859598382825e-02 4.051667962416347774e-02 2.703230430634771114e-02 8.508241621229116480e-02 9.258850797421475098e-02 9.565957759540288929e-02
4.735062352320676404e-02 5.919117160317032694e-02 9.365221456895779506e-02 2.897014815302502433e-02 2.677140675676498160e-02 9.430927805373469364e-02 8.626910699077572353e-02 6.925243057502129124e-03 5.056174666591193440e-02 8.056400806463781192e-03 1.048615183509051842e-02 1.172792066597737673e-02 2.112407736830155397e-02 8.139886323837336457e-02 9.376071414749828636e-02 9.506915527414791511e-02 2.592405924844050358e-02 7.181886145842775182e-02 8.900553340762748511e-02 7.274726732780707750e-02
5.551389889578918491e-02 7.371418972247296975e-02 9.734171454679478586e-02 9.863955688319206438e-02 5.355106754707961592e-04 5.588770823752964995e-03 2.620323712210527456e-02 2.625067811830075412e-02 8.305069928066854956e-02 7.229911627216369097e-02 2.490450466946772176e-02 3.287646462935856287e-03 2.703462820205498884e-02 6.731205684221874819e-02 5.955506993400021959e-02 9.935060799057940373e-02 6.697876016163198387e-02 5.135126560260420275e-02 4.442400040360373892e-02 9.692249517999840941e-03
3.725274344231475215e-02 7.441050723018420576e-02 3.689976107444016551e-02 7.575037654277520793e-02 5.574715815028802313e-02 7.193231352371065590e-02 3.121340849561779138e-02 7.761954850534330541e-02 4.104384632027592572e-02 2.076684193057483363e-02 4.504663785097350742e-02 8.689128489649575182e-02 3.060942839354201597e-02 6.093480791581556977e-02 2.021716939898545937e-02 6.361812166753859354e-02 5.950352518276591507e-02 7.740480315480720297e-02 9.654716703255815380e-02 2.743971089122773308e-02
5.772184885746272504e-02 3.770966513936452325e-02 2.736308631494981450e-02 1.949578329906415108e-02 3.603657606291732485e-02 4.632882040189948564e-02 1.624965342430299137e-02 7.349315362260092077e-02 6.808645258024494107e-02 3.814181190848292546e-02 7.529238797805298811e-02 1.270901018113298510e-02 6.836870862753918754e-03 3.218935754312668429e-02 9.206721770866838073e-02 6.096784946445082259e-02 7.478305008617995575e-02 4.464481002755837230e-02 3.243423297804063493e-02 6.417699413950895063e-03
4.352688083963959786e-02 5.214728558669024308e-03 2.742694019013500878e-02 3.937866773097386391e-02 2.488923776204567118e-02 6.851543786062645747e-02 3.245063999386173237e-02 9.520246059869318100e-02 1.580229650629208157e-02 7.190698568738133900e-02 1.802542789668465373e-02 5.458839722826123314e-02 7.372411724437413771e-02 5.789454944654076618e-02 9.416969443891491653e-02 4.922982933002629374e-03 2.639844053829795353e-02 3.061091766160473331e-03 6.492330614583376180e-02 7.882188178881553708e-02
8.596026260902549232e-02 5.181672733890582694e-02 9.664359174460025736e-02 1.049660413184307951e-02 7.872192365450592089e-02 4.636965829495307001e-02 1.851546216817681265e-02 1.689427832535212934e-02 3.846363066484460858e-02 4.812157136996815521e-02 7.229825887966487286e-02 1.280437825783813446e-02 1.524156416826879558e-02 9.420247832332286075e-02 5.876548786054289208e-02 7.513156142009233540e-02 9.886007379382039106e-02 4.596933496059753266e-02 2.123267434372795581e-02 4.669037297188935454e-02
1.926398421226823907e-02 8.959714956625863813e-02 2.505344287105857465e-02 5.803973378459366395e-02 3.987175817939463823e-02 1.749408935770702112e-02 1.006177116487939720e-02 3.376594804176352715e-02 7.465987488182088128e-02 2.928168517849487687e-02 8.191272353721598676e-02 7.595239034109843579e-02 4.259554107620724950e-02 7.977595314294472911e-03 5.605150970262462971e-03 6.750272784752441024e-02 4.220660773898587785e-03 8.329369596065633319e-02 7.270992628237181454e-02 3.300838031394642130e-02
