3.034239780603220082e-01 7.058590011270779452e-02 8.059149630295359135e-02 5.519800652560595544e-02 5.874550675737015559e-02 1.509259141523905945e-01 9.244281606309118215e-02 7.188310658955074373e-02 1.014046946822690642e-01 1.012516934834776783e-01 7.985632564051572957e-02 3.434654091470318305e-02 1.396144110417383566e-01 3.265433848440775499e-02 8.671380696545916145e-02 7.872260946527707970e-02 7.628127040987749130e-02 3.526152211934704267e-02 1.270625452018933621e-01 1.007005984738879867e-01
4.075305118661180087e-02 9.105345918789847781e-02 1.252604690454370978e-02 6.716474739441420649e-02 7.462765308734686798e-03 7.984188851055347425e-02 1.857413583634667451e-02 7.661156531053212038e-02 2.358439382108416110e-02 3.118688052134509572e-02 1.608351553654865582e-02 4.581449200723591159e-02 1.434785335037006698e-02 7.661299529129483865e-02 6.601107339647040162e-02 7.215305144709927183e-03 2.975623064603123702e-02 7.404968476927285825e-02 7.352968769847963160e-02 7.827051083623982539e-03
4.547945751541624532e-02 7.006328480139066561e-02 2.535751796842098532e-02 2.817520656058059014e-03 9.083585198890663237e-02 7.855750802383619502e-02 6.549583772446709862e-02 6.114079311687636853e-02 4.245726715556940450e-02 8.885482280642105490e-02 5.678994280075840007e-02 9.365783650774947566e-02 1.273887073287470820e-02 6.568421236652964568e-02 8.746576180149007174e-02 6.245099036759399480e-02 4.039731106575655123e-02 3.744194770358390961e-02 8.796028189044918788e-02 2.205900755576316666e-02
1.461661729489605044e-02 8.675640211598933949e-02 2.190440915663871557e-02 6.708278132827064089e-02 8.630312348168474312e-02 1.214070080230020970e-02 8.000906504264659880e-04 2.301179399071658083e-02 8.464493544144868764e-02 2.056137358366137008e-02 8.381221695915541670e-02 8.515303254116751708e-02 8.729722304324953608e-02 2.652454143043751073e-02 8.910992406681171596e-02 5.544174904744670479e-03 6.960789873011821727e-02 1.919434481502127129e-02 6.798601184353658677e-03 5.907383883711136985e-02
4.637481322723845806e-02 9.367321352281571256e-02 4.850479530336850031e-02 6.619969458050344036e-02 6.133063469965484293e-02 8.383164972343247479e-02 5.043897346813433491e-02 1.031633309929631641e-02 8.879001932610181003e-02 9.552848821706183546e-02 8.362685671406711388e-03 4.072419578902263665e-02 9.127821356154375287e-02 7.944097449100001596e-02 6.814484972868502244e-02 1.283490453732390006e-02 6.422867533072611212e-02 3.018754880564252993e-02 4.129745862663159427e-03 3.251879272083909450e-02
1.515929132337155011e-02 8.400806128150821450e-02 8.150277373723113783e-02 8.966076025393572568e-02 9.153338598375512780e-02 7.091270059309555396e-02 7.560461712710941917e-02 7.794160428629326454e-02 9.080822632975169006e-02 9.673317145291748798e-02 1.103032156429453216e-02 4.776001306214242709e-02 6.835233030700160750e-02 4.761050683849729626e-02 2.412235302852696814e-02 8.275522491967421401e-02 7.845240341688597407e-02 8.429156468520583589e-02 4.534458029931927314e-02 7.176396737997449427e-02
7.167085675011143631e-02 5.782391239679033484e-02 2.055574121124383036e-02 6.035013366931366724e-02 8.391384219712549886e-02 1.317951184799381960e-05 2.647156284816179136e-02 4.582788993106608200e-02 3.309725140590775994e-02 1.319714940197936996e-02 4.659837890166018681e-02 7.928253747111629890e-02 7.840388797851799429e-02 7.243108856356772485e-02 4.004470100763506818e-02 3.358144353881694494e-02 9.220552191513153861e-02 7.774524246482807099e-02 5.071686635705063839e-03 4.750087780680298938e-02
7.190389259785133491e-02 1.886028135023970487e-02 8.608477258644881003e-02 3.083626141119347880e-02 1.527928828092554175e-02 3.300454558425600787e-02 9.436937301460050775e-02 3.408825166335607143e-02 7.182671879614796473e-02 4.724772031526457833e-02 4.943787504209808115e-02 1.035563726880323054e-02 6.465521916446650974e-02 5.272701861337496937e-02 1.092206878358769132e-02 2.482574892166267491e-03 6.538571479847762880e-02 2.942807499415190167e-03 9.585773429028165982e-02 9.548679636636722701e-02
8.558054776361594118e-02 7.309226801481985558e-02 3.966665381406369456e-02 7.013060428701367588e-02 2.509777798658359427e-02 5.555518977945600456e-02 2.778093236144565589e-02 4.522797239430949301e-02 2.139375336652211967e-02 8.008339350977033630e-03 5.165114934826631416e-04 3.786141547633653515e-02 2.583999503104368600e-02 8.278878224857322277e-02 4.328232489832705560e-02 9.143580422170871289e-03 9.702947336001445378e-03 2.245731251880531826e-02 3.701111911935908022e-02 6.135836441001282782e-02
7.768202188727613144e-02 1.506228643407913140e-02 2.137687611552995318e-02 9.048723582611961982e-03 2.815959177526092955e-02 7.482573921172727682e-02 8.006912304002596070e-02 9.716873529662570230e-02 1.284397066545378552e-02 7.126021821768302456e-03 2.207272554106503096e-02 2.936162511464384187e-02 8.590433666080712904e-02 1.414675270768761582e-03 8.990019319530860586e-02 2.897733862916550621e-02 8.752269446111221596e-02 3.172623518060006115e-02 1.291080846660032193e-02 9.812723401043089988e-02
4.546311242635647787e-02 6.377924021955821976e-02 8.290180370017868894e-02 4.648254938618980037e-02 5.702211897291054390e-03 6.049275533967827384e-02 3.118439142802129777e-02 4.557036749491046035e-02 8.734434091004300571e-02 8.828716077501652659e-02 4.538569622957773497e-02 3.448580517183885003e-02 7.959109612783971111e-02 2.970095186437841234e-02 1.496505218600475799e-02 9.125151613090237701e-02 3.350521652152793975e-03 3.254446931498311893e-03 2.470388114034210991e-02 1.248624911151805655e-02
8.599332230965339718e-02 7.462980310541758588e-02 1.136715910476034964e-02 4.672122998757764073e-02 8.927767169130694513e-02 4.169387482279382495e-02 8.426596925901787272e-02 8.202097179048833953e-02 7.716802021389887467e-02 6.690392428447941575e-02 6.989306455418602126e-02 4.104168936857382349e-02 1.655909584878978479e-03 8.748082480214959544e-02 6.171963302195945800e-02 5.581069342529892952e-02 5.014209537848043907e-02 3.918940751520586657e-02 2.030591029996135083e-02 5.573714437684230971e-02
8.997343132223421802e-02 9.527867156746210042e-02 5.677525290951162401e-02 7.438513668968856074e-02 5.100695274507062449e-02 2.211616750391366681e-02 4.634658422682439577e-02 9.023192559649308164e-02 6.107769099828184306e-02 9.716872224416892023e-02 6.085456429130752659e-02 3.080586524093725798e-02 3.597648584278528849e-02 3.285100656421913179e-02 6.682012149528254730e-02 5.389839047850054216e-03 6.390110966590524522e-02 2.740544199541066275e-02 7.072059398641784844e-02 7.547272976389911292e-02
7.517365160827631232e-02 3.387010983340030951e-02 9.826436405515272254e-02 4.471760838647318576e-02 1.667763028936487466e-02 8.306476499209643205e-02 2.176840775345498941e-02 4.121420832458821959e-02 2.084867349265995262e-02 8.256252124761569167e-02 3.496449201250907690e-02 2.098475751026519787e-02 5.747982171995648371e-02 6.133558553484186326e-02 6.797843992197170893e-02 4.785041744582603507e-02 8.263813310866353554e-03 7.683382444516081988e-02 8.724744953769864031e-02 7.675345247707589247e-02
5.058057915742809885e-02 2.985994109726881895e-02 1.949450638915883882e-03 6.363994547799723539e-03 9.548304704598008230e-02 3.828040016530908501e-02 2.845259550928351880e-02 9.765677238019374040e-02 8.198576822070055559e-02 2.030340768116863093e-02 6.242160679970665781e-03 8.165389687791935192e-02 9.124189872946794622e-02 7.275479113299257450e-02 4.760061014784618127e-02 2.262160361133421990e-02 9.632020872126928479e-02 2.725134107950025891e-02 3.745393825579736158e-02 9.616847142827565642e-02
5.823879567531819318e-02 9.913192570046630570e-02 1.156412444401644368e-02 7.198500577394366384e-02 7.873767187677442603e-02 1.797456459171354812e-02 4.855354875667539441e-03 8.972430274065228140e-02 7.073526189095112604e-02 8.812653355328631255e-02 3.686707732336718529e-02 2.525358580562078389e-02 5.589839385714106407e-02 5.006559915746320449e-02 7.610141709658133080e-02 3.367897604546633838e-02 9.377793765368351575e-02 9.360216026369422293e-02 9.939481678876041504e-02 2.192027535424739826e-02
6.070722767776733086e-02 3.846161148939245683e-02 5.362950567435790378e-02 1.936734931409139771e-02 4.527865073997822121e-02 2.973703543179179176e-02 9.048131810405767028e-02 1.624321077976553784e-02 3.393238806968350979e-02 7.745836633108929559e-02 3.068948395701708368e-02 9.958430124809973527e-02 2.191989716562950039e-02 9.789386023146155746e-02 5.204801673090844738e-02 7.895489639512132118e-02 8.747536194978294821e-02 6.506045612002553900e-03 2.766553083873429797e-02 4.097246572123347530e-03
9.179654968542441673e-02 4.035168494675751838e-02 1.683621855420286417e-02 6.936614744075486789e-03 8.664216160566029848e-03 4.220810940544583029e-02 9.758564626467469694e-02 5.659676456569748965e-02 2.192004003028748260e-02 6.043127010400953236e-02 9.897307558904742952e-02 3.573581521098444930e-02 1.138007879771155834e-02 4.513539389184514916e-02 1.531456139707667620e-02 6.743293013241229150e-02 6.354997391741935148e-03 8.729330119232320273e-02 9.989601705789330488e-02 6.744798059597982565e-02
1.625872310310272351e-02 6.784286516150883628e-02 4.915661113722585851e-02 1.574786804503348556e-02 4.019897970717317692e-02 4.613993973841327284e-02 2.134003719861480436e-02 4.662311047642123119e-02 8.063219744983640691e-03 4.534865295269322610e-02 1.288010392083407431e-02 4.476234132587324915e-02 7.662966178326985345e-02 1.486117993406986873e-02 6.215637650483400029e-02 4.955853206727485472e-02 7.580396231383398908e-02 9.630741200369530297e-02 8.072068875908511298e-02 2.585115695389768320e-02
5.540323691487611391e-02 6.731908971496135263e-02 8.873528674603232969e-02 3.764119697935730535e-02 2.200563797094479135e-02 5.749124938214355413e-02 8.850951024562848934e-02 9.812523195383789087e-02 2.316719792830398625e-02 7.843584401261011196e-02 4.548807479956817196e-02 4.339246615877300622e-02 6.012023126185035704e-02 1.883125385913946362e-02 9.731948927245005418e-03 8.002881892416992271e-02 6.255654317915168572e-02 9.742882460257615285e-02 5.593020515619426952e-02 3.428822716882984605e-03
