2.158324762496439952e-01 1.713577190068097389e-01 7.768055259982106775e-02 1.078820253530227424e-01 4.914205854633057341e-02 1.072847937258087775e-01 9.915801944764202069e-02 1.294646410090440070e-01 1.411190658335882697e-01 8.581983685640984238e-02 3.552110596784667507e-02 9.523280787799422165e-02 4.202579512991742872e-02 9.968959391954826388e-02 7.524219608748185240e-02 8.342983671164988513e-02 7.962539113462084595e-02 3.725410350366211570e-02 1.180456334136382318e-01 5.506526023020769101e-02
9.508849056661478061e-02 3.402413359295022172e-02 3.258726124214147285e-02 1.649801668264251273e-02 3.590559490787238739e-02 1.003778466370253272e-03 9.500747324565204932e-02 8.084796406024764848e-02 8.817550016246072930e-02 3.450181301594641703e-02 6.074387343154535185e-02 4.336745310509222684e-02 4.688559723464300055e-02 9.855897986695427715e-02 2.415977871399485263e-02 3.212896828963026502e-02 4.109188442045707927e-03 8.540828105336405185e-02 8.137869737721890873e-02 8.371833851927244774e-02
8.764095139618360841e-02 5.579505104775581148e-02 6.475305178355782176e-02 7.285987387401476889e-02 6.763728411913071115e-02 4.518808969822048216e-02 3.884098251819542713e-02 1.115334135553999219e-02 8.119199116090768109e-02 9.733926737428232057e-02 5.155709970998837571e-02 2.643637314993785292e-03 2.627103672649665558e-02 9.502242055352555505e-02 7.305906484441074267e-02 7.927573553329850253e-02 3.439727448206609042e-03 1.033425063884274575e-02 3.688866026071849907e-02 5.705641903760601263e-02
5.721839420349410926e-02 2.724951420089654144e-02 3.208225622406002397e-02 3.740115793455153076e-02 5.064037190669425093e-02 4.504562548676506462e-02 1.019508124967694052e-02 4.602279095314221191e-02 6.098709018736625520e-02 3.135363939256626681e-02 6.236687729452703582e-02 5.519188138265727211e-02 9.987580063266952857e-02 1.967958863112991008e-02 4.810009515027738325e-02 1.250813630604630288e-03 9.752129593166049271e-02 6.096155368518693662e-02 3.096274851170517650e-02 2.839027241806357793e-02
8.286082839637204378e-02 6.553904431445871370e-02 1.461602914694428747e-02 4.212236190767319061e-02 4.670333815201839489e-02 8.439002998481465179e-02 1.019107927325781961e-02 5.808144531819475764e-02 3.418395572777321867e-02 2.520304293700913537e-02 9.501930751130702180e-02 8.366254371009901325e-02 1.468604728601358156e-02 5.881439453724225663e-02 6.513345786909040258e-02 9.661647680720185372e-02 6.969204571386021507e-02 2.864651599755711070e-02 7.258414242128016780e-02 9.044282031135217337e-02
2.890183336126701807e-02 3.242879006575585116e-02 4.519528752425314155e-02 8.549004681319226362e-02 4.848953728730547724e-02 6.733816541675780032e-02 5.642958621936755570e-02 8.106051264992890359e-02 8.551259306539869820e-02 8.401969437241761651e-02 4.592882686102385537e-02 4.303031792950116202e-02 8.562676070549574137e-02 2.351232519363800899e-02 5.637596106813691499e-03 8.928543487383899802e-02 6.217781776596144339e-02 9.841108413439236813e-02 8.613270801462456772e-02 4.977119766279691770e-02
6.405876503405735778e-02 8.965925287026971224e-02 4.494969766096128944e-02 3.060914647458566964e-02 3.669411829321389800e-03 7.179158521670062076e-02 4.686021617338632927e-02 6.768358960441167582e-02 9.991628256082563109e-02 5.937959311058932377e-02 2.678631183781304825e-02 5.938674900112028872e-03 3.238244077330638959e-02 5.925156522767714012e-02 4.676288070974326389e-02 3.033582128512122417e-02 7.292762429033862459e-02 7.842905100631579474e-02 9.254122068172000726e-02 7.864430108856654278e-02
8.286389727076096112e-02 9.813136654808649051e-02 8.240947554513591844e-02 4.256697475308790848e-03 6.487919992229702892e-02 8.684604969336573096e-03 2.864258273468600624e-02 4.359160160280335650e-02 7.671035048870000761e-02 7.712684095851285448e-02 1.783242998192934373e-02 1.599035183552416362e-02 8.784737601940617591e-02 3.127289133117292647e-02 1.468515404976991102e-02 9.924451676161144542e-02 5.494057887988588323e-02 7.130610394213934833e-02 4.933671477552144247e-02 1.561286613201151585e-02
3.598348760559260534e-02 4.957298988246751359e-02 7.137133429646547178e-02 7.392615857467466772e-03 9.139747562595049168e-02 3.308384325867321646e-02 4.016374140193197662e-02 5.837887251484291662e-02 2.932310408713563465e-02 2.891914629457147459e-02 6.872864105817072522e-02 6.602499077994054832e-02 8.785660348879087422e-02 2.500113169811395489e-02 6.911276950476075501e-03 7.626999683832108579e-02 3.511694472121431460e-02 2.996388054081198377e-02 2.911683677591385758e-02 7.617493841346006933e-02
6.696350895586501706e-02 5.098621157363095180e-02 8.885320313376410262e-02 9.555786902053402254e-02 2.722861883328913171e-02 2.644159263280856584e-02 1.548315467474813481e-02 2.615741525179825569e-02 5.870626074294589547e-02 1.959722852938504747e-02 6.684580622344914180e-02 5.113152444706656197e-02 7.637518026209673405e-02 1.218507934204791227e-02 5.190910506920303619e-02 9.769439225683633488e-02 6.645499072505543781e-02 3.255514299378526027e-03 6.265940549596031584e-02 4.568942894223022855e-02
7.744716439588439361e-02 4.028795883313204818e-02 4.120377722229047468e-02 3.951005482992986373e-02 9.096672681467780908e-02 1.862186191420584988e-02 8.241389395312902211e-02 7.012070913559068086e-02 3.740838024863898242e-02 8.909223618600381478e-02 1.975392370438595890e-02 2.109425808469269845e-02 2.434394714225690537e-02 6.461889273510737497e-02 2.941948587318074168e-02 7.293783604071611693e-02 1.237935011829973710e-02 3.029949686727133676e-02 5.715087491717979473e-02 2.614607726775836083e-02
6.965174695770093641e-03 2.073142718536168452e-02 6.832128587422901800e-02 1.424140924268474384e-02 2.315036955769307625e-02 5.726126213318205593e-02 2.868387529873006603e-03 8.982400927157952603e-03 7.541469700504965790e-02 5.510326828744548794e-02 6.586385477476701389e-02 4.170067191778450977e-02 4.465797466749767131e-02 1.230068039917354798e-02 4.307804730966433709e-02 2.847561697819734044e-03 7.751385847532771267e-02 9.510515415043781229e-02 6.787157943105230629e-02 1.619662024037926695e-02
1.990772030581430471e-02 9.943741642733675001e-02 7.408545225039751825e-02 8.537094256581533036e-02 2.948388741662089085e-03 9.240669517950138301e-02 1.219568572231455317e-02 9.774748727279082561e-02 9.318232080294691633e-02 8.577768674990574049e-02 7.208350031848630157e-02 8.984601946949047346e-02 7.687653534295985081e-02 8.035168423112471143e-04 3.260410207107474617e-02 3.834858285750054885e-02 9.492017468172131434e-02 7.314805273287602883e-02 2.344855377431788457e-02 9.933855002098750109e-02
9.025768160144620467e-02 8.385776580331117530e-03 6.128501630162861563e-02 7.045430715260105059e-02 7.465460045078550766e-02 7.054320938057882795e-02 5.727231184273026687e-02 5.442289157838883784e-02 7.690943495545990438e-02 9.277482752172740155e-02 6.655352520357003809e-02 5.072930951705526686e-02 4.114362517248637552e-02 9.303412580750297645e-02 6.177566739399158874e-02 9.279136840719237611e-03 5.065074068038945276e-02 5.596623595227478987e-02 2.041029389233487562e-02 7.264705179910088684e-02
1.558037976173422094e-02 7.708308109022365961e-02 5.629905784688058606e-02 2.404600568079620290e-02 2.168713118647763727e-02 7.469524860708799674e-02 4.391903233309346621e-02 6.585813622827862979e-02 3.757775531912049133e-02 7.452962328341332376e-02 1.834871708630431142e-02 7.490873330226520410e-02 5.001626259905220945e-02 2.884154546551820613e-03 3.348223113310855488e-03 8.121408499678919868e-02 6.073391125162254378e-02 5.419285813706809646e-03 8.112366087208681964e-02 7.697967846567432826e-02
6.052681054743374450e-02 5.951567805439884895e-02 2.343689405813420773e-04 5.027580067915463080e-02 8.463411429289571797e-02 4.446660672872076309e-02 6.573994861985103799e-02 5.309050999908723756e-02 3.356829153875871136e-02 8.259795401119593428e-02 8.371900392047439132e-02 4.291344759917630619e-02 7.037029611756348557e-02 3.906868513389145925e-02 5.002394519772224157e-02 8.821773583219356951e-02 5.709529435498827271e-02 3.450887814581896779e-02 3.326316773883404576e-02 2.637627338236260555e-02
6.349292492897758156e-02 5.022986515825317300e-02 9.108792413861103998e-02 9.140289861556387396e-02 6.643231484561179512e-02 8.301709427819221887e-02 1.933185417914047577e-02 1.373179951735869000e-02 5.091049774768518360e-02 7.271915319756774854e-02 3.931405148570476897e-03 2.237629186600608236e-02 9.816969827399217585e-02 8.667497843580079797e-02 4.210992158549775946e-03 5.017002602518405574e-02 3.441608769652904423e-03 5.284239237293521241e-02 7.246942655215397877e-02 7.789779230138924038e-02
4.505102403557773721e-02 6.796207371611133474e-02 5.904290416839478445e-02 1.124265420619820037e-02 8.735006629267029130e-03 2.585702925334966429e-02 8.004185556845234972e-02 1.111664115893837984e-02 8.120443486859579840e-02 1.056413323209629690e-02 1.912456467189952575e-02 5.554673216105485145e-02 9.773353939325701845e-02 1.504946890979397267e-02 5.465972652346090532e-02 9.265603754557509564e-02 3.035371803038120625e-02 8.662897423362769453e-03 2.482530613666929231e-02 8.244635709021969072e-02
6.658161409405485842e-02 6.945356779246338041e-02 5.007223697130811640e-02 3.674307696737668522e-02 2.026781506307362424e-03 6.567797944404128729e-02 9.348988406067043622e-02 9.782924781455529240e-02 8.021353599726988026e-02 3.070321637050238417e-02 8.351372171254807519e-02 5.677542444102310487e-02 4.080953695926869962e-04 3.873330994377308101e-02 6.255209675239170597e-02 1.775653344198327085e-02 8.896170856064442023e-02 8.168306676319334048e-02 9.977863132285559253e-03 6.465999012981581140e-02
7.553449845122202355e-02 2.195317197631332581e-02 5.509306565227696517e-02 2.136393171336360697e-02 2.699042954270590780e-02 2.395998410772443021e-02 5.065878271569484309e-02 4.552598272889118308e-02 8.884589796017527963e-02 7.470316374464568143e-02 9.794994251857755407e-02 6.569267848748745753e-02 3.928897444053236661e-03 3.622133152973757569e-02 8.805456991090324093e-02 4.922843762281626373e-03 1.296643150065588529e-02 4.710451620290097285e-02 5.224668962131970990e-02 1.823175936335445085e-02
