2.470490432553772708e-01 9.387063047967952878e-02 5.373845561164699441e-02 1.090066677490193203e-01 6.043369951624771863e-02 1.397888699577752303e-01 7.433312642831091388e-02 6.255249286301567402e-02 1.206521506922507148e-01 7.279968871170769407e-02 9.352010096221644031e-02 8.440125580395907434e-02 6.583084541903302944e-02 7.411675278317840510e-02 1.019843348006863881e-01 9.737421245907762479e-02 1.255178262643706077e-01 9.019634691672172300e-02 1.049734532297733891e-01 1.354249620678207311e-01
9.066779618964027065e-02 3.728696071380517563e-02 2.278098801675839877e-02 9.328509046679171746e-02 7.720106169465708323e-02 3.218821565616192520e-03 9.440607470160065906e-02 2.388846117928658183e-02 3.652201410787604685e-02 9.048138893948610983e-02 5.569654228878223590e-02 2.794964735974343750e-02 4.108267598254055492e-02 1.469117347785942225e-03 1.531648418543953873e-02 5.776815507013071532e-02 8.581604997265403212e-02 7.482563762879411440e-02 3.731623804680903739e-02 9.830083487170795942e-02
1.414390665346969625e-02 7.650244940344395894e-02 3.601503738810352129e-03 3.067254123859783008e-02 2.501556397600509726e-02 4.220820806693226235e-03 1.297784981977816512e-02 7.268353401871359420e-02 8.000697134759794660e-02 3.770410435434722735e-02 2.665394419663345144e-02 9.139214670650257222e-02 6.511482511892321967e-02 4.788309449408667540e-03 5.694309301684975788e-02 9.564397987569350779e-02 3.284556212979197060e-02 7.698792932641887465e-02 3.680920681565436319e-03 2.129169249593325722e-02
8.311604560889421234e-02 6.520863535221817220e-02 8.923223245466221920e-02 1.969167719628425392e-02 2.403437075998710037e-02 1.854702600668305459e-02 2.356864266857461657e-03 6.580134513551501307e-02 9.150999323852687661e-02 7.553131956206793340e-02 9.078192274682429785e-02 7.626926509926380826e-02 8.530135603606603389e-02 9.871071192476843503e-02 1.216481841464945972e-02 3.189498938940209943e-02 2.780855188616098220e-02 2.056884960698582981e-02 7.724639405803768177e-02 5.583641189854160469e-02
2.383011151241132275e-02 9.809710887310450766e-02 4.328770329011788313e-03 4.712145276521451619e-03 2.067489697455837921e-03 7.106196059259831110e-02 3.609415298637763669e-02 9.040893480239015068e-02 4.032688087238833069e-02 4.399842742245638205e-02 3.167975567140218079e-02 7.467966687103655583e-03 7.912442840229273744e-02 8.670750516080760750e-02 8.573516038977674336e-02 1.886657599618587686e-02 5.471635259642220611e-02 1.585071909422322220e-02 6.640955387150482010e-05 6.390507931062967828e-02
3.205258973922130855e-02 3.636196330211929201e-02 6.025658385923191029e-02 1.582702968235366603e-02 2.123308669233229390e-02 7.669520962881364035e-02 3.026301023450334027e-02 8.822627015688071228e-02 6.553249393183753491e-02 6.263861693483234461e-02 2.169612078847249628e-05 1.766170411380954194e-02 9.512774351894236202e-02 2.360023979204676353e-02 7.894609172185342028e-02 3.961071997549060753e-02 2.411346568761863103e-03 3.240370386306925393e-02 3.695311177250859558e-02 9.310975541162445912e-02
1.495982984139868771e-02 7.867849782918086288e-02 5.661527341437494476e-02 8.954085935717101541e-02 1.378966669278424220e-02 2.096399804443462023e-02 5.989396953698090248e-03 1.282813060083025716e-02 5.149585896367084303e-02 2.975028886928126129e-02 4.991261661593972276e-02 3.177426290855561025e-02 7.432694947417947673e-02 3.782371485374552700e-02 7.358487656377621366e-02 5.729494075542299059e-02 2.810640770606354436e-03 1.115777599915380829e-02 3.746356986994050370e-02 2.633564069410221364e-02
7.557042574878473917e-02 6.080964584742044182e-03 8.964906811311268084e-03 4.231731703861515981e-02 6.268001260044860079e-02 6.441728883117200932e-02 3.152735572412634912e-02 6.827841976218330944e-02 4.362881640132254372e-03 3.300814345893927915e-02 5.725882631471368445e-02 5.225691227210456369e-02 2.342404613928405002e-02 3.871672288557298502e-02 2.857978728933687970e-02 8.762840882102923556e-02 4.766585184042901324e-02 7.899126313469911898e-02 7.919868949135419611e-02 7.963720518327307984e-02
3.555804783075659087e-02 4.292120059348162459e-02 7.768493060899626934e-02 9.360052834338108974e-02 4.635338270639534353e-02 3.435945586299658100e-02 1.355394433077540366e-02 2.741980803857643409e-02 4.991181403597936411e-02 2.871478037880334164e-02 2.103541771762249685e-02 2.133845582933089485e-02 8.352778422091278188e-02 9.956683185094809818e-02 4.411177562924328138e-02 9.048361057248126282e-02 9.846255341713149034e-02 2.063890362654487165e-02 1.248218435714902944e-02 3.183455676759873454e-02
9.305776255723963164e-02 7.128944794879651936e-02 8.513521664746448447e-02 4.101708250222965702e-02 1.783848149400994038e-02 3.084210749038767199e-02 9.735134549700957818e-02 3.620989188078118509e-02 2.202114993381284677e-02 7.585078075872106473e-02 2.529382971430537211e-02 6.083720641908203774e-02 6.188009320851089318e-02 5.344956859086993917e-02 7.513139826086118189e-02 3.052931067117982400e-02 2.253550012072135303e-02 3.764054855943143457e-02 8.665161963436117387e-02 5.465781059920928053e-02
1.227128470410672294e-02 3.048490126144020110e-02 6.532729266445980870e-03 1.197854935224396122e-03 9.736471165029469965e-02 4.469049957259212807e-02 1.316351953237513556e-02 2.485963154172007514e-02 3.147441527729875205e-02 7.210000941877613145e-02 1.468655915882488691e-03 4.752606226451181609e-02 6.606747100246795901e-02 9.116409616608756256e-04 2.633936145127524497e-03 4.733156369684789200e-02 3.149936907308611284e-02 2.091083714229191506e-03 7.717035834322198695e-02 8.189874100461824735e-02
1.249149373206369720e-02 9.537170958154075895e-02 7.601733808839863937e-02 6.985099942169406551e-02 2.726119962509173864e-02 6.830925873172953577e-02 8.570547952484443288e-02 8.457598302397519030e-02 7.866780170205470157e-02 7.279923351478161109e-02 8.620006793630585751e-02 4.838941940484445953e-02 8.652358556874469031e-02 2.289200927145597364e-02 6.634827260040129793e-02 9.347513730931988896e-02 4.426808492817999041e-02 2.151907591012525156e-02 4.141038096658533618e-02 9.598463882753874299e-02
8.620947425274254339e-02 7.721808401451353554e-02 3.941703809746213705e-02 3.448923130927728301e-03 6.390975004367834000e-02 9.351542183988260405e-04 6.218358418016383532e-02 7.698100458228558651e-02 3.628629927394139143e-02 1.015826265117936167e-02 7.551809613197098259e-02 7.449427254096935291e-02 2.521225277968471012e-02 7.624046693252349571e-02 3.729251736704484316e-02 6.733186442551154088e-03 9.629732217214789780e-02 1.094521518294797741e-02 6.483959445687076384e-02 8.521084785091199987e-02
2.753419556730313245e-02 9.437284671634002531e-02 8.113906052755390230e-02 2.202540239279571210e-03 8.791610959047584106e-02 3.882774274351102201e-02 2.188105415594418166e-02 9.350954531681249238e-02 2.318647529399575895e-03 9.688477896557979793e-03 8.871450209346393168e-02 6.687729360230813824e-02 9.912589559991639987e-02 9.212924972851223304e-02 9.385589100786422001e-02 3.156317075878396772e-02 8.609156190809674758e-02 1.201846818377911956e-02 1.424526075289506144e-02 8.560002835066939098e-02
3.930364916378906864e-02 2.461741331308320291e-02 4.768121494187088638e-02 7.478266797060927062e-02 3.593399154523093525e-02 2.119489230361435578e-02 3.010334481555569999e-02 3.742380751756498730e-02 5.785668487201642285e-02 5.306887668152242971e-02 7.764879642251287795e-02 5.553641483192718609e-02 2.611510956226256383e-02 8.872739221709186053e-02 3.946867066917589262e-02 1.566375033389123470e-02 7.211399898476922310e-02 2.227400626338848014e-02 7.508786925089694884e-03 8.250472350140393429e-02
3.705670071014046524e-02 1.103216845163802577e-02 1.316912651743319500e-02 4.514791556967755887e-02 6.417554913485180867e-02 1.633739619217907876e-02 8.450227541971287726e-02 7.417086264106684257e-02 4.841961340119829704e-02 5.630317774901592159e-02 6.117317708823236805e-02 1.203759397325055011e-03 2.443558685309388245e-02 1.510481135376347088e-02 3.711986437671136591e-02 9.546966469176962344e-02 9.862079252323809053e-02 6.895139523551818868e-03 7.397072731398093848e-02 1.772399528558584944e-02
3.178983393706658230e-03 8.121881948133241602e-02 6.539354206511913126e-02 7.792788847106933703e-02 1.772560994046046279e-02 7.925633382647692682e-02 6.724159289755827357e-03 2.806382822892138432e-02 7.845536490247145833e-02 8.042731942925530897e-02 4.216035241852398446e-02 5.399956703261669239e-02 6.699046738086648911e-02 2.092942205260883790e-03 3.985509489343125322e-02 9.279946256249588243e-02 3.952929210043940045e-02 1.622552872351469208e-02 4.890440799219392121e-02 6.864244223117342558e-02
9.617529026254485747e-02 1.868544668917718893e-02 4.666421279428357993e-02 1.016441017961112851e-02 4.166545795288765369e-02 9.758935929688591915e-02 3.287423464372862900e-03 2.667376217264184890e-02 2.622677889709535120e-03 9.310433799179651526e-02 7.901507603157939541e-02 7.494069129866282042e-02 5.052162090733335748e-02 9.311609044717789052e-02 9.664277536412808900e-02 2.886395218851980568e-02 6.933279912289569413e-02 1.801977867839008735e-02 4.165436069203636710e-02 4.318577507017810208e-02
2.696149404128142177e-02 5.014255047123847980e-02 1.467100096537706823e-02 8.015737363949905492e-02 9.348517307898251971e-02 4.432334333112391417e-02 6.107336232261718900e-02 6.235113627825921573e-02 5.807674966373312098e-02 7.779653239771565365e-02 5.967946171300532454e-02 7.918273171317555259e-02 7.610007113824235857e-03 9.578850716412557614e-03 5.274143982470790720e-02 2.512630168345907425e-02 8.597075992437701319e-02 8.600224791671635949e-02 8.117125158409439767e-02 4.117983765950895825e-02
1.760973858168215708e-02 2.164119617418258645e-02 5.702651827096175824e-02 1.590874746671875478e-02 8.300610712591496854e-02 7.707032270786580430e-02 7.834157007427988706e-02 3.846796307012198546e-02 4.347362788104761760e-02 4.466180768086504271e-02 5.812926981379634706e-02 2.385487543761746418e-02 7.777264428447339117e-02 5.023006314199607086e-04 2.807954528438828812e-02 4.407444314874776892e-02 5.629334781833290891e-02 9.695145658675598244e-02 1.397316403029876843e-02 8.707844818618400151e-02
