1.928898476545017338e-01 1.357524025465145501e-01 9.598182757476982074e-02 5.736397272335679032e-02 4.780263598786769347e-02 6.117883264319970427e-02 1.046661054009491582e-01 1.470993095461400335e-01 1.155801483576352207e-01 9.532894204077574374e-02 3.322598870498694179e-02 8.507092790809347993e-02 8.719538506219430551e-02 8.707882744225084459e-02 1.265089107260389256e-01 8.350955449155450516e-02 8.330282198164608298e-02 1.164002618700952230e-01 8.131292551911074862e-02 3.137572463991702976e-02
7.397446329989543733e-03 9.785538780766329936e-02 8.964455240830392080e-02 4.380648977139459110e-02 9.823514563027851976e-02 5.576249465368243036e-02 1.071477940789038533e-02 1.084916551289146804e-02 3.759540795506308847e-02 2.619118235361411751e-02 6.424381725888584325e-03 5.964289983279628254e-02 2.350302975253048057e-02 1.668851812109146612e-02 5.994164987953984336e-02 1.671773619486849327e-02 7.203611134029196117e-02 7.714491574923852679e-02 2.696008187751746180e-02 5.804045705824489865e-03
5.936362105153636382e-02 5.951237901258073226e-02 7.561749425711078443e-02 9.698714853200175734e-02 7.300063899130417033e-02 7.092655488135253539e-02 2.621737142813176588e-02 8.839438120847784019e-02 1.321392921175938012e-02 1.445447048944785776e-02 2.223481954106685393e-02 8.065258995715782198e-02 3.289414046999455943e-02 1.846351286464704630e-02 8.876465067651220786e-02 4.471337373397438197e-02 4.772683545432810032e-04 6.175016472214625574e-02 5.533142036272545305e-02 1.928836892269403247e-02
2.173084357135274258e-02 6.025876842821949186e-02 5.238792646705525691e-02 4.531309414672932134e-02 3.271291854708026359e-02 2.419821023632935664e-02 6.517643984159621207e-02 6.223682542643649285e-02 2.444578044433436473e-02 5.284829835715035284e-02 8.186738458644031435e-02 2.213118511741231365e-02 6.400220563609494706e-02 7.630965992612593219e-04 9.230101164878691533e-02 4.179698856259075890e-02 9.971610469247940700e-02 3.824538217186423256e-02 7.309441607588018815e-03 3.814249935038564049e-02
3.113824019324080983e-02 7.585009384368979549e-03 9.375269819379931924e-02 6.793463361222673753e-03 4.330912670863967112e-02 4.300669887090020904e-02 3.596780744170399030e-02 3.754646780328847744e-02 2.785040103007986600e-02 2.934671908515886982e-02 7.355950053908034969e-02 8.172716480107079101e-03 8.006667675894189873e-02 6.683804987838447287e-02 3.293739099947240456e-02 1.212304400172621414e-02 1.396963764248659997e-03 5.286091127881369783e-02 2.419174899714104932e-02 6.303612647190524887e-02
9.375085921988091098e-02 2.805019451626010810e-02 3.863655731539429594e-02 3.442580074303591003e-02 8.723234314184161176e-02 3.564998050177502903e-02 1.181387296294590487e-02 3.296926683496124305e-02 4.297399944506986001e-03 7.604098237327149012e-02 6.191179567718664567e-02 6.433055924650574187e-02 8.484454255360351568e-03 2.723166683604158131e-02 8.510193224931648925e-02 9.441550512461166500e-02 6.083674824330148612e-02 8.345841787113872021e-03 4.431976315519040033e-02 4.541217483437254288e-02
3.228427252630629296e-02 4.990155287245703897e-02 1.832301365921761363e-02 7.045837259086554227e-02 2.769068576177834487e-02 7.959499683581439111e-02 2.111798093528083342e-02 5.856423115226938592e-04 8.168621100540317259e-02 7.685543250631798884e-02 2.965255238029063101e-02 9.695079005689936913e-02 1.939647074353467726e-02 8.522982381578553257e-02 4.902508452318163346e-02 4.201091448776143183e-02 1.410932398260052005e-02 5.706205027073570080e-02 7.386096594824047290e-02 7.917071378999814002e-02
4.895951463943790799e-02 6.650807136942307740e-02 6.272430253978437953e-02 6.184825411053634925e-02 6.411033936671462624e-03 7.046757741977641154e-02 5.093586454192390589e-02 2.623162679028676753e-02 7.949192655612766223e-02 4.617230526714848765e-02 4.302331505958188057e-02 4.296852415558871478e-03 1.179618120272724058e-02 4.050261920430571483e-02 8.383750615219609514e-02 8.467602224667276911e-02 3.141872547001623231e-03 1.576284357650623719e-02 3.439295931468984435e-02 3.015683893155049131e-02
1.715130848219057619e-02 5.095133137890935082e-02 9.737925401711562678e-02 2.064557910884765729e-02 7.697102248501770660e-02 1.316323243748969245e-02 1.061793982957762866e-02 8.070529867401643465e-03 7.413857282313161823e-02 3.033594856028522246e-02 6.560830317350518914e-02 1.794483717975138212e-02 3.945827644942589280e-02 3.124613530530749930e-02 8.243081887398054364e-02 4.595462373742486423e-02 7.642768186947160314e-02 7.663055369952476159e-02 3.756789905547133768e-02 8.938530675920442967e-03
5.626892343750364289e-02 3.947911141345422648e-02 3.132287169164996860e-02 6.585367495726912601e-02 4.985496747798336126e-02 1.321761396934829740e-02 1.689271269541118420e-02 6.921086447160663957e-02 1.548399757657371693e-02 8.430214077237024872e-02 4.299290445418141315e-02 7.475808013141059527e-02 3.327552448902998394e-02 1.502788879486012356e-02 5.703814879696566392e-02 2.717311923025192075e-02 3.367508828241946167e-02 5.603158635416499028e-02 8.057882709618315042e-02 5.724267374622948185e-02
8.115273294188557474e-02 9.809747473888795477e-02 1.328741918499540958e-02 6.509040540503685870e-03 4.815170339835631724e-02 7.973716276335339470e-02 2.827941036582748424e-02 9.706367651154018672e-02 9.172511532814929536e-02 1.544544895106377859e-02 7.952662914405096706e-02 6.029140552023407734e-02 1.193924381310899202e-02 8.131371762595202002e-02 8.608884035513542088e-02 7.408161047597314197e-02 1.835511524942366052e-02 6.125913508474402358e-02 5.803794832711933055e-02 6.742618140285508432e-02
1.634706137239767473e-02 9.688057332146350273e-03 7.643165719685707238e-02 7.097927545857615761e-02 6.849136308085812530e-04 7.213678823303142085e-02 2.838441963057732054e-02 9.868396520387411053e-02 1.303234394310224392e-02 8.364747723902024590e-02 3.104305284632931372e-02 2.808651065840379879e-02 1.503138024254400268e-02 1.740554491282716651e-02 3.512280909910499987e-02 6.563531282835800840e-02 5.159786541109157671e-04 8.335738910317321004e-02 1.902318573591205153e-02 7.054989914912686289e-02
4.839156831844666773e-02 8.800968013141641580e-03 9.968106680975381828e-02 2.802074450264287198e-02 2.919448507210603561e-02 3.443508996020283684e-03 1.861886259828285026e-02 5.507139310961109424e-02 4.797773587961114139e-02 2.417986613076320707e-02 2.712975912333285416e-02 3.173460077839174252e-03 9.499739893301151206e-02 7.430735192660962996e-02 1.311376278071856374e-02 6.542848166960942013e-02 1.040988610176963973e-02 8.304458295368249976e-02 5.988247498161128335e-02 6.193551543829867168e-02
1.454680327193817041e-02 9.208625498200644077e-02 4.130031831086262983e-02 4.887056371246729924e-02 7.199579057930306780e-02 5.165872049469429073e-02 4.412781111792755256e-02 2.346311375516257902e-02 2.586925963934039261e-03 4.488280748089500810e-02 1.820736678713771525e-02 7.843523716254476030e-02 1.608180129049590137e-02 7.240151922005774732e-02 9.206309781551176574e-02 3.896559389646639393e-02 3.502314645689708159e-03 5.295444723561860967e-02 2.495097679858759854e-02 6.475869535625751461e-02
8.617779272736525442e-02 1.120667817417875245e-03 6.322328440079325040e-02 3.819476730489255317e-02 1.405621158941672277e-02 7.742029176977371918e-02 9.461222504292382540e-02 2.130620637939304590e-02 4.982553404962142621e-03 1.830651331425254755e-02 6.012810212398688597e-02 5.208049995614300043e-02 9.813505152083915051e-02 4.844628084190552575e-02 1.693949781415815536e-02 3.340824486812551258e-02 5.276787773769860135e-02 5.902635143759529801e-02 7.925513881601652100e-02 7.234239318770208094e-04
8.048812239700083027e-02 8.953858681249932117e-02 7.538194884641559457e-02 7.452164426748669745e-02 5.038382690399592634e-02 6.161375799664158687e-02 6.995674776838307907e-02 7.517174435487425366e-02 8.159023597956753526e-02 4.925086801593136360e-02 9.068295671492317134e-02 6.217269545693826505e-02 2.045544347173813490e-02 2.456465503252919236e-02 5.450131348727046965e-02 4.235061530759581805e-02 1.507151594460510828e-02 2.101722630365754265e-03 1.725345405515296346e-02 1.637068295401866800e-03
5.991195190231499157e-02 7.303710623186238093e-02 1.611789232467411223e-02 8.941397447440735391e-02 7.739221569409426849e-02 7.321299772377561077e-02 7.327469371158291250e-03 9.977504886871353673e-02 5.196028402981768546e-02 4.268684585001000786e-02 6.003493302961387945e-02 3.771719843381234061e-02 5.796049961175278598e-02 2.942190713058776691e-02 8.239757582208684372e-02 9.317066076700071531e-02 5.426600883149726440e-02 1.648750773527330946e-02 3.030359672715055019e-02 9.639495657721380839e-02
6.073307594164804174e-02 5.888317030463884744e-02 4.365252492747394991e-02 2.681513676154228046e-02 7.192241377576305550e-02 2.834480138076626160e-02 8.027049702401535536e-02 8.286970080543271111e-02 8.359427867849482385e-02 3.792369333137349946e-02 7.721525816095965722e-02 5.554095543598091406e-02 3.672573634608530119e-02 2.589101070398691987e-03 3.774910121911569105e-02 3.004590273112535403e-02 3.009168099054837509e-02 4.954010622290386245e-02 6.358275018669168333e-02 1.742557449095225725e-02
8.082667969707674205e-02 4.282763332854269689e-02 7.462713406030818675e-02 1.347108198295639096e-02 1.651043762139059587e-03 4.188921015291278277e-02 3.009737188595821428e-02 4.189027226649785773e-02 3.948448373292644947e-02 6.204037843546203468e-02 6.020723325670841730e-02 7.393392999998676940e-02 4.220051814165556858e-02 4.246806256786814227e-02 6.711232539923460416e-02 9.284787138162456377e-02 1.041975199840060665e-02 3.247945682255128086e-02 4.090034458617480134e-02 7.872192067778853442e-02
5.195751131540863460e-02 6.379705381928689467e-02 9.469239813534278960e-02 1.441193795577958708e-02 2.731631536793562021e-02 2.239267659920183423e-02 2.391285247042236606e-02 9.967017666445143753e-02 6.855409656191417678e-02 7.704005473203140442e-02 7.560391143400801983e-02 1.989444319718514185e-03 5.585431109551868695e-02 5.665740439980750109e-02 7.248875473129239022e-02 7.081347966222389934e-02 6.574678379037553200e-02 1.150934756950216034e-02 1.853693787997268139e-03 6.296022123824239480e-02
