2.221886383112197383e-01 1.439272560420724878e-01 8.669902224655048895e-02 1.083960188265981894e-01 1.029943401438744854e-01 7.736394409477070910e-02 1.443168251565391524e-01 7.535184354435862930e-02 1.144655715366589693e-01 5.361797730556777664e-02 1.114825301605988916e-01 5.200195051572733401e-02 9.763961834972739728e-02 1.175988322237657702e-01 7.258360109982489594e-02 1.237657434634523990e-01 7.912509248068147483e-02 1.019118782992582684e-01 1.079295448697141224e-01 9.351230683664155108e-02
7.047716423747200920e-02 4.075626239048966981e-02 8.633094203760212360e-02 6.416258477711113406e-02 7.146458753214937620e-02 9.615383642866319469e-02 3.775115535860787061e-03 6.139194910178931083e-03 9.799191574824651918e-02 5.643590168480305813e-02 7.080865574358682912e-02 2.304104759045993989e-02 3.994642998801874872e-02 1.913246678999011921e-02 1.418988884658085002e-02 6.946130411690204509e-02 6.595602967589894727e-02 6.779225847176541253e-02 4.617217366824562935e-02 7.824264930907352811e-02
8.467024464542799445e-02 4.511926918426623773e-02 4.769940487387660383e-02 9.480603084414288917e-04 2.184064987238836311e-02 2.297816270246855197e-02 4.151634605980270704e-02 5.147701896257798199e-02 5.844545097563900136e-03 1.448452437383640663e-02 2.143772396276679565e-02 9.395912353643041948e-02 9.402382810280691949e-02 8.576497802648655466e-02 4.342018450356868731e-02 3.983144278814915173e-02 3.714296326354056543e-02 6.558018712408410222e-02 1.433839972432850857e-02 3.342337684066622877e-02
8.928724976526832002e-02 9.486615557353450176e-03 9.219814282798967364e-02 8.893870328619589427e-02 9.459679099504166022e-02 2.691026276088466160e-02 1.938861456064113961e-02 9.599167126579272180e-02 7.083959986373235262e-02 6.477688384359010787e-02 3.388753018042307830e-02 2.751323602877262398e-03 8.652287630522456641e-02 5.582798343687993270e-02 9.028352348619488044e-02 3.241204652538699424e-03 5.678541447018368993e-02 2.240214691585191986e-02 4.333418071707736269e-02 9.199074205001001037e-02
1.162129512598256489e-02 7.973112902221413112e-02 2.098485438283198990e-03 4.994588588384130806e-02 7.176920263738549577e-02 3.421786898874993460e-02 2.315501657070762054e-02 3.530389898441759454e-03 8.871269505769281694e-02 4.013908490870479739e-02 4.613586852050302611e-02 8.943915890380008116e-02 4.887932688713322177e-02 1.154642066417295790e-02 2.615671438978762683e-02 6.210994824466595232e-02 3.199442665146415982e-02 8.962810626809292192e-02 2.304105214643657751e-02 9.019094407868093188e-02
5.505069471373465195e-02 5.088271175756919895e-02 8.372224552330161107e-02 4.726843913495552829e-02 6.349375332604176303e-02 2.867506347956256391e-03 6.709520704408356018e-02 8.275355462070445312e-02 2.827323156760065334e-02 3.546792827669820874e-02 9.131517187435228815e-04 2.185535792477113701e-02 1.093711542504762629e-02 5.174386156881230492e-02 1.263318435614438351e-02 6.614558804558377803e-02 8.980865849947312907e-02 8.443601017325047531e-02 1.061157586435994976e-02 9.800955241580722177e-02
7.274371857291628274e-02 1.906286947066644297e-02 6.550596166369436479e-02 1.014978319338747867e-02 7.686786496858771800e-02 5.560207005622863630e-02 2.736816956468383563e-02 6.685298053679687540e-03 4.189930182577706469e-02 3.192228010608130773e-02 4.491012308071461873e-02 5.535242271776386752e-02 4.639301390817205523e-02 2.684733137642079503e-03 1.591696600003905324e-02 6.431703912411759760e-02 8.202063231380593566e-02 4.838838713487996629e-02 1.520669968328462393e-02 4.857442923289054248e-02
4.939676918125270738e-03 2.784619449458029805e-02 8.914287462108637372e-02 4.565553084555325214e-02 8.009539138798987823e-02 5.902347354290948811e-02 4.661463810499122395e-02 3.200283731330869075e-02 6.560097959242254528e-02 8.488365681003956498e-02 7.204173553754717775e-03 4.229053699014862465e-03 8.226325561138991826e-02 4.140192498610346938e-02 3.013420681475707449e-02 9.516377291743134681e-02 8.341753487980037296e-02 5.531445425636911939e-02 2.382933708622283001e-02 3.417596343195302561e-02
1.129889313375492289e-02 6.237779123627940764e-02 8.642678747180293497e-02 6.380545612142882184e-02 7.651795234076094743e-02 9.144791818702231734e-02 2.158848341583566657e-03 3.789095902672008631e-02 9.958572209521300567e-02 7.368602053550546427e-02 6.373715999511518626e-02 9.383187722895099114e-03 3.486242011000624530e-03 7.807740121459463833e-02 6.567420238501461664e-03 7.645707356824582579e-02 4.359024674297487176e-03 7.330539322954525427e-02 4.197620793453007287e-03 2.404204951272608318e-02
8.738348846748003607e-02 9.829878080860126113e-03 9.883328635610233101e-03 8.736131262734914138e-02 3.099487425122258652e-02 5.187945240613089232e-02 8.659623891529637241e-02 3.524607182955721146e-02 2.095783792009459773e-02 6.046118052328670889e-02 5.487919207074350159e-02 9.601341410479126426e-02 1.392478805916903470e-02 7.695044678836575336e-02 5.559190202865606223e-02 5.929220778534237402e-02 9.984000537973217876e-03 1.689221842103207083e-02 4.746270607362847171e-02 6.521544528813393027e-02
8.116998515555411131e-02 9.733664817964191029e-02 5.085069990132290441e-02 4.318044306725749709e-02 1.770297234428592700e-02 3.620926155947203767e-02 9.343689704052297873e-02 3.129942934850232089e-02 4.958317241053041696e-02 1.818692630460855622e-02 9.508451868422120035e-02 1.769452146414074521e-04 5.812602351924481964e-02 8.655066194963693949e-02 4.831581333815764684e-02 1.200738176350450367e-02 8.471078522360733776e-02 8.866760575279220014e-02 1.479206105217234501e-03 7.351659892724982104e-02
6.586286006929947812e-02 7.534250786440781222e-02 4.897197332367052292e-02 9.472672685512462457e-03 3.409421245657706656e-02 1.702549861072129994e-02 5.421626138939723838e-02 3.617675425478766860e-02 9.323982755966209179e-02 9.737428203302765650e-02 6.374306058802593766e-02 4.422791677051123027e-02 2.989824653847094477e-02 7.890747614491029627e-02 5.085234578628822222e-02 8.636509010990485458e-02 7.823752451157534038e-02 3.544107574537973260e-02 2.670820321171209558e-02 7.768014697053343687e-02
2.428824909721499087e-02 6.038087971508484262e-04 1.365811399030714482e-02 4.725770113557269114e-02 7.033693609704749772e-02 9.053422503170953373e-02 5.606027599044590554e-02 4.277740448355860786e-02 5.564242145030106473e-03 5.433321450881296866e-02 4.882313876776303574e-03 5.336133423015575888e-02 3.572293110004314681e-02 7.670339084790979423e-02 7.106284098919181391e-02 5.404569299343775501e-02 6.720866354694995937e-02 2.320170292011505819e-02 5.637656367261745238e-02 1.574588115644114800e-02
7.805907241408546748e-03 2.625545068971388979e-02 1.040152293108709963e-02 6.933229612892524707e-02 5.901055769306606108e-02 6.216310621013583504e-02 6.907822531814811207e-02 2.926537951424620920e-02 9.820042648852266021e-02 2.965580630536889667e-02 6.251710256838409474e-02 2.268858774576639620e-02 8.353576607715605673e-02 3.249074455070553868e-02 9.360656111609601954e-03 7.479381693050825286e-02 1.376237442446218845e-02 4.847803262692012422e-02 7.558928208439323441e-03 3.202332388427556881e-02
5.829707307601390137e-02 3.942928809491940551e-02 4.039485974312746058e-02 8.834899592489953157e-02 5.327061152757284201e-02 6.417368165705671090e-02 4.474751824492745333e-02 3.430878114671635087e-02 7.119525354241400782e-03 8.548329470748604331e-02 1.647985867873165075e-02 4.976311273030485649e-02 5.583334456511667571e-02 6.893266780472233346e-02 9.703353409479689717e-02 4.057111424495629670e-02 3.192552651694328253e-03 3.779269212831493086e-02 6.445526178478946933e-02 2.707225193701645258e-02
4.061634736761658010e-02 7.261935049658038710e-02 2.100629157995937205e-02 9.067012028000255575e-02 4.766343035409364992e-02 4.759461514055866871e-02 3.936164054603311264e-03 8.471035053764357226e-02 6.046851137332086290e-02 9.459251017267168715e-02 8.057204412024944473e-02 9.753688685968617267e-02 5.177973714124919913e-02 8.139166432403839579e-02 1.698103743729049639e-02 7.587535832110954559e-02 5.508088290970540590e-02 9.007751567596847253e-02 4.918114265269334096e-02 7.313709876772431229e-02
7.842494761060551933e-02 7.078208494311061250e-02 5.357147143474567941e-02 9.185585485620845203e-02 5.367128301084799630e-02 9.679658854286171676e-02 3.107099885450051793e-02 3.871469720156852506e-02 1.068666064043201705e-02 8.751226393186707642e-02 2.052307969240970906e-02 3.651747706601665699e-02 4.939859673296259635e-02 5.952229277279248894e-03 7.799216003397188568e-02 1.984957777822549292e-03 5.499884682741897068e-02 2.801614207736339776e-02 6.586221297402330976e-02 3.295686688213335380e-02
8.556944029501387106e-02 6.314614778704785714e-02 6.332506404114436604e-02 2.345363989692401605e-02 3.972866439439892705e-02 9.783418621030186280e-02 1.389503747235202973e-02 4.986860177305842828e-02 1.725646545599318713e-03 7.494761608669422114e-03 3.769589128766617780e-02 9.645205715196505936e-02 1.094302524092608192e-03 8.692290189169701864e-02 6.817897713794067449e-02 8.910741584424017314e-02 8.095042497461026054e-02 5.942952572660280264e-02 2.884759355790882107e-02 5.408272719496094033e-02
5.125678229757156708e-03 9.242462673243700966e-02 5.670238109122780618e-02 9.821404974691523571e-02 8.257754506987434462e-02 3.064846590046614930e-02 6.188258082107725433e-02 7.822683484326053982e-02 9.518438128530708198e-02 6.393954894536900413e-02 3.958184224228022963e-02 9.622686518556500257e-02 4.779870239247176883e-02 8.566110920847878896e-02 2.758082648536363049e-02 8.517605123568880443e-02 3.539960920739635558e-02 3.724381598674101485e-02 4.366607040137582274e-02 1.577461238659931542e-02
2.538188114401056933e-02 4.326295720792093513e-02 9.013859924446492033e-02 7.770861994525023186e-02 7.702446311275310160e-03 1.505924240977178120e-02 3.070791613819329885e-02 4.997994110427906450e-02 9.072932403248884503e-02 5.398609718008928055e-02 1.981892176527256036e-02 2.736009334348041624e-02 7.952116053425992148e-02 9.282633864226946807e-02 7.007288812156685365e-02 4.188713540508817029e-02 1.317200405275199306e-02 7.516059272206528086e-02 3.367269745353078381e-02 8.888401962242156729e-02
