2.846887191715758436e-01 1.113952838200996109e-01 7.355958435859474842e-02 9.390407460269983853e-02 1.175061647047297431e-01 4.686541631677319103e-02 4.641566880151623553e-02 9.944902248257111999e-02 1.665568253349850592e-01 5.081055157189651172e-02 2.304802024642771396e-02 3.242213883587362344e-02 9.137275271214487238e-02 1.242423880891878607e-01 1.284530621719170429e-01 6.959143940615357404e-02 5.127387979856356387e-02 3.959060859924582593e-02 7.431392720296255139e-02 4.374616024786205648e-02
4.762215931410790359e-02 8.106703813605456443e-02 2.657576780024598767e-02 9.081213656463182904e-02 5.384373455497371008e-02 6.863546140881603141e-02 1.722364272058851675e-03 2.970906375708013553e-02 7.647411484925009661e-02 7.995688969787637101e-02 4.773510739515327006e-02 6.239695146742280096e-02 8.562280251355579297e-02 4.902928795967390063e-02 5.991962791761882429e-02 5.013321576749329295e-02 1.960755770702308359e-02 3.622877504746609828e-02 5.439302207818855900e-02 7.649506124202998247e-02
2.785873218703401044e-02 7.291903822946498026e-02 6.598560542019860260e-03 7.946060670165595863e-02 3.545113044415543202e-02 7.716167138896912192e-02 5.596965622020672049e-02 5.483358362466233399e-02 8.707270111388665246e-02 4.819265877325290548e-02 2.114085812933405237e-02 1.949654506823196576e-02 6.569011459649844176e-02 3.082747399289903489e-02 3.257535237975649894e-02 1.566277023589722830e-02 4.575855618906730232e-02 5.173474806134938098e-02 5.208878583655254801e-02 8.187330461052591546e-02
7.889572849066406671e-03 6.621074264625907702e-02 3.302252460643861909e-03 4.582240173718210574e-02 3.934415229453458972e-03 5.737639228796503899e-02 8.488766434148316276e-02 3.314606690014664653e-02 8.657522486783139626e-02 8.508087688065379961e-02 3.364011502849609953e-02 1.814740318160088656e-02 5.406597120126575146e-02 7.130515257438262144e-02 7.481108106556505488e-02 8.036302229790406870e-02 2.032791507474705078e-02 3.373638022895049382e-02 7.753274026588709289e-02 1.741064559198716305e-02
7.059547186401302077e-02 1.561424748804234389e-02 2.460971295109515289e-02 3.646039501583041992e-02 8.837464792886842724e-02 2.510022426273493881e-02 8.647846643071667450e-02 9.822065821554860215e-03 8.095665594928447284e-02 5.271281586490858539e-02 9.866909680614201206e-02 3.017527693637513109e-02 2.480653472676461885e-02 5.105672500144119857e-02 7.424332369426925315e-02 5.200678468964129580e-02 9.923172648420575115e-02 6.718536214417811236e-02 6.265255950409634456e-02 8.220206991554360187e-02
6.933541638103901845e-03 4.538808416991933076e-02 1.695053836841376935e-02 4.666105043042940992e-02 1.696410892163561362e-02 1.579967024126285521e-02 7.162911866795398930e-02 8.157158593085418741e-02 9.737921212975497731e-02 3.411999881608712704e-02 5.544050247808685050e-03 9.705559499757028530e-02 3.588633005228352574e-02 6.705240677336009314e-02 4.177501887160182253e-02 9.052785162247029005e-02 5.643498895677726002e-02 7.822579123054369810e-02 7.047451446473294856e-02 3.884343696331357676e-02
1.629463440785330550e-02 5.931051353157040101e-02 3.597661565064996791e-02 8.130399301697410763e-02 3.306796117407456020e-02 2.068366858750504689e-02 3.581432698274033405e-02 6.843393591627984496e-02 4.228280497911975078e-02 6.295645713409525612e-02 1.557702009574547623e-02 6.814311120219189444e-02 8.977610409704728234e-02 7.299423352816096500e-02 6.754218725572175286e-02 7.557490937925459996e-04 2.378120071330803997e-02 9.644288813235457614e-02 1.256430346109488339e-02 7.042498336394345526e-02
3.328053285381082915e-02 4.109469289499503852e-02 5.774403271257289028e-02 9.149364203679094532e-02 1.189020789397909894e-02 7.910750804540234160e-02 2.833380693938176986e-02 1.676234232856133217e-03 3.864517983802341627e-02 1.652839607203190550e-02 3.476091045617105829e-02 4.415104563487259187e-02 9.709194445612653879e-02 3.286863409040450407e-02 2.068146049201287362e-02 8.426201034519133215e-02 2.532705249043276652e-02 5.548823858874205733e-02 9.708907292011023649e-02 4.379631067848344106e-02
7.042569453915586974e-02 8.729499559542713838e-02 5.430954310806479501e-02 1.541963077850974119e-02 6.142630011698248238e-02 8.434228858150005781e-02 6.696384306208247664e-03 8.669403423425887933e-02 6.888605605051285885e-02 9.985619868601376681e-02 7.759999412673074248e-02 7.643611943320856306e-02 4.793976310031788923e-02 6.621946372079634546e-03 7.432196258210710914e-03 9.148669871301463863e-02 6.611815739448366480e-02 8.559913082144551821e-02 8.000495848328047221e-02 3.932038919828267226e-02
8.658608984349419613e-02 7.069638853370795173e-02 9.843330451958981486e-02 8.075413803099310006e-02 3.428294585525239191e-02 8.785714400118983108e-03 6.496265416080094189e-03 2.994938198801086124e-02 1.645902957589008217e-02 2.188243103526085406e-02 5.171436020546347351e-02 7.067203891936214843e-02 7.163190361477013435e-02 2.333137422947805309e-02 1.011878415579883263e-02 7.446424916777427683e-02 1.767351047651810787e-03 9.958320331816622462e-02 8.777729742289447357e-02 3.960546231292458308e-02
1.403338650716260544e-02 1.498487969219175486e-02 1.060052477110925463e-02 2.532121219745496823e-02 8.050958715311246072e-02 2.699872173851346549e-02 3.473772017283249889e-03 1.702867610643649110e-02 8.343144386941092616e-02 9.593645080994978036e-02 4.657679519917934732e-03 4.898479498667070164e-02 3.109832118396076497e-02 6.702619149740608739e-02 6.809938518387707862e-02 6.610944940480766030e-02 6.101586062326137816e-02 9.380372678650282514e-02 8.932349839202124997e-02 8.131841863101452617e-04
7.081859314650400250e-02 5.131569064360863575e-02 7.626341824488686028e-02 7.174440814020956181e-02 3.776615664822133983e-02 6.634943776217064326e-02 9.457311619384088652e-02 7.743642721434396137e-02 4.660124670220886639e-02 6.371619448603799141e-02 8.871998420821104736e-02 4.679078681388859975e-03 1.916709831663299113e-02 6.893910828088241349e-02 6.418243221437246182e-02 3.042288838422290212e-02 5.760369281700309513e-02 4.678378921152760717e-02 2.158055433449332025e-02 2.409571202904161810e-02
6.874501911018782857e-03 9.223814451576174689e-02 4.292412555537694629e-02 3.412469804234206233e-02 8.190074186700868619e-02 3.321770227886979704e-02 1.982448541044168344e-02 1.091969341239985673e-02 8.371589533712708864e-02 5.621055039441642809e-02 6.745196020101061618e-02 7.856470800818092515e-02 1.627644194329723806e-02 6.942003415537793820e-02 5.319751387793750924e-02 7.626492525615524709e-02 1.136860572866454921e-02 5.105407322933690900e-02 9.423280336693485399e-04 2.571205699367103137e-02
1.261797675635147921e-02 5.082737563580130846e-03 4.318420526735823606e-02 7.577227431391525547e-02 9.214974538486639388e-02 8.710544226395566803e-02 4.268485591204227575e-02 2.560325025095665577e-02 5.419166763963380318e-02 4.446130659843305216e-02 4.398585946983482597e-02 8.454080562445859259e-02 2.405724752096785254e-02 2.230420049576176122e-02 6.172899371990675510e-02 2.761259378246266882e-02 6.333877312141761307e-02 6.946211018216080779e-02 7.481534942841298885e-02 5.626290536576036838e-02
7.478209420917891759e-02 7.410591131691335320e-02 4.954708964028717993e-02 3.935394454140045406e-02 4.071665572094638336e-02 7.976114252406414640e-02 1.265248098021535400e-02 4.778484176113330373e-02 7.002657867715965379e-02 4.023151230104060616e-02 5.463698177909188936e-02 8.054968851504040739e-02 7.935606439866732531e-02 4.981104266791690910e-02 4.034643898000940532e-02 5.020693794923545422e-02 2.450877533640494384e-03 4.065406965963139913e-02 8.298268601829800195e-02 4.445328987550692390e-02
5.991709923598751569e-02 4.986966605788024920e-02 5.133909007813994979e-02 5.750376522760888842e-02 4.268000030301111539e-03 2.013989768484358931e-03 5.829069834711268078e-02 1.988347135044038483e-02 7.211360158904965567e-02 5.280332424421821380e-02 1.635943168248316093e-02 9.761862960561441815e-02 7.072678192233844419e-02 2.922675094777343885e-02 9.791285287076142985e-02 4.381509282151496709e-02 4.093871309325383678e-02 2.217108203574083211e-02 8.929685155624204895e-02 4.482470108595614650e-02
7.635087415822450728e-03 7.393087919587433554e-02 3.669173689035424429e-02 7.589727309614874295e-02 2.903780089165102288e-02 5.038659198292731040e-02 6.922762599254040326e-03 6.853989924290018743e-02 2.455398209986712349e-02 3.045953722322439911e-02 5.109140530540920433e-02 3.787506602543352918e-02 4.396591304874428174e-02 5.452368537809289262e-02 6.957134033449230426e-02 3.715583637287186297e-02 1.517572160014525433e-02 4.194629706358531801e-02 6.109678178539799248e-02 3.364911563857005128e-02
4.345958285222635553e-02 6.675996189834816630e-02 9.091840288304142703e-02 4.522333079578788606e-02 8.031703440787393844e-02 7.526110718712859804e-02 1.434149762407314205e-02 1.434556422952508806e-02 1.515995217903984976e-02 6.511391036856162273e-03 4.197632163953259055e-02 2.204872375529796230e-02 2.156031441037779134e-02 7.043101885230367010e-02 6.494082913358163733e-02 5.956155380274882893e-02 1.097125963831535600e-02 9.947077958908126516e-02 3.221604265249986693e-02 8.807746410590305830e-02
2.335246268782436088e-02 7.257288877880363649e-03 9.054732822776011270e-02 7.580699067860846574e-02 5.964843746708636124e-02 9.754198182165874781e-03 2.765652765591064544e-02 8.933050870141026611e-02 2.049100319091995415e-02 9.444381423465544878e-02 3.477305216216119987e-02 3.478742111165707834e-02 4.255766031059132759e-02 9.982604870372843719e-02 9.337903069822632574e-02 2.295360560588721906e-03 9.605851331641229729e-02 5.973526766355927858e-02 8.439417657716598298e-02 4.634629454344137145e-02
7.520347353213063801e-02 4.358677850806835785e-02 9.755678950837032640e-03 1.574246076494120392e-02 7.785647609600632700e-03 7.181999980191745153e-03 3.537226435161218430e-02 4.212771810503147807e-02 5.034252905940803796e-02 2.631571297978885227e-02 1.459468844835219020e-02 3.400726334215248281e-02 6.925112155129559133e-02 8.842107727381939841e-02 6.012706737743342411e-02 1.456299728531607095e-03 5.080764854380923068e-02 3.376470754506574051e-02 7.818200963974400453e-02 5.968656279484511190e-02
