2.926559404304077683e-01 3.219531597681370844e-02 7.561285986105339973e-02 1.150652654937654035e-01 1.059930306636534397e-01 5.575055645636448065e-02 8.168537716996294995e-02 3.550135757154176952e-02 3.125303859734109013e-02 1.240583102999936044e-01 9.412116597381628424e-02 1.393531259418654966e-01 1.021199621151240161e-01 8.753429978150722990e-02 4.939195093888735372e-02 9.902112890692693625e-02 1.310767164966042397e-01 4.983190797227027985e-02 4.815306916421238648e-02 1.314502101500050202e-01
8.623721805478613833e-02 1.214268148612984884e-03 5.694219290099331726e-02 5.302282063794142020e-02 8.495075031888421613e-02 3.645100275946289332e-03 6.993847544893148915e-02 2.719149700922210075e-02 7.004370347905354045e-04 1.310941191614850565e-02 5.000650485260565298e-02 4.667075931862438298e-02 2.452517084368608519e-02 4.759445172427217291e-02 5.980691392833862446e-02 5.985611883156575358e-02 7.197162557745740222e-03 8.104638027996108329e-02 3.691761090426617237e-02 4.243301793907518216e-02
8.755369870359445972e-02 3.419343668517160761e-02 9.825381639682828627e-02 3.054448512474906841e-02 9.087247247311552867e-02 2.418147966421145892e-02 6.996623839643915932e-02 8.994494162857606667e-02 3.783992348283341661e-02 5.152042903684761260e-04 4.138488418658198276e-02 5.544774507514459855e-02 6.069191170271757280e-02 9.196171396499164263e-02 9.597130705362830194e-02 9.497694959459125619e-02 1.980596687392532917e-03 2.930715156121027620e-02 7.390378228381259962e-02 4.256112624306296333e-02
3.076346663117630886e-02 4.024880720895852859e-02 2.049281886596278357e-02 7.076609452216543056e-03 5.415584313585741078e-02 9.402603269361292648e-02 1.407815598092877589e-02 8.484037269108336832e-02 2.224528347140252230e-02 4.328761783078317014e-03 7.687284227226432072e-03 5.362479047641185992e-02 4.014980029190218409e-03 9.677611597279971167e-02 3.329185104793472988e-02 4.334879140068190195e-02 3.841927975702291026e-02 3.667823956610246489e-02 7.403323509864816188e-02 2.522127492288909340e-02
4.858783581402307400e-02 7.821932603646805648e-02 8.163185637210791656e-02 4.288285372143255808e-02 1.459605070115120931e-02 7.053572084329240433e-02 2.465941550318465764e-02 1.816470947581929826e-02 1.713306851533517167e-02 4.021694073404041142e-02 6.469524894544077809e-02 9.735470496373740956e-02 3.230351226050837132e-02 2.146073567466475623e-02 1.294067486988415179e-03 8.138894636447632780e-02 2.007936150927920604e-02 8.755562286355321466e-02 2.446907441573155373e-02 7.051273885046582812e-02
1.725889764674959359e-02 7.877320533774490041e-02 4.959828649923292421e-02 9.387944095852275572e-02 7.203601333385468118e-03 2.077525659090127125e-02 1.185699317117677731e-02 6.024350920792716224e-02 3.883755333040125879e-02 5.929925715973503181e-02 2.941255406280965032e-02 9.482371376573525690e-02 3.946855302278316074e-02 1.326283355025470456e-02 9.657663556921337530e-03 9.894323089688289441e-02 3.711898330574157218e-02 1.842670901805492159e-02 2.241396147358041407e-02 7.378921182854158989e-02
3.570965782180257619e-02 6.407616631427874576e-02 7.019824992878141712e-02 6.593980443785119050e-03 6.241465252889322191e-03 7.630550975073822906e-02 4.967568213857465054e-02 1.420846213888775703e-02 6.463739404766383201e-02 9.647052045964120415e-02 5.327759100072340659e-02 7.919395712503663138e-04 2.795000882721351484e-02 9.229949548819824101e-02 6.221348786344908094e-02 5.790923739357215633e-02 7.231838707189675031e-02 9.537144783760172218e-02 5.042764967618887373e-02 9.881361718037717790e-02
2.546471721955480272e-02 1.506822119179450706e-02 5.434127549142090535e-02 3.866151699352365217e-02 2.465675344592377360e-02 7.539821681002205345e-02 5.726038610612915747e-02 7.275356486006401280e-02 1.198511503537445094e-02 4.210283552086068609e-02 1.600488613584817241e-02 4.213308772793560725e-02 9.540497240641099275e-02 6.754849149836558708e-02 9.606897119939100671e-02 7.276630152637120902e-03 7.956937146188192145e-02 8.963203446787121331e-02 4.006936497016792137e-02 5.214451253765467476e-02
3.621556845709162156e-03 8.053974899030785783e-02 7.067857733230734074e-02 9.580953280900605940e-02 4.604132867765053233e-02 5.830143781235786436e-03 1.652223349447012966e-03 5.244307834748275499e-02 3.284701678371324679e-02 2.208607022119256705e-02 6.863707185084814977e-02 8.101994592239129822e-02 6.346528177804300515e-03 8.715622231245211127e-02 1.768013702574824583e-02 7.023452475814306872e-02 4.750562384149386447e-02 6.906462437672593324e-02 6.206383386866131530e-02 2.648204161047212901e-02
4.641900650195577432e-02 8.025996269344327916e-02 1.678037375519851951e-02 6.632630141607372132e-02 2.318574275211614591e-02 1.158705164604473259e-02 2.701945982688366485e-02 6.653344623733080387e-02 6.522714163006881893e-02 6.813063410366787531e-02 8.924205689111880391e-02 6.534136708483721800e-02 9.131044715904983178e-02 2.463339189115917524e-02 4.864116578506960664e-02 6.656761974656220937e-02 4.976633692360399319e-02 1.656532744159337073e-02 4.114142141750132785e-03 7.252613456555016824e-02
2.493145879708694862e-02 1.214838276478175105e-02 7.245401581655838696e-02 5.828925379587113903e-03 4.322598139262371492e-02 9.419375585177369725e-02 7.757087789533956279e-02 1.530003725907723780e-02 8.977039248604190558e-02 3.230759698319614348e-02 7.949298653972597384e-02 6.526191012807468217e-02 4.832298941286528038e-02 7.454762861981294175e-02 3.310798787265176873e-02 4.449618877481309638e-03 7.634573661566924040e-03 9.801599110037738372e-02 4.417345449274554664e-02 6.184624700349655030e-02
4.404876286247360467e-02 8.551555301762375771e-02 2.981509560548159174e-02 8.217831937400334186e-02 5.081095278161734674e-02 8.186661800018557936e-03 6.085742230768968059e-02 5.085106709828468574e-02 8.641942405284447348e-02 9.348447430192009799e-02 5.647589506879652221e-02 4.445454343997623514e-03 9.706285005973053215e-02 3.177253690674197023e-02 6.098656131603313879e-02 6.299297835768452591e-02 9.382283285189114974e-02 7.462869133739971628e-02 2.513722701842616841e-02 1.071830965722061525e-02
4.272308835159547430e-02 5.964264022422174905e-02 6.666069494909812598e-02 5.651250826696246898e-02 6.686561808700676457e-02 5.397490411276604366e-02 2.786162717383280571e-02 6.216752637087179928e-02 2.392908784768277286e-03 3.125618281660948183e-02 3.300257263016540682e-02 7.528014362841206619e-02 6.641329768933554312e-02 9.205340191757421797e-02 9.532270142228266296e-02 4.558984282070944159e-03 9.597785830825639186e-02 3.460382518935532087e-02 2.872692989481578918e-02 9.007614561464028641e-03
3.738206648905584295e-02 6.089372735045710944e-02 6.303709286812697599e-02 9.351546840547135531e-02 7.879558056348824613e-02 6.247163784665554775e-02 7.968516996871959079e-02 8.490666016723947759e-03 8.514759675101457592e-03 1.121825177815533037e-02 6.646077558789326156e-02 1.295408914512973311e-02 1.918608063007633258e-02 4.064391189623252354e-02 4.145638550816588275e-02 3.191598959432804389e-02 7.292981459268331468e-02 3.327809372137222749e-02 6.818215153582861399e-02 1.117535918073767759e-02
2.053074856159741238e-02 4.431532517504084556e-02 5.627607301158746300e-02 9.164579346845547897e-03 5.810030967915483929e-02 4.792932557106595326e-02 7.451886774079345688e-02 5.016174587275682578e-02 6.134381013738474109e-02 8.075353003682542163e-02 9.161343263434372497e-02 8.405463904918114570e-02 1.765674479036360989e-02 5.851209021872499916e-02 9.341664737754337700e-02 8.909651554463809964e-02 6.747984566538461904e-02 4.821807639248220506e-02 5.454793629176993286e-02 9.920467523056386572e-02
7.276800586577196472e-02 4.154730701501427315e-02 9.312976898561259320e-02 7.018829178529355228e-02 2.547257268876413142e-03 4.481450977636639021e-02 9.873605736747226302e-03 7.189519673571394265e-02 4.621967950469547948e-02 7.745929963189640555e-02 7.841820748950197040e-02 1.182586988829997798e-02 4.281449013522267699e-02 9.221583946739199400e-02 5.840314689925033692e-02 3.278338600136376790e-03 1.270596393213687704e-02 5.156016049395958922e-02 7.147078959154418501e-03 3.372446040329876021e-02
7.042118871069173724e-02 2.437314287245880007e-02 6.768168435309011854e-02 9.135059228109593255e-02 3.183069608103857029e-02 3.260759593849994753e-02 8.127285093925067094e-02 3.761827790372356678e-02 3.191008297378482989e-02 1.634187355800607172e-02 9.574978751975726787e-02 4.730713947476688358e-02 6.308948892577426193e-02 9.230136092004593076e-03 8.977415228740483200e-02 1.808070485145656450e-02 4.579283664778538432e-02 4.672872278491374542e-02 1.614171216826042546e-02 3.970471674548736729e-02
9.892983831637618131e-02 8.636977577844451651e-03 9.916148449270106857e-02 7.061914719963802156e-02 4.464560724414166210e-02 9.718247293106054008e-02 2.531051019185683038e-02 3.902480204256116025e-02 9.164243539618210921e-02 5.338980867336726860e-02 6.617778552445301166e-02 4.405318858805617327e-02 9.141478361633932626e-02 2.747562406903579849e-02 9.261110910723523160e-02 2.784559410679056379e-02 3.606724688648832444e-02 9.049328660901728716e-02 7.867030809573989647e-02 3.687840012402639200e-02
2.046917261636925847e-02 1.978582374856220627e-02 6.390179475804506903e-02 7.709065992150168634e-02 5.368445676258518096e-02 2.111038231501949532e-03 2.260380124326137954e-02 8.703760671161406282e-02 3.417913353400463955e-02 6.494369929736175384e-02 5.999293089412119362e-02 5.569253516178161029e-02 7.212178048409502440e-02 8.924948794040070410e-02 1.044455769281917891e-02 2.813138894900818476e-02 9.988676862255772837e-02 8.557950628561726558e-02 2.411540876636542041e-02 9.611260507574159728e-02
8.069449968912363602e-02 9.806653004612365422e-04 8.596969389505985937e-02 7.152228504579934143e-02 1.071749691776220474e-02 3.271138201723738231e-02 2.902266292908728396e-02 3.978507273081528794e-02 6.044731328957084898e-02 4.100811248795752789e-02 7.361832462363775142e-02 9.569883913171851886e-02 7.778536003382384434e-02 5.548165828400891675e-02 2.154991696400881951e-02 9.844020200290923284e-02 6.057385723955049234e-02 1.705096850697544048e-02 5.812634737721549677e-02 1.998450256425024149e-02
