2.852089187911825974e-01 5.802884053281932158e-02 9.627560100671700427e-02 1.118577038122692963e-01 8.554060644398203683e-02 7.419570795306054678e-02 8.700474653285844573e-02 4.657191950590799934e-02 8.221969448037164119e-02 1.058137723975330902e-01 1.280020808391983678e-02 4.311349058480126728e-02 6.966774974178316371e-02 1.250429680244304342e-01 1.000378781812953088e-01 5.615259805809466598e-02 4.725757444982725541e-02 4.640589000561402139e-02 1.158550499464641864e-01 9.815599366773525292e-02
5.862455872504179072e-02 9.877742734004553438e-02 5.569235023255576789e-02 8.283256847823569635e-02 7.854432911750502955e-02 5.659124806973594990e-02 7.524236054864416601e-02 4.678526918388176137e-02 1.564299555455627225e-02 2.773251485594472460e-02 1.897058442743814258e-02 5.750213003282847457e-02 4.114215623006009515e-02 7.167117702418492053e-02 6.236887058564236086e-02 8.626097181409783654e-02 3.969297863044152219e-02 7.060076870759446344e-02 5.653522025841570264e-02 4.153823901421641041e-02
9.237610461500290505e-04 3.575280732479655527e-02 9.084638837154018765e-02 3.399536144243228003e-02 8.800699910686038407e-02 5.660892291144259576e-03 1.031281461949539249e-02 3.991336512304930612e-02 4.413955650281934512e-02 1.529480550050475035e-02 9.844041537003463127e-02 2.768252570403871918e-02 6.090620987666111458e-02 3.085129577664796896e-02 1.237746581670329379e-03 8.368808717566388056e-02 4.345060730263569648e-02 1.680836127149855017e-02 5.640800103279012406e-02 6.872768320067294823e-02
8.259037065345589679e-02 9.560987864668735181e-02 8.765772536963852002e-02 2.401040868050146118e-02 3.785500440880475159e-02 5.614985745408443418e-02 1.715976811577608549e-02 4.050048887110912349e-02 2.643163572024265218e-02 5.507911937007434200e-02 8.885211377135973643e-02 7.991399414642288979e-02 1.533688529264247771e-02 2.373426610592964739e-02 3.554209696246980743e-02 7.811045643945763173e-02 5.593787731755481968e-02 4.187305438564367654e-02 7.766984639531041013e-02 8.178577599160129219e-02
1.391179479204218824e-03 2.424143465987028956e-02 4.515326019898815990e-02 4.968056753785055416e-03 3.449596767635881162e-02 5.400789073416034994e-03 4.391236554266390174e-02 6.901856038506191948e-02 7.300870783211393933e-02 5.737506724972527006e-02 8.313507514485038441e-02 1.984465426205628442e-03 1.315138890235845182e-02 1.790203371099580165e-02 3.497945255084367044e-02 6.898263197326900964e-02 7.799323289835258244e-02 6.251149074611364598e-02 7.923571536133469650e-02 7.382771246100765239e-02
3.354254315425132804e-02 3.431020994096665305e-02 3.670242395212878345e-02 8.403373741598239854e-02 3.037588494028576214e-04 3.108162183332423625e-02 8.562229821697280030e-02 8.240542371108040137e-03 9.567666060481244683e-02 4.560040825728035874e-02 5.693564623172173850e-02 1.007306302010446686e-02 6.566431524704319234e-02 9.307211425307763963e-02 4.428516209105716472e-02 6.502271738182936744e-02 1.150066764919143239e-02 2.234197976770226080e-02 4.334126758971697246e-02 2.024805121669208743e-02
8.886544383813539671e-02 9.065782731175220724e-03 7.479979220236591952e-02 2.243021135806551325e-02 3.390096169289803785e-02 9.265380685667645722e-02 1.204485540535108617e-02 3.371242188612555424e-02 2.841169887845931483e-02 4.859284766319194038e-03 2.897210810109462908e-03 4.768046027910313733e-02 1.214488826990045675e-04 4.795979704509948510e-02 4.144313876301842017e-03 1.632169789962454459e-02 8.138571404327067660e-02 5.835173140571883743e-02 9.350262364782836733e-02 8.656571921546124537e-02
7.816902306599354811e-02 2.265403710636224727e-02 9.016124371546760385e-02 8.666688516264936526e-02 1.239229854199343055e-02 2.506404616816109224e-02 2.852244307557995351e-02 1.372383760511208936e-03 4.133461842385982576e-02 1.402859755781755806e-02 5.850316747093889380e-02 6.087838441721565158e-02 2.462564257413778560e-02 1.063580942783192221e-02 1.939184253614360115e-02 4.566917114542770606e-02 1.500402913035470218e-03 9.835718536942666956e-02 6.724653112412025402e-02 7.388064549817527360e-02
1.948595061771270232e-02 5.628099843608193320e-02 4.209320549985123838e-02 1.205547365419557063e-04 3.190514343831118288e-02 7.188521628856603743e-03 8.782161283816794506e-02 1.862581782991401622e-03 4.279138143866535737e-02 8.397993265664661575e-03 2.379692552515945414e-02 5.472413206863024210e-02 8.837036128406745850e-02 6.245270937430427716e-02 9.381630231525181496e-02 9.203425809166924931e-02 5.974286072222915328e-02 1.294269774727574497e-05 9.595648078025345584e-02 4.109367544636138847e-02
2.338740837503205938e-02 7.562049450335223133e-02 8.789484342633374636e-02 7.793811036284985228e-02 9.681483461987351602e-02 4.335440943611068923e-03 6.041681308382971377e-02 7.079623083956698704e-02 1.905830935472201462e-02 3.029396202496999202e-02 3.367966053936444302e-03 8.635223418232917947e-03 7.179860014019114056e-02 1.068201663712469232e-02 2.361568038782085877e-02 7.153824233858752275e-03 8.563845332471334282e-02 1.940755326986716434e-02 2.787184883698343857e-02 8.316574562679945881e-02
2.532906863734188038e-02 2.395552364168699461e-02 1.350910962023030987e-02 1.586982407083662588e-02 7.663217974271441246e-03 4.590380725660251487e-02 6.878819059890151424e-03 6.723619091746728393e-02 4.700669923883572798e-02 6.273709236264868490e-03 3.522508472267740082e-02 5.758499462644064981e-02 4.953989523605359380e-02 4.542570685687574022e-02 1.215160641468075037e-02 2.914127459817130936e-02 7.502972045405204016e-02 3.880962418807829689e-02 4.262797369967347150e-02 1.528359956550116167e-02
7.522374817946253511e-02 6.210760258947272544e-02 3.112782983804119035e-03 8.549670002393360002e-02 5.887298251341190058e-02 6.817420668710742759e-02 1.545361537065417269e-02 5.061980407257620634e-02 8.667151272799686335e-02 3.091103019097465529e-02 2.751832630116307632e-02 6.763704373097341460e-02 2.303798376788842792e-02 8.805334430917111099e-02 1.592049508609552286e-02 6.307163008060905074e-02 2.269220799126949947e-02 2.978338318983982103e-02 8.071181260520518541e-02 3.978909595260662901e-02
5.658256468466379974e-02 6.252515438216672827e-02 8.326199407172024669e-02 4.363013805226961112e-02 4.601773208924871128e-02 3.565074259742891105e-02 1.317829026781696181e-02 4.256111461964513787e-02 4.478504609721320473e-02 4.633143745303913708e-02 4.080469791922424622e-02 2.344632426831814304e-02 8.893255411772300889e-02 3.900641796028628261e-02 2.581281290257309013e-03 2.629393025612593304e-02 1.516063843878122722e-02 7.034745312305260012e-02 2.894150255048272280e-02 7.831294600297744601e-02
2.952437364217872645e-02 8.637899109956398425e-02 6.324255928758847067e-02 6.099654961227782279e-02 8.293885641105608331e-02 4.083434525665280423e-02 8.565014776844487310e-02 5.552550929348754050e-03 6.633671824297902864e-02 8.355251570490598856e-02 9.034538900790708982e-02 4.888533198757229192e-02 6.450801369156736187e-02 5.168594935095668919e-02 3.157276899903623674e-02 4.429600771054617581e-02 7.730642004344635831e-02 5.586793167205398453e-02 1.179567769322177433e-02 9.506819494989726671e-02
4.433247017286890204e-03 5.572700034406020964e-02 3.543220182075562663e-02 9.490820200430297171e-02 9.497281809130794783e-02 7.098480795067955984e-02 5.957496534475020811e-02 8.832690978992376041e-02 1.352991015258016121e-02 9.450367720318639253e-02 7.753871201745379804e-02 9.011309026837913128e-02 5.860480540087801421e-02 1.462860898773389422e-02 3.433288695527525469e-02 1.005384662036383839e-02 5.276775728025370760e-02 1.652594778381789517e-02 9.856819155140542077e-02 6.934053468467321624e-02
8.680000657508790685e-03 3.211021483106422242e-02 3.272656676454425290e-02 8.687352852326625519e-02 7.465888307577865646e-02 6.156992721493546178e-02 9.379736341974417857e-02 4.115238833880505154e-02 8.803065835320852961e-02 3.963300101781327966e-02 9.261547290070912264e-02 5.493564726198486153e-03 8.736486286307956761e-02 9.978375913442119605e-02 1.172279139339608284e-02 2.055786662315134405e-02 6.289717322025860369e-02 5.543379892901906247e-02 4.832475977448189713e-02 1.241786302555385538e-02
5.524805976551019904e-02 9.154790029094396486e-02 3.943709678189677263e-03 9.146703590189342314e-02 9.383028118515812643e-02 9.774020825846005400e-02 1.699438810749191037e-02 7.167807959443209254e-02 3.390517328935860331e-02 2.447571668661590108e-02 4.455153018014423871e-02 4.427912369846879331e-02 3.193145317774605252e-02 2.639102712324695871e-02 2.516461744912808218e-02 5.406798585752441849e-02 9.071545395760914621e-02 3.978851567811925172e-02 9.892994052686278350e-02 8.919999115880937468e-02
7.274497443004798725e-02 2.893368584377556049e-02 2.614849564793726711e-02 4.684511738659155600e-02 1.027130034268736170e-02 5.748200765862344214e-03 5.809659350725559362e-02 5.647655864225469696e-02 3.102034116555838633e-02 6.709844649205694289e-02 6.865352167981994547e-02 9.613151140457230903e-02 8.916468026038604222e-02 7.032900121822271977e-02 6.345007352783640919e-02 9.471962400739908361e-02 8.546531193812954841e-02 4.874669564444675945e-02 1.972418560418546379e-02 4.226749610936388069e-02
3.074036133637592094e-02 7.360417366615490398e-02 3.355459769884616000e-02 8.540930285732553640e-02 7.553818607424367393e-02 3.261119958204879848e-02 5.970058665718452895e-02 8.892968306409898549e-02 2.047727112833021279e-02 3.147519198192508944e-02 5.525129804134881056e-02 1.044905381930908567e-02 1.531138398438358725e-03 4.537986277437069949e-02 4.275618009050863484e-03 7.081563731682227747e-03 1.021170887455491449e-02 5.222185290748027064e-03 6.367207489733535397e-02 1.865824608032142992e-02
5.282912396783467912e-03 7.993812821693195569e-02 5.214905491632178258e-02 6.187533262667357925e-02 2.664502705315822256e-02 6.963325361298798588e-02 3.439767275385757078e-02 5.292614990861826268e-02 6.375117737779875671e-02 9.174470453205522957e-02 4.477513131926328521e-02 3.355704590180818431e-02 3.428763918458643811e-02 5.272936903472644904e-02 2.518936616468264722e-02 3.679532756743655181e-02 9.599454055964873334e-02 4.732144254254957993e-02 8.379977715907992175e-02 2.075751031114457870e-02
