2.938674913212467876e-01 4.248483819448981014e-02 1.056652466613864916e-01 5.192760935556018503e-02 1.858078636620119350e-01 1.799406165477789588e-01 4.569185166351145966e-02 9.662090059960969091e-02 1.588017703660252189e-01 1.652553110657938029e-01 9.828650980749040200e-02 9.070047131344635694e-02 4.569591163855171723e-02 1.171514645263711796e-01 5.624684130126263171e-02 4.502588207153979810e-02 1.218612366178312562e-01 1.229814173238804320e-01 3.765387605641719315e-02 5.578331255461815852e-02
7.521917432837094131e-02 7.719095624319750881e-02 2.076770500342644751e-02 9.947766295613674759e-02 5.862321569207913641e-02 9.985887973471413437e-02 8.875719818136265649e-02 7.667029966937619068e-02 9.692855032506776658e-02 3.752361643940134786e-03 1.869138704198686912e-02 6.172445820191018589e-02 2.688274878892402478e-02 4.849190878313529296e-02 8.925469589691058248e-02 6.097579622936599719e-02 2.377862440024937699e-02 1.335125169552152900e-02 8.149116750515199292e-02 9.722845000602459153e-02
3.838009761025887312e-02 3.503118200653644598e-02 8.077459494865367462e-02 7.289871099149408673e-02 6.428206069556900715e-02 8.714008981123540568e-03 1.025507538598462581e-01 1.774106121778531997e-02 1.789159451932450249e-03 6.417613978259224805e-02 9.181492409614894212e-02 1.332016742947628174e-02 9.332875237434289095e-02 9.735684463474375550e-02 2.828914692391489363e-02 7.788356814877783751e-02 2.079198504928569946e-02 7.339906910333804380e-02 3.995929878046242979e-03 2.474443751693479812e-02
3.856013830080508992e-02 8.372799913209827416e-02 8.828044179975591543e-02 7.350465316644799740e-02 9.836796674843240051e-02 7.121903249994482321e-02 6.606734229089497590e-02 1.137006594847499901e-03 9.439607810505001861e-02 8.781243112982574373e-02 6.316592252358242676e-02 1.823103378415247972e-02 4.798943095021047239e-02 1.305977449859221755e-02 4.665751625573848899e-02 2.792605914025305183e-03 1.084003022907721880e-01 4.042302591159548097e-02 3.035884287234284079e-02 2.050506079161319370e-02
6.744052323494556522e-02 8.855364311069591210e-02 1.570121469736171158e-02 7.388107013098943465e-02 7.981142442409563942e-02 8.303502453517742909e-02 1.010856718402627745e-02 4.791133568644520557e-02 1.009823811424170048e-01 8.055895214095622203e-02 9.118168372163115709e-02 3.496084522747740231e-02 1.017571156011007477e-01 8.375040511362094597e-02 3.918238214873365211e-02 7.328485367232688563e-02 8.248981466882371327e-02 9.823933718679324356e-02 9.606496908346283392e-02 2.275156728365001092e-03
1.955338291898292211e-02 8.741965397838376284e-02 9.846908300520414159e-02 9.600950200404843871e-02 1.712981653134543203e-02 7.019731306634559298e-02 2.611053808246563759e-02 8.911656544698824678e-02 3.586031415616416917e-02 7.545773446599325640e-02 6.492434032194850657e-02 5.520946374299093989e-02 3.662839927892390293e-03 3.249155762411370246e-02 8.736025361390790944e-02 1.501130685778618266e-02 1.969402399895752928e-02 9.547205379214818155e-02 9.609473357252154568e-02 2.572128135876408650e-02
7.599490681962618732e-02 7.133849628029774459e-02 5.287305165835634591e-02 1.059585407709043164e-01 5.918361173442497625e-02 7.915751202435582223e-02 8.313183488555979384e-02 9.166104319258440436e-02 1.642022917407998106e-02 9.047992729601814221e-02 4.815283567800610065e-02 2.255190625885514916e-02 2.744123703211075876e-02 3.155616851517829141e-02 1.082541937767829976e-01 2.718308680084797688e-02 3.852197260804521295e-02 8.508741849523968059e-02 1.083966347600233832e-01 6.022225039252288026e-02
3.746825151079435229e-02 2.394432071194668027e-02 7.910983043808526849e-02 1.408391313772673799e-02 6.071214906884741386e-02 7.843791422816417946e-02 1.009931289215106921e-02 4.593498824651891937e-02 9.912330717527122192e-02 4.277035655730283131e-02 4.647722356330313137e-02 9.895259385497606752e-02 7.607222978347169540e-02 5.355911917656943494e-02 5.121132421294222192e-02 9.283977337398464924e-02 9.665244022066585283e-02 8.415654364672180143e-02 8.826548914284886027e-02 7.651906417308877544e-03
9.501924577208659128e-02 1.064663396428221637e-01 3.379608422147790253e-02 6.310136808903377137e-02 8.832025845152126353e-02 7.760935153532987074e-02 6.792152751347770023e-02 7.165438988491978911e-02 2.817440405020811556e-02 3.623436113560628974e-02 1.035358543642282969e-01 7.887368381788774363e-02 1.029281835933759937e-01 8.041843889944657806e-03 1.005130347596865786e-01 9.705569889200751921e-02 3.976325697100377421e-02 3.433699984031134828e-02 1.710082711576472320e-02 1.081900022231468139e-01
1.672820651730476046e-02 6.430292221634918530e-03 4.268164822839930206e-02 2.748932384824688893e-02 3.944935175763487900e-02 3.695136400991911457e-02 6.251006540455926463e-02 4.512845274107148835e-02 1.028432365452400798e-01 6.147386171022920648e-02 9.329342208091367938e-02 4.680374977250916640e-02 5.942246015126846637e-02 6.941098087039489217e-02 8.465953048025308403e-02 1.012508241352692157e-01 3.427903439259181312e-02 5.666248307098901982e-02 3.440599482336595405e-02 4.456147318509625505e-03
4.794522586956891791e-02 1.052718952852231826e-01 6.399354119016516240e-02 1.384606273191244311e-02 7.955270226710951798e-02 7.313494510856214346e-03 3.027885312112084393e-02 7.796727701055813919e-02 1.961699847122550661e-02 3.075459510443862010e-02 1.558864113044102113e-02 7.017200737197559421e-03 4.897175041749322888e-02 7.677720289156182709e-02 2.356955841315545169e-02 8.576768498857018433e-03 4.048722139065408232e-02 8.074635213495942598e-02 1.019194198732768508e-01 3.083297413291227057e-02
5.290789819610236186e-03 8.180352841669102145e-04 3.892633667798852531e-02 3.795049960789878551e-02 1.947209087524329543e-02 8.744376060654757143e-02 4.966510300664839922e-02 8.061432975565134551e-02 8.059263477618815175e-02 5.163407330811594503e-02 8.373716885202647092e-03 1.034670324174069983e-01 5.071134102181179548e-02 5.908729200241468610e-02 2.251503973144143578e-02 2.559940492279974208e-02 5.475022015666226871e-02 8.527746775890561459e-02 9.915763246813440179e-02 5.645032678026695727e-02
1.571235735365629840e-02 4.918962030949949882e-02 4.225725361679932152e-02 2.039802682343437243e-02 2.052839619488701361e-02 4.936831610099540191e-02 3.343475606675076761e-02 9.459381215421838740e-02 7.575449370163898910e-02 7.662086620861104092e-02 6.675831623630894274e-02 7.925173230556928350e-02 1.068298269394631073e-01 7.714557921403938923e-02 1.013916746141344666e-01 9.693184762625356443e-02 1.076728676874496859e-01 5.713110952039935492e-02 5.665017770879039044e-02 8.765792229719897299e-02
8.521192191355424217e-02 5.685297236807739830e-03 3.569655955842150619e-02 3.590438300225703289e-02 3.656186132967401137e-02 4.968757118211136053e-02 5.656380078282387258e-02 9.486744567834706765e-02 1.875269089685109580e-02 6.782745770459182311e-02 2.019174655417721453e-02 2.736002344706032000e-02 9.541954568074290099e-02 2.433381497091121129e-02 3.657035219883207622e-02 4.249144915953212420e-02 1.019201409543104980e-01 7.634672428255828702e-02 2.383279042441510329e-02 8.547014462518473521e-02
2.898390141127276873e-02 8.823192017702195800e-02 2.262901751759235219e-02 3.737765364042264921e-02 8.902782265558562003e-02 2.676181577069977006e-03 7.563470050201324957e-02 7.647036689063455017e-02 9.676555159409894191e-02 1.055838738059561716e-01 9.548531627534249944e-02 9.351305521696708090e-02 1.905734842651476621e-02 6.502161651380124197e-02 9.968864579471263532e-02 7.312481108013081654e-02 7.722370297210681689e-02 7.340840736521682570e-03 8.497414794343294275e-02 4.530226156000763393e-02
4.474340183361359691e-02 2.115249879640874672e-02 6.136620506570358846e-02 5.982032344809611393e-03 3.838724369208949827e-02 7.328268239901621073e-02 5.399860395912593758e-02 2.429717526409491332e-02 1.074180311137362398e-01 5.267333066114627399e-02 8.823914120650315496e-02 9.095129233365803478e-02 8.440831292289342758e-02 1.732811949914410052e-02 5.038577460415795406e-02 1.007952064757011296e-01 3.187037701204773615e-02 6.756660147907703196e-02 8.662338773322940388e-02 2.346877162009963422e-02
9.015130613747791843e-02 1.845810011281438789e-02 3.726846327424547523e-02 9.058559761358596710e-03 8.491311648350206853e-02 6.954781352017584684e-02 5.247639999740912053e-02 8.565739936585343994e-02 9.372846923720848378e-02 4.478690866107504220e-02 9.266977834590070517e-02 5.780213209209936892e-02 7.596096541341308683e-02 3.771927559303386857e-02 3.215840145372846071e-02 5.796369627847006850e-02 1.600448534135097758e-02 3.592566275108518420e-02 4.387606093273540425e-02 2.223405953895790654e-02
8.401955265668030470e-02 4.972790669321416890e-02 9.702208864124214904e-02 8.486410868946794514e-03 9.145855015682366473e-02 1.591008721518584815e-02 7.465009109437868717e-02 9.750158640441483615e-02 9.072885904406718938e-02 3.643298188213327238e-02 3.655111034566520950e-02 2.126096887058333534e-03 8.176832373611721272e-02 2.120760931661367851e-02 5.259808452422675557e-02 8.587610057969970179e-02 1.452837500042946685e-02 6.291367561802793662e-02 7.699969864568599609e-02 6.939366476227661062e-02
9.242794480399750545e-02 2.718961605283909053e-02 4.626827742775444473e-03 7.036459809520163866e-02 2.322620212778474941e-02 7.047415794209288542e-02 1.030079742877365173e-01 5.031133808880057512e-02 3.424195408750691644e-02 6.550362179019286746e-02 7.252525274070727168e-02 1.342686312443414076e-02 1.023206723127993989e-01 1.075882045798122466e-01 2.603418481664682843e-02 6.170749357580091604e-02 6.269283513330330126e-02 1.053563712490723780e-01 1.370725267269449175e-02 7.214987380944922271e-03
8.145725034157319522e-02 2.059407903278565738e-02 7.135373538406809824e-02 9.596658398223235908e-02 4.733383003820736123e-02 1.453919627431381201e-02 1.054987578941568999e-01 8.167664387841548634e-02 9.965955207899189483e-03 3.342301512647471301e-02 6.322694289981896365e-02 1.372665686621496114e-03 3.832350115353594378e-02 9.278022916051484326e-02 3.931905047762282446e-02 1.839666107515048818e-02 9.536247701377351463e-03 1.795346974443881582e-02 8.359776869973184477e-02 4.715179876214821951e-03
