2.147452283821594254e-01 5.507995223503157900e-02 1.208430853536813371e-01 9.221094497441295612e-02 1.458077874865969237e-01 1.197285706488129958e-01 9.522823404027357108e-02 4.055468159158718416e-02 7.320221376121080481e-02 9.339149176920658046e-02 1.193692495882890253e-01 7.538957243129844332e-02 1.087611699938996479e-01 6.010448020127874547e-02 8.622673524958951452e-02 5.175115366702294495e-02 6.167683917467015053e-02 1.224229086786339793e-01 9.611374159174948528e-02 9.792627181959154270e-02
2.177345388818468022e-02 1.375205199519169419e-04 7.142471953080482827e-02 9.323106710820946996e-02 4.894599098726180181e-02 2.280374915366467636e-02 2.224063129857645118e-03 4.630675060224793971e-02 9.586256798739642426e-02 3.620579199711135981e-02 1.640462034108215381e-02 4.081222742080872767e-02 2.873401097910843749e-03 6.348961729805062404e-02 6.981888846090656200e-03 7.339409684975341241e-02 7.394051361202509665e-02 5.109620337513895438e-02 5.249989965581489809e-02 5.287223286677889510e-03
3.785454256657361238e-02 1.133275329772519616e-02 6.241496761772694774e-02 6.490457441677802142e-02 5.678307526696652063e-02 8.805244438623127667e-03 3.321003801380510018e-02 6.167440222612229767e-02 4.013868297425530335e-02 1.238258538566749944e-02 1.052151877565208477e-02 4.389462490614260380e-03 6.732491792952920162e-02 8.865352939661069742e-02 8.019883064825249208e-02 3.074269467903151254e-02 8.377569287123080854e-02 7.445868841194530630e-02 3.954834488158157080e-02 1.373759987246647826e-04
9.956572361326096465e-02 4.001607839014475337e-02 2.853773394122889606e-02 3.076830919462363381e-02 4.373963918149492702e-02 7.854649320194700968e-02 4.497925771472982559e-02 6.041097677168198038e-02 4.940529359242378654e-02 1.084873693930317289e-02 5.917613076650075910e-02 4.617763646639412578e-02 1.213377025603813546e-02 2.308746953458912232e-02 1.250475384152449675e-03 5.295821926536346119e-02 2.406787127045209237e-02 2.060893508393694257e-02 5.512297673935995235e-02 9.550145676483390300e-02
5.728240093699954461e-02 9.108219242537625437e-02 5.496404896672320295e-02 5.697320233108865012e-02 8.505019399368918265e-02 8.328146328612914817e-02 9.707418338387602263e-02 2.139621488916886374e-02 9.859202305603347039e-02 2.591630747653220906e-02 2.486313232195536214e-03 4.674390744222625682e-02 3.114325633716785724e-02 4.009141610844284970e-02 3.931868106378480499e-02 9.355702475193294898e-02 6.122830206492968670e-03 7.860076658110148884e-02 5.902427244128422013e-02 1.050204855301951727e-02
2.937491384514884230e-02 1.706613908240032368e-02 9.475030210600698943e-03 5.766339858073447205e-02 1.845008197193733976e-02 2.902004390292163560e-02 2.389276851145165706e-02 2.438236485551198429e-02 8.100594602157938640e-02 5.103185252366191499e-02 3.759609938039437660e-02 6.121154049284427412e-03 8.141893625310572813e-02 5.653156786087455005e-03 3.189206981164749693e-03 7.143080803228374874e-03 6.896379302620490870e-02 7.237868474826401888e-02 1.641284616893720280e-02 7.145365036767049871e-02
3.539182558422659941e-02 5.254289088983732370e-03 6.976649755728460411e-02 9.181044672481103452e-02 5.612270934768684438e-02 4.724678589018382197e-02 1.062875032154987458e-02 7.826918438830327007e-02 5.800561051262395629e-02 3.110576760023854581e-02 9.962278891073947373e-02 3.295835962395789881e-02 9.797844416037387871e-02 9.744172634159312119e-02 7.890472398480512239e-02 9.213049089712647965e-02 6.930587228635480546e-02 4.213216238299732214e-02 1.152980775600949241e-02 9.983820660884730469e-02
1.310530421783950850e-02 5.566347601411021639e-02 3.710061809819124173e-02 1.832634342492435106e-02 9.231878879518223835e-02 3.335341578040764560e-02 3.320088939342979995e-02 1.922205346483107924e-02 3.518126696387191554e-02 5.213324812772911904e-02 7.952954073869666907e-02 5.924715195007412838e-02 2.960971441981173971e-02 9.370620545395608181e-02 3.755890494712917083e-02 2.581150838409315348e-02 6.003957784104662493e-02 6.907689884728933361e-02 4.338394917734075817e-02 9.628859758268615288e-02
9.094887275884810940e-02 9.436566961473080717e-02 5.604967536258820271e-02 8.664367763741115391e-02 3.506907796203425492e-02 3.979220768440235034e-02 8.835138553791133803e-03 5.802905814897066361e-02 3.838151845621490255e-02 6.711259507478424535e-02 6.405992763136995893e-02 4.645479385173681419e-02 1.937558660971903240e-02 7.983547757963077585e-02 2.830840540651173923e-02 9.909839241128137743e-02 2.284115393588092083e-02 7.447486131751561433e-02 7.002265651768031784e-02 5.685557812069587380e-02
2.464411075361016071e-02 7.474752840146915017e-03 4.513203856015449850e-02 3.035524058164715960e-02 5.229213907293942670e-02 5.073781503099196455e-02 5.988053196692129376e-02 9.271040242071046378e-02 6.976611718204231427e-02 8.827512278074263474e-02 3.380421509926846702e-02 7.650146452539388631e-02 7.350179505095320864e-02 3.836247193975959174e-02 1.758272255785299151e-02 5.212079805059132570e-02 8.817589121793403817e-02 6.213551868603577749e-02 9.810863769175702520e-02 8.290220728804398309e-02
3.147046808116238555e-03 3.311992710753992875e-02 1.820342697569917942e-02 9.641146286320458059e-02 6.338238382813025928e-02 9.557686015153528392e-02 9.935017353634656434e-02 9.943550554236629813e-02 9.551493239766513377e-02 4.372627019636964735e-02 8.074556533116884066e-03 3.157442771851646374e-02 8.615267649645681758e-02 5.075942169374978580e-02 8.960579283631303626e-02 7.891918744818388065e-02 8.658933965911197114e-03 3.323312768340724171e-02 4.791831650870234660e-02 8.466944876176149548e-02
4.442869934265879922e-02 9.220523178411671461e-02 5.865490508133860970e-02 8.888985618551246970e-02 6.217344850026562675e-02 5.704827419525611287e-02 4.648907308140637351e-02 1.524602456805175359e-02 6.464551468784911215e-02 6.268756930346386369e-02 6.079666944588107969e-02 2.541719938796185504e-02 1.572642725496342653e-03 8.325684308694954183e-02 6.195937226015768573e-02 9.174630714969976564e-02 2.925502414716230071e-04 5.893174275351001357e-02 5.445669844589278580e-02 3.880938038612156277e-02
2.689416163106098795e-02 1.944123769114527653e-02 8.884795004734191703e-02 2.911006238534779092e-02 5.498165840621301037e-02 9.011978022501727914e-02 8.517320188543503479e-02 9.466629676758790690e-02 5.306661598975109112e-02 1.821442655603578917e-02 1.593794436640227907e-02 8.073910341666250268e-02 1.725974746022921474e-02 3.645290172122561678e-02 7.893789121232730466e-04 1.796014685930295146e-02 8.767912069184076451e-02 8.703935795739586867e-02 2.258500432153835030e-02 9.182102514667667137e-04
6.640323168178888236e-02 3.067312226743679204e-02 7.840002591814072830e-02 6.116202860271487129e-02 4.022987030101693451e-02 9.198602008767975402e-02 3.805427032153640976e-03 7.143603417665526922e-02 1.998400563249214112e-02 5.660629905215841529e-02 8.192908726042610890e-02 8.332425295561407888e-03 8.413565638389179646e-02 8.359769186740927116e-02 9.451554651611031310e-02 7.590403054385035098e-02 3.853774429985589584e-02 2.356332347104688266e-02 7.398372646290860000e-02 4.573207230262728296e-02
3.342086645854108057e-02 1.555772021708248277e-02 3.024423781651746149e-02 1.193613399570515703e-02 8.333701555960465468e-02 7.392188757305877267e-02 6.843511669997386082e-02 6.131149383140774289e-02 9.994787949135931771e-02 4.329053653112525935e-02 1.257310417183130774e-02 1.149854626442663522e-02 9.082280471052024684e-02 7.325968392983700506e-02 4.241533869033278781e-02 6.096418533442968940e-02 7.422081285101916892e-02 6.693834930445390075e-02 3.314058369767282353e-02 2.127622004240305176e-02
5.385373379467444516e-02 5.634666776933708321e-02 1.426591220415163175e-03 7.250444601031443004e-02 1.854613956538533545e-02 9.360015239786978469e-02 2.038431283761299451e-02 2.270025492348995075e-02 2.473626884901168957e-02 7.265458817636268052e-02 7.026802031217364852e-02 6.391119156924576772e-02 2.961405469283545644e-02 9.990487912617780630e-02 3.046157256291209814e-02 4.188609314496320041e-02 5.641809478112036480e-02 7.530755516291696983e-02 2.577212302031699556e-02 2.345847884727885260e-02
9.812230461733978393e-02 9.810364480227529854e-03 2.639882315995017992e-02 6.734920539564374919e-02 9.993241829231569451e-02 8.172000079046276566e-02 1.031295187238646764e-02 9.892654971226190475e-03 5.274427199964196178e-02 9.384665774934827787e-02 2.211132760751907331e-02 7.401990355161820745e-02 2.623888214797125487e-02 5.305723235069736282e-02 2.566665053934365226e-02 2.664422546426832572e-02 4.479800743033882787e-02 7.287473090832963588e-03 1.279428284694783579e-03 4.966351251627354468e-02
3.265785315235768954e-02 2.858315938431702646e-02 5.213470794858500457e-02 4.630544510353373604e-03 7.382616181372629593e-02 3.227216231885324943e-02 3.920855514310372936e-03 1.289343681984894685e-02 1.235601320603174624e-02 3.600102294887671389e-02 2.483422967355375377e-03 9.869119062457533398e-02 3.161956056220387862e-02 4.777058772436583445e-02 1.513196778591555797e-02 1.254861109496693307e-02 1.153508654958058759e-02 9.853935237418420812e-02 4.437670239670424982e-02 8.415828519723989737e-03
4.760645358821986861e-02 9.623675322631516926e-02 1.950221804294068051e-02 6.606644104938982909e-02 5.696552892637753163e-02 4.701795064038190308e-02 5.398532858262727885e-02 3.886309662394323017e-02 8.024873699371992686e-03 5.924134999130035301e-02 8.546082027174559115e-02 4.994481123935219646e-02 1.450629734623205651e-02 6.334167909291942011e-02 7.525998924947818747e-02 7.058909727648328414e-02 8.139976014916822100e-02 5.597881255572959708e-02 1.656008835550784250e-02 6.390085808412050705e-02
6.009668307244150909e-02 9.514458049048302168e-02 3.600336422694982996e-02 5.826219616829320797e-03 6.140148958503438559e-02 5.686625944978471875e-02 8.836552683536344488e-02 6.081685895658503482e-02 2.548593229675463409e-02 8.954763745588290025e-02 8.677615606566768669e-02 9.750089427082399285e-02 8.622811302105803932e-02 3.042210756264213112e-02 8.966586516793864647e-02 6.075724597138570937e-02 3.718189698391396319e-02 3.886693694358137052e-02 8.615728038858882706e-03 9.004472351501292826e-02
