2.175733116066090322e-01 1.214168424682817993e-01 1.308013253245837726e-01 7.300705859667196151e-02 5.738301031956326986e-02 1.212464222149324533e-01 1.015402120375453882e-01 7.985861928151680167e-02 3.084752581755398695e-02 2.119860227944662251e-02 1.283364087756899696e-01 5.431552474541639225e-02 3.013435739612985512e-02 1.127678844527086471e-01 4.958345691149175505e-02 3.695478956005426863e-02 9.531293874505686325e-02 1.127914596431634497e-01 1.272163470919808470e-01 1.114794473444264689e-01
1.498445213769328353e-03 1.901729478686486939e-03 4.087041416236478208e-02 1.168378350150139910e-02 8.867410368745760885e-02 6.058448122825145499e-02 3.621897733609413805e-02 6.080110346039398206e-02 9.939949238621963168e-02 9.524357967317105544e-02 9.661214737378409634e-02 1.303598765110208779e-02 4.217093819466635751e-02 5.345714997521944928e-03 1.429762254014288556e-03 1.822102568145251775e-02 8.390029021420097877e-02 1.868885397094843803e-02 8.197049651263589587e-02 5.716811053562578793e-02
3.697917443825565753e-02 7.513084009361280236e-02 3.801555559434983966e-02 1.026932381921081931e-02 8.921453977071186481e-02 3.378579683813164730e-02 9.091413857258645809e-04 7.740038311277586472e-03 5.424302906016433001e-02 8.645054017051079231e-02 5.721684250851209047e-02 7.464468816404332130e-02 6.986040652075313495e-02 3.692338723731036776e-03 8.887241705741177888e-04 6.563574318540089936e-02 8.960860723067884392e-02 3.369228736571185101e-02 4.724990303129789071e-02 6.254889221112372444e-02
2.400590542417342654e-02 5.985515468097124710e-03 9.557113304842476675e-02 6.007150030941961483e-02 4.525815069224880909e-03 5.663734884443411000e-02 7.670378713277048455e-02 7.913516289984262597e-02 8.417526571107725609e-04 7.680075865565705318e-02 6.700899833662306293e-02 3.562085986305590923e-02 3.953662246785064061e-02 5.105528315656707172e-02 8.793530218838042228e-03 5.147833501024462466e-02 2.898406800997968200e-02 5.177178690876014372e-02 6.975456794133312599e-02 2.946472424700550402e-02
6.215240647304733079e-02 5.469459703943585493e-02 8.156012313448221529e-02 1.688133883635263219e-02 1.568902280498193566e-02 6.640045348306228279e-02 4.834059566972566391e-02 1.142652172576213987e-02 4.116233801383676477e-02 5.852749748767239156e-03 3.078701022537335893e-02 8.375329371105277865e-02 7.219552614199904739e-02 8.491808253229582437e-02 1.402286788846256529e-02 7.060376683558145135e-03 1.328413218633335384e-02 8.699810148652623032e-02 5.085851105945365241e-02 8.487610286981385477e-02
3.394965194989823382e-02 9.820410034268874100e-02 1.950259222698444081e-02 2.458220074653708759e-02 9.092910393387652890e-02 9.951761524176579166e-02 8.401660277321727766e-02 4.476731215423935054e-03 2.918207484758912618e-02 9.273762741143534716e-02 3.267546104173883054e-02 1.101537570698932905e-02 6.053222803753068038e-02 1.670727813174048906e-02 9.319099770919320180e-02 3.189781744842214162e-02 1.665539764503063541e-02 7.998461586279265179e-02 9.009413890141976244e-02 4.009920461667124819e-02
4.098226894892398331e-02 9.010783099249150552e-02 9.395792316861989457e-02 8.455903109464099621e-02 3.951815789673177037e-02 1.680534451998443382e-02 8.335011401062603076e-02 4.514711855937952184e-02 9.476459785128871216e-02 9.945096249732826577e-02 3.327947932451157803e-02 1.700066762189194128e-02 7.032658129592936347e-02 5.272516416729908229e-02 5.104598090707609948e-02 6.913380689836652604e-02 8.016615786967444535e-02 5.653964239174559536e-02 5.040977093389460706e-02 4.225196958569741451e-02
4.849844586531570217e-02 7.342728234738205191e-03 2.540300713641291397e-02 6.564839416679844886e-02 1.524521911928774544e-02 4.033212524687374012e-02 5.612368822058066975e-03 8.791545341784491596e-02 4.064779802898593059e-02 9.374184911379759844e-02 2.341096369976724059e-02 4.373022352133786733e-02 9.487656735297411714e-02 3.556835536486158134e-02 5.896751271150000445e-02 3.458574823498653666e-02 6.521657903727946792e-02 1.613210882282106740e-02 3.705391910373867590e-03 3.004796146980846100e-02
2.279622021972115345e-02 8.260023696944716887e-02 1.110907205895855787e-02 4.731249195729760049e-02 2.648358720180306325e-02 7.731677098159750461e-02 4.766641769932890293e-02 9.517582848055647360e-02 2.463786747517465736e-02 8.122801346030647518e-02 2.934253799445563082e-02 1.787978700511722030e-02 9.581429022059727296e-02 3.496811497355030440e-02 2.268506116437801756e-02 7.262862915719489609e-02 5.737551839557162442e-02 6.446065296232639935e-03 4.245448053192203697e-02 6.620290404114140270e-02
3.643396868092520224e-02 1.766643043460601817e-02 9.593977883832095765e-02 5.286437205008124446e-02 2.816252455780903288e-02 7.801753892101898069e-02 8.281756555906326367e-02 1.708889356589794392e-02 8.752805177978063844e-02 7.884889881431252079e-02 2.874721776418458566e-02 8.918164326332551906e-02 3.161375664491277576e-02 2.761148750092131884e-02 1.310655528372678402e-02 6.908522428307259378e-02 4.911586480287817580e-02 1.791632004234225070e-02 2.090364275505587552e-02 6.696070559574500425e-02
9.120769756358156066e-02 7.095178342791334802e-02 4.720173458015430173e-02 3.976560564040149126e-02 9.012188860264230827e-02 7.673651153189067764e-02 8.892740537099730336e-02 1.264031910931542359e-02 1.195424655312214007e-02 2.414533149117211938e-02 2.530502196527074921e-02 9.609220815888434852e-02 1.733096328862677657e-02 8.780380159253360628e-02 4.914680178806706684e-02 7.246750431952221627e-02 6.767053769332297131e-02 6.629425389823832837e-02 6.093631628075860118e-02 1.384988160212164039e-03
6.166431854439601706e-02 8.164591898027631633e-02 1.770023872089913214e-02 5.999202068251993647e-02 1.108331817752219485e-02 9.319235173451057008e-02 2.687530846440729093e-02 6.597022472623394196e-02 6.082900502509713814e-02 6.314444663404395440e-03 1.201436241663425032e-02 4.940016526671712344e-02 9.036718980188686301e-02 9.729879832504161052e-02 7.256522600854898447e-03 9.747684219686623963e-02 9.710300870315516364e-02 8.813307796149731643e-02 4.384027460432130680e-02 6.265932967520559949e-02
1.353227799199193705e-02 3.510286247646030727e-02 7.621238772312841081e-02 4.404824769521163003e-02 1.361241960499067795e-02 8.567830123848541035e-02 6.162430680530589511e-02 4.971949394960029078e-02 9.063640329619213065e-02 7.733433609566968403e-02 6.908891542381789819e-02 3.106073600294845510e-03 4.888909718174427183e-02 9.641293936203194914e-02 6.252811181335693469e-03 7.373584403976977952e-02 5.756661638135057019e-02 5.490627422376850864e-02 7.025709985960075510e-02 5.913098930826397176e-02
2.319305956838312380e-02 2.257464429309291587e-02 4.232550826744261446e-02 6.253289146073582466e-03 4.032910470407560788e-02 2.919422171536637661e-02 7.908664409588917615e-03 3.159505231610953979e-02 8.481489527047378352e-02 7.444136268112241939e-02 6.364459677184197868e-03 5.485112072032322095e-02 5.664360467361964635e-02 4.974903375602657274e-02 5.206611141299141710e-02 3.477458674814883077e-02 2.332192514164266317e-02 2.430248378325249384e-02 3.802623251783543434e-02 7.882585671133066074e-02
8.509940086972428430e-02 1.370717251463439250e-02 7.507566446271975169e-02 5.151253622993871156e-02 6.757329774879304585e-02 2.288440992646680050e-02 1.506905466228313298e-02 4.897034394429208848e-02 2.159013833585112993e-02 3.637957404829141039e-02 8.810682108153389258e-02 2.871435568950254924e-02 1.949865147319989125e-02 9.031957073198428054e-02 5.292517795354519106e-02 4.387181416809715628e-03 8.220691908382267432e-02 5.024494963892700908e-03 2.967125163911861485e-02 5.902177043361456210e-02
5.453395624505566475e-02 2.346226411056605635e-02 3.978456749999545461e-02 3.079815689010710969e-02 2.353228229236153934e-02 4.579902660318714569e-02 8.265276954901379369e-02 2.337607387225681954e-02 4.476545014298873026e-02 5.127978149235600663e-02 3.807276908422942141e-02 9.328553234480091438e-02 3.789877746355361371e-02 8.770311196960067432e-03 9.879995772228292172e-02 5.061702834614845506e-03 2.216452841741556497e-03 4.267928162112532425e-02 5.734436393814203170e-02 9.564632318427974955e-02
3.560731794887394414e-02 4.439433515765898314e-02 7.245139275183505589e-02 5.908897541861801717e-02 9.264969855111804264e-02 5.881430893177685970e-02 1.861179733075368770e-02 8.099638853268834038e-02 7.383169323043648445e-03 8.434033088574767467e-02 1.188698675795519903e-02 4.282654728132617716e-02 2.339588308148454754e-02 4.613105390468056483e-02 4.768326492275929557e-02 3.465130261338591339e-02 8.477030053432366152e-02 2.957294140156596640e-02 4.350159819245948134e-02 4.250441664467185902e-03
2.460307560494117210e-02 7.858108009946143668e-02 1.828403972976886532e-02 9.751896782712127232e-02 7.195949924908877360e-02 3.206663705030423500e-02 8.285913443473355566e-02 4.141986281856065155e-02 3.490015003159895740e-02 9.446913069176805788e-02 9.497992173109448544e-02 5.996154986240268686e-02 8.052216284830825133e-02 3.954813097887810436e-02 7.816126550529571559e-02 4.688002561965901732e-02 2.384784532381171301e-02 2.093486052286568436e-02 6.507063507243343592e-02 1.349485285530371836e-02
5.915747291454858531e-02 8.829366902700533370e-02 3.112218507640407417e-02 6.170050276183949856e-02 3.006731758096010954e-02 2.985345984260111621e-02 4.689140737643002210e-02 3.455122635108253543e-02 3.777632819640863813e-03 2.863713522529945030e-02 5.663193467474081366e-02 6.611815019469158283e-02 4.262273623369500219e-02 1.388653990606348969e-02 1.338006812125201034e-02 1.988694813263452987e-02 6.273255544001696271e-02 3.639945390715693205e-03 1.920387180171160418e-02 7.608343875338156870e-02
6.864009242611836259e-02 4.791172540899658189e-03 5.101839527051198891e-02 6.254701974490005367e-02 5.319999087719743530e-02 3.662747927558791805e-02 9.802029637124536066e-02 7.150617363653201386e-02 8.539267362065439126e-02 9.167717044959541872e-02 8.849483159853965830e-02 2.992242556498485653e-02 8.758522702572320295e-02 9.220684721132216266e-02 2.500299947818518387e-02 2.775096955825755510e-02 3.489535499042517911e-04 5.078446643448125686e-02 2.239403581311225772e-02 3.580753297040130401e-02
