3.558058022156594946e-01 7.649558624921605487e-02 6.270774499987444295e-02 8.396794745208965849e-02 8.091620646664088312e-02 1.280516733381660832e-01 1.821126202013118867e-01 7.270688136760321274e-02 1.041341037565452626e-01 9.837833225182625319e-02 8.679160309169738075e-02 5.401485355589240311e-02 6.074255962942282788e-02 1.713525806878916646e-01 1.041120129819823742e-01 1.397843581516353406e-01 1.399866164461063822e-01 1.762013758222515450e-02 9.186716787059560907e-02 1.343651771144726004e-01
9.275361277566070151e-02 8.012961063233425829e-02 8.226635460596638805e-02 8.577564560379138947e-02 5.454648078932858302e-02 8.436659059406891037e-02 1.016952115513944099e-01 9.562172946028939247e-02 2.713207019092046812e-02 7.693813116926916107e-02 9.890523889443900152e-02 8.887926072580727699e-02 3.972106436085122427e-02 6.354210643143072546e-02 4.089423388312299346e-02 2.530262262450138147e-02 8.643369503543488208e-02 2.242358386931245229e-02 7.230825251934097642e-02 2.884923139837766021e-02
3.309043144765719258e-02 7.826950335310976781e-02 1.006646062316600282e-01 7.241431630087820370e-02 3.602891380901700191e-02 7.412480268384853688e-02 4.400084737606380081e-02 5.198312173095809285e-02 9.658479912632546294e-02 3.231080195808821304e-02 6.529861163365520416e-02 1.042869133664829813e-02 1.407173323906966630e-02 1.875891169141281206e-02 8.744495827210167771e-02 1.053871216483985018e-01 2.673810121041398855e-02 4.993899844272108035e-02 1.903808338139362927e-02 1.064533973824980106e-01
9.631662121942115296e-02 1.012199190174772334e-01 2.189621312513806428e-02 6.573478632237708674e-02 6.980404964974976090e-02 1.968795599507430424e-02 4.252498367706058699e-03 3.184130309465338371e-02 6.407400504276443420e-02 4.410168331471226236e-03 9.884504756964981875e-02 4.791744252728797476e-02 7.102189043641593535e-02 4.704984871572033545e-02 4.671998939741715817e-02 9.298768379729364930e-02 7.413423414112507714e-02 3.243829432406208912e-02 4.374796064280873226e-02 3.116878750055989550e-02
4.129426955573033825e-02 7.895741500028870263e-02 9.827587261336453994e-02 4.737160135378935821e-02 1.394359161451133589e-02 3.009920265317247989e-02 6.864375826032977079e-02 6.915798704503241245e-02 2.723429592251414011e-02 1.186544836271797090e-02 5.971019960541886634e-03 3.355474301693640860e-02 1.535949383149027084e-02 8.610778085838635687e-02 2.765249618528302367e-03 9.723622716217644735e-02 8.587643324891952590e-02 4.020329834430420857e-02 4.185294690235803750e-02 4.604073137628538620e-02
6.122899343796069788e-02 2.270730218758295650e-03 6.157650153754979511e-02 4.886346501769028156e-02 2.504169059613820317e-02 9.468087376584440051e-02 9.983864743221141161e-03 8.851081638753062475e-02 8.427908607540694763e-02 1.497170137631454422e-02 9.353035504887810547e-02 6.169012006801691261e-02 6.670689262258895635e-02 8.907851268551382484e-02 1.002424283196846344e-01 1.015223138320987400e-01 7.092290805909613749e-02 7.352224095513283653e-02 8.357989510916835618e-02 7.096874851889312108e-03
6.486680162780815440e-02 3.571686687397829241e-02 7.411407962508624603e-02 6.894550222277921053e-03 3.615082003189498076e-03 1.041390501087850057e-01 7.165369049899393550e-02 8.076719038612741692e-04 7.114305638927310993e-02 9.076480866342585829e-02 2.374889664091348052e-02 3.489606498148262875e-02 4.887388071064768802e-02 4.666015105310700878e-02 1.078830193006996147e-01 1.161784035893718633e-02 9.760437669159424678e-02 8.952653540159320744e-02 3.704124113462050477e-02 9.082007037115080728e-02
1.076338219655006111e-02 1.870115043090042964e-02 5.663799282426736081e-02 5.197762548934702076e-02 5.178971965597341243e-02 6.149122826179653778e-02 6.534000308167975390e-02 8.505293557746335109e-02 2.196454604352725271e-02 7.932420227979189442e-02 2.189378419825409663e-02 3.367623876334398941e-02 5.782362430396086050e-02 7.677043694241024452e-02 9.738200728485590929e-02 2.648152673646071015e-02 4.646979924500099085e-02 4.822042413842440867e-02 8.320945377030226908e-02 8.366578369339909560e-02
2.798768132561605011e-03 1.001718833915414032e-02 8.346440854799607942e-03 2.292399048272263009e-03 8.704905380799297931e-02 1.855598295153936331e-02 2.118098444329566746e-02 6.627800481110590614e-02 8.806826063409654848e-02 6.171585323393796729e-02 3.292140519539531185e-02 2.658237771988249121e-02 6.900752362998352485e-02 5.677714069925112600e-02 3.236290900685342281e-02 7.522890422878240890e-02 7.425401469749196015e-02 8.197675074234728188e-02 1.029270156582132861e-02 6.881428456828173057e-02
8.872014947273196284e-02 7.023652251814216374e-02 8.148093025081690199e-02 2.287011229870895140e-02 9.659996012282920375e-02 8.825393024498837807e-03 8.105773477304566155e-02 2.812019076350312161e-03 6.025401727387284107e-02 6.222358380893707602e-02 7.416969725339357666e-02 2.493174649457523956e-02 7.868913167252308827e-02 4.943131899749511615e-02 9.120896092596422755e-02 1.586745209047791530e-03 5.978610255255240036e-02 7.293623572754467932e-02 1.580263379996457371e-02 9.159811219755623068e-02
6.565986207723327472e-02 9.632037788612189677e-02 7.751579375062959965e-02 4.059494932691211366e-02 3.440244782444507043e-02 8.945155599287449300e-02 7.806769755393866417e-02 2.074836367085437783e-02 9.845733063378371563e-02 2.078303604849155925e-02 1.993198090626975907e-02 9.055597187413053084e-02 5.556620590538745991e-02 8.260631814658743466e-02 7.470213660334580272e-03 9.757157674766671340e-02 9.324843221233805601e-02 6.777226323297858880e-03 3.097234506106669600e-05 4.986827614767953137e-02
7.888028448133448112e-02 4.781538199471078304e-02 3.224621901214789338e-02 3.385516397327202609e-02 9.912696387878816573e-02 6.806394677982317842e-02 8.804935314426547144e-02 2.730021473838060986e-02 6.991837355135584187e-02 5.747011561438108984e-02 3.783986467730902914e-02 5.288616148193021893e-02 9.114524859059540407e-02 3.866550016186109939e-02 3.230894784952302590e-02 7.032893126900094383e-02 2.163288419680489336e-02 2.733466245985947951e-02 3.322384746895289814e-02 4.867809107348057551e-02
1.898685725133696447e-02 8.798656435473421744e-02 8.579915204557816673e-04 5.315057640604156641e-02 8.930369174233326879e-02 4.064518122091821672e-02 1.069942327735057125e-01 8.146603120654194452e-02 6.010441170130702976e-02 9.508701309799534596e-02 1.846830424795374917e-02 2.595726442132963944e-03 9.730963623469757184e-02 6.594765810141113571e-02 6.409887581227148579e-02 2.812196695997043819e-02 9.013000280362962191e-02 4.422207773715829300e-03 7.945486937480369938e-02 8.431752789286468819e-02
9.389949135562375426e-02 2.369777481060402619e-02 1.758209054636727595e-02 7.984460640695524927e-03 7.703783273107635277e-02 7.502127501677296854e-03 9.870996805723961098e-02 5.342456231352974566e-02 9.786510193218822540e-02 8.822296573235621775e-02 9.335223418681858065e-02 9.061546442889314990e-02 1.062239400616657968e-02 2.554751809265351156e-02 1.860665917607354962e-03 3.956793477311149748e-02 8.987944061623205638e-02 1.018756596041455464e-01 4.636252850810167886e-02 2.143250272065399392e-02
2.967982366769069541e-02 6.805670009926233222e-02 6.953287749901485362e-03 6.139555831432248062e-02 6.787649595109615519e-02 1.668626324440631789e-02 9.010835081089453580e-02 6.153779338496714879e-02 8.807132755775733124e-02 7.557743731313849855e-02 9.372239573674021051e-02 4.075208556196260878e-02 2.182028867986681928e-02 5.061921769931122111e-02 7.200150758803709750e-02 3.124308620513667478e-02 3.223730522209993649e-02 5.812479961826574199e-02 9.784343459724634262e-02 1.949887897438885159e-02
4.199365296954953725e-02 8.355066840726881050e-02 2.483440998553203272e-02 4.749674897308558963e-02 4.639349861680718001e-02 7.632826644420896527e-03 9.931863368646512424e-02 4.766106946032859504e-02 2.363842914581953253e-02 3.076414004989022274e-02 1.027807412810738674e-01 7.634700980048318708e-02 4.111457158366660369e-02 8.056003367074005689e-03 5.426169003867169216e-02 4.651554749950990303e-02 2.536028708740857736e-03 2.212880026350374021e-02 1.217296529611215216e-03 7.302301152301736431e-02
9.263423803391059030e-02 1.008927102739880510e-01 8.183236115544559319e-02 6.162361309194924752e-02 5.803997409485559672e-02 5.489220532976248762e-02 1.056086744483490658e-01 4.394616070657301338e-02 8.492811462812917267e-02 8.167336877318688571e-02 8.530817546421060743e-03 5.227365823835763590e-04 2.439468828582504883e-02 8.975777256541035698e-02 1.344114532234770738e-02 5.969564542482812264e-02 7.158100363699132496e-02 7.500675967320304116e-02 7.376869674062215554e-02 9.165470038653006357e-02
2.693207800790407142e-02 9.856453809925200260e-02 9.460263421316890409e-02 3.770806046906645392e-02 1.984040478838398555e-02 9.625411972662437088e-02 9.616331549464553208e-02 2.124228711956069326e-02 9.896085260690286323e-02 1.057872368944581948e-01 8.856391133961492856e-02 5.246000973825984057e-03 5.889013754926201299e-02 2.740366780104384892e-02 3.225777463498999582e-03 1.030556523001586733e-01 2.176018855398050705e-02 3.052989284711465218e-02 6.859835562024509115e-02 9.250357941025233715e-04
3.348700971498733137e-02 1.039773986194916788e-01 4.339106461516340635e-02 5.957260407476428626e-02 1.030369881238920315e-01 2.668457442976981606e-02 3.985361255899533273e-02 8.920459791758753032e-02 5.399550918060406351e-02 8.239666086834168679e-02 7.879536688006860690e-02 1.453784406647026101e-02 1.853754382856304117e-02 1.710054516162668944e-02 4.901272409430910276e-02 2.092867767884791334e-03 2.437918203562245908e-03 9.964779972867186808e-02 4.987750679043736340e-02 5.600604350688789118e-02
6.344875530702928645e-02 1.707712794165307246e-02 3.080691096656190675e-02 1.059611665632188976e-01 5.004605867356719251e-02 3.016378411806319715e-02 4.679675878194113244e-04 5.732144028774880523e-02 4.146546312400414130e-02 2.616596517477104075e-02 9.641851621654727589e-02 1.751399615972547980e-02 5.012274758857480222e-02 5.852591175243170019e-02 3.036067872048169372e-02 4.609117264302936556e-02 9.409933502437775946e-03 5.263906115867506008e-02 1.277817939933041831e-02 9.943061435108668800e-02
