2.796594033983352823e-01 4.781589185382276175e-02 1.006751305897492232e-01 8.062556810520692119e-02 1.414011797646501645e-01 5.929435783978289493e-02 1.045534267553409891e-01 7.280645479831501787e-02 6.519937082326013322e-02 3.256844052096156961e-02 5.796905676552346898e-02 4.451503961101202500e-02 1.559256140618719977e-01 1.590097493922769112e-01 1.097890621150431067e-01 1.194561662538639324e-01 1.242429411034866871e-01 5.962846210700452343e-02 1.182368570761245102e-01 1.636829087915615821e-02
6.944350896810166929e-02 3.713648277338254394e-02 2.204598640537982698e-02 6.387628497385700044e-02 1.811582059802874407e-03 9.504688735830274515e-02 9.480369849942607563e-02 6.952309965618452825e-02 8.898775939925702982e-02 7.715471899421938451e-02 1.614206935217826766e-02 9.225520578289601870e-02 1.848675677010773802e-02 9.297070781293247099e-02 6.668228775982416867e-02 4.866332371188827888e-02 8.906396536957587873e-02 2.989148314395839723e-03 4.928089202659568374e-02 3.988195520503882291e-02
5.206833042135117218e-02 8.897206698557819093e-02 6.153224800676450335e-02 2.166349093364246248e-02 3.926315834727015647e-02 2.904089296798985365e-02 7.321988759831364602e-02 1.796043266823481657e-02 6.670053005257810252e-02 8.207031890247921957e-02 3.338416447944188292e-02 2.914369949208957256e-02 1.464991958654039521e-02 2.648226450172477472e-02 1.155694006996965673e-02 4.509618328206508459e-02 4.494899923480622357e-05 2.824024638658205813e-02 5.818018847489995343e-02 4.892806311840568884e-02
9.586815601177565982e-02 6.803921971059888330e-02 9.868400067727423064e-02 9.338976512801090354e-03 9.554946780759560054e-02 4.221091654619986422e-02 9.063535806278505413e-02 3.847603101741456366e-02 1.174372232550229336e-02 1.681447552951192970e-02 2.684002391041431443e-02 6.648230959028722520e-03 9.290402796851379708e-02 2.543012228685802636e-02 3.003749997757188071e-03 3.238281028156393682e-02 9.262689060158893484e-02 7.800750646654316944e-02 2.023432510393183975e-02 4.589653021539030070e-02
6.981740240333199343e-02 9.293874862718257135e-02 5.193279236914373487e-02 1.547623713923097603e-02 1.595695198874690426e-02 5.807627366244340339e-02 4.395477471182299145e-02 3.813373517791834866e-02 2.462126922457483907e-02 9.035615697988786874e-03 3.470034759289388621e-02 9.135615310956633761e-02 8.577656151460014144e-02 6.829240647422506194e-02 7.949651414489911083e-02 6.456057063342125757e-02 4.020785080791738214e-02 2.558664648167163769e-02 9.574013755088361943e-02 2.494556177366557062e-02
3.838010820336460599e-02 1.619411004136617335e-03 8.536430263133188215e-03 7.307075196105747295e-02 4.646519770030869273e-02 9.462865897815024574e-02 9.773146204879662458e-02 2.850131976518951657e-02 5.004183813199741815e-02 6.228637069620768761e-03 6.385218321264325703e-02 6.432609517483225958e-02 2.585004039039421470e-02 9.266373120380547168e-02 2.949887339687481611e-02 5.392161281607902451e-02 3.415766836504934706e-02 3.969039401788716781e-02 1.369575782062133588e-02 2.792753830831985751e-02
3.977859007704005745e-02 1.363578748519175300e-02 3.097376525940713846e-02 6.294407852724724639e-02 3.929055072741222121e-02 6.951787394586407542e-02 8.900349820851782834e-02 9.491397279273108833e-02 6.812153993782221750e-02 1.540449891372072146e-02 9.214230964234182419e-03 4.799822313034112636e-02 9.338839121991052150e-02 6.959331538290522423e-02 3.244379112827026207e-02 2.059728765637234421e-02 3.041851581192405243e-02 1.672094340774499385e-03 6.585481225879270817e-02 9.740409080837214573e-02
1.558868298182978368e-02 6.658368217849851278e-02 5.974367623303752928e-02 4.509771190398437213e-02 4.879539821428990204e-02 7.973440840377012118e-02 2.954558249604013684e-02 1.242040964156959637e-02 4.172295842795677168e-02 9.277320621669649103e-02 2.993148702725795252e-02 4.710594411499189477e-02 7.811032680464302658e-02 2.551614587071870943e-03 9.415497688392890363e-02 7.468416316338077898e-02 2.467244480767942852e-02 4.747053907247245075e-02 4.233330373766339833e-02 1.561386242890591171e-02
7.815165013639713276e-02 7.812703796768061260e-02 1.944657848324626934e-03 6.317670891335945560e-02 5.751461441022612947e-02 1.570999832829530693e-02 9.767561566611311641e-02 1.548015070993611492e-02 8.995219093288486789e-02 3.006168945612568491e-02 6.051352879181416677e-02 7.791334762114172918e-02 1.836736049682033065e-02 9.121550624601995616e-02 2.046434617498294004e-03 7.329827294767848889e-02 5.268074535582925599e-02 3.981581740302393702e-02 3.911910817086792364e-02 6.576732226375170409e-02
2.300341439248498876e-02 6.418669022890979847e-02 2.013057595586986714e-02 1.133441991347074011e-02 2.340992628113501908e-02 4.261036391834787523e-02 3.837220280373757064e-02 1.021496529500587336e-02 7.503693521523739640e-02 2.392936580761935439e-02 7.753988410977033507e-02 4.118907238927480702e-02 2.117947189556368404e-02 3.292034232723267673e-02 5.689982946147305320e-02 5.147419315071802282e-02 6.609856377671616268e-02 8.946475858214829324e-02 6.764021295969363523e-02 7.411076927896887529e-04
1.645429458755263280e-02 1.590330720487313082e-02 5.715356937838052265e-02 6.952563423228858008e-02 5.038259952841837169e-02 6.861525663514241036e-02 2.908615979695208451e-02 3.307725387900842945e-02 4.748293378964627692e-02 3.865433445550522928e-02 4.252081805325175212e-02 2.954619024971664315e-02 3.559088199873101932e-02 3.259533754903389674e-02 1.856658145145895222e-02 6.939857844356876748e-02 7.086547103342125120e-02 7.013139707113115462e-02 5.078083710395683847e-02 9.970945160987307321e-02
8.495093160413574873e-02 7.372096583477541487e-02 8.555717379546470824e-02 3.192738960161736056e-02 8.860022493253580378e-02 1.985168651086209948e-02 8.775958680449535976e-02 1.208631987603941971e-02 5.934031673595446810e-02 5.933787871996237806e-02 2.151717066963419051e-02 2.974928444258063010e-04 7.452609885718938787e-02 2.785191124135827367e-02 4.286815201227323069e-02 7.909122981374495931e-02 3.943472079721155842e-03 8.919373301062373527e-02 1.197539838835482047e-03 2.771226223606145997e-02
1.593589197658529374e-03 9.047780802533186839e-02 2.598471879839832355e-02 7.523171593008604399e-03 5.224171695875319543e-02 3.638840066872820606e-02 4.169188667055752362e-02 4.290104711626877010e-02 6.016477555809164601e-02 7.555006301527983359e-02 4.185707227987123247e-02 1.335964851418153243e-02 7.294285945419846928e-02 4.184127078361452728e-02 6.985744051222049500e-02 8.408360617518780000e-02 1.304034254869684828e-02 1.519233578437377899e-02 6.472250623003772407e-03 8.611695878844245755e-02
2.443800223670222847e-03 6.874329432595081835e-02 4.871507816217490738e-02 3.024248575843102582e-02 3.872443197191143688e-02 5.875776839721369438e-02 9.295426853981049453e-02 9.818780288752804175e-02 7.882083988154697796e-02 5.440159268186635366e-02 8.309816541550889279e-02 6.360310474132036679e-03 6.516086376925457613e-02 6.491623901378024142e-02 5.550345050873049108e-02 7.357180417594420818e-02 5.722390601308147140e-02 8.450331703377447767e-02 6.722511918987250645e-02 3.253699852668365949e-02
5.326790389221064403e-02 9.902158426118340406e-02 1.354561731630481505e-02 5.088317606737342846e-02 4.577808901478210013e-02 3.006327372945985163e-02 5.934242264396998728e-02 4.063535788838415486e-02 7.226879744587864918e-02 8.045722243741544599e-02 3.721541818690321524e-02 9.602350989876792808e-02 1.695045995017712206e-02 9.518761983682380579e-02 5.527741141987931039e-02 8.190565490069813201e-03 6.395202190557995603e-02 9.532273779429384364e-02 9.303944596225044786e-03 2.515011277062310230e-02
1.640695679659238612e-02 5.197048991310522503e-02 6.709608109124717834e-02 6.585814111264723381e-02 3.664249143435275441e-02 3.912003309216615515e-02 1.447943889567814349e-02 6.270400478801273214e-02 8.095375787649124188e-02 5.351541115292322154e-02 6.505423983423910816e-02 4.289735520818019343e-02 2.381493342136640351e-02 5.024269082799373565e-02 7.700246617868074239e-02 9.760868015074473936e-02 3.210567196776742405e-02 3.859025066832849626e-02 4.496825340845201323e-03 5.480487513308238828e-02
6.098535744990131457e-02 4.811715456308801597e-02 7.706296499791975840e-02 3.775288741009538707e-02 3.863348314605503930e-02 1.674410062160058832e-02 2.820306202350979577e-02 4.289685547929009829e-02 6.375552236388126737e-02 6.493251156220036791e-02 5.277590300673486168e-02 8.272531257637355528e-02 1.284288802918824926e-02 1.363166418149999205e-02 5.845690550177343875e-02 5.056493182582806611e-02 3.885177746326090586e-02 7.111539554250057363e-03 6.281793459921396205e-02 9.231349622004576816e-02
1.978278410914778920e-02 8.295055220968082510e-02 1.630166616375938737e-04 6.589464566743702401e-02 8.151591427018267883e-04 5.245362797322242893e-02 2.974346831428364979e-02 9.069475501306074883e-02 1.476270207597774053e-02 1.538162379416706596e-02 5.916961607616375018e-02 7.406643145595460942e-02 7.783053032949641126e-02 8.154840634937221555e-02 2.832308872796929309e-03 7.661958042917788037e-02 7.805541654383882366e-02 5.178837136427678900e-02 1.921879209922228160e-02 2.003680475274401129e-02
1.404032965187610588e-02 5.129413088871147969e-02 1.292952663925701733e-02 3.188917440624349647e-02 9.851152094054491104e-02 5.123418171114726971e-02 2.993786750408877761e-02 9.474587270320583565e-02 8.303118272777187947e-02 9.644215147661264198e-02 4.371153645518404546e-02 7.606101511243990379e-03 7.688335879910136728e-02 1.963462630104400100e-02 2.037796500849473752e-02 3.405752542450502223e-03 6.082266315880174162e-02 5.002693101619441057e-02 4.070524745389382526e-02 1.035974585686472247e-03
9.305430098824529761e-02 6.177505687099524995e-02 7.617438913552099233e-02 5.031929520696466762e-02 9.492883642543287204e-02 4.983152237670677304e-02 7.260111743732604317e-02 4.108256366414048122e-02 8.972454987355679701e-02 8.503893158346964576e-02 9.615030520446432799e-04 2.813070592241818935e-02 1.028900773104497561e-02 9.184330095932119464e-02 7.556095393316943076e-02 7.527101734661235943e-02 1.206306484330673702e-02 5.051308137958959027e-02 2.792060242846287205e-02 1.889597694133441502e-02
