2.382880275843966000e-01 1.218969222680449105e-01 1.068255882767750187e-01 8.568810684169775316e-02 1.710425562364605578e-01 4.721145427875497042e-02 1.781363804570582909e-01 4.560316789485811817e-02 1.370280467627927878e-01 1.376445411648964945e-01 8.262827020784252463e-02 1.104954345989004327e-01 1.750857091917807362e-01 1.090434960693732330e-01 9.382105273280552660e-02 3.723078998697421094e-02 9.176356530645282672e-02 8.735942389937265129e-02 5.309005270395301956e-02 6.064129661888018746e-02
2.745829590586952931e-02 1.367118805559683348e-02 9.339254805331887940e-03 9.598994347548946149e-02 5.231970073486655326e-02 7.066954822751285448e-02 1.874609806333368822e-02 4.756960292352029745e-02 8.549549534222357361e-02 7.182659778388623961e-02 7.171766071789521801e-02 9.027829948198073939e-02 1.065835798888952329e-01 9.389056918111168826e-02 2.990919761739966112e-02 5.970485804152129983e-02 7.239492264260652399e-02 2.830851465254653407e-02 4.117446213615462750e-04 3.603612277967119942e-02
3.579226395031688546e-02 7.723337899020386865e-02 4.048463658056689757e-02 1.327947110362052117e-02 1.067471141151141514e-02 9.652549823822029543e-03 3.602997294181194826e-02 7.534925263073134760e-02 3.448003408561869237e-02 3.957268227188717041e-02 6.965867407051230115e-03 6.995099478840964558e-02 5.432244638835247857e-02 4.840869268717609003e-02 7.390868000570140206e-02 7.171652995835850475e-02 9.202505525098697570e-02 7.845976929693425361e-02 7.491342156861445500e-02 5.932484180027881512e-03
4.232896918775667233e-02 1.266301668787567919e-02 7.513600555322698903e-03 3.425641084033615672e-03 7.240070620457614292e-02 1.744180593687977157e-03 6.100055961918432988e-03 5.370932957525783452e-02 3.737162445773192093e-02 8.950599017050404893e-02 2.852878404290239145e-02 1.783926790106008312e-02 5.487785531230530284e-02 1.034008792586878500e-01 2.602599841542783260e-02 1.504705845189875397e-03 8.032225764622140385e-02 2.652164825970902695e-02 1.060161405541095447e-01 4.296815987348848176e-02
9.117157864671367185e-02 3.912194670023402127e-02 7.301136750922362917e-02 5.708813256785669893e-02 1.637902705631446784e-02 6.152209439673000935e-02 5.336833020070259892e-02 9.202514306622437690e-02 9.700341189846820034e-03 5.378128983772358963e-03 2.604600726173371752e-02 3.686379287893534057e-02 1.666965008559628120e-02 6.476982885700029169e-02 8.896027328701931747e-02 7.039173369599502350e-02 1.876632339175051539e-02 5.638543373501811451e-02 9.896200574750720069e-02 5.374365009216743733e-02
6.421658763496075617e-02 5.400641655900841054e-02 3.085463872438152025e-02 8.400862170701467457e-02 1.067097699984293352e-01 3.202304810120307904e-02 8.021068491834651426e-02 6.978028698923590713e-03 8.634936766533790609e-02 6.340476783445754549e-02 8.363547962002131075e-02 7.276975099989833884e-02 7.003439066943820124e-02 4.435634183938314684e-02 9.350790941262292211e-02 6.096452793154495675e-02 7.693562750767546365e-02 9.009463952947850685e-02 3.447727163997692246e-02 8.970676221140735929e-02
4.092182772768876431e-02 8.725628601819597485e-02 5.072252876826056911e-02 9.916471274146862382e-04 3.797808961692441393e-02 1.977634423125004468e-02 6.847411859296033410e-02 3.769430997250910326e-02 2.747235783680636659e-02 6.031833792303333691e-02 1.385114216935815282e-02 6.723460919715430750e-02 4.229210519784545874e-02 2.835907947707877810e-02 8.411518141109827762e-02 4.131156509349959149e-02 1.049557155250386009e-01 2.641944572889196735e-02 1.073675773647241316e-01 2.880050024213332005e-02
3.438255190915714965e-02 7.735120092264692604e-02 3.669970054461989956e-02 3.398559114277902027e-02 1.114370528361189380e-03 3.968320241410953908e-02 9.178685229604455209e-02 7.905345879410552445e-02 9.280516725003044864e-02 5.958109871324542700e-02 2.533394269915426392e-02 4.548704807688911528e-02 5.386688331775793537e-02 3.867832547737077350e-03 6.133083626642684555e-02 6.088321083155324304e-02 6.516076167992375379e-02 3.423396772680901284e-02 5.255740068752769167e-02 7.685772320767010612e-02
6.492692412328154861e-02 5.785482407928223270e-02 6.494204809640494180e-02 2.111291027799473696e-02 1.592650205331647140e-02 9.449699278950710046e-02 1.634552627669585414e-03 9.712436086004158642e-02 8.128445362517865147e-02 5.108799436601148269e-02 1.018784231669355583e-01 5.731721515769804681e-02 3.116561217210147075e-02 7.009317174688095564e-02 2.114190071791605466e-02 6.186201765242509837e-02 9.110614486209299423e-02 5.040027008252031399e-02 3.745932178467998447e-02 7.497204065810972318e-02
9.335547482704380229e-02 1.542497816603253039e-02 1.374894344648531531e-02 7.452186714582560711e-02 4.376078367270917063e-02 7.466896130084235694e-02 5.512963601258431129e-02 6.585349242109584875e-03 3.901267310183373360e-02 9.651973238456780513e-02 9.912192297104489846e-02 8.244057885515411466e-02 3.637387695446425706e-02 4.145533778603835429e-02 9.017935251224910853e-02 2.093336092844372970e-02 6.003792170051421712e-02 5.343376713772610836e-02 4.853519671587369633e-02 2.524133617696756871e-02
9.420246464704272460e-02 8.469587628037582305e-02 2.928811065534191876e-02 9.661485375275392917e-02 7.967970149314264339e-02 3.888621379535825429e-02 1.781867598693726018e-02 1.329886644064629149e-02 7.817369500964005402e-02 5.572418530857124741e-02 6.850855837377160806e-02 9.787984002374004733e-02 3.441675063214493652e-02 5.657168184905951580e-02 9.459408893553318542e-02 8.627774379283358053e-02 8.529501057433928890e-02 4.111195488498271822e-02 7.208655775557132328e-02 4.101142493802635569e-02
6.453443548282589148e-03 6.845879472457018500e-02 9.120307446876396718e-02 5.274188330239684003e-02 6.567623743493762600e-02 8.137067322436229710e-02 7.227085680324039918e-02 2.920421809516947007e-02 5.128188332306181374e-02 9.522831103086300264e-02 3.037108385431015051e-02 4.571535406118965028e-02 7.005847334831254158e-02 1.012951304896115567e-01 5.549625897568422755e-02 7.402124902775795989e-02 1.407853466382445046e-02 3.278394757734517245e-02 7.913376502035175675e-02 6.964705920936267204e-03
8.581284026186535019e-02 4.743170709038101174e-02 3.743940078588443854e-02 1.842121509259240023e-02 3.726283060793161156e-02 1.072178913056424515e-01 8.268222524290154418e-02 7.706877418344690311e-02 3.889379517689853238e-02 8.399363514024659610e-03 5.776551006872723826e-02 6.490420516458129951e-02 2.674303490322444549e-02 2.290345745159288668e-02 8.124211075766758772e-02 7.783166441810165925e-02 2.016587220911825531e-02 8.706920653680284838e-02 7.168042696325555019e-02 6.042633351220538795e-02
4.658053927396312022e-02 3.070444726724318868e-02 8.944280954095963632e-02 6.397629430956257822e-03 9.862030552138438544e-02 7.129820577924048108e-02 1.046511267911308940e-01 9.118528004220466388e-02 1.131807200797758928e-02 4.243347100696129998e-02 1.012124676672674500e-01 1.964601876155463653e-02 8.711748905418015276e-02 9.276184354943850519e-02 4.721179981524769448e-02 6.292056145595475991e-02 8.094772897102098241e-02 1.051228972343332992e-02 3.815830594742873963e-03 4.947960690262234729e-02
1.047296171094631301e-01 7.958290120949640389e-02 7.246607716624521578e-02 1.589437897266277391e-02 6.811062189395428179e-02 9.964874421393106474e-02 3.038805529496844265e-02 2.282841761870087194e-02 1.072812014375678080e-01 6.730633871252447720e-02 6.935856437105318573e-02 9.542608481004288823e-02 2.915733291962743431e-02 1.057707670948281192e-01 7.826325102550150958e-02 2.750571095361556764e-02 3.430117804021395184e-02 3.201576240429436504e-02 6.143621261939164607e-02 9.642959413266097290e-02
9.723412665307278047e-02 4.386779661348467335e-02 9.904046097400122373e-02 4.215193444253137467e-02 9.872715040712924661e-02 1.521723310363582923e-02 2.674348904275554786e-02 4.192841884735142022e-02 6.221044781334039708e-02 8.660013332816712817e-02 4.023936217850688363e-02 3.474406521005170279e-02 2.254587128550035111e-02 4.128054602067477395e-03 8.059685771615798799e-02 7.566866782759780474e-02 3.954039878937300190e-02 7.651165504056617328e-02 2.320728688236730480e-02 5.238431741517838875e-04
6.061045680336634572e-02 5.029514782972888121e-02 1.909253999559283599e-02 6.128111825584880296e-03 1.027720833035119657e-01 4.161151722453628604e-02 3.859534635462352065e-02 3.054881276976131529e-02 5.016256183694500770e-02 6.015576976861780611e-02 9.795396151270062413e-02 1.507521254351370729e-02 8.815189063640035960e-02 1.857290074994016188e-02 4.168179633881178604e-03 1.657420015216687359e-02 2.401033922234789564e-02 9.944523654061628026e-02 2.299484063891965580e-02 4.579186425592023796e-02
1.064233930499013797e-01 4.221583160995534545e-02 4.454308348284277685e-02 8.286631501314122017e-02 7.504541373551514363e-03 8.596352331060430618e-02 1.943048651349470191e-02 1.998472305964331397e-02 2.591432459714545014e-02 6.643264796691866758e-02 3.005527456754579149e-02 7.577896749270582322e-02 6.180893543942895391e-02 5.180044951722952151e-02 9.512244065240002197e-03 6.717451374459167124e-02 7.804023543205100555e-02 2.932844627421359041e-02 8.721740714565538732e-02 1.735318562767597037e-02
8.991560446835424047e-02 5.470148404754354710e-02 8.639850425110717769e-02 2.638538341769798914e-02 2.673409929387436657e-02 3.361694590299670743e-02 1.178236750514729744e-02 8.465883531291551467e-02 6.423172483658814991e-02 2.753642968634811491e-02 6.491362078624830778e-02 6.503228356160221935e-02 1.019478807304471657e-01 5.348755098223454503e-04 3.018269252712064629e-02 3.275585210959255228e-02 5.652341195298751092e-02 8.438037226267000590e-02 9.820480420766349028e-02 9.133915188796594420e-02
5.342874711493808375e-03 4.845490758791499986e-02 9.462303143199152222e-02 7.625985452504087381e-02 4.553591807015099774e-02 1.747746308334575602e-02 1.341364505201356194e-02 4.529893694903883855e-02 6.173447390619901665e-02 9.289715081129019947e-02 8.764209163988195828e-02 5.759280172590410668e-02 1.332468193083834705e-02 1.674243297696854232e-02 1.048709938513396958e-02 6.815943691264773896e-02 8.178940843526246243e-03 2.682628616860878792e-02 6.843777890790231355e-02 5.035021784879082501e-02
