2.543897211855177254e-01 8.953136233743315409e-02 5.606612213973396347e-02 6.906083222190007032e-02 6.484369146691301711e-02 1.254979906255676569e-01 9.827722498361569914e-02 5.827198834491643248e-02 1.736644279403082303e-01 4.687806625405934596e-02 1.285545655273271359e-01 6.338690036613936485e-02 3.189455130645407060e-02 7.733353346619695201e-02 3.057110149419040718e-02 1.034214095947537521e-01 8.152109564421883281e-02 5.323963909862754196e-02 7.678222888715113825e-02 7.307847162281008724e-02
6.288915051026110203e-02 3.390668115130610755e-02 2.495805042134007293e-02 1.645125703624117364e-02 5.219801570998882506e-02 9.988190844460592688e-02 7.673389933496505000e-02 9.040301511350013267e-03 6.148042900535526795e-02 8.030104763773372734e-02 7.531992386482432023e-02 7.477126084171770160e-02 4.991116854357935178e-04 6.046367204915233107e-02 8.180498757632427564e-02 2.317138086173530301e-02 5.361850517471875022e-02 1.204460632363326712e-02 1.788299955911687444e-02 5.912988684901281794e-02
1.703652689865120529e-02 4.544658054307271211e-02 7.810811811830552231e-02 3.226321113391419221e-02 2.401157289748582363e-02 5.142157419506620392e-02 3.239945809000188692e-02 1.963560198196978839e-03 5.030534055253976788e-02 2.667684810540582596e-02 5.130811096726229335e-03 5.267178426737274821e-02 8.101824039282634615e-02 3.167275514295719938e-03 3.921206999414981326e-02 3.413501824721178884e-02 6.049242067199942646e-02 1.608431618348011780e-02 7.366604963310313670e-02 2.965574147998878418e-02
4.876037485535555244e-02 2.391670489956589096e-02 7.320816241801768320e-02 2.870819258890482464e-02 2.251263117276844014e-02 3.845922714661454030e-03 3.031151214031140365e-02 9.201164604882029405e-03 3.976847503812755424e-02 2.265993714856354840e-02 6.039996432787696906e-02 7.930594380177990663e-03 9.622443527362377347e-02 7.301148342392763113e-02 7.388248403981949319e-02 2.569989803476192824e-02 9.948886711816749828e-02 6.540453146044993005e-02 2.313931502931629997e-02 6.657687562708244911e-02
5.660675972095172842e-02 6.456063199470001013e-02 7.769800812823028646e-02 9.190480467778142093e-02 3.027679397761139438e-02 6.088230995781485078e-03 6.503247311139896680e-02 9.027713105809317962e-02 8.570539496678082625e-02 8.442151888391152825e-02 9.195262484866653652e-02 7.061073680054974488e-02 9.434321142416805805e-02 1.668525149184458753e-02 4.772469927892153841e-04 6.647936998959751154e-02 5.418014868625282976e-02 3.977161882503033215e-03 3.219990537341247544e-02 7.277271213984999598e-02
7.256487970610407678e-02 6.681433750988384490e-02 4.081645052492913206e-02 4.034736629306059918e-02 3.937416573859170432e-02 6.321840710212868475e-02 4.425388623878201422e-03 5.817950609956822755e-02 8.383938952900965580e-02 5.457535148902073474e-02 8.019744521665250758e-02 2.408785478306840755e-02 6.961933982441047275e-02 1.700338953794291660e-02 6.050374395993424192e-02 1.213972479769490770e-02 3.349028137085260232e-02 3.386541131777814212e-02 7.622585272267837220e-02 7.610240823883289429e-02
4.184998735235781475e-02 9.110300607369022086e-02 5.991360754216752682e-02 5.702296553880886049e-02 8.454619256363972435e-02 7.415377547768838007e-02 1.025637910811734270e-02 7.068854681411032570e-02 3.193753412007287878e-02 3.809237926038655520e-02 6.161153663546925681e-03 8.136008121711356400e-02 4.599718177431702526e-02 2.267944221126696677e-02 7.050383561588025039e-02 3.472182685508246047e-02 6.676298810874859227e-03 7.870030412023766575e-02 7.734753942663041837e-03 4.981265527882222655e-02
7.839851836218231229e-02 1.864019004663575174e-02 9.458449358791604089e-02 9.623105479430127396e-03 7.300081935963244339e-02 5.703439359121732777e-02 6.464280561238405776e-02 7.770254133737829194e-02 7.709880100250275647e-02 8.027965779283151304e-02 7.883442760727388254e-02 2.937790617003122051e-02 8.863316130088311207e-02 8.810042405069699878e-02 2.091870331584080520e-02 5.864140174203519296e-02 1.660569614628740892e-02 8.178601538817857619e-02 2.829959817557704815e-02 7.112489394314001900e-02
3.614548129823458387e-03 1.664547012278583260e-02 1.452189913449769554e-02 6.839793573080883704e-02 8.362143937297256135e-02 6.924167971055533721e-02 8.073680445228187397e-02 4.992375133089872741e-02 9.504462246167179329e-02 1.671650913713390585e-02 7.521351594729505652e-02 2.801191178103037624e-02 9.631989090861492464e-02 8.337138270997780654e-02 9.508392764397044505e-02 2.517322328696425249e-02 2.434246114678001449e-02 3.362259397094202046e-02 1.320192414998437938e-02 7.769301963621796925e-02
3.062909770046182839e-02 3.820073816189398230e-02 8.095503515162902342e-02 8.982588525293846993e-02 3.540293260287093874e-02 4.628217533705511477e-02 6.226889602390949657e-02 7.681064734622251866e-02 2.319771095227046720e-02 1.214179447882177826e-02 3.189709686771977776e-02 9.927402711286710535e-02 6.043539778547153685e-02 8.977811987741951549e-02 1.814532766120475690e-02 9.209579264749309657e-02 5.171371456644813236e-03 3.514907760724650387e-02 5.516954221642805800e-02 2.625478409970606608e-02
2.927775775287108292e-02 3.086434935071693739e-02 7.429297305519945438e-02 8.894723970915813238e-02 1.629100847623872125e-02 3.584640662442285797e-02 3.314100880171823305e-02 3.433963173224973547e-02 5.592107060750715203e-02 2.443922100645038592e-02 3.920877585256186265e-02 5.522306973569566374e-02 3.458423131963380553e-02 7.162666734490218123e-02 8.671086698182697838e-02 1.168054584144639918e-02 2.630787165377118653e-02 5.423574720776030977e-02 9.411889666525964301e-03 7.628711545774592706e-02
7.148298187862038577e-02 2.182520396047201924e-02 1.202474760791854072e-02 6.549144501293074905e-02 5.777252689836680916e-02 4.722314284955048125e-02 8.366005126875591946e-02 7.392281990006345505e-02 6.613082839604374208e-02 2.145384365766860382e-02 3.870117907342443542e-02 2.851962792262553725e-02 4.850561479366324869e-02 8.682755101510025719e-02 1.749420499086788011e-02 9.067525903909594287e-02 1.516603423263995776e-02 4.143348419349951461e-02 4.044241641506955004e-02 1.611229294571950993e-02
9.151929780898880595e-02 9.002056417993063719e-02 9.671532440968400729e-03 9.494110650436120291e-02 3.671447603523075864e-02 1.725758045017043024e-02 4.536385629243664536e-02 9.241725686745372315e-02 1.757790872531675083e-02 7.403926188056446367e-02 9.690873876618200100e-02 7.160483843496757289e-03 6.089538977957751481e-02 7.782033083225670111e-03 4.238471039747593837e-03 9.720465244481896194e-02 3.545089854159366900e-03 5.215333467346097707e-02 9.220506506372280753e-02 8.872535137340153977e-03
8.672962792681990218e-02 5.823544893755383534e-02 9.360656626250041246e-02 9.131506393788248188e-02 8.129436080712626467e-02 7.914514486891696676e-02 9.507669253122992548e-02 2.857394558504771157e-02 1.019057482515438665e-02 5.267381422160805071e-02 8.524479678327145926e-02 5.137250174112890921e-02 8.662431087259696294e-02 1.521397336269517814e-02 7.705382156395677862e-02 1.835279076905847045e-02 2.229082818068396643e-02 9.441282330725081495e-02 2.581630594438835344e-02 3.179017965923114624e-03
3.234595705560758955e-02 7.843492272457225356e-02 7.238989415669519478e-02 3.079677085725943814e-02 5.992008305491045017e-02 2.353461764520585822e-02 5.396613491932138879e-02 1.043812932920059645e-02 9.398977327011404093e-02 8.944715062986863252e-02 5.563203102647043541e-02 8.209472887342256220e-02 3.141940611080457080e-02 2.443296636256161655e-02 6.173146239210572372e-02 8.903719626220024663e-02 1.987842045350217760e-02 7.700162338159569075e-02 8.229363429788040529e-02 3.003713501898696084e-02
4.059390640622453916e-02 3.468843773911949729e-02 9.616407911779413509e-02 8.914320609076940849e-02 7.769103638290980607e-02 4.406321173567040450e-02 6.227254083234440296e-02 3.613512614182117638e-02 6.065741871364706272e-02 6.429452563192264436e-02 7.909190617903458231e-02 2.633396592378792894e-02 5.794667340400019850e-02 3.138960682139165653e-02 9.444982516884437018e-02 4.610451982307547936e-02 4.705174119160282498e-02 3.863682997183844059e-02 8.437812185388360309e-02 5.607212634666095680e-02
5.521946551423793231e-02 5.512174441507847883e-02 6.973799383527244655e-02 9.495722867525104027e-02 8.114995886281797799e-02 6.934729173291369342e-02 2.456717343378311824e-02 9.503585093272680362e-02 1.833943542093464593e-02 4.620944729849593702e-02 1.923638974273450541e-02 9.529292401835377443e-03 7.803677220047712006e-04 4.520262179878425240e-02 8.181948312056971928e-02 2.064101521096213532e-02 3.416004263509773292e-02 2.694812426009001241e-02 2.538846528089356083e-03 6.456490601475363411e-02
9.946404881308526513e-02 3.239067880725176457e-02 7.904084960777257862e-02 5.852707651279046019e-02 5.284155009497315710e-03 1.869623576326173708e-02 3.029994639529564118e-02 9.306390832480537778e-02 8.905067720080718507e-02 2.351231274257958859e-02 1.467489379033666379e-02 3.108970313918196782e-02 6.843951635779546572e-02 4.454195273588767295e-02 8.621801600076117733e-02 8.736965611430530521e-02 3.024473840037359557e-02 3.607401586255242626e-02 7.015406583157950127e-02 1.846801422984659796e-02
3.292844977731514827e-02 4.133086236473165753e-02 5.247144145539287680e-02 7.585125503160106315e-03 1.807465779585746418e-02 7.089468420161168516e-02 3.324028185812396424e-02 6.969508815635233612e-02 4.471405228489878925e-02 3.754236074202941392e-02 7.522873515693212498e-02 4.438640763947720828e-03 6.595410025696257957e-03 5.229670909856513200e-02 7.592213026799066178e-02 2.510986159752755242e-02 8.398742838767379870e-02 1.383060049347027004e-02 8.344220749490581512e-02 4.129577490563976494e-02
4.523008562898714335e-02 7.213984259653165310e-02 6.111891103019369276e-02 2.159232826996852067e-02 5.319061630358201676e-02 9.191341913274538034e-02 9.508715979461222767e-02 7.663309350940838982e-02 2.823678075635265364e-02 9.560287472407953679e-02 8.572110904896798611e-02 6.534811075868143804e-02 3.731089338891759033e-02 6.336308271854008967e-02 9.041424673873921236e-02 1.409795609192143924e-03 1.101178180018909207e-02 1.456351567839419062e-02 4.972179414841640388e-02 7.203666503149237788e-02
