2.670658441034067243e-01 9.717928457411371956e-02 1.094248841018117258e-01 9.691280265624521717e-02 1.161241129993661192e-01 1.193582421198807059e-01 1.091107290766159671e-01 6.499848660638840592e-02 1.195662478221498626e-01 7.704399081465110322e-02 2.651765063496727345e-02 1.033718725383704351e-01 6.849306386424408588e-02 1.362176743742538054e-01 1.147427036104312487e-01 2.888770326106500363e-02 1.315475301823649801e-01 7.535735784778822832e-02 1.089235609894941836e-01 7.837443212362814327e-02
1.901855615858424539e-02 3.623022430712981301e-02 6.777735814867123787e-02 6.865196778740621786e-02 4.918329191394809480e-02 6.477918212757539061e-03 2.081770469771748733e-02 4.500754796347281039e-02 1.214875631449408196e-03 2.675887501449645406e-02 1.961269132726409931e-02 2.945653261555656460e-02 1.201824768506093433e-02 6.634784010057447057e-02 4.680209830786118824e-02 9.043528306474962752e-02 4.154881144266016346e-02 2.732393440916994903e-02 3.377298953754936939e-02 8.469400557195547186e-02
9.529813921169109914e-02 8.124144786506444504e-02 6.726643816796888664e-02 8.492907809197692420e-03 3.747699597051924736e-02 3.529747540992225069e-02 2.716122869434134564e-03 1.528188922428109879e-02 8.315547424956032385e-02 2.684742213335414990e-02 7.412401269917734750e-03 1.482524718269282588e-02 2.378552020518158797e-02 2.218320308074760508e-02 4.811896414947378769e-02 5.955618554325006753e-02 1.024056516254162608e-02 1.297875806357464724e-02 5.867673747848667874e-03 6.402642274160050273e-02
9.370468222635523758e-02 5.240416706020831900e-02 5.358896012888647760e-03 4.414858162737276409e-02 3.401956512668198596e-02 1.420695578655681995e-02 1.991508930449097450e-02 4.776013931247372751e-02 6.625323697158040648e-02 9.355872590991927418e-02 2.541286511235996137e-02 3.981103598430118379e-02 1.426787177254974608e-02 1.565077761064480669e-02 5.051049212312330033e-02 7.386284296032860630e-02 7.573491939745402926e-03 9.819042461665934696e-02 4.626329322253074777e-02 8.463727960742227496e-02
8.290536552403253434e-02 7.552403782210356797e-02 1.709802892730999391e-02 3.313621972625880110e-03 9.440329183945783686e-02 6.275110870783186245e-02 7.790407044859523622e-02 4.165805424699653772e-03 4.751560884842113280e-02 4.246970020087095787e-02 9.881556873084339221e-02 9.183022308150934343e-02 4.142219756772977379e-02 9.064218019575642771e-02 8.783039874923959101e-02 4.753849742158067215e-02 1.909796908350122266e-02 7.533239733644644942e-02 1.745068553155662214e-02 7.807314072219663503e-02
6.347985251702768783e-02 6.737271129679033022e-02 6.472550493821792317e-02 5.220932256033250507e-02 3.244524478411118379e-02 9.798535320401839666e-02 1.631896826486836302e-02 1.200998922556884008e-02 1.003439885972596916e-02 5.559896389293475516e-02 9.872125391008426676e-02 1.485340238906987000e-02 4.216997078479548661e-02 5.572962225236233191e-03 5.042417054969572376e-02 3.951012351264169414e-02 3.415806531210400371e-02 6.818464391940115554e-02 9.144882184280545001e-02 6.218828326881253171e-02
6.371915502052642732e-02 5.580449151677607800e-02 5.808907336792734633e-02 7.203493907054135670e-02 4.260840226969941913e-02 8.047788768202193688e-02 9.006604616372149586e-04 8.525398709420715926e-02 1.930136161787064999e-02 6.386856820758241016e-02 2.221273541703360291e-02 6.008072237349011691e-02 9.325467017783560519e-02 7.593582608345193774e-02 6.468703757778117291e-02 7.492645880292393701e-02 2.165368180428557665e-02 8.652024028138428913e-02 2.870170878720160884e-02 6.972482579236842504e-02
2.166026934835815418e-02 9.010732802628390603e-02 4.311099423943587795e-04 1.049498477519298506e-02 3.828910988549882183e-02 5.521588346731343307e-03 3.907616664397633999e-02 5.116791755504146964e-03 9.330044493538125483e-02 8.818438281444662685e-02 5.406206093554229153e-02 5.408463226661289203e-02 4.085987487563735865e-02 4.579596665102242392e-02 5.137498045851721790e-02 9.406524563124790683e-02 1.646203945045722136e-02 2.362318844064963466e-02 1.895626846750336769e-02 6.270617626324413718e-02
5.266383328126256549e-03 8.110733128425530458e-02 3.364611770067987839e-02 7.259801296048933039e-02 7.132796881482858509e-02 3.878145800378898778e-02 1.168987539012893498e-02 8.907544753671048365e-02 4.958385132519432803e-02 1.061569219576925620e-02 3.591536076829021651e-02 9.999366260796282990e-02 9.138123243781737237e-02 8.055506072353638136e-02 2.158745840802554078e-02 1.784977055573830004e-02 1.427365039957012582e-02 3.857004941734363396e-02 6.764785941185301466e-02 9.475800449884344556e-02
1.429478812427030857e-02 5.807720598944535184e-02 1.876236721706428176e-02 4.061362836419696309e-02 1.096110155599482397e-02 5.053115188964718563e-02 9.526801151097380460e-02 5.943760263480100253e-02 5.977616216067132421e-02 3.848912679081412103e-02 5.369748766328886341e-03 2.657229102802662057e-02 9.053545812457820807e-02 6.240548442808228208e-02 7.433940063552550714e-02 9.417807016047019877e-03 6.507291183509077148e-02 7.040133512472347699e-02 8.746322575025278429e-04 4.898424971037455139e-02
8.694780123310169584e-02 6.309208559833233421e-02 7.560977721122953688e-02 4.892421992805050940e-02 6.087048779918723812e-02 2.014347415725976920e-02 2.423080315870929438e-03 8.263790140510360316e-02 4.594571186261409493e-03 4.464119896954152344e-02 8.841213993454181963e-02 5.378168501004534918e-02 5.388347189417314054e-02 6.808266573160406954e-02 5.323269372542053374e-02 3.972558948309952431e-02 3.695724192364992916e-02 3.905858746490457195e-02 7.682516504196491847e-02 1.658567118786103897e-02
4.991799455377357586e-02 4.007467114178293877e-02 1.051085472363029287e-02 5.292277496651626167e-02 7.678067649275914508e-02 7.378467014391777712e-02 8.899174836439293843e-03 5.871457977054750366e-02 2.914215198975913731e-02 2.839049008339145086e-03 2.420351986620643617e-02 3.814952465458139319e-02 3.316358340150855899e-02 4.054577835424030829e-02 1.101910339493322732e-02 2.095182196654615803e-02 2.235032644962922296e-02 4.227336241616654056e-02 6.012320081187327164e-02 4.613315852258512845e-02
4.560502784882728561e-02 2.501139120618785239e-02 9.708741055683303700e-02 5.878397219250305894e-02 9.465570349255264526e-02 3.365931613923749816e-02 5.534070636614932259e-02 2.855296659460008352e-02 5.271412480469028772e-02 4.974135405365409830e-03 4.356712888190367172e-02 9.587577017708796834e-02 4.093474397773055190e-02 5.522330846564943441e-02 7.537424591067276580e-02 4.044693501648852219e-02 8.118399216451652189e-02 4.459146908121450203e-02 5.237748403865475494e-02 5.442799059638983583e-02
3.080819215527709487e-02 3.710718421160155017e-02 2.647597498255203213e-02 5.731782921499054689e-02 5.876867614276198859e-02 5.548047361472330241e-02 5.249297891924024212e-02 5.145140503576159374e-02 1.135848644296537716e-02 7.790452005730252871e-03 4.398303143363746504e-02 3.686367154303804832e-03 2.042738549506555382e-02 9.090953008075734754e-02 8.051384710257969424e-02 4.478944262545433985e-02 6.669250911554142069e-02 6.223774585809991461e-02 2.585683873889324177e-02 3.430848544773908854e-02
8.393301252704979398e-02 4.792136070102925860e-02 6.965220759254342475e-02 8.593078916436913683e-02 5.107473490717156367e-02 4.188262305501691540e-02 5.320204617008542081e-02 3.296507300923847555e-02 3.652669733596526636e-02 9.390019302964865144e-02 9.750972677368256736e-02 2.865865908144981170e-02 1.960585108956604261e-02 2.778382116341785585e-02 4.433287614963146717e-02 5.430614144334332954e-02 6.100313373763844096e-03 5.717465205707993742e-02 4.602018194289667075e-02 5.124957647543848527e-02
7.937109115658159617e-03 8.139500677065514278e-02 9.011905478639148023e-03 5.894992230566579311e-02 1.897786443681317645e-02 4.202902680908703753e-02 1.183550541678029047e-02 1.140500611637218541e-03 9.146479290781706073e-02 4.083536986297693627e-02 9.720356906087440629e-02 8.233175825515238327e-03 6.284355705055681696e-02 6.467475901581898334e-02 1.745872847666450969e-02 1.720183402548258744e-02 5.605330736186835833e-02 2.851939253417098627e-02 2.795078870297664983e-02 1.911867286708555241e-02
7.391109133787127083e-02 6.544654613750387762e-02 3.272127582553484987e-02 5.824354170880396975e-02 4.628982140856988114e-02 4.687350048018273235e-02 3.253842936873725666e-02 2.061262885615921039e-02 9.200228327972355402e-02 4.427517579221458555e-02 1.764150167757155829e-02 9.732825026402292315e-03 2.898415033848628086e-02 6.108061488880561080e-02 1.785145677901039951e-02 9.966959184205544109e-02 2.143195023519510814e-02 4.929195627606125507e-02 2.262636766211110345e-02 7.488304316647036163e-02
8.897662559877603239e-02 7.009349045205813533e-02 9.120694837448334313e-02 9.570245973077234902e-02 5.167655749241641117e-02 7.781586975754917201e-02 3.820092998916402305e-02 1.526517963524885030e-02 1.336021145041630526e-02 9.898291491096125605e-02 8.874652379757035081e-02 4.178767618284254248e-02 3.123807462768395452e-02 6.777598377935555030e-02 7.915956887808875408e-02 5.669234708840503040e-02 1.723098532867362162e-03 3.380865031194061482e-02 1.757231529310421389e-03 5.383057816311912630e-02
6.961307488585875836e-02 8.081523336688546146e-04 7.530374044294071978e-02 8.189185913497158686e-02 3.932962909558106873e-02 9.068511272524437672e-02 2.883347800649174383e-02 7.761698291197284549e-02 6.432547337454562475e-02 2.634985698799050674e-02 4.356596923232854135e-02 1.402557688307677457e-02 4.993998760356005429e-02 5.816702743070032572e-02 9.633845054929582319e-02 1.898545911114346693e-03 5.019348267897547067e-02 3.711145185354754183e-02 1.494231784061955670e-02 9.943734540844423320e-02
8.556667809401129199e-02 5.957757934805910788e-02 8.266282667308643903e-03 9.150777592296928387e-02 4.399501987841913930e-02 2.166237295825588355e-02 6.488791411023026034e-02 2.370987701973824649e-02 6.052075029082957386e-02 2.797239766758322782e-02 6.462554576058127109e-02 2.944667029078923415e-02 8.633616018211057175e-02 5.660670121309709091e-02 3.296426318518318882e-02 5.582882223974811042e-02 6.952002223138697978e-02 5.815504363726656245e-02 9.250488763963293781e-02 3.530751455344127016e-02
