2.648641503125646612e-01 5.551570115468153210e-02 1.402717042631395072e-01 6.735927874392363957e-02 1.049764012106353672e-01 1.413846127893367832e-01 1.150164597739153916e-01 1.022517562140614067e-01 6.914131334574093180e-02 4.575729686007333485e-02 9.950296839338730603e-02 1.473601754649727646e-01 8.541783646185002743e-02 1.556647466972100879e-01 1.404451493767595871e-01 7.254260492299723084e-02 9.874712060091428434e-02 1.121932330370165043e-01 1.382669651797376609e-01 1.374857544526227326e-01
1.087589518018303864e-02 2.266586311916407755e-03 5.468136654566907451e-02 5.352282084346531715e-02 2.452796100274899985e-02 9.048680644657564054e-02 7.199593618416177954e-02 2.601351361389264705e-02 8.633806656276386826e-02 4.623621380900844353e-03 9.690907534525237954e-02 8.695100009712848632e-02 5.309610302015400907e-02 8.011662649917754286e-02 9.717166723665293659e-02 9.063312792068156307e-03 9.850935666902864429e-02 7.862489997301289057e-02 4.496845958904160251e-02 9.468160807651527025e-03
1.847755769108649915e-02 1.394821341031451424e-02 1.751556035533094122e-02 6.092745853079106766e-02 3.920442086646725062e-03 1.192367537743904693e-02 6.942512470705736183e-02 5.313746412998210378e-02 6.176845265284015840e-02 9.199450234736965271e-02 5.528377767851780367e-02 5.177268274312161328e-02 4.414830363513153055e-02 7.082509515786226950e-02 1.798928770897794197e-02 4.368228200545590245e-02 3.256237803182293936e-04 7.136232780087559818e-03 5.535662031447661363e-02 1.846837283563705981e-02
7.745827936440952133e-02 6.387922463813255902e-02 7.356710029731981793e-02 8.153809305715287864e-03 7.503817535309132390e-03 9.412620185066340739e-02 8.217495745004778362e-02 6.940356726548706223e-02 7.379807631698243574e-03 7.178081132959676647e-02 4.365325078189897026e-03 3.824737193207423946e-02 1.931693350360633860e-02 3.481692544382018056e-02 8.541198102946662152e-02 9.950810663282488866e-02 9.710336302101577055e-02 7.916249589771312545e-02 4.208495076038720924e-03 9.917478317551439715e-02
9.578115048805199705e-02 2.368999282861070782e-02 2.164884794560059320e-02 5.904646295627477559e-02 4.318698764593228989e-02 1.816017947943645780e-02 3.442040082510855730e-03 5.655456293259889661e-02 6.081411388808366687e-03 1.399607437971942675e-02 3.788205789136808721e-02 6.291558835112742894e-03 7.069427723799670896e-03 4.819175511102113951e-04 3.137346763975255165e-02 6.220279292443249564e-02 3.392946129398066897e-03 5.619540114515329116e-02 1.471062363230744158e-02 1.836193082706565408e-02
4.644582124914260757e-02 6.909529571561755235e-02 4.971388838244170105e-02 4.929971464104696693e-02 2.257384537332087979e-02 5.029759787494348343e-03 3.415583021617817766e-02 1.715024121850881184e-02 2.313262483267315706e-02 1.092199849498306542e-02 6.795033039413206355e-02 7.664526465556489865e-02 5.576181315171544611e-02 4.485245193132652436e-02 4.249191146923371465e-02 6.917744858838396904e-02 2.710304336663613839e-02 2.778071229805739728e-02 9.129685306572322447e-04 1.321539276898369211e-02
4.313724973525706607e-02 6.952225321153086834e-02 4.108484732815381041e-02 2.159038546505303094e-02 6.752009428748546871e-02 6.978348884444128541e-02 8.956306611210057556e-02 6.711608293175033713e-02 3.543098099146529956e-02 5.466684592242981172e-02 2.888080347775848905e-02 7.838319839585927706e-02 6.340153331457247521e-02 8.159613352318470514e-02 1.437756904526033171e-03 3.505981370575114026e-02 5.620165102010984959e-02 3.752894871972546620e-02 3.572919526476094065e-02 8.926450750224158848e-02
3.601313902817611379e-02 4.241743808809970290e-02 9.619095446102572666e-02 7.496474195283349407e-02 1.899746225979980288e-02 3.452629567399313759e-02 2.137764629492485899e-02 1.581988911514223967e-02 5.275602986131318339e-02 6.131508421613886262e-02 1.825093595090310217e-04 5.088295839556009753e-02 4.890939792911833811e-02 6.349780890713264958e-02 8.944480390559161886e-02 6.996955755247449837e-02 2.280353724922867982e-03 1.987043896282980528e-03 1.543576302839971826e-02 6.753588206831986906e-02
2.987161578316187630e-02 8.463102421302863554e-02 3.494058439174020647e-02 8.799580828237034413e-02 3.979471277909954474e-02 9.856869292927446236e-02 2.194819937939336552e-02 3.868776824571293349e-02 5.253490015654423140e-02 6.372963087554103789e-02 6.954407104920345972e-03 5.914065051598771383e-02 4.748410381580277229e-02 7.787590003534904104e-02 7.267848176025332174e-02 5.498859956417592731e-02 4.641406353015269798e-02 1.508250693577430947e-02 7.889970553791438024e-02 8.930428135769440112e-02
6.744308218028384483e-02 5.856625003727982531e-02 2.252299784074374199e-04 7.562175325990080910e-02 2.822716197429442353e-02 6.827515230670372359e-02 4.318357830005347536e-02 6.010230191790028043e-02 8.808881653085715024e-02 4.352224746286827151e-02 3.201744982542505114e-02 3.998630206384806013e-02 4.337399678024166788e-02 7.735195474863763854e-02 8.504219277498785423e-02 1.545166877197454852e-02 2.397642595176602276e-02 8.467752666690769869e-02 6.327261087512800475e-02 8.747076038132850506e-03
1.155524599826934784e-02 6.289371291018035215e-02 2.544504186192575630e-03 6.788024421314476503e-03 5.068261443184640669e-02 9.205524335014869663e-03 3.755991045079372370e-02 2.152850848194964774e-03 5.956483228672818792e-02 9.860713214967800622e-02 2.007763984971614596e-02 4.991430776849462708e-02 4.683974001808656473e-02 4.576454617852789009e-02 8.227170287925547609e-02 5.006763135384587754e-02 5.741648849568248454e-03 6.511592896689000209e-02 7.154078879703078264e-02 7.291754452996100644e-02
6.674959954293996356e-02 6.936405278275882026e-04 3.101170429820679017e-02 1.874573870368087189e-02 6.641829007273171437e-02 2.002800684712888885e-02 8.370169563997564843e-02 5.393237699037946309e-02 6.338556056099280134e-02 2.724877423883205474e-02 3.914517836198936479e-02 7.372051712850749561e-02 2.165594269262884064e-02 2.284576156749098738e-02 9.005733694555043134e-02 9.833192100882892639e-02 2.624789116057996141e-02 9.351863700032322924e-02 7.813605716497261378e-02 7.441819494480063357e-02
2.145902495418788858e-02 6.215045358542810316e-02 3.329842480172998803e-02 6.067246346084927133e-02 8.226610970070119544e-02 7.227918406604247337e-02 2.685737859905594840e-02 4.366958684940825189e-03 8.664900341445648524e-02 4.381918877707905585e-02 5.944222466007898593e-04 3.583028699405149675e-02 1.699470931471614918e-02 6.533359147504780827e-03 9.877022639741514509e-02 4.144629224419094093e-02 5.219503074206197080e-02 3.735856627246485900e-02 4.650394424215888167e-02 1.391723802549875780e-02
6.521350328503691673e-02 4.241193222361039177e-03 1.935194084614047169e-02 8.879123729081789262e-02 4.840991727831698427e-02 1.773882238883826151e-02 1.666112648540316737e-02 5.144596599846615326e-02 5.910731607952638550e-02 6.710583779394550807e-02 2.594292843182858382e-02 4.520485393819393544e-02 4.702120439106718952e-02 3.885227364928905969e-02 7.030760084878447114e-02 3.589962154168572367e-02 6.540930081170953647e-02 8.908799108152390400e-02 6.164570516694334312e-02 6.677489737268919867e-02
6.986446198507582916e-02 8.021267928264269598e-02 7.628480324369213417e-02 2.170969807539435692e-02 7.131543225645271822e-02 6.988502645181640660e-02 3.896601516383366853e-02 4.043779156701642757e-02 7.538895341571344444e-02 8.889259696819401535e-02 2.558365730505803015e-02 5.301926872599677099e-02 2.704253596901637011e-02 4.261499264725472635e-02 9.941762610378840348e-02 7.615512148629352551e-02 1.021117374090001542e-02 8.428210821820081300e-02 9.258454333041260531e-02 2.350553706914204708e-03
8.834201335896317564e-02 1.651090366948815323e-03 9.821097800286160417e-02 4.871271220581861044e-02 4.357941054818977034e-02 1.547929157083582918e-02 5.718435691640320201e-02 3.614680444762219391e-02 4.002816406152292367e-02 8.794000979290995251e-03 4.174671667216423195e-03 2.711647438353333162e-02 5.423775479746785477e-02 8.849298664067241360e-02 5.033870562950437666e-02 3.040837717091034176e-02 5.473185418338038372e-02 2.245245976048492256e-02 7.950336486509120004e-02 5.991873146365420122e-02
3.286312816011604382e-02 8.111047564205996208e-02 8.632903184856799417e-02 7.517250642554161588e-02 5.166895824248475544e-02 8.642916276071754833e-02 8.085754580889745191e-02 7.525526737893939444e-02 2.882285602355162679e-02 7.479664334103662549e-02 7.713222345664973167e-02 6.975437230451075887e-02 2.992188642839439805e-02 4.653158349878822042e-02 3.982072520703577173e-02 1.778757956240943974e-02 2.227316232306057048e-02 4.058595377026896767e-02 5.957588848535134290e-03 2.437648661111258344e-03
3.919008573248949218e-02 3.666350311012466640e-02 6.246623036384447297e-03 9.140662326694409812e-02 5.896352891413482455e-02 1.833643681370293946e-02 4.944276451750360263e-02 5.476625861536443818e-02 2.363191313551571415e-02 3.613028074559237329e-02 5.228440340148976517e-02 5.893720227389305510e-02 6.989630493584107762e-02 1.414167519656270994e-02 3.100900381633943381e-02 6.248227659923849542e-02 7.785207362269580544e-02 8.321497176820702446e-02 9.199980117801290214e-02 4.885832769345645199e-02
5.502371553517220598e-02 8.599433264379263350e-03 4.534556720603852287e-02 9.450439793438082658e-02 5.748052748802490522e-03 5.776730112929498451e-02 8.553930935995850138e-02 5.212541957766262529e-02 6.186037200216381454e-02 7.654160402096545079e-02 1.833575263743053574e-02 9.113989387526290342e-02 3.010377058934131725e-02 5.190022789665846292e-02 6.689235324263598237e-02 1.293314463327128842e-02 1.344371606189057738e-02 6.319170682079405799e-02 1.624860675787564990e-02 7.439975518255835529e-02
6.863226151778846484e-02 9.847780326033364617e-02 4.831198253771852580e-02 1.842916797772374896e-02 8.236501704435179871e-02 1.315095305460368784e-02 6.010075683037478106e-02 6.013401331580139897e-02 1.865855671156691972e-02 1.283736606750725089e-02 3.210488415590156269e-02 6.044014274225537053e-02 5.785404283143222304e-02 9.135899798643157266e-02 1.915555459828510720e-02 6.983100642378055334e-02 8.611629210777796417e-02 2.362241072717726972e-02 5.255574471859182639e-02 7.242252932457086956e-02
