2.372538156047180324e-01 7.898871566154326562e-02 1.309110072714338158e-01 4.111139010869199750e-02 8.568220954317190552e-02 1.737440465875811635e-01 1.516529503280922286e-01 3.952677770228437554e-02 1.349358999886241528e-01 1.312136601752248999e-01 7.701307823151758158e-02 3.355326860801042393e-02 1.455495830972108051e-01 8.167876129346191005e-02 3.436512466326278881e-02 1.238298805559825688e-01 6.710540876354934015e-02 1.669242698918869949e-01 3.135797671796219238e-02 7.000220775547738583e-02
4.818308326454794066e-02 5.081184931655380321e-02 5.282812843995239593e-03 3.801702398731272858e-02 4.734526040816484233e-02 3.759641556599471052e-02 6.891961173277715361e-03 5.216637952079335866e-02 6.263407657303096676e-02 9.496536683058943995e-02 4.842552478845714437e-02 1.190492821043078256e-02 8.647994415734737428e-02 6.963833778649715367e-02 1.026260531176141633e-01 6.964822184793879878e-02 5.796842680750664140e-02 7.337642358099835671e-02 5.064476526496966557e-02 7.375888488710376223e-02
6.339128347063213709e-02 6.082698544060392148e-02 2.765459068393236880e-02 6.409719338068903260e-02 1.686854839258561303e-03 9.446938610300724404e-02 4.634822282229785623e-02 6.557927918799690004e-02 9.806485428041418484e-02 6.937770385145128338e-02 3.833718772200495235e-03 9.937876055802799535e-02 8.464285522780615190e-02 7.203457834578667895e-02 9.823132984166593751e-02 7.030374714690969251e-02 8.681586400426535843e-02 6.449065973784239014e-02 9.341194725705034840e-02 7.975972041965535830e-02
8.137355219189151834e-02 6.294025836049256528e-02 9.374577540766078354e-02 5.063383772251895537e-02 1.758192675302334279e-02 1.010686014306704239e-01 5.911838252775981212e-02 8.617187364201589483e-02 4.331796034162496700e-02 9.971723500119480943e-02 7.065467993675089708e-02 2.534669450416595499e-02 4.546337374959116134e-02 2.216163373814057647e-02 4.191867432087331008e-02 5.723149710877934587e-02 4.873094364629229625e-02 2.605925195915879261e-02 4.835595307881090932e-02 8.468559277884483982e-02
3.897757423134091265e-02 4.458226724195833712e-02 6.285763438698761807e-02 5.650006992285978163e-02 1.860502812572398896e-03 3.031337285823969621e-02 1.014913282226831415e-01 8.997299911086990842e-02 1.552582353671842080e-02 2.215289706666137559e-02 4.100390727012088316e-02 5.629338526054255415e-02 4.897330851285975478e-02 6.512307010551625364e-02 4.781034967063258617e-02 7.708779270031847382e-03 7.996619686806304139e-02 9.409873885546500560e-02 7.667703210297649452e-02 1.479002219331135987e-02
2.279471186811550965e-03 3.107853348973994498e-02 5.736174105911462373e-02 9.179344454043021628e-02 5.656466334788796957e-02 6.496660924858406461e-02 1.019077457128808178e-01 2.052325686057041715e-02 3.700103783434550986e-02 1.026800526019046589e-01 3.109368475468511639e-02 8.085591108149728368e-02 7.274233606654244289e-02 9.904404297460657480e-02 9.390481730128179272e-02 8.926407005022454766e-02 9.272412371608533543e-02 5.256586879003892487e-02 8.347630269280677251e-02 8.582247682089411134e-02
1.016740515284493274e-01 1.796593059122378322e-02 5.156553583060950047e-02 6.290551046070323726e-02 8.976102327594438768e-02 3.541577774485910046e-02 1.506741948702041388e-02 6.088432193436685985e-02 9.554060755831492516e-03 9.557502138858928187e-02 2.883988685941652266e-02 1.842376522164845126e-02 9.013586448062036556e-04 1.028802247715048662e-01 6.739110108731478921e-02 2.524983157739265141e-02 8.937932113795893363e-02 4.397152649873799224e-02 5.905657224280524975e-02 4.294275437065476000e-03
4.674966094373953635e-02 9.417250029867782479e-02 4.747733738050305408e-02 9.531827112474176855e-02 2.037552021087296258e-02 9.836639017879118818e-02 7.566311418371664266e-02 9.943927074465715166e-02 2.232615220226522642e-03 7.522181881253545144e-02 4.052723175828396029e-02 1.033337338264130184e-01 2.251863310906760188e-03 3.532503571604445405e-03 4.309802594550938420e-02 4.750414021693899480e-02 4.508448127099623504e-02 2.561011974097530605e-02 7.000595593041666898e-02 5.851338594123214366e-03
9.151759529638152368e-02 9.849240721558047418e-02 7.215121913834911249e-02 1.012749887312067304e-01 2.381042088590518135e-02 1.636741077683604231e-02 1.055690131039096168e-02 3.380027664343138172e-02 9.367759715786902475e-02 9.104951201885935763e-02 7.619574777967067121e-03 5.552140404466792550e-02 5.693039423942827804e-02 5.811681249039545027e-02 3.165423755886020291e-02 6.494787934599197121e-02 4.671667666217688836e-02 6.495984056765677361e-02 5.802687831580127797e-02 4.342307040442863753e-02
4.992053715740422948e-02 3.539528765358602308e-02 1.911304618460178684e-02 6.958545850850841874e-02 7.203947232638267632e-03 1.017136988908886180e-01 2.160744701149073035e-02 5.654202827873733295e-02 2.102844838559551899e-02 8.446075409842125625e-02 7.617929592707699260e-02 5.412432387444651716e-02 1.969427619186897571e-02 5.823825491971248297e-02 8.742510477192147467e-02 7.446333327057670648e-02 1.025828983148609902e-01 1.208479843204721474e-02 1.006897933316342059e-01 5.917704555243450543e-02
6.773562753771059097e-02 7.495095481960889830e-03 8.906488986448800327e-02 1.003283333599556404e-01 8.056828894726583701e-02 2.946689470343586553e-02 2.082371062678248924e-02 3.205278856137584731e-02 7.662860081589299710e-02 2.007079729146588401e-02 1.844866479886964061e-02 1.005132682074930534e-01 3.497407402486579081e-02 1.009792320329901544e-01 6.277859971262146621e-02 6.415880394316415825e-02 2.701169684638447116e-02 7.374890132787263741e-02 1.046632052946170136e-02 4.967801685872994671e-02
1.588520067707116122e-03 8.791945721957118709e-02 7.781836344519799109e-02 5.600478584015902705e-02 9.767743961288470611e-02 6.485416961379021628e-02 6.525629215856906806e-02 2.658221140023516241e-02 6.398552007165009270e-02 7.853737192665301292e-02 9.822433185296594593e-02 2.155108398125551647e-02 1.125163860774340378e-02 3.985609337440271238e-02 8.275760932670087056e-02 6.604086535790854029e-02 1.302200524734438772e-02 6.103289922030665643e-02 2.824697235766117712e-02 6.001257911355903363e-02
9.195250302736471260e-02 5.550622725566486948e-02 6.365593615718483089e-02 9.225440394195701110e-02 5.114966517215285835e-02 7.390140966487168672e-02 4.185928001075943372e-02 5.275322497531291510e-02 8.578674980514716664e-02 2.505154020150997599e-02 5.493676998928408162e-02 1.179748017019916981e-02 5.392887553930646866e-02 1.519997419329806483e-02 5.635213899818884709e-02 5.660924912183063623e-02 5.219248656792491170e-02 4.407193052073275774e-02 4.569941178735340004e-02 3.385994513520423910e-02
5.835847798815626403e-02 9.597126701656612247e-02 6.741019497021015494e-02 2.354452743021693759e-02 4.969858329820493054e-02 1.295792193659329322e-02 4.912852728908544131e-02 4.557677135273712800e-03 1.031234319134937405e-01 5.685292746438686678e-02 1.028530804841143037e-01 1.560386470612212979e-02 1.563329212533889553e-02 1.033718020468454568e-01 8.841006544641155651e-02 8.694825950947482340e-02 8.269543931766536182e-02 1.007510304026360548e-01 7.954085540649807884e-02 5.377000565298069995e-02
1.178936107634769546e-02 8.007310393817247685e-02 5.502116159407609980e-02 1.084739239123023134e-02 9.782354560423857370e-02 3.642712356446579230e-02 3.209582298505039150e-02 3.130590392544893574e-02 9.421997688733671494e-02 3.565655873500420125e-02 1.745253833659458215e-02 3.942894975878780822e-02 6.624050966967477694e-02 5.991296128298651338e-03 9.574459503454203768e-02 5.165689882629925095e-02 5.213449272714950483e-02 6.014122507747637902e-02 5.931497744095584612e-02 8.191393399351629134e-02
5.610965698665164314e-02 4.567634630161104825e-02 2.504605743250010522e-02 8.613314570494655376e-02 2.707806866153444209e-02 9.786715934510331616e-02 1.168641810823768147e-02 2.197414010401983753e-02 2.013749985660668110e-02 1.144504484125019247e-02 2.710806766962520556e-02 6.981564736765738521e-02 5.968016109524947738e-02 7.186480329758453134e-02 5.587190830091818411e-02 9.257048652539505429e-02 1.130115241561882415e-02 9.428207485043023361e-02 5.815247799170034093e-02 2.657998179522972834e-03
7.828767865552778427e-02 4.787429470243261681e-02 9.247102069248114287e-02 6.833641480053447015e-02 4.102776776427483757e-02 5.412929141637452118e-02 4.247700454085321514e-03 2.039246088724834538e-03 1.343593641604712979e-02 5.270378316761788196e-02 2.764615151567402854e-02 9.123227051739654647e-02 9.601251582337952395e-02 9.247117151157265014e-02 5.152000996318310128e-02 7.219911762025044144e-02 2.318896089626968499e-02 5.157954977969646249e-02 2.200743951075936553e-02 5.430640379874582951e-02
2.451628830951309290e-02 6.981722808900967144e-03 9.171394594195461658e-02 5.324628713071136166e-02 6.405515264124191088e-02 3.835587472722332743e-03 7.511328056350137505e-02 3.542470119325961952e-02 2.789517870511413339e-02 7.688509701834413124e-02 6.361017960936127258e-02 7.334192565791144980e-02 8.907772374347848465e-02 4.857888283852369871e-02 3.039484006559722840e-02 5.129806311758564052e-02 8.048652336126940754e-02 1.015893247617906808e-01 7.834286720051905628e-02 8.593772096945663519e-02
1.770638700167015758e-02 4.843345233306602104e-02 5.433227459242187529e-02 8.993047455746423779e-02 1.224643583999886383e-02 7.775602925259503077e-03 3.119574019427809319e-02 4.466560058525034099e-02 4.052077120088329321e-02 7.674762002074626832e-02 5.478660346667840741e-02 5.013372581633532277e-02 3.718061488726372849e-02 5.669190854833389831e-02 5.565700841893169576e-02 6.477508433814568867e-02 1.454046729794891343e-02 5.935225496988671273e-02 9.384304094144237107e-02 9.458023001068871505e-02
1.622067915335300217e-02 1.797165455929327499e-02 7.472465368137400088e-02 1.818981214546545357e-03 2.689758517400665100e-02 5.026473789768236972e-02 7.082936317893834266e-03 7.902653342038705453e-02 3.739283090342527399e-02 6.746495957711583225e-02 2.484263233883043931e-02 3.359768235951277049e-02 2.602436244785985217e-02 8.410165019635008898e-02 9.327340390884578114e-02 4.464729284531784859e-02 8.853070497896040059e-02 3.633418378439175200e-02 3.458827265636494480e-02 5.629327748763170332e-03
