2.614201038548755740e-01 1.204914872592495814e-02 7.220559774017162868e-02 4.364104738670238764e-02 8.555417634571454988e-02 1.602983626995266864e-01 3.500152380202659064e-02 9.129065649194963161e-02 1.271921973909726777e-01 7.593496121887538530e-02 9.499468918761025393e-02 1.161503491773988317e-01 1.702929246016591514e-01 9.734500042917137996e-02 1.495761336333428504e-01 6.969235031232762223e-02 5.581600768537878926e-02 1.124368132737345316e-01 1.287024226471386312e-01 5.134734714553752105e-02
2.447067664171705126e-02 9.596447906526489602e-02 8.244915750280634725e-02 1.545045070252441116e-02 5.048379702005290071e-02 7.776670160001258880e-02 3.333533513409005222e-02 2.795311538089814349e-02 6.646072008005704523e-02 1.633573495158150563e-02 8.252319171208421719e-03 9.563280923576096548e-02 1.702248936236439025e-03 4.989573860082358037e-02 6.678861693106417918e-02 3.879431040955555465e-02 6.163617533711316515e-02 2.208818502245424482e-03 1.581714316611846499e-02 6.579907939911038006e-02
8.728847505525205719e-02 4.726968537592442232e-02 1.411076429689197588e-02 9.475854365232612431e-02 9.903866825017426656e-02 1.591030470613226042e-02 1.593760327982363112e-02 4.034719698571409552e-02 5.016128432099632717e-02 5.470888495519204975e-02 3.550549161945115023e-02 8.060124115520627894e-03 1.101533536003699437e-02 9.625924206854472032e-02 7.587492612940516246e-02 4.537322030040205623e-02 3.740306038108370812e-02 1.683383896140496980e-02 3.065986708218770840e-02 7.644636366681670236e-02
6.889758680745732000e-02 4.691906918605512344e-02 2.295819211397414142e-02 5.008788314758441662e-02 8.748903296578376676e-02 2.493762062909843369e-02 8.650144332642389911e-02 2.903023958333082050e-02 9.645930157344782818e-02 6.999359451339404181e-02 1.575787534347339314e-03 5.416499159253385098e-02 4.638910415677609950e-02 5.699693723140891732e-02 4.262927529287763306e-02 8.967402916900123200e-02 9.972245109191246737e-02 1.529783303595577768e-03 9.343577163956022502e-02 9.197061088268845830e-02
1.255249310688249034e-02 3.746538528938472140e-02 1.214555170715538902e-02 2.001508196388345276e-02 7.551837532223483473e-02 3.992398699764665437e-02 3.938645192216447266e-02 8.320560461582150735e-02 8.150411663995833778e-02 9.136438632527789372e-02 2.382447204688741341e-02 1.882239861752417476e-02 5.466598386053551917e-02 5.279756678634450751e-04 5.668848385586496008e-02 4.068502735335650933e-02 2.811989986585684831e-02 7.099378392060083642e-02 7.678685435562417061e-02 6.246468881737009954e-02
7.315900810911596386e-02 7.017390367526804562e-02 1.663844335787061438e-02 9.087439083427743813e-02 9.474858120589162158e-02 9.181007287923435845e-02 1.787278779977171869e-02 5.461891673428095895e-02 1.405804082123579546e-02 8.739423022134706898e-03 6.951785142298999576e-02 3.237962614026618224e-02 1.161532676399030899e-02 4.218538815510930462e-02 5.403277174594215554e-02 1.263608082758368480e-02 2.199424888764221070e-02 8.303748451287895627e-02 8.024224013932140798e-02 1.246709516636297470e-02
9.465634739569762923e-02 8.317788179161331175e-02 6.864085755213333861e-02 6.523430384585697517e-02 6.382902998155103036e-02 9.990481955117277990e-02 9.173828491618482572e-02 7.132575983004117715e-02 7.127488481311168578e-02 2.982472864505577789e-02 9.252117433363964139e-02 7.744519636611582603e-02 1.015041775921820058e-02 7.307946562380772393e-02 6.481307885451979833e-02 9.583762365511326597e-02 4.278438874309810347e-02 3.459394889460520872e-02 6.261401251451438610e-02 4.060805270429215796e-02
1.471154891419163002e-02 4.020035981879208770e-02 3.007812636228564263e-02 4.888560797051501317e-02 5.372100598797825005e-03 3.557857995134008217e-02 5.172357520469087616e-02 9.961677465031651413e-02 3.736193967831548390e-02 5.035966473085470851e-02 6.305897631222133481e-02 4.461032543720318266e-02 6.507928176144499310e-02 8.491338283006351351e-02 9.584422288870604600e-02 3.677389539001296032e-02 8.589415938889620461e-02 2.996842680656386718e-03 4.655687700525969197e-02 9.616562337497469581e-02
1.521186486976607889e-02 7.315775061699872350e-02 3.429409121100435252e-03 9.217253125154811766e-02 8.302326023320291681e-02 6.482035361825759512e-02 7.910713378511169402e-02 3.544417836506541779e-03 6.769702956847190728e-03 8.163705070838077338e-02 6.954505468527391598e-02 5.958093836753439870e-02 1.518156315357551724e-02 1.113365123494469699e-03 5.997457856331792070e-02 5.789518552747198454e-02 8.210799367755712563e-02 8.387221902067437673e-02 6.419872508891544260e-02 3.647479185610887770e-02
1.730225898122362757e-02 4.076006087059635269e-02 6.748473385967775073e-02 4.446449271895305810e-02 1.556832629549259606e-02 5.405433746106429876e-02 2.558563080174357587e-02 2.025582360434666912e-02 4.680638722453928091e-02 2.458035810585002239e-03 9.778576129199106903e-02 9.484346746872222844e-02 5.838077875209261164e-02 9.592850979844143311e-02 6.871525651392182410e-02 9.999800473397746359e-02 4.845775488416660670e-02 1.679395336992911547e-02 9.453323925699524954e-02 8.892980753442264463e-02
1.209235071942547229e-02 1.226034489821700192e-02 9.139294159144634166e-02 6.204645648954820736e-02 5.429751231253835547e-02 6.672954970552627540e-02 6.919196149904099924e-02 2.603784284676484775e-02 3.964339549401488944e-02 9.223772349149679528e-02 5.424671917248313768e-02 8.030523707099283814e-02 3.735276292756019995e-02 5.003669284417371771e-02 1.982761935798804751e-03 2.581285030628543975e-02 2.879542501581753428e-02 7.628033759621788423e-02 1.280007183430032121e-03 5.201151063324716342e-03
1.847297048075178388e-02 1.753661018159448012e-02 4.445099916682676566e-02 1.741092424990530255e-02 3.940790205307001526e-02 2.612922318287858037e-02 5.110212571123674830e-02 1.140896966464327589e-02 1.310247666865114319e-02 6.135004357676074327e-02 1.726611299731046698e-02 6.329903636131672950e-02 4.513513822089298792e-03 9.529447824162033676e-02 4.499292612588201741e-03 3.027538908455847111e-02 2.415009909251239137e-02 3.321183379977277195e-03 9.615981404430612445e-02 9.453435029841483761e-02
5.659073587379585130e-02 2.451216802490371535e-02 8.754261418978215997e-03 1.674069385847556587e-02 9.355389820291572234e-02 4.750885556404837312e-02 5.692797158089014193e-04 7.782728588456512553e-02 2.818889415340449997e-02 5.105519088963372115e-02 4.567112376529754159e-02 1.832464905801042473e-02 6.271921210331188323e-02 5.506652925523763953e-02 5.983589592067890817e-02 3.738489597982241897e-02 7.373091955523054797e-02 9.647005227866650712e-02 7.447501051552108536e-03 4.427864904413360281e-02
7.802278066738466134e-02 6.053752926349077745e-02 5.360895969130574645e-02 2.686659249087772899e-02 8.390872740179962375e-02 1.101471372259994579e-02 5.521413018552277091e-02 5.955110532613314828e-02 3.003888393312778224e-02 9.784118713812881007e-02 9.953080435827088568e-02 1.455192646448597721e-02 6.074947827216038709e-02 7.163029697767386850e-02 4.973686450278370919e-02 6.280638634577115353e-02 2.410038668249648089e-03 2.355650408247150773e-02 3.048454243743113981e-02 5.461376720270250118e-03
4.492426894538817383e-02 2.415475109732567911e-03 8.298797311633243634e-02 6.410594181723021368e-02 6.916685886968355901e-02 5.517408361126026339e-02 2.131748202059861180e-02 3.954840938649767379e-02 4.358018153870747702e-02 8.827351603828581528e-03 1.611480373521466739e-02 9.577377984447725534e-02 6.486406168363906266e-02 7.003801499701914346e-02 2.211676067735431073e-02 3.681395324222958335e-04 2.471781594331231777e-02 1.556833072831673853e-02 9.621414490213912873e-02 4.526783276250789106e-02
4.737658990253001967e-02 2.808821305448410202e-02 8.109439522222620933e-02 8.646165912418835031e-02 3.858891656608524207e-02 1.733540838318515728e-02 8.002897553151788745e-02 1.437900591499149429e-02 3.353053824979912445e-02 4.244054683515363809e-03 5.518691988749640370e-02 8.177404117704900610e-03 6.043241303007152549e-04 4.746197703983982136e-02 9.182552807516423943e-02 8.575318361642063347e-02 4.604986938927116413e-02 8.212580300332186778e-02 6.292096921120016173e-02 8.810254128142536167e-02
9.508217004885227697e-02 7.434551657978523409e-02 3.295368423707002725e-02 9.397482591215980396e-02 8.823795271281406616e-02 3.673843059911054837e-02 7.770352685324680153e-02 3.798456122504823007e-02 8.151064212427894251e-02 2.684669953477682169e-02 3.323741554557169131e-02 6.877798205154932176e-02 7.190783304652068053e-02 1.076423558073219544e-02 6.525507488743409468e-02 1.615302843024081156e-02 3.235047626512998348e-02 3.245136213674282288e-03 5.181266319684510457e-02 8.304706861367050497e-02
8.128138572970339260e-02 7.876443216910999912e-03 9.569274828076868022e-02 9.637243103948783807e-02 6.677567349246817108e-02 3.421780558366346175e-02 6.572924633778211290e-02 8.374577655364257023e-03 6.877617792042418909e-02 6.498761602469716077e-03 6.928537082221832011e-02 1.976256342445002062e-02 6.084120149585991316e-02 7.826382016767841066e-02 9.371808335105531740e-02 1.858106257298192121e-02 1.238081874455972987e-02 4.778059888468556837e-02 5.363232702346759639e-02 2.577106724839386617e-02
2.027740099397438295e-02 6.406629200741198460e-03 5.091199860514977749e-02 3.824727940914488672e-02 5.756052804878727946e-02 9.228626825403160594e-02 5.228434233102612766e-02 2.072532379955403098e-02 1.549483382028642511e-02 1.169324791371262329e-02 6.007641883572956143e-02 1.541432647264340261e-02 6.012213557946120140e-02 1.669052751403015192e-02 7.420009382365354289e-02 3.132010580160234786e-02 2.105361223609933038e-02 1.544865149955212437e-02 4.507469253994922376e-03 1.931289418543006425e-02
2.350769470423529420e-02 4.434017791355116152e-03 6.072823418889396196e-02 9.779559102723699160e-02 3.501667002650197397e-02 3.225749306667437255e-02 8.448149656999102974e-02 1.660940087396458806e-02 1.028282005419306477e-02 7.343586067176233363e-03 6.456578308408549016e-02 2.185423740729497627e-04 3.000674466757381753e-02 3.855728779180298688e-02 8.218761219583518851e-02 2.584638964354137036e-02 8.476524470661486732e-02 3.375697929653214552e-02 9.150156904322953588e-02 6.170213325558006334e-02
