3.091859032366303106e-01 6.340506872894895174e-02 9.762956883030166066e-02 6.325703324460048294e-02 8.812668289081038164e-02 1.075032586485051289e-01 3.934170413546007883e-02 9.249557786571863116e-02 4.138470291076067759e-02 6.064798353544471887e-02 3.850248149441069800e-02 1.651889162145684931e-01 5.838201523088748512e-02 9.664128403652014199e-02 6.894602188800236404e-03 7.083685841124634508e-02 1.597443550244697086e-01 1.116135779465071698e-01 1.039421529735603533e-01 8.793087513660616250e-02
9.045012567765617351e-02 4.106756419955022441e-02 1.391040296877652654e-02 7.775087901339079732e-02 9.802572975577214520e-02 4.997698433090548564e-02 6.388486009269967250e-03 4.586279169810227041e-02 3.083026477717427938e-02 5.856083085085556084e-02 7.991512463866766447e-02 3.004177468332680599e-03 7.634791741117584463e-02 2.239408791027582002e-02 8.647585153450832937e-03 4.409098473209845104e-02 9.392412539168826235e-02 5.523059805065141936e-02 8.068148825028786941e-02 2.965374155408752321e-02
2.100932259235710475e-02 2.149926842257068524e-02 5.880471520850073797e-02 5.042240282487175929e-03 2.181441209455563593e-02 7.926697775432145487e-03 4.613195772019788171e-02 4.405812710159039830e-02 3.924496967697000196e-03 3.383240795365179132e-02 7.394020302819612200e-02 1.962828605357536029e-03 3.250878524329989944e-02 2.812444685288110341e-02 4.851512948231478245e-02 8.859285663262722599e-02 7.004746877945744812e-03 5.860649562449646299e-02 8.129504960130590208e-02 1.106463302762620421e-02
9.108207328805917324e-02 6.077064801430520635e-02 3.656632504991731702e-02 5.444437085640224661e-02 7.386935354636517403e-02 1.984086142745745962e-02 8.473860316987798236e-02 7.718582864690577694e-02 5.387842331699133069e-02 9.863035910188228117e-02 2.557472920125422253e-02 6.074363041774966110e-02 8.447938087000511631e-02 2.056354497220791444e-02 6.985263449994046081e-02 1.674224714661184596e-02 9.915134085497465111e-02 5.564718423140455755e-02 3.185684241011932372e-02 5.126643837974852874e-02
4.700142982528681540e-02 2.258551769452425001e-02 4.973117210804868515e-02 9.348083081388554316e-02 6.240078977830768731e-02 7.370457192641267918e-02 1.235981480497915300e-02 4.439907223227271965e-02 8.780037809284645112e-02 6.251127730037986385e-02 4.366338598590946765e-03 1.412751897771902243e-02 4.685891140074720934e-02 9.509950544561383834e-02 7.461941215664161242e-02 7.220968374284187329e-03 4.306728622029895592e-02 3.050876031065183000e-02 7.836651157640461829e-02 8.778860230663701469e-02
7.489715693701765042e-02 6.180820661410398043e-02 5.526298249312349559e-02 1.761578247956014850e-02 9.296295029326455406e-02 6.427446361223532710e-03 9.062708841412150940e-02 2.020537871022790727e-02 1.448352480549355316e-02 8.496483069063315297e-02 4.252418925244773329e-02 4.580979898559546515e-02 5.041706674801386262e-02 8.401083743560053274e-02 1.719594786344089826e-02 2.975974136484791505e-02 3.108642035835048820e-02 1.923898040827021205e-02 8.357779897801834168e-02 5.625724022015998749e-02
4.055538090766028919e-02 1.131022653012764279e-02 2.315900529708000630e-02 7.548630298484400314e-02 4.521060835388977101e-02 3.330924643535098512e-02 8.273382374724998212e-02 6.836137709872869284e-02 2.619601104174016509e-02 2.601273176019123362e-02 7.015018142053702777e-02 5.776254877779575525e-02 4.994917444706070686e-02 7.749223534167448690e-02 6.691609537640960670e-02 8.812221121481657315e-02 3.613866075382996673e-02 7.608017998499411183e-02 9.813846994733503581e-02 5.068605836494673167e-02
8.838096431160646915e-02 3.543690474425492676e-02 3.732679861665420123e-02 1.995510332123902331e-02 8.908188225185033338e-02 3.479552997063165704e-02 8.224025911644162329e-03 6.315360811424113041e-02 8.626744914921409546e-02 1.017940497862107607e-02 6.133093316999464056e-02 8.652763014376108064e-02 3.541009545047046903e-03 1.386834690111094122e-03 1.701021922262737837e-02 3.042640507622958179e-02 5.952064628841605143e-02 6.896012463637113399e-02 5.460690268586805562e-02 3.188716027827509514e-02
6.397064425708869073e-02 3.642818421645854787e-02 2.732975077032432504e-02 7.659451734767186437e-02 6.828777919007879282e-02 8.093739774072143678e-02 5.970074710478515817e-02 9.559715274536469132e-02 4.676489995374234765e-02 4.782507999303190621e-02 5.120286743236338034e-02 4.233238823781221294e-02 7.068731675064134079e-02 1.548830068315356669e-02 6.045189778245012996e-02 5.061260771013945114e-02 4.507453411575948476e-02 3.405638330434115207e-02 3.325172468814711207e-02 9.373409595575746267e-02
4.156155967700142506e-02 2.041878578328919572e-02 5.501372054635497721e-02 4.479169557587658890e-02 6.984238548611816644e-02 5.019173889818826645e-02 8.941037824602682260e-02 5.700066941985711122e-02 9.622305345412812683e-02 8.052865012291927915e-02 6.302804528500006997e-02 8.307192992201527237e-02 7.887949309030800604e-02 2.217434389298218733e-02 4.446763137810634536e-02 3.472420076824500601e-02 3.378679395944241687e-02 3.901754275550117779e-02 1.712549770846655273e-02 6.363379293808897608e-02
6.752203445527046877e-02 3.568382734067909734e-02 4.527350887231621629e-02 7.818900460706578945e-03 1.221859435463434895e-02 6.341024174605112973e-02 7.033679212194347830e-02 7.759672739137704611e-02 8.427325801472779210e-02 4.943503816653216365e-02 4.660754356448060243e-02 2.646988914877731677e-02 4.776592467722994700e-02 1.901211876186581495e-03 4.005210075059661978e-02 8.289383730594028499e-02 5.768908248228954644e-04 4.179920577979147345e-02 1.327230958272464061e-02 4.072360285121149476e-02
4.570404888798478699e-02 8.919007270339894544e-02 5.348221629339270505e-02 4.368823619788866908e-02 9.732364930207469678e-02 8.430617254444422448e-02 2.232026905765990485e-02 5.565752441102860687e-02 9.613537190937194998e-03 3.222347492079663533e-02 5.024255560417620337e-02 6.106243700111631256e-02 6.027802108875987552e-02 2.074890060165971578e-02 2.418154033948458764e-02 1.184950933896297166e-02 5.716855261823267087e-02 1.746192045887362543e-02 9.302487927643465770e-02 1.569640898657858122e-02
6.065764982813708767e-02 3.185853808364004502e-02 9.415921868483248525e-02 3.410364070348521903e-02 9.551501868305327381e-02 4.860064667078156653e-02 6.929993710524162687e-03 2.715701631119076323e-02 1.472185313229642557e-02 7.531829104386789098e-02 6.736949887130605497e-02 4.948688194353104142e-02 5.797696532515446421e-02 1.985696020351942689e-02 5.948242172799853705e-02 8.662651173614965838e-02 2.567427719680113324e-02 5.592414927994480284e-02 8.094991518778638095e-02 7.304983636182578455e-02
7.375786287935617858e-02 3.466458597231681163e-03 2.266773881126449286e-03 3.964080462190593818e-02 4.039291657327062635e-02 7.878471548389273660e-02 7.377009878375649643e-02 6.657768821275214521e-02 2.994236735090792870e-02 9.832821760969902292e-02 4.517810829230914371e-02 6.824965331968570192e-02 4.273374528766971103e-02 5.870782739685483087e-02 7.007030332023511665e-02 5.326807150417759568e-02 7.459746692466183438e-02 1.986351816782849777e-02 1.516892431185691385e-02 8.193985390376275213e-02
5.949405462507546816e-02 3.873061552011557857e-02 7.609537065904503628e-02 5.950056436850588437e-02 3.916298468546809686e-02 2.498409233045093686e-02 1.339249996380409424e-03 7.510761829918571886e-02 4.561608027732311330e-04 9.044683589348943842e-02 9.080545195691479277e-02 2.505093957840252156e-02 7.107995140071575457e-02 3.346580710712715456e-02 4.719753423682998550e-02 6.829094870381149929e-02 9.676429644459605753e-03 7.632623150812287149e-02 1.101616792479025511e-02 4.378197813411743161e-02
1.941223413741269971e-02 1.695308642044356454e-02 6.712054160617129950e-02 6.296486820692537290e-02 1.086760638887018793e-02 5.825412865877610535e-02 1.702901517222965620e-04 5.413601123179757890e-02 3.949373283828556958e-02 1.109185337233458205e-02 6.617885134486059528e-02 3.154731083806544545e-02 1.013514771103878401e-02 8.639076667280266505e-03 5.597633591011054455e-02 9.202130034829081665e-03 7.455785704979059347e-02 1.794802109481485886e-02 1.668440483273995328e-02 8.468098567676385358e-02
6.748084698452239301e-03 9.682530084468005116e-02 1.214696449904412168e-02 9.794210285634274982e-02 5.606305500215230664e-02 9.706079434103850878e-02 4.761228850398929735e-02 2.836017403175826804e-02 7.480843419254566695e-02 1.301239463666723634e-02 6.399885111267628046e-02 4.060222050606935446e-02 5.629173249600249312e-02 7.523432233478438702e-02 8.134645467191028989e-02 6.209629809450509935e-02 6.022403198675761044e-02 5.817698086848933046e-03 9.655186249334081483e-02 3.056830810690910546e-02
1.840652639909358054e-02 5.677004717406486899e-03 1.107542211970278384e-02 9.069135946956284611e-02 4.189213133420384427e-02 1.596837953243410851e-02 1.449348632772484843e-03 4.374885760197273765e-02 9.858510528849707966e-03 3.105981378647880778e-02 2.609206443014515722e-02 9.740993800361575500e-03 5.419531207155020569e-02 5.833257289049473965e-02 2.167283385658826111e-02 9.456044905036757597e-02 1.724740032454171942e-02 5.727752187934347788e-02 5.327418179706967793e-02 2.858275526491678431e-02
8.656293115167548735e-02 2.613753256338534683e-02 9.755420403225048553e-02 1.232145980087956394e-02 9.619412868853871590e-03 2.213541858384612468e-02 5.500236107467940810e-02 2.413535411798578556e-02 4.702735280863079743e-03 4.300399302332143237e-02 6.851338721759368811e-02 6.555996331234902053e-02 8.353898110842157554e-02 9.986437862469260685e-02 7.126278415834244595e-02 2.985766464797926650e-02 3.984921360637060789e-02 4.974510856749048788e-04 4.291955886129128483e-03 5.200267345999366048e-03
1.459786966538494449e-02 1.320031662260388178e-02 3.792942947881349641e-02 9.021927518441263949e-02 4.663098351611723313e-02 9.136400810097046118e-03 9.620679399066527082e-02 7.386254442416194388e-02 8.096452892177648242e-02 5.006272533097834432e-02 9.514759043680300066e-02 8.058159886954874285e-02 7.248637152445779053e-02 6.497580008786214834e-02 6.741438775786783022e-02 6.169274061632674944e-02 9.293079993685511575e-02 8.287283182971361128e-02 9.503311765772758102e-02 4.923653871058539244e-02
