1.794592783684524073e-01 4.690358385979287448e-02 5.256666961853000142e-02 9.422232825816931334e-02 8.318536131568983472e-02 7.833857297442997636e-02 3.976750941792145388e-02 7.537151689695398282e-02 1.434024280986219146e-01 1.038297897534418285e-01 1.237425590820442345e-01 9.653141543027415894e-02 5.320613648326688594e-02 7.638543541127537639e-02 2.983301847814595967e-02 8.773651255576339625e-02 1.033437728784910303e-01 1.065905703765245849e-01 8.377293634902614750e-02 6.131446963507983239e-02
4.341225073218133584e-02 7.884325659433308320e-02 2.763855888595745380e-02 1.037044807540302843e-02 5.143056333313011236e-02 2.847309704647482675e-02 5.240759212814476847e-02 7.286330992225328873e-02 8.464282946212636771e-02 4.744367151410792266e-02 4.385724702605756781e-02 2.986930921308676018e-02 4.856689982858930499e-02 3.156020558267176590e-02 8.099486805248635438e-05 7.038087959783421999e-02 3.074758969870280620e-02 8.372538892264751176e-02 9.069573032690181986e-04 4.117304751086821313e-02
3.581575088926566147e-02 1.400539418996127414e-03 2.786901462614177483e-04 7.553336200843374648e-02 9.366653300772853630e-03 6.926292677394939312e-02 2.379896123009039909e-04 8.514337130769923656e-02 9.989130450873466571e-02 6.273358242683144126e-02 1.948661779897884611e-02 3.930758290370511138e-02 4.634502785273731003e-03 9.887668810140315401e-02 1.067379729588313619e-03 9.661383740752874094e-02 6.321836199480496132e-02 4.434342326669224454e-02 7.140276128800497613e-02 3.650100143772205818e-03
2.821597849090327209e-02 6.410564209447530692e-02 7.866229254268275461e-03 4.549379578836910965e-02 8.721730353460555030e-02 9.535174511536068098e-02 7.203894556047974775e-04 1.739536844245999012e-02 8.130615406837579662e-02 5.405677330076300025e-02 3.083163515200647645e-02 7.107057087176420207e-02 5.771514524775063493e-02 2.944052083159461042e-02 8.108460103077601289e-02 3.667482647577090943e-02 6.301109090777513161e-03 7.193115475406092196e-02 8.523882143074437701e-02 9.986139208857758298e-02
9.676590771923354595e-02 4.580100353026262013e-03 7.362765727429748663e-02 6.658905039087099909e-02 8.573146291688382714e-02 9.592907321425445111e-02 7.437539557106952193e-02 9.521505498982071880e-02 7.297643018266113113e-02 1.582353012233174080e-02 4.390269454529388549e-02 3.962650958914657601e-02 1.654269401745833701e-02 4.051678769603203611e-02 7.380914684400012582e-02 9.620850818187252906e-02 1.401242481297884125e-02 1.791522517068877551e-03 9.397225080759571969e-02 1.216894560190643487e-02
9.517916776981372867e-03 8.381408906914211698e-02 7.032706958843448763e-02 3.914760404682555983e-02 7.337341851620629574e-02 1.995227940085833249e-02 1.822638342379341234e-02 6.587219765848882636e-02 4.761816600090360702e-02 2.481801086905748369e-02 8.415825598430927423e-02 8.183473196596331711e-02 3.208252288231488308e-02 1.986271098246003217e-02 7.644936378145972267e-02 3.046259131974873510e-02 8.166429343530884344e-02 8.203690533162912024e-02 5.756765459751150837e-02 5.895409734248227562e-02
4.157535834445486023e-02 9.941385893236643137e-03 9.675833683145194930e-02 2.462359841260405510e-02 7.180849123865813699e-02 9.597328903944202239e-02 2.134805424244275163e-02 6.364949535402786296e-02 3.726828944734124349e-02 8.513105825664761539e-02 7.354204395201041633e-02 3.833409718014783168e-02 8.332472865701748277e-02 5.565011427152374845e-02 5.893686693463558168e-02 6.353467187682942940e-02 8.504117648552206310e-02 3.433137830261572682e-02 4.615363054887387101e-02 9.053687516374192557e-02
7.620515823767480545e-02 9.209586728457770655e-02 8.070820935794670303e-02 2.696648056564475773e-02 6.399737814025370508e-02 9.317266910089572196e-02 7.038630605272176710e-02 7.829563713872239594e-02 1.400641139361130660e-02 2.823765390674752920e-02 9.850915027166667892e-02 6.858536133798952272e-02 7.689088131566336470e-02 4.856178186413917519e-02 9.575187480084514091e-02 3.610770778627821892e-02 4.031920224873498937e-02 3.989173000398202329e-02 1.589551579158274969e-02 3.664717029924149244e-02
5.398258634855656463e-02 9.049581791758282145e-02 9.102751826924358747e-02 9.487932216100154748e-02 8.498800941389011987e-02 2.618373719876377053e-03 6.617511170578693931e-03 7.204672069902677556e-02 6.509170312600079389e-02 8.954966584580198452e-02 5.377063186311718118e-02 1.301635926640374447e-02 8.091010871815236538e-02 8.842026763281056467e-02 7.932264684310786490e-03 5.950686467426702549e-03 6.663516752360600093e-02 2.172523038020537575e-02 5.988011202891834611e-02 2.638523699339900917e-03
3.044535378079515908e-02 1.880454487493611604e-02 9.215331653654878705e-03 3.056083926886745891e-02 5.030993028319672572e-02 5.222382709059680828e-02 2.415541527859955961e-02 3.555796943793981119e-02 2.785042768360923571e-02 3.501765252503952208e-02 5.138357585779605025e-02 3.530841397118257563e-02 5.205215967683309020e-02 6.477776034258174442e-02 9.957575250431525971e-02 1.105610394664511414e-02 2.064361910310945694e-02 9.189041967509142816e-02 1.682394892351093615e-02 2.986822153566390942e-02
4.852213979777439401e-02 2.943617933500271289e-02 4.552274150574094069e-02 5.432085710400400003e-02 9.084081869001502108e-02 5.999957335076338411e-02 1.068456990396821071e-02 9.021585443486111744e-02 7.642347644276130392e-02 9.616847938617156810e-02 7.987758495336058640e-02 3.501870133458399176e-02 7.535721449607890587e-02 5.170489229419789057e-02 8.684981622446232008e-02 6.301306256348369883e-02 8.139612187121732234e-02 7.556968298054329847e-02 1.351418178030620171e-02 4.296676940210830686e-02
9.155943176377298598e-02 9.772415070853021635e-02 9.257977641155262782e-02 3.732590675228977112e-02 8.632449099387010105e-02 8.349727105932601423e-02 3.769130881639720654e-02 9.288283807530589575e-02 6.284284049842371600e-02 3.204167565353077674e-03 8.195523703365781981e-03 2.233503647878963896e-02 1.263864441342003181e-02 1.994265258069766178e-02 6.790564110912263029e-02 9.449580921035004299e-02 7.594883329106588699e-02 1.919404095112027531e-02 1.086762042141243938e-02 8.347271847107146092e-02
2.212119086754911479e-02 6.504203064010807833e-02 4.269884262266651631e-02 3.548209110642336350e-02 3.177551516070353105e-02 8.342470604964120906e-02 4.782223503158353900e-02 6.163474243951150462e-03 8.697616445657707640e-02 3.335691538616427504e-02 1.256252515401298266e-02 1.667831273533892933e-02 5.928729119151765481e-03 6.339005285514809698e-03 9.392188305986348684e-02 1.578239079685883617e-02 8.021523533503563397e-02 4.132546856126226298e-02 7.610563832462914624e-02 7.459237433997134743e-03
9.576888234208115122e-03 4.867239239834673242e-02 9.870857827280110630e-02 6.732105759709439835e-03 8.946490531614695318e-02 6.811128301845943700e-02 4.126685001049756885e-02 3.939375803537011056e-02 1.314937874606139125e-02 8.418034813007829742e-02 3.306671302580874855e-02 4.875751204964141883e-02 4.811876450042571612e-02 7.379178804761268862e-02 5.828977666166398897e-02 7.668815383977493905e-02 1.290891178744923984e-02 7.274768551690698193e-02 5.639806595336658429e-02 7.619662329731516359e-02
8.363628648965905354e-02 8.584660848949693390e-02 8.652241869382348849e-02 7.085579697372115793e-02 3.307634614668946565e-02 2.351539552576312891e-02 4.006974328258410684e-02 4.540526645187268479e-02 1.945778033891859549e-02 1.402410402822921315e-02 5.382195572104053055e-02 7.141175154809976944e-02 9.122351994570277595e-03 2.087628982428093791e-02 4.665141939287212325e-02 9.612689909129476518e-02 7.751108123526388727e-02 2.961016500874055421e-02 3.811668894522576845e-02 8.754167788184431809e-02
9.252039958071533662e-03 3.443787064437847656e-02 9.419237557468942978e-02 5.021253406985130147e-02 4.641692774400624222e-02 9.380945377859960244e-02 8.634212326518797553e-02 2.072838060477795452e-02 7.313460261879911779e-03 6.372689952135313085e-02 3.107464374542795449e-02 9.431866810247947416e-03 9.061395482126385903e-02 9.794116058570068173e-02 9.553062591059259014e-04 1.785285152398295022e-02 9.378975181483616141e-02 1.476776550947023203e-03 3.161618554166634176e-02 9.767398467147989094e-02
6.707419037439990572e-02 5.926629161690477599e-02 5.143860329394439601e-02 9.681426196190985600e-02 6.761853557763816691e-02 1.761851449219685797e-02 4.283268681981934611e-02 1.644147783980057925e-02 7.556161444706267771e-02 3.523600054635345289e-03 4.323719077091986440e-02 9.392007588500111970e-02 5.520743952774277707e-02 2.626443023862603740e-02 4.334322310411974771e-02 7.094734186081474991e-02 1.065494362570944611e-02 5.627077328858923200e-02 5.695392323100607890e-02 3.265156524948621686e-02
9.962891235635989995e-02 5.741479136282920392e-02 5.533303657122391750e-02 3.474141416771223817e-02 6.034690321528847490e-02 3.076694052040809466e-02 8.794854623335658650e-02 4.876653290986161793e-02 5.644808453043690527e-02 7.383687764491765615e-02 3.456868712757992651e-02 8.999594290228668525e-02 5.046340296709320161e-02 7.155199516016712280e-02 5.250047350434009635e-02 4.011186230644042672e-02 7.302649935908832324e-02 7.594073622517004407e-02 9.112988318096634788e-02 6.468728827705227946e-02
8.501661347382838407e-02 6.346431684660669773e-03 2.500098459298942880e-02 2.115967446889660541e-02 1.866143414872914116e-02 4.905878830124636020e-02 8.064316239197406866e-02 9.808346758286755340e-02 4.156568049199963616e-02 1.923531380726122356e-02 1.631895001600969317e-03 3.745614309046940791e-03 2.746897117130934346e-02 7.796192053170460101e-02 8.976870350634337178e-03 7.168446374960200929e-02 3.207421958308363102e-02 6.359677979614886123e-02 3.771078586719445180e-02 3.224516583902203859e-02
1.714485821675932817e-02 4.429718253549232154e-02 7.903118820067772665e-02 3.797352389177297699e-02 6.457006070344262910e-03 7.458877283889563115e-02 1.148225366965516248e-02 9.624433939912539759e-02 9.068439964028784939e-02 1.133281455157092443e-02 2.228058991917281160e-03 4.475393280569729682e-02 1.405982155730893871e-02 1.655868211186531033e-02 6.187563932653047938e-02 9.390799087845903836e-02 8.896077040000335834e-02 6.914043002448332087e-02 1.374544640560249054e-02 4.577813432231984253e-02
