2.287643148406616200e-01 6.412100832308213760e-02 8.755531460929624754e-02 1.140944518392416757e-01 9.016884559114879405e-02 1.235598557380300222e-01 4.554950492696804160e-02 5.341964996795328657e-02 1.365581602182292797e-01 1.615265947422659665e-01 5.079458059303913059e-02 8.519779560816817532e-02 1.165954072827651011e-01 1.123496824218231938e-01 1.004306059090529918e-01 9.241092725937206931e-02 6.243992937403125554e-02 1.466172761867490237e-01 1.039186989572074560e-01 7.539392966192895451e-02
2.563424847272056939e-02 9.362100521599582559e-02 6.152310422729812336e-03 6.541591744716998558e-02 3.621722145203153803e-02 1.882617374682632461e-02 1.540232220988154745e-02 3.281756224755655316e-02 5.519455415235157564e-02 6.125052845122648526e-02 1.246207656885865017e-02 7.178623101239564597e-02 1.057590638896315285e-02 6.255970479484325442e-02 1.556565509565244199e-02 5.537216965923776046e-02 4.385954605535047346e-02 6.525156718722045779e-02 5.503608136279815322e-02 2.128020123803084016e-02
1.205088616077221175e-02 1.823959528684335890e-02 9.829573875119237969e-02 1.712208480221095661e-02 3.560392475998915007e-02 5.629837837452018878e-02 4.750411626907180551e-02 9.833568997210467844e-02 8.184058273777113091e-02 9.695450863231050431e-02 6.996226535855513962e-02 9.734533657892052716e-02 3.918551362679394828e-02 5.790003536792356909e-02 9.640922859547906842e-02 1.852891552340051387e-02 5.079663044737291883e-02 9.138153706011344080e-02 5.880231716655453383e-02 9.945769986201108415e-02
7.200287930115682744e-02 7.680306533661765411e-02 2.589462199940190112e-02 1.110648040206080323e-02 4.832231249229604342e-02 9.465685114415661738e-02 4.256238937594384458e-02 9.994174036395264693e-02 3.931618403062558942e-02 5.493250646823478328e-03 3.973483577051050569e-02 3.141210082642888896e-02 4.274104670922164451e-02 2.416363199679063753e-02 2.136142650438366524e-03 8.236663975413028096e-03 3.984130993424207789e-02 6.462439590379223664e-02 8.199552697329708095e-02 2.911410167227396206e-02
1.218481770892142560e-02 1.836017940914917018e-02 5.830961068971515782e-02 4.620217050308921686e-02 3.543341445759341790e-02 9.471264438472502822e-02 2.565773855929848191e-02 5.530063084227537784e-02 3.432944847237584529e-02 3.350272940718210940e-02 8.782440543622817286e-02 4.958214109984625945e-02 4.533479733077083046e-02 4.543970420816920847e-02 1.520218645308325615e-02 2.923057429710056512e-02 1.052932799362502753e-02 4.083556627529614375e-02 4.016686839950639465e-02 1.080020861095262220e-02
6.907472175452129826e-02 5.038198821401959626e-02 6.556291649919798736e-02 7.814044441615952685e-02 7.826747572395471864e-02 5.174577591283324729e-02 5.777911133273351540e-02 5.215195081100243435e-04 4.774047796746405670e-02 5.638521103819275210e-02 3.978865296730226681e-02 6.701289439515122071e-02 5.162188769749509465e-02 2.316871074736304159e-02 8.142317633498702412e-02 2.670069220039653773e-02 6.908529283284779721e-02 6.922492565855024871e-02 7.262741207777467789e-02 9.861239558898171609e-02
6.102659823376251069e-02 9.471327408535629155e-02 7.476664416797840218e-03 2.397690610786564966e-02 8.840673134618058648e-02 2.898449990658927972e-02 3.399054001758772367e-04 9.846879678814694781e-02 9.140974877082015670e-02 8.407083758080230451e-02 3.014151938845579734e-02 7.299562197806058750e-02 3.416931163913795866e-02 8.368960674074943373e-02 4.558280521934763435e-02 2.344457807883226774e-02 5.431862912591384207e-02 5.375990464520008505e-02 4.730607763496176565e-02 6.322481183041597785e-02
5.982740226283295160e-02 3.496921852559627120e-02 1.744115445126092137e-02 4.799100541232459438e-02 6.990360611540126501e-02 7.243342654285009341e-02 9.081495211167137094e-02 5.568516559240271196e-02 2.094467721724437015e-02 9.775708718960990362e-02 9.453864971800951533e-03 4.567996259024379585e-02 9.187296742111207559e-02 8.218337527602791182e-02 1.930620616030056733e-02 3.202183881442802887e-02 8.468280478944943679e-02 6.106037777954314433e-02 6.498777582053873181e-02 8.017860182966562999e-02
7.215287622247899824e-02 3.706256568587760342e-02 8.011794530303738282e-02 9.161396898237336717e-02 8.734643129915233006e-02 2.081770519503016795e-02 5.134490329767571991e-03 2.355333092385555535e-02 1.631261346035873736e-02 3.774055333020848169e-02 6.091668955162993226e-02 4.857833859391702536e-02 6.946013627349997832e-02 8.563993941030173529e-02 7.035937629203459220e-02 5.671985656577149121e-02 1.079839271218255986e-02 6.497300020097582229e-02 9.246754263838634358e-02 8.740379132153563990e-02
8.872544237655187460e-02 1.941400010451183045e-02 5.487009052966112382e-02 7.407604117821722789e-02 9.894797668047834727e-02 9.699971453960222478e-02 3.632698981308846164e-02 2.942833164055868103e-02 3.220852246459821044e-02 9.422972496577994295e-02 6.121566484630134447e-02 6.557771560621825091e-02 5.703377447666625744e-02 5.276090141687104357e-02 6.979414450615786802e-02 5.139202675353927996e-02 9.201094997720804525e-02 1.047959457824566669e-02 5.255525390559287469e-02 8.652050660689923622e-02
4.397993239199426974e-02 3.163060615397685071e-02 9.097608372556786893e-02 8.471001109717056499e-02 7.443042823809342678e-02 6.266629368540539702e-02 2.850900195780157326e-02 5.305903007408378086e-02 6.438150065482395323e-02 8.720652440889684054e-02 1.373197880488035219e-02 8.593205909962320366e-02 6.629358497351466040e-02 8.152299221940401130e-02 8.405655972601736026e-02 5.278209600382408051e-02 2.307523572580487750e-02 5.260545797226957865e-02 6.237819122040703240e-02 9.551378924978087825e-02
5.664001553899811192e-02 8.133794061286440946e-02 6.561201269418748261e-02 8.674248355827206269e-02 8.906611164314934270e-02 2.260958563886193012e-02 4.093956591314318848e-03 9.777042808759589532e-02 4.433939812622787052e-02 8.161744933257153445e-02 7.081781053575542106e-03 8.946833121038355596e-02 9.526038118052856940e-02 9.003707143389490242e-02 4.868461406364757438e-02 5.861531103448833907e-02 6.114667792258341589e-02 7.824806858082633543e-02 2.366730134326244794e-02 9.219342835836474848e-03
5.367500880587328625e-03 4.893061611840232757e-03 2.514030616849642977e-02 7.520318875227950672e-02 1.133771404387173831e-02 8.702413526252128495e-02 9.723031472314175305e-02 7.519649422225498092e-02 4.044549678269244997e-02 1.566454900400634717e-02 3.076356703581502317e-02 8.659834726175364567e-03 6.920194352159214635e-02 9.266307484805237291e-03 1.284264554284621045e-02 6.363251348111652328e-02 2.041339262007892119e-02 3.916764851925037816e-02 1.583017218295732637e-02 6.341681622923310557e-02
5.339005045676870238e-03 5.425958205670936702e-02 3.536106675669024174e-02 5.827022583379958681e-02 9.098282276691424530e-02 5.621047846305348566e-02 1.990686850955757439e-02 9.321063350571882899e-02 5.265548496311134655e-03 7.294343976115397199e-02 3.675772016137773129e-02 5.824657319660354882e-02 8.347633288197500723e-02 6.660347432041802129e-03 9.635314861006405440e-02 2.930007618026886362e-02 3.579647184552713773e-02 5.703110942993804694e-02 9.038495489547783424e-02 3.095262310806080885e-02
7.875519031897576516e-02 3.795847605778612105e-02 7.370966261871440828e-02 8.896550070019795808e-02 5.910310428970200723e-03 3.343504319768009214e-02 8.879317675960494982e-02 9.399994808778412703e-02 4.231777129619499617e-02 5.983247800654898502e-02 6.771537539283166429e-02 1.978441327077177375e-02 1.516507877064132747e-03 4.984448996985874070e-02 2.466148953548898126e-02 7.654572906547020550e-02 9.163482543010670334e-02 2.277145076902925558e-02 7.830051557139205975e-02 9.016820751931027556e-02
8.877390397189187377e-02 2.462799194835196825e-02 7.511892766586349135e-02 8.142029643853403165e-02 8.416192927858079376e-02 2.021188670507914273e-02 6.280347176373593521e-02 8.941092939219846825e-02 9.439511832119373835e-02 7.636799679042421962e-02 1.954778853159105934e-02 7.013111869640212270e-02 5.291976193040796167e-02 2.227519505387231050e-02 1.802445105072980657e-03 6.009826827044096199e-04 2.368374144952276744e-02 3.328401679471106045e-02 8.862635630277948540e-03 6.871742860891179305e-02
5.287830553014308960e-02 2.905989411209966219e-02 3.016034617493747183e-02 5.932874857769239452e-02 5.197483004295553460e-02 3.965617732465499812e-02 1.262059485420478216e-02 4.383787709387230308e-02 2.987000826970095599e-02 5.363488541577517144e-02 7.865011894830753469e-02 6.770094846875268635e-02 1.763240177264480124e-03 2.543330343075731609e-02 7.360388617858035221e-02 2.049122876481102029e-02 2.520660024109776590e-02 7.767624072435835858e-02 1.427909772448805563e-02 5.528821284061515018e-02
5.879696016777050810e-02 2.481556397954117962e-02 7.653569707429608640e-03 9.853074221870916638e-02 7.584596225472774178e-02 6.630636342636701819e-02 9.683471493120440754e-02 6.770776184500752748e-02 4.523099499831560039e-02 2.277574966705445819e-02 7.682626186366836585e-02 5.927284079066667127e-02 7.109137698884612777e-02 5.213447262217555528e-02 7.590395042791847624e-02 5.639620759457352611e-02 4.922506521034122895e-02 7.243008147921570390e-03 2.230873947406458724e-02 1.997098398180963130e-04
4.727171390650669602e-02 9.944672081249367190e-02 7.495649714114398232e-02 2.343385761664659381e-02 4.768599022243150826e-02 2.208777078035131444e-02 6.157858739242144663e-02 4.738047583960626474e-02 1.910811488812250852e-02 9.019718614359049924e-02 4.652814847663164222e-02 7.396211039793630648e-02 9.276118585734914601e-02 7.801694112307711038e-02 7.285907175598239915e-02 8.489473344273275324e-02 8.029487301016716150e-02 2.726390930467984669e-02 1.300377990829566614e-02 6.651673981652862777e-02
5.028116631299163475e-02 1.936330567853856988e-02 9.213255739895320762e-02 2.794248371716503629e-02 3.505894166743040233e-03 7.858123210572742767e-02 9.264260441126133394e-02 2.879838891803136042e-02 4.150137690566457066e-02 6.197709854386856954e-02 7.110218590238127218e-03 2.316317395671994156e-02 6.184002700478190978e-02 5.090494375779187897e-02 9.299668463460343537e-02 7.527669353777972916e-02 3.435255880325389921e-02 2.417891890189640888e-02 9.438242422587883595e-02 5.613126915311103526e-02
