1.763291511253066157e-01 6.979450746515458714e-02 1.341905576370226727e-01 1.139023688809372714e-01 2.354438304139928537e-02 1.117030333512834539e-01 5.344939022369633169e-02 9.434801207465373651e-02 1.219063073807758746e-01 7.138027681254587031e-02 8.600659602847651741e-02 2.764644464280608185e-02 4.734387819390842994e-02 1.094005976355678922e-01 8.891119996401883330e-02 5.961260887663803743e-02 1.225245520355648515e-01 2.933590129075208316e-02 5.005661794273747606e-02 2.862432966234551568e-02
5.478438588233650042e-02 2.648878960707685970e-02 7.408995944791883781e-02 2.215451704177843345e-02 9.540221093366635374e-02 8.624036995785611115e-02 6.120762648117608618e-02 4.845995299934418438e-02 6.513868845007020868e-03 5.175853497095997402e-02 7.081761601876160328e-02 1.938751369741721631e-02 5.823471773635818111e-02 1.396307955656485127e-02 4.777537491352867177e-02 3.370426430626589920e-02 9.914386230376159848e-02 7.810485037753445159e-02 8.482595016124626353e-02 5.232574100041023635e-02
9.598286692406958476e-02 6.505009271044620567e-02 3.196368753786071881e-02 3.293452112371292317e-02 7.118422818569686283e-02 4.751459251828846903e-02 7.543078031522509885e-02 3.194843640389812001e-02 6.128229264875045823e-02 6.611298010058741861e-03 3.058819616130190738e-02 2.183839380042621597e-02 3.258172926729335089e-02 9.661762197640144656e-03 5.371613509050111000e-03 7.703704532785592141e-02 1.379994473434006420e-02 4.449814965567783220e-02 4.363911014332433509e-03 9.368714720034577309e-03
8.586611120863950342e-02 8.468566967175801541e-02 5.777411387471864668e-02 2.164746132079712476e-02 7.185467905259337873e-02 9.338482469315459444e-02 9.975151220494406223e-02 6.876958393503461442e-02 3.157976841751568980e-02 8.168723277053424603e-02 8.267178831394006444e-02 5.683333487427241759e-02 1.844449135776362811e-02 4.001940290259179550e-02 6.124329867130065552e-02 7.405445310241030865e-02 5.875431804026927385e-02 7.505830870674004562e-02 7.563684583178079124e-02 7.829255542292022640e-02
5.554993930220789022e-02 1.292441570862863480e-02 7.177716262332495267e-02 9.234482290880353939e-02 8.959921899471068318e-02 6.614680102643168136e-02 4.523714445203903811e-02 3.205863925172493939e-02 3.300357379342980929e-02 9.114409565804814858e-03 4.467124244801123911e-02 7.520377459392561803e-02 2.050864121598205969e-02 9.077203675917569492e-02 5.678514448135266873e-02 6.917148686470191155e-02 3.147336009016667158e-02 5.046784690242365340e-02 7.943495447531244424e-02 3.001374989455463105e-02
9.794511164488745036e-02 9.218167351807769749e-02 8.150999434132622998e-03 3.640990663359514740e-02 4.302338364615516941e-02 5.128452258120032303e-02 2.496889667420972014e-02 3.808461235820256863e-02 5.539866044019703395e-02 2.205762476568118302e-02 7.485169830851509665e-02 1.640037464631455277e-02 4.121786933972319128e-02 3.632488983145989309e-02 8.522570375453807079e-02 4.381064972813883407e-02 7.563226529892225214e-02 8.056257722512599750e-02 5.296644405629813424e-02 9.591888759302144574e-02
2.082032357593749383e-02 6.560396506923010795e-02 4.377417639421206375e-02 7.285753226135255334e-02 8.880170713544643935e-02 5.390765517631215809e-02 6.757722670855786928e-02 9.487030520395074717e-02 2.754361424215722234e-02 7.859021666892013203e-02 6.339582332671597764e-02 5.838660317060240766e-03 8.887629721988848930e-02 7.615664846430836299e-02 3.015319653865198429e-02 7.317951559964523678e-02 9.181864985239557297e-02 5.454229374023523980e-02 4.232576345662478895e-02 5.178557233934227844e-02
8.569048506120557906e-02 6.348641208624757060e-02 8.141996194727954550e-02 9.217587333938018213e-02 8.640571864216851916e-02 8.840457812859728315e-02 6.149861177192128547e-02 4.382665440977745464e-02 2.757895135975171538e-02 4.375577560551202616e-02 8.618911276183566228e-02 8.469342801866707945e-03 5.055220497646747968e-02 9.188971102569667981e-02 1.171983647497718689e-02 9.518040030329660839e-02 5.175398900126024909e-02 3.373471526287550454e-02 5.160535981506917530e-02 5.487997579822084110e-02
6.391638059550520945e-02 1.164826895391304386e-02 8.058025163762154441e-02 8.229953785606086702e-02 1.279819757724952670e-02 9.128654459648465058e-02 9.240228548740575532e-02 6.369502707318168422e-02 8.423926982659146745e-04 3.826859624757005668e-02 4.617744087882472148e-02 6.268484271834091903e-02 3.316166297744199687e-02 7.990214561976026475e-02 3.551169969903594792e-02 9.516240399639630879e-03 9.463181281782508114e-03 8.028664974471799720e-02 6.512378585661414421e-02 1.074295208248389304e-02
4.844984153855361186e-02 2.577799975660877044e-04 4.509384231474751481e-02 9.588682516725935412e-02 2.205452367125988744e-02 7.087043147014823741e-02 1.969396941433814233e-02 1.146986251202473245e-02 1.523161021955449224e-02 8.414310227511009876e-02 2.573768714750953798e-02 5.934378359817846921e-02 6.361048834228034098e-03 9.933939717281346782e-02 5.027226721845774737e-02 5.917015623625113130e-02 5.679747816701116725e-02 5.083555550423066866e-02 2.444564882126787613e-03 3.717171824091720922e-02
5.653844377176465985e-02 1.770018865887890147e-02 3.467174061035634136e-02 8.487220401670693415e-02 4.421549082995328978e-02 9.845329435908867222e-02 1.002279749438510573e-02 5.679676673379146362e-02 7.462225287128555762e-02 2.729051993451362540e-02 9.153728039576507214e-02 8.036501974703495754e-02 1.718489807776347675e-02 4.004969979823758131e-02 9.806817650774604656e-02 2.765932922841700739e-02 3.225311869712813723e-02 3.494463199468921671e-02 3.504968170750399903e-02 3.883948741492603690e-02
5.562082484532920174e-02 4.673201879679025894e-02 3.428704305439851663e-02 4.106330807013569735e-03 8.291007188726302879e-02 7.456868927564098970e-02 8.419673765417624856e-02 2.117327640618030943e-02 6.556303112779458819e-02 9.254144134350657247e-02 7.365278633059516022e-02 7.859937719552789748e-03 5.641816167330657855e-02 9.135715600162551409e-02 6.108167367051530600e-02 8.461327358606544891e-02 4.780817049695858245e-02 4.201227418968155741e-02 7.100146094260904872e-02 3.114656925345619248e-02
2.425625561325278623e-02 4.115169260979663346e-02 9.456684384448654779e-02 4.620657036088765546e-02 5.572460950979751804e-02 4.904207275920258700e-03 1.366310924125497921e-02 1.110195724340349438e-02 2.098062676392557085e-02 9.966259152485598682e-02 1.637295155201094060e-02 4.672503899156352919e-02 4.340771280266431109e-02 6.683510344989616880e-02 1.935482421108876416e-02 4.932605301119628166e-02 3.005294939123867234e-02 3.463770899079262472e-02 2.143733683276479937e-02 2.148085727128090650e-02
7.414813974185020806e-02 5.979714822334158270e-02 8.855600968330554212e-02 2.541221145439531703e-04 7.963116125102993881e-02 9.958322075903096315e-02 7.692542716601748209e-02 2.030190877397827429e-02 5.747350589329573017e-02 3.124895901545896720e-02 9.926395260092803208e-02 2.964470479884578902e-02 8.934590293349825574e-02 1.291288025381811568e-02 8.869086948349647059e-03 6.138220500795221919e-03 2.336694062778136433e-02 7.435823301743933744e-02 2.526306898459751774e-03 9.313796209560259998e-02
6.081163193615637952e-02 2.297705860445791240e-02 3.872674605086728200e-02 3.824195682718030398e-02 4.203704109877049247e-03 7.126782948429045278e-03 2.410945586825115339e-02 5.078383341174318860e-02 7.131874170035402277e-03 9.221130307073211602e-03 3.497210069634346802e-02 5.878434926113414172e-02 6.938771081527236873e-02 4.666457930379142027e-02 4.936988688600610353e-02 8.082517681771572357e-03 5.688833472027790550e-02 6.510155620581756231e-02 8.398498488029174092e-02 9.313500514879895220e-02
4.255485153758551548e-02 8.342047345067039876e-02 7.658926424713055625e-02 9.370712477595796730e-02 9.467777229969676078e-02 7.272595595569014693e-02 9.236785566800242986e-02 9.572055559721427687e-02 3.026853584461145635e-02 1.440643715145106894e-03 3.929288182286283689e-03 7.281034974297036222e-02 5.067201712476335218e-02 3.588492763323081203e-02 1.357400358271377942e-02 7.455511712504060695e-02 7.610745964305451472e-02 7.527588098175970466e-02 4.317878080687598263e-02 7.840429511302395016e-02
9.284597508992442627e-02 4.416013409323337607e-02 1.556032813441075163e-02 4.486196312239518202e-02 1.628005309687872298e-02 6.941181186178128903e-02 1.791750035797888899e-02 3.456025845852882944e-02 6.481064273048754709e-02 3.552562906299602113e-02 6.570272368456442705e-03 7.621103762735298437e-02 3.308918972715415435e-02 5.422444596328072214e-02 9.354785027383598350e-02 9.486581313257626269e-02 3.669956318465216610e-02 6.752988956810357379e-02 2.243596926041805523e-02 9.704401848450532053e-02
6.175007250845935408e-02 5.320677458194605913e-02 8.011687736515488156e-02 4.985544470451670762e-02 3.977819509704821205e-02 6.643160400206397920e-02 4.707075293421374845e-02 6.902948950141805928e-02 3.248811956902142480e-03 7.214433640074870147e-02 8.125865402036788754e-02 3.921078320550602098e-02 4.730400079099472688e-03 2.898365175638563385e-02 5.819932397494070181e-02 9.044901148175596428e-02 6.752812299883016733e-02 3.018288937551388829e-02 6.799061704666485573e-02 7.062323064255809912e-02
5.538885806620344465e-02 9.182766402118164306e-02 1.252482627089140932e-02 7.940816859252342735e-03 3.203993721836811970e-02 8.433660109137028349e-02 3.385341810615848795e-02 7.387500136834111719e-02 5.801504221297760361e-03 8.494734534859321728e-02 9.977578869569668496e-02 9.967543496994119012e-02 4.687638732972193578e-02 3.389055086167446634e-02 5.511202392653923726e-02 5.880880531173049777e-03 7.668293991896403539e-02 6.707904343347720344e-02 3.654723386912618610e-02 5.976365057692262228e-02
1.415175034508101698e-02 8.865581206476925991e-02 2.886910768532039567e-02 4.971180597520083455e-02 6.123341968139344588e-02 2.551452059091012872e-02 9.931285417023354156e-02 1.176315816568955855e-02 3.432071299841602668e-02 5.771304866078890566e-02 2.629001907427083382e-02 3.829768665472035871e-02 2.726260097976372990e-02 8.255865894393954116e-03 7.728798295974737172e-03 3.559516539861246054e-02 1.345208283997135872e-02 4.647479118994952973e-02 5.799552375808835619e-02 5.545597172799082708e-02
