2.609555233261016127e-01 8.881432948280032491e-02 7.685580267124245135e-02 6.418208234036937299e-02 1.724222198983973997e-01 9.174729293352446025e-02 2.302231034039006058e-02 1.617791179644685884e-01 4.654189314995400145e-02 1.215584890076114588e-01 1.470696052006724708e-01 3.213275675607108611e-02 1.275437428155372643e-01 1.920861393853889529e-02 8.849872002741090982e-02 1.764810975604695631e-01 1.113177823276772088e-01 1.395181783719177115e-01 6.397679302438054327e-02 1.198382605860973671e-01
5.234653997406358422e-02 3.386065736870944726e-02 7.793325622401888961e-03 2.600727675793857233e-02 9.590836191989902948e-02 1.074950645808736430e-03 2.341948463658200322e-03 9.685045935107375326e-02 7.822090106806595111e-02 1.023604284386023383e-01 2.643795696938230563e-02 3.585106332891448838e-02 9.981716605698506828e-02 2.956886035569294968e-02 9.742273847175103585e-02 3.650110673493173197e-02 4.704401217711341038e-02 1.038823952084124980e-01 1.486843354608787318e-02 9.775581678621350634e-02
1.473780980221480602e-02 4.881986758357997891e-02 6.556979388321985958e-02 3.514503581066552584e-02 3.531168526913396749e-02 8.274317950511965447e-02 5.113131914601339728e-02 1.614045064814098249e-02 1.015528190353050808e-01 1.900356169394461919e-02 3.679920691020238666e-02 2.759691477299884566e-02 8.417417143516582601e-02 2.846183589202783137e-02 8.303608679387063096e-02 9.842104137128200592e-02 9.745754078566199255e-03 7.810736263828678416e-02 6.869512319858010752e-02 6.863887221899307722e-02
3.472569269063230379e-02 6.571195035960741837e-02 2.148845571585498646e-02 1.032118221994915708e-01 7.535496284997831792e-03 9.666439407624460856e-02 7.110552602544636946e-02 6.442718276738200467e-02 4.504454809111349545e-02 8.678702266609455984e-02 4.397645154014082763e-02 2.941086237063984116e-02 2.796484451884916414e-02 5.839153363095023891e-02 3.948772218944490708e-02 7.279972927239837521e-02 5.017207249758726118e-02 1.092856363749637565e-02 2.332919934814083399e-02 6.082995110468744637e-02
2.027258175142645710e-02 2.410142724311017254e-02 5.440352894694450159e-02 1.748743973238693974e-02 5.696152821073530853e-02 8.075145313447698592e-02 2.888416185719863000e-02 9.858732544201286030e-02 3.624824463712889022e-02 5.187732428940470403e-02 4.517849314302804786e-02 2.332857000865198871e-02 4.664468231113376440e-02 1.017800671419482605e-01 9.789256307375150679e-02 6.294100988496736937e-02 1.349856642354325259e-02 4.436451451835592835e-02 8.227106172327476596e-02 6.014936112556511227e-02
5.198351233245671749e-02 6.116340511144966602e-02 3.679441136377458593e-02 9.470852742702486060e-02 2.177552917180317765e-02 2.260177195104181094e-02 3.728799339012897618e-02 5.108124638074229562e-02 6.263890459023560564e-02 1.031139764798966012e-02 8.018087451452995951e-02 8.443754652551888062e-02 2.093403537899213643e-02 6.910447611336802132e-02 4.280666649646153871e-02 8.977327491688942562e-02 8.819207636306997111e-02 8.674852666229909692e-02 9.784876395826591633e-02 4.962608096394379581e-02
1.407406007115830776e-02 5.876971227730776182e-02 5.408061195055220011e-02 6.610109351653840892e-02 8.082542479010368375e-02 8.266847510972999413e-02 8.097883436282135583e-02 3.750183516038069730e-03 8.116662438238247956e-02 3.514186243533679033e-02 1.234351010940544112e-03 4.041405982106426736e-02 7.175031702735885919e-02 4.985979079631268351e-02 8.885225122655356425e-03 8.524287408107911190e-02 3.213706712084125200e-02 4.078808930934635368e-02 5.732483875144428476e-02 2.271213813529877890e-02
4.536811523217230968e-02 3.439313151700248983e-02 2.578364792787828444e-02 7.631564798345091827e-02 1.263553154614428450e-02 6.052457577115206294e-02 4.905399932364764432e-02 7.825932457179151161e-03 8.048178969222791884e-03 7.669067978588350876e-02 1.044746383546552165e-01 3.524323275878470801e-02 8.794757133974769048e-02 4.239391924602677964e-04 4.825587403859583208e-02 6.318200708796115062e-02 9.059651154565026565e-02 7.552910702913033514e-02 5.100505180599630012e-02 4.178721338868753715e-02
6.096575143080956716e-02 7.418880549521668366e-02 5.344329997362422952e-02 1.006503686393079300e-01 6.676187847247469498e-02 9.346003759602281025e-02 4.111540519797270837e-02 2.782348700269503608e-02 4.457488145425686499e-02 7.563035676629112185e-03 2.358145071928079151e-02 9.536473950207645378e-03 2.433333542420584514e-02 3.168865797312536009e-02 6.154346860294669652e-02 3.414350190392701195e-03 9.256958444219073878e-02 1.442047662550067361e-02 1.025489811340619672e-01 2.807393785246574056e-02
2.785387932505874187e-02 5.713922372738818728e-02 9.669698136809086464e-02 1.410876808806755568e-02 4.892592648302444835e-02 1.554431841335350778e-03 1.006137900720628364e-01 1.006665920932382080e-01 6.322922488796316187e-02 9.097717581324296643e-02 6.669109963574776367e-02 3.610353245331052174e-02 1.043847407170090114e-01 7.991752909967153595e-02 9.450419837472694151e-02 8.467754630440896269e-02 6.985976231122180413e-02 4.190824052885755435e-02 9.683231879622550275e-02 8.953359868023937074e-02
5.841315562351583751e-02 2.100774056986018032e-02 4.558383268984674691e-02 9.180369991228934379e-02 9.968006922252369006e-02 4.541921920267232189e-03 7.410859081364781775e-02 1.405570058513836915e-02 5.505525815781918408e-02 6.095893908134941003e-02 7.949575864860805585e-02 6.633018071817864403e-02 6.508957111542551521e-02 1.554611094786501361e-03 6.810807521732732683e-02 3.703282979513031203e-02 3.900863454944108327e-02 8.568562646454547238e-02 2.923399233573195297e-02 2.847874310478595503e-02
6.226477698839957137e-02 9.721559159154943841e-02 9.736426767984655839e-02 4.765334794158759130e-02 4.191055131580186804e-02 6.434613886871200228e-02 4.602879263099241697e-02 9.230573515858946088e-02 6.377931168268317907e-02 4.296939814730630497e-02 4.502495374457173016e-02 8.875073454828348585e-02 4.601473953974802994e-02 4.564816039042453311e-02 7.844145178069387991e-02 9.114235290593360184e-02 8.367634833437903596e-02 9.562136938112822393e-02 9.980248720549364516e-02 7.058188647233654654e-03
6.640925762765695350e-02 2.986610398817330855e-02 6.990064629051140864e-03 9.060259352628739771e-02 6.198765384468468004e-02 7.567882396870555251e-02 4.693810586773995014e-02 2.055550113419559941e-02 4.592830598218851368e-02 1.947603134349201260e-03 4.740298633981890331e-02 4.206830985633960157e-02 8.009634896797823700e-02 3.625329952914332909e-02 1.034992796201325421e-01 6.883340714642079139e-02 3.412560586290660364e-02 7.941418282832719833e-02 1.154005425602425096e-03 1.033404590008911994e-01
3.684042965956795673e-02 8.276915134118137396e-02 7.990212265258238300e-02 3.687309472648888503e-03 8.897319440297181414e-02 3.519756091021411515e-02 8.751300764824661294e-02 3.255243706703662716e-03 1.423566949888793211e-02 2.935717172275822268e-02 4.580501248556625299e-02 4.104630868456782267e-02 4.461604189540542553e-02 6.881818871049778796e-02 1.699112177060818629e-02 9.898941033861070882e-02 5.941794642912259089e-02 1.901988693284492257e-02 5.039451483443960211e-02 4.862776089515251365e-02
4.129681251226763328e-02 1.271273860549691770e-02 1.014132761385853343e-01 7.483806479980174278e-04 9.222778040263132637e-02 9.013614619792380267e-02 7.816384565361933490e-02 9.057221396238505917e-02 5.351205800306794991e-02 2.242129409868982501e-02 9.346368917957854905e-02 6.230994459814886977e-02 8.844847808739778050e-02 3.782012350690037300e-02 5.111869030717861029e-02 1.004431699258787059e-02 3.766368188613878482e-02 7.738250566815634002e-02 4.467076505992647467e-02 6.589720967730126888e-02
5.106752768789924596e-02 4.193195572919337227e-02 4.342866945425678110e-02 4.450089556355200232e-02 5.598176485677953951e-02 1.457987977418514526e-02 4.386166618993423555e-02 8.682136887827179850e-02 3.318002143680599120e-02 7.728086583064006088e-02 6.652433931886859997e-02 4.664478583935327549e-02 5.130825563897984179e-03 1.273641284665758249e-03 8.340539691806622691e-02 9.401529852114483624e-03 7.769183133282557552e-02 9.217060085793480836e-03 8.012498401393000277e-03 7.327655719008066559e-02
9.020042960698632095e-02 5.759599427733219645e-02 2.956516091573146987e-02 2.137965637935176563e-02 4.517599636905886284e-02 7.537647377050944730e-02 8.507040290555807627e-02 3.896371660769043684e-03 1.550342479642875110e-02 4.310224461578189385e-03 5.241183866846552825e-02 5.088976462232142062e-02 8.101870044078750277e-02 5.678097262910485922e-03 5.230430829469502607e-02 4.522002307248067926e-02 9.515721969255305779e-02 9.438551304619721694e-02 1.692572827846632391e-02 6.519343384431408595e-02
9.687947982116483503e-02 5.913060609881001101e-02 8.860279076560612435e-03 7.499252068648132319e-02 1.736247731185952201e-02 4.254171314304415474e-02 6.223868245263510651e-02 6.843632028590834748e-02 6.802960077543708517e-02 3.616548369318651340e-02 2.557849133691155602e-02 7.251360767481992986e-02 7.051146326866393477e-02 3.590393126757440712e-02 4.816418786792422274e-03 6.740355987527207882e-02 7.627552773718870860e-02 6.329012886764597001e-02 4.340789241606381188e-02 7.085841593418823470e-02
7.241969137180027938e-02 1.922248038570371215e-02 9.909957909561392664e-02 9.361556510671573128e-02 3.703763903542086483e-02 6.208919301256678874e-02 1.787267422706251968e-02 9.616212791116657277e-02 3.392134957669266232e-02 7.584662455179182194e-02 4.610052074804939226e-02 2.526763851959193050e-02 6.068880231291035390e-03 6.033883099979277242e-02 8.500940947329903297e-02 9.787970234413320703e-02 2.391470582886903035e-02 2.731500700336801342e-04 5.989182037573572565e-02 4.897583517764394351e-02
9.988023860667218090e-02 3.892727745571458037e-02 1.299065780310616584e-02 9.674309095403878234e-02 7.404266411115131841e-02 1.773869310972126662e-02 6.393960036333226973e-03 8.828051944391682171e-02 1.044850707718379262e-01 7.260816962429768318e-02 4.013774682124883475e-02 9.256200486229382296e-02 2.803791986553085674e-02 7.892513862411339176e-02 9.177337576327318502e-02 1.505459418253266533e-02 2.458440004778402951e-02 8.832868813455214962e-02 2.763380764460198966e-02 3.810980550355769908e-02
