2.556870380478036830e-01 7.757989413204034734e-02 5.492619737361947863e-02 3.603338794229353492e-02 1.009464235635152141e-01 5.391526243920771039e-02 4.505962631107927191e-02 1.731625700504740295e-01 1.311756982579925790e-01 1.431409688316307993e-01 8.427313219791449095e-02 9.149535791243307292e-02 1.324403219646725638e-01 1.752064305649030929e-01 4.299234528056737614e-02 1.103391566215963654e-01 1.231829976182510361e-01 1.373061267494231907e-01 1.037574260776261692e-01 5.299445725808976659e-02
1.888656387273482049e-02 5.256804540339454941e-03 2.964123347993113944e-02 2.626451529385524092e-02 4.293161647569755657e-02 3.373711024950237780e-02 1.985556785748369274e-02 6.405399305581974123e-02 4.823273416455165158e-04 5.535788845780055534e-02 7.608651210933867204e-02 1.789193445604558841e-02 9.298436695341401326e-02 8.992226085952703674e-02 3.978167458752231156e-02 5.295097161501811922e-02 2.292156540826990885e-02 2.486048794387213379e-02 5.710261248377810489e-02 3.824822341478187337e-02
3.139531109127208230e-02 1.985506117932872572e-02 4.730576381521183621e-02 4.296353745043365868e-02 2.935097694844406371e-02 1.446409369650134696e-02 5.357421693889172915e-02 1.400138078621191579e-02 4.213548718801161247e-02 4.814834323593344956e-02 3.028661399875032245e-02 9.246181819675443336e-02 1.949580381597532108e-02 8.011672783530886244e-02 6.703851394065327152e-02 8.483860327975034643e-02 2.178585897219174200e-02 6.550084402160261110e-03 6.856737789380333570e-02 5.564070241453120125e-02
3.676149203785089581e-02 6.505787451309973102e-02 3.407721465367009872e-02 3.187757117590180045e-02 8.272493612065690005e-02 5.219478585766904044e-02 2.357586959297260087e-02 6.503753023137572031e-02 5.391242787185512864e-02 2.025493967190512834e-02 5.090629950169894835e-02 9.841543971031473104e-02 4.417951909913211961e-02 3.486098057074139833e-02 3.078203603166007867e-03 1.425108147426849131e-02 2.390593304024572069e-02 5.425090427592716043e-03 2.586981015451577173e-02 2.735336732242765745e-02
8.221211264989114822e-03 7.936178672318295116e-03 9.401916286610159657e-02 9.114044901924149567e-02 6.543396342640735164e-02 1.694247294416286950e-02 6.248763315966633647e-02 2.931135308274469831e-02 5.333514340906880119e-02 7.377173423417238661e-03 1.862761443844573872e-02 7.598773590476147477e-02 7.864629905650991071e-02 4.197714316410721541e-02 4.914511841914146612e-02 5.108943226210979627e-02 4.261200096786937896e-02 4.222895229215795077e-02 3.571585337832425960e-02 8.450137568433095658e-02
8.463355630050159450e-02 5.993352043690097081e-02 7.953502483168950477e-02 3.292746952624612394e-02 1.808337648139915141e-02 6.589314671359097764e-02 9.407990637736730888e-02 2.575089995122670488e-03 1.725625565177696386e-02 8.393351596957905614e-02 1.268521275553476969e-02 5.047952318185342652e-02 7.717071278199366668e-02 7.610171964212160411e-02 1.532841249097095619e-02 6.369387326046870024e-02 9.836709485900263505e-03 5.571433618560066997e-02 2.496562800129195278e-02 9.979266238152169344e-02
8.531059197055872179e-02 5.077920414575740754e-02 8.202163144493607172e-02 5.157259792025480766e-02 5.303658896588234889e-02 4.440749249889898442e-02 4.865784175375376282e-03 9.120980972705086676e-02 4.393103145663790690e-03 4.592956945759324450e-02 8.042326376871553051e-02 2.874810892091441902e-02 7.970132753193893971e-02 6.102391743402612451e-02 3.938890407992571424e-02 7.304536329664614025e-02 4.755064966381383762e-02 7.605600664909249742e-02 7.436271085158781269e-02 2.042437310688386548e-02
8.299879912839581292e-03 2.222922041610720083e-03 5.431999187486674652e-02 7.044468713506583935e-02 4.365825327302481906e-02 3.283452486798681819e-02 5.696036886098927721e-02 7.424645706217085361e-02 6.408360416361479073e-02 7.245485256207223612e-02 4.840013970116115172e-02 3.693331923596671063e-02 2.762924302564408185e-02 8.255520796003996964e-02 4.420428084013416220e-02 6.324015482393164148e-03 6.630094417718863931e-02 2.672545285969588763e-02 5.692399062979484198e-02 4.144683661018035148e-02
1.559190795438845228e-02 9.760167992155154015e-02 1.257117490801118584e-03 7.391227423114533901e-02 9.913071393007689969e-02 3.143871013904456918e-02 5.367874875756378783e-02 8.127462695838158502e-02 5.808244335975676353e-02 9.729096092134936757e-02 5.756431332547911478e-02 2.085763446174779961e-02 7.000013608296719314e-02 8.859654748036513428e-02 3.201351570722662382e-02 6.665166359402986684e-02 4.115260974441814490e-02 9.445741267356658200e-02 1.369921221687595697e-02 5.216844221812340365e-02
3.771132314595870144e-02 6.996117547328339903e-02 3.050845816244483061e-02 2.684621757778796886e-02 6.255131241050236601e-02 1.128525408598606353e-02 9.314034528534709256e-02 4.428365805775569611e-03 9.609050046002148848e-02 5.148392219935568614e-02 3.859070676621916690e-02 1.123862622198250685e-02 2.684653966035232056e-02 8.296827638274145711e-02 6.712896197970394385e-02 1.109108688446374183e-02 6.747546713660852735e-02 9.917146488630382284e-02 9.007542949018984557e-02 2.941882817371569564e-02
1.919006549233213260e-02 7.018240205234461959e-02 7.949173725714092642e-02 4.173049827942425932e-02 8.249083520950273307e-02 9.901889225128762684e-02 6.852016873927258001e-02 9.205571225641330513e-02 2.372545178253593519e-03 3.720810046566361967e-02 5.746310182377725728e-02 4.698762084265582090e-02 6.163445453181814332e-02 7.110752083911626997e-02 7.353074413832619283e-02 3.059524755967030218e-02 4.663335793961873033e-02 2.305651140670668398e-02 6.072975641901789956e-03 1.792739604675758214e-02
2.146933137287279289e-02 3.916260656766700626e-02 5.418381789305779656e-02 4.609422172404110951e-02 6.132970351054344710e-02 1.308147279520709486e-02 1.072530429669286273e-02 7.584353625510285857e-02 2.741885794606879756e-03 7.220004677782125568e-02 2.609287885113407285e-02 8.846374045427672639e-02 9.163511690910440544e-02 5.497229336108522268e-02 8.514906037322547694e-02 5.144202911427935704e-02 4.780638594396263708e-02 9.904916515275773159e-02 5.398852046618101558e-02 1.980491406725705394e-02
8.502366726342670822e-02 4.450527932940996634e-02 6.792021338271471420e-02 8.914087832371984932e-02 1.698442577234347134e-02 2.547133470204146141e-02 5.211199249050179477e-02 2.161772227808781560e-02 1.318908170357523460e-02 5.132967705260513963e-02 2.920667609614265026e-02 9.070654912101044909e-02 7.834340092262916111e-02 6.421766344927337666e-02 9.980703077086716668e-02 8.969026408543823506e-03 9.960345471333811873e-02 8.278351651684090484e-02 3.776951277698040177e-02 6.522100926871526871e-02
6.577611460330720639e-02 5.560635715504685939e-02 4.016550726675030547e-02 1.248268115678253902e-02 5.037506579341532315e-02 9.123400423712102122e-03 5.457202417910209102e-02 9.444114992840846323e-02 4.205646190930711729e-03 2.735776998559609485e-02 5.463090371576646842e-02 2.929883663412522626e-02 7.111981440753442629e-02 5.857733714887777832e-02 1.604748434639749130e-02 8.680995884924222472e-02 6.737787054436526757e-02 8.255251635269587884e-02 4.026648931599851461e-02 5.304305784263042833e-02
1.744511520620908515e-02 2.013733408657133669e-02 2.267367391810164515e-02 8.513577849164960520e-02 5.781545217155538430e-02 4.773028917639966784e-02 7.393165970200323012e-02 8.161995599444110683e-02 1.951467531466242328e-02 8.092675418999840595e-03 9.016779101953995013e-02 5.682423287920257762e-03 4.734436373336269738e-02 9.845828967903560991e-02 4.636920244065043106e-02 2.915626752568871785e-02 7.846050383788877314e-02 5.569270830122417110e-02 8.286301027934252217e-02 5.531005017978617849e-02
6.002692205702506861e-02 3.663115995483741394e-02 2.902518342245449454e-02 5.538989689807517769e-02 1.432945880235978603e-02 9.027464831375325849e-02 5.708801377555104001e-02 9.128667268028273218e-02 8.222857640739263119e-02 2.030507743808596111e-02 3.014175497803048970e-02 3.474879301970095619e-02 5.495953389289026658e-02 1.772077068872286373e-02 6.763887281718619637e-02 1.246296685532988224e-02 1.447323735224110945e-02 6.113478774260724946e-02 2.053540628668897375e-02 5.061603759133979225e-02
9.783056053353575421e-02 5.480054255950991826e-02 2.521857712798518739e-02 9.124210730018192383e-02 6.917340203925460840e-02 1.125095428214758532e-02 5.608873133748193407e-02 9.954800156928692023e-02 4.671767484314927332e-02 1.941407953851273169e-02 9.342397796318641090e-02 1.479790440650761291e-02 7.920236980301702256e-02 5.349172012398234477e-02 5.875182494518180198e-02 4.807734026398235300e-02 8.827376746342649461e-02 6.416931415612707468e-02 5.853869303763119952e-02 7.081640552932255694e-02
8.908205915016526033e-02 5.128636889217050993e-02 8.555446440598819813e-02 2.241548633585948094e-02 8.181454989136488498e-02 7.622969548879676704e-02 6.676754800429400560e-02 5.903736698753020429e-02 4.019913738770256734e-02 5.657163453960085964e-02 5.229274232379550746e-02 3.151360330758741501e-02 9.549506925137223046e-02 4.079350346059760352e-02 8.484729504776274134e-02 2.684434981905796727e-02 4.414851019149160227e-02 3.359776459032217527e-02 5.143299520370137219e-03 7.147591920128776311e-02
7.946279993983601520e-02 6.381022691639791355e-02 8.698260739969522481e-02 1.876263672906913760e-02 6.724626332416358543e-02 6.774337110397261885e-02 8.055309416864647742e-02 1.249322958400321884e-02 3.653456807999588916e-03 6.030862465899578147e-03 6.494791746583983630e-03 5.563629131564639535e-02 7.183438271263925534e-02 5.294560069020660953e-02 2.505487751316624184e-02 6.706479290866275422e-02 6.507371279536253161e-02 3.438928670223331124e-02 1.208800780237950789e-02 1.048427105137874661e-02
9.511107405046176355e-02 3.698702539993118515e-02 1.766799029071349988e-02 3.292389508802634479e-02 9.784145899429563809e-02 2.942426993006241887e-02 8.668723620970065005e-03 4.950949774202826476e-02 2.875819347043188229e-02 4.184143460501724837e-02 1.870070819165401549e-02 2.265320837172711890e-02 6.933786516749378126e-02 3.556764072271572513e-02 9.209136402970093116e-02 5.683670630771969073e-02 1.646746917624397621e-03 7.772136928528093625e-02 8.837192507149525811e-02 4.954126665529430540e-02
