2.920013100586804633e-01 7.156591953005504714e-02 1.024935541813059292e-01 7.949418958471457519e-02 1.233089255040889093e-01 5.766782379518543139e-02 1.165973107867242231e-01 3.921434976058054550e-02 3.508935226581815642e-02 7.987338776126121087e-02 3.850259110552330805e-02 1.129465026740055777e-01 1.482135265208372465e-01 1.433592438876410691e-01 7.801044496894327107e-02 5.509018098051256945e-02 5.283348630799343526e-02 1.965836905686672853e-02 9.114071872215703807e-02 1.719043901164648003e-01
7.684566867543492219e-02 3.126348251291425490e-02 8.432913983209951170e-02 6.464864603526999064e-03 8.613970040280161458e-03 6.775533417172430184e-02 8.226799869888563876e-02 1.452953409716427682e-02 5.519079382323452410e-02 3.284297579584396359e-02 5.853044074194500151e-02 7.533881178094833930e-02 3.509977617063542252e-03 6.570237771619452660e-02 3.533790573596190532e-02 5.804448824674074414e-02 9.122293059893946121e-02 8.542045086292612832e-02 5.755991420029293176e-02 1.384012810482437893e-03
9.274649884303640124e-02 9.643197170073231073e-02 8.756972076450281195e-02 9.136701131552250887e-02 1.898916828802844903e-02 1.638457558550297094e-02 5.020684391359830218e-02 1.485757668480656296e-02 2.299488384234910088e-02 9.347733131605737156e-02 1.776973406146964418e-02 8.460468600486104052e-03 8.235433097512930012e-02 9.199970962946182884e-02 7.579199609606888932e-02 6.972041811362872377e-02 8.653034210922672109e-02 3.712261150670056326e-02 7.071308164981325584e-02 2.534986862072277289e-02
6.244272473598208584e-02 5.261914992795505008e-02 3.107290895090013619e-02 9.213955067935832022e-02 5.054215691583829884e-02 9.995228652468304831e-02 7.385454362497388681e-02 7.929419096221285157e-02 6.093829816019365186e-02 7.078082049066401760e-02 5.323129467367172102e-03 9.168371552510790404e-03 4.718203516569552392e-02 4.870741383924054313e-02 3.269411791462151304e-03 4.430358136385004197e-02 3.054273290527998071e-03 7.941039155307071107e-02 8.304536504984021128e-02 5.233511499924388410e-02
3.848042882476136045e-02 4.582995854786210688e-02 6.819491116102581463e-02 7.302978623219862075e-02 6.657619546690424217e-02 7.793896329358235286e-02 2.110041767190029820e-03 2.603488485167996386e-02 8.155911161168770407e-02 8.963223160756264574e-02 5.431532142045694678e-02 5.432712085713209405e-02 2.094138131505188932e-02 6.092213213900509600e-02 1.466201803810751776e-03 4.806904578383630784e-03 9.153628903433831676e-02 3.954293534091628953e-02 5.217761837899779348e-02 5.533883165396716319e-02
6.272099717579714129e-02 7.985552442178522892e-03 3.875941790355161981e-02 6.815082205372675894e-02 5.020771694395227691e-02 9.127284565884330458e-02 2.910313494980018220e-02 1.300593079989524961e-02 9.771637316691816899e-02 3.314465330726578535e-02 8.662333130319394003e-02 6.241491800394997208e-02 9.503251340774711287e-02 4.089613476148678400e-02 9.112767944490648975e-02 5.952254504904495175e-02 1.697905257209746457e-02 4.102306870279762152e-02 3.887201182401833072e-02 8.217576170213934661e-02
7.345095575076483752e-02 8.782959724611957841e-02 5.876054996550744702e-02 2.782553080258344524e-02 6.948398687693192743e-02 1.684998382847788939e-02 4.508563622428352069e-02 2.478635919889592490e-02 6.221039615343958856e-02 2.372748676855816058e-02 8.321267808795171361e-02 7.260202171732813015e-02 1.360179025511619802e-02 8.457849733266006864e-02 9.953556607260743982e-02 7.145590188517292329e-02 4.202393426680487570e-02 1.389291589042249836e-02 4.641760896103550721e-02 3.665371068825950401e-02
5.853964168612873359e-02 9.822058028121805062e-02 3.596608576617259939e-02 7.929993585236845555e-02 3.159403575118752139e-02 5.801078982517093863e-02 2.622955792197319280e-02 6.961886101308452368e-02 8.645299926665106494e-02 1.651781312488147593e-02 7.630326664792980162e-02 9.715672126728403662e-03 5.473395906004040884e-02 3.375927645169131408e-02 1.895844332582115321e-02 8.703228085880078402e-02 6.173691447450059024e-04 7.538937040688091507e-02 1.099343467279978448e-02 4.370753554709616573e-03
1.395121505592631511e-02 8.083550724954413624e-02 3.873272429471374956e-02 3.805689455270871296e-02 1.935553246597474658e-02 4.205154967423179596e-02 7.700580796595805910e-02 3.178202489995108054e-03 8.614449113609567651e-03 9.246851073127913823e-02 8.339813338798185427e-03 4.359141728347209338e-02 5.803577263000112701e-02 5.205384492308230693e-02 8.338015926652703191e-02 5.926580347567440843e-02 4.117984112797615226e-02 8.540363053146944605e-02 4.312798296466333059e-02 4.702916740858886779e-02
7.073739979563707647e-02 5.161928738563448769e-03 2.433824985650069606e-02 3.986327335140398692e-02 8.495593168870925471e-02 7.652121754325767744e-02 8.153066301362074664e-02 2.002625596023843713e-02 9.556159858187512901e-02 6.789228443860974294e-02 9.482530749417625304e-02 4.043983335662038221e-03 3.561085665094947811e-02 2.108397212542030552e-02 8.390836725774580840e-02 5.050640828000264870e-02 4.412256145411415365e-02 3.944891696656444013e-02 3.522269085751470602e-02 2.176673254719555667e-02
8.443675296593201873e-02 8.070468279269885081e-02 5.557986519843496898e-02 4.724374168937673138e-04 8.158133695706436261e-02 9.211239883219569935e-02 6.683693005711678625e-02 8.053860652265659725e-02 6.569826831300480674e-02 6.431510649033675420e-02 7.935143702346650341e-02 6.535630173896023621e-04 2.448449890635983131e-02 1.798548704409394169e-02 4.596741932876985404e-02 7.090067793855807377e-02 3.080098388379742813e-02 4.722758907171016596e-02 6.378856547188259396e-02 4.890143557662072343e-02
1.238537217468626064e-02 8.389351527775851247e-02 1.129217543252281119e-03 7.090903959660761757e-02 3.065542060208968980e-02 1.063484782168745528e-02 2.722520420418966802e-02 6.414796572078780568e-02 7.513011021963299230e-02 7.473970374391532279e-02 1.843567759542963412e-03 1.597647061645727368e-02 7.878675385324039604e-02 4.556420901349182012e-02 8.050829414697485698e-02 2.646617296813110962e-02 4.734626191503163439e-02 8.890118081134827654e-02 1.383297997409179726e-02 6.719708706606251913e-02
1.549235719857261495e-02 4.692026937594776653e-02 1.383209688002836647e-02 7.726589233026304182e-02 2.830351032761214969e-02 9.146529073935440179e-02 3.844677222347861467e-02 4.219881705353083906e-02 2.692900090225333262e-02 8.121021229664368568e-02 3.739587153266985681e-02 8.429018689784734120e-02 7.816344368336264337e-02 3.997253556522976231e-02 6.671794438885418621e-02 4.494801057647199866e-02 2.036647853103643740e-02 6.648429710737636944e-02 3.429213533216980692e-02 6.072168076881358234e-02
8.344324269780728498e-02 7.285552100858803948e-02 8.004720291759040429e-02 4.826463892813453310e-02 9.001416987208360476e-02 3.388848184649262754e-03 6.788525580059699693e-02 9.889274814025460214e-02 9.294941875848347634e-02 1.660305064456766427e-02 1.237597174564960580e-02 3.273208867113610449e-02 3.433752334018176644e-02 6.091823051642780706e-02 5.885896613350369982e-02 9.572591131205149262e-02 6.498891106010096230e-03 9.261831722584414062e-02 1.616746045094410653e-02 7.515665563413288786e-02
3.118209910204500224e-02 6.315109800615084645e-02 1.355605570301656772e-02 1.367498652320121681e-02 5.637878829370773781e-02 8.757725624710288592e-02 4.989840120927171996e-02 5.381716631955130170e-02 2.849438449885194347e-02 1.064950444156608292e-02 3.433366385739244214e-02 9.951649979196251772e-02 5.220130823068772075e-02 4.116905852364390050e-02 7.404965805310508020e-02 5.888567367151183174e-02 1.411342163035506081e-02 3.446689905704947154e-02 4.337989335149083220e-02 4.640343491867185421e-02
6.489568715382831865e-02 4.888511976631470385e-02 9.228546723603360535e-02 5.845036086444432843e-02 4.355906218745409474e-03 4.160168144414488726e-03 3.072671886846555303e-02 8.658562328111840678e-02 3.697480244789086434e-02 7.482637162926279728e-02 1.579817141357362648e-02 7.829938223678725717e-02 9.362660152571766758e-02 9.627444980855705270e-02 8.457324548847244827e-02 3.586715926281602157e-02 6.214462761476984703e-02 9.819337555016610652e-02 2.528463050087735933e-02 1.494560953870484148e-02
8.189277950429671438e-02 6.138362529661204464e-02 3.123700125921712381e-02 9.018847695678751386e-02 3.241323391606865112e-02 2.718134218627077468e-03 2.712566759883471360e-02 1.436986990952016097e-03 6.256031041471588061e-02 3.982096967063162435e-02 2.619756670789333969e-02 5.879490549370471053e-02 6.209177503011473892e-02 9.576791677066952280e-02 1.224462310947804777e-03 6.314573204317376620e-02 2.392563076304692407e-02 7.032725107199794268e-02 6.124889406336869041e-02 7.066015392810885698e-02
4.020694145056324942e-02 4.850349039630280634e-02 2.342128779986286935e-02 5.005687592982888470e-03 5.289106703111831620e-02 2.190354988433637282e-02 5.120453383054704433e-02 1.867195353125195197e-03 3.036635784089447652e-03 5.455573440403251040e-02 4.027919648688005338e-02 2.534797935548997044e-02 1.032135296106634348e-02 5.944731946813566759e-02 4.802997847701995227e-03 8.708801571969002064e-02 6.069650172415248790e-02 1.785871894944831770e-02 1.227227560124354369e-02 8.877386782711498003e-02
3.155993963421368370e-02 2.967769449972269824e-02 9.754543730981915517e-02 9.839568607914445098e-02 8.455842430168659246e-03 3.836237224097358012e-02 7.810642405504281127e-02 5.922161570608214243e-02 4.304219465015191037e-02 9.778845719367544598e-02 7.259374759698279667e-02 4.226010442405456896e-02 1.770451585779040521e-02 9.634514937650173749e-02 7.575644598895739379e-02 2.989406088214718871e-02 3.180443591312233365e-02 9.029476642152223231e-02 7.794681852485148277e-02 2.224415562530749485e-02
5.832346977773468499e-02 5.472034093739282234e-02 1.347398616393746806e-02 2.971027419226238836e-02 7.556238646485952115e-02 5.681531567924280601e-04 6.929440341555942462e-02 4.116543397558741074e-02 8.548196827368934048e-02 7.681135169300412624e-03 8.545725727797690019e-02 4.936210785309763649e-02 9.445027067362445072e-02 6.921198766726363583e-02 7.066015285162273452e-02 3.207968166162285251e-02 2.796979375454416994e-02 4.507062921927175447e-02 3.583958315853476295e-02 2.933731099307165455e-02
