1.865656783426534737e-01 1.265685127744601013e-01 8.589473990959690941e-02 7.309112480126025990e-02 1.229378822950788208e-01 9.482547575866129286e-02 4.493965022904546081e-02 3.169306165859124558e-02 1.297338466722516015e-01 7.748972231589390525e-02 1.030850162881447457e-01 7.585936049671072878e-02 1.190147995866529945e-01 1.101042807714134042e-01 1.718855486271504002e-02 4.512761452750602142e-02 6.094813695254042152e-02 8.699585633143169794e-02 9.292069713973731548e-02 3.621429384427746201e-02
7.431027869233705618e-02 9.350039370268726363e-03 5.208553918520585080e-02 5.576647679556966802e-02 8.242893497005483738e-02 2.879216666616035009e-02 8.781616234348671446e-02 7.841624385608197967e-02 4.736495431093018516e-02 6.061320613502362703e-02 1.002041734809154816e-01 7.914277715244409650e-02 7.540114865138940192e-02 4.260063090616145187e-02 1.206893714025891940e-04 2.396615104928598999e-02 4.242366797900300884e-02 1.389225889864875024e-02 8.529648107398567214e-02 6.743143270079741958e-02
7.338738495133940998e-02 3.343096100639641327e-02 2.791418821434504122e-02 5.665132312136524767e-02 9.766060300703675520e-03 2.246254253485504768e-03 6.123265704217380721e-03 2.754918007337386551e-02 6.810104843685883813e-02 2.860887851722010780e-02 9.005935546730715890e-03 1.609203161998750591e-03 4.309401709781070927e-02 5.410940448052998369e-02 1.636799789484864182e-02 5.990163103669669808e-02 6.352702984729871605e-02 2.435238149466915220e-02 2.924037883881716593e-02 8.428093600879994762e-02
8.633869300916688361e-02 2.835353919558800811e-02 8.058410252175866872e-02 2.760846659305307357e-02 4.576189688126643118e-02 6.042096756537227581e-02 6.557014529016340354e-02 5.677819583897172895e-02 3.892904246523228723e-02 9.910013097777229524e-03 7.045487243309843384e-02 4.759359719370710728e-02 2.872464701757218228e-02 8.681304454077105881e-02 6.584395444884513782e-02 7.799013259255288544e-02 7.631040323862940677e-02 4.310369585528440323e-02 5.070751263553941596e-02 3.144259235135152177e-03
2.901734052888640600e-02 9.355085786253554414e-02 5.474205308940828518e-02 5.939356301761070100e-02 3.574832814753872712e-02 7.700190941858391612e-03 1.030751652613546079e-02 1.000372880953014076e-01 8.260114405221140321e-02 3.122371414389237682e-02 7.393804479744887914e-02 4.569527560389782805e-02 5.933594304932939684e-02 5.737552520123331834e-02 5.382683242442640181e-02 4.835459194129709121e-02 1.852650408314880648e-02 8.044995351657545368e-02 2.234076193554142623e-02 4.801345330902218045e-02
8.705572471517845912e-02 7.630354566507027703e-02 7.834676346900359967e-02 1.103224361219138153e-02 5.950562951509747595e-02 6.826461256710970871e-02 4.934990699752972443e-02 3.397280347315322080e-02 2.144071202558233552e-02 6.185019505708005266e-02 3.723775700308225994e-02 5.382128244460990252e-02 6.494129594433123431e-02 2.645537299557063071e-03 7.036802603053822491e-02 1.876534194495865088e-02 5.591236468077077915e-02 9.878663221766324776e-02 3.027201680903538958e-02 7.606445034988218445e-02
6.955232274045986852e-03 6.685877589167722734e-02 8.376535355028923158e-02 5.753314079890810805e-03 2.677085743126498413e-02 9.645371331298206730e-02 6.961684428409958825e-02 1.930687552315269936e-02 8.556668331101580094e-02 5.715924283052226801e-02 7.311151432400110617e-02 1.578373851932162071e-03 8.696901900219612680e-02 3.970876998468630958e-02 8.926455429740703940e-02 2.877251747907934743e-03 1.450583109958946716e-02 1.720293099853824684e-02 3.927276370199654296e-03 3.948061908213922055e-02
1.649907996931616026e-04 4.168734454141620471e-02 4.001267647180239279e-02 4.469636483193116516e-02 6.173065245996872674e-02 8.741883455330654029e-02 9.710024061446737020e-02 1.365963435897094708e-02 1.594926819649160332e-02 3.484080374361491622e-02 6.866674177665765821e-02 4.590120830187565532e-02 6.458593218641908718e-02 4.708025313688409680e-02 6.453700810515992925e-02 3.484707514979748511e-02 4.170380455174227396e-02 4.977747863229561170e-02 3.200214995064148971e-02 1.309099458894513388e-02
2.278136871858027143e-02 2.141663264014446663e-02 3.578031898073429085e-02 9.002347268813959413e-02 7.510065606827094620e-02 7.504075746579527695e-02 1.017562250114964137e-02 9.363499793588625497e-02 8.517637168277684967e-03 8.502385089878938818e-02 2.436757331679513452e-04 9.016488262885996585e-02 4.041135518749193294e-03 9.532255121128505038e-02 1.755857640074910339e-02 9.225700373867502802e-02 4.742107207011181380e-02 7.380836269947725625e-03 9.399746268201300547e-02 6.208244009457272033e-02
6.411887005628399971e-02 5.747933939421565053e-02 9.075161074214554979e-02 4.567113905497696691e-02 2.593554941155564939e-02 5.933336174377983052e-02 4.462446645695380965e-03 4.493133060569796944e-02 4.621124572936743946e-02 9.750760351569068285e-02 1.645667149914695898e-02 8.071942895905820370e-02 6.354606589402352068e-02 8.659849181438365739e-02 4.913457041600573227e-02 3.634734988677112977e-02 9.610761715058434296e-02 4.757708621351912359e-02 5.008543013141396674e-03 5.716008339992634940e-02
9.107582517754948814e-02 4.397983011869926323e-02 4.979624651381744926e-02 9.007205613603534722e-02 8.016012997510373050e-02 6.591596212419971283e-03 1.185101009083978571e-02 9.666702234040458475e-02 1.331015531639375814e-03 2.777771640196188135e-02 2.116426549527088141e-02 2.440868905427697605e-02 8.129248308870856699e-02 9.827325750882147382e-02 4.491941017573430894e-02 3.486113997252121566e-02 8.059879021757766770e-02 3.848715091786675258e-02 1.669271471966848538e-02 7.784762209628226515e-02
6.728347413530906540e-02 8.905540837711026225e-02 8.177235617326754358e-02 8.160651948269428968e-02 3.667858678567723074e-02 5.207564819728675853e-02 5.779882011958441257e-02 6.703189646821963721e-02 3.874529348076360957e-03 8.028915043990467182e-02 9.720443568453744632e-02 5.881494424272904614e-02 8.568522044114594560e-02 4.658016667089052293e-02 1.128276883846671651e-02 1.427652057510742610e-02 2.372320381046893675e-02 2.512011075080107861e-02 5.827126818263332272e-03 4.026503368385088433e-02
6.358780022965374035e-02 2.042719888909621390e-02 4.422342510769119300e-02 5.520412416850707660e-02 9.809429168990814463e-02 1.245099875657530589e-03 7.634103938254914457e-02 2.119176747283515669e-02 3.319768667111061555e-02 4.586956745144416675e-02 3.371902559681291822e-02 4.071527272336734893e-02 4.273046990731237116e-02 2.644694716518629363e-02 8.958387890660791941e-02 8.742621855190220448e-02 8.736813774902080221e-02 9.132994734427275774e-02 5.420790645483178349e-02 1.043678914413937418e-02
7.429581098854254329e-02 8.851591570396863395e-02 3.339931327660236159e-03 6.143400106754599160e-02 3.357404653390990562e-02 7.169771302338601160e-02 6.425992780799749671e-02 1.761792651425907880e-02 5.637289406092117761e-02 4.030247443995534085e-02 1.756683711573599899e-02 8.015604199006585995e-02 4.247667077680489234e-02 1.418196984486910263e-02 2.442273017575561159e-02 4.584572144306432728e-02 9.423744023857249033e-03 7.746526724442431844e-02 7.286747791091820192e-02 2.941945318463959694e-02
9.540800170224786325e-02 6.320670162897949751e-02 8.811785043304834475e-02 8.678243911774351227e-02 5.910044247091460201e-02 7.146631008089261716e-02 4.229879033571400798e-02 5.034829205345359160e-02 2.705088741024114576e-02 4.049393835355111909e-02 7.743191121141260180e-02 3.655689333598391433e-02 1.168052659028644309e-02 9.503807093438781939e-02 7.579913775013704010e-03 2.745964924932680143e-02 6.189737214190665221e-02 9.754798753012672297e-02 6.413061179530193294e-04 8.514730305577300484e-02
6.370206530994484972e-02 5.485575687886061480e-02 2.389283600439095438e-03 2.833866568592649168e-02 1.422448309388509545e-02 6.316306204121316381e-02 6.889661228030850848e-02 7.979169843998027215e-03 3.175479660414855937e-02 9.693142977784206804e-02 2.173040054260143294e-02 4.445212704987263480e-02 1.572154107726488753e-02 1.873561999171218309e-02 4.023706957113844934e-02 9.353463217659060969e-02 1.590376208920685902e-02 2.452053571326513748e-02 6.056849048624522031e-02 4.904046526699520209e-02
2.640600064342377845e-02 2.896018038271305078e-02 1.002078140427321460e-03 8.435522104659795573e-02 9.797837517003157859e-02 4.727551594796207922e-03 1.716881533030960999e-02 1.726993213905177876e-02 1.083794443206902852e-02 7.410287314961540132e-03 4.641182653650791079e-02 9.696448574406610343e-02 9.100265579852424846e-02 3.118304949056115508e-02 8.362277073709861730e-02 3.629179536204397982e-02 2.528301671845777782e-02 8.723546707080931384e-02 7.093124398918250473e-02 6.330318925678773967e-02
8.806834680781873426e-02 8.068202220301308458e-02 6.167032927542993870e-02 6.635052140495490899e-03 4.428365538388542161e-02 9.759980576155916077e-02 8.519034674678209462e-02 6.749889594151423089e-02 6.018055330941737141e-03 5.093601780429991149e-02 7.134707314865416927e-02 7.327306848890478841e-02 4.063403208766315500e-02 3.977928802663907061e-03 5.029622853878969180e-02 2.423913140573983119e-02 9.283274706296208711e-02 9.241187886119536787e-02 7.801180494065819947e-03 9.443474329161864744e-02
7.957679225232744402e-02 9.575651931468964762e-02 4.796818416371129851e-02 4.355779792754087276e-02 6.542084577946186141e-02 1.311699505368175110e-02 7.045542304211825646e-02 3.632478739372486162e-03 8.089430860689619807e-02 3.315633154202329846e-02 1.052192572301358098e-02 5.586294502083450492e-02 5.883956261366770496e-02 6.456805039829723036e-02 7.033715169145121800e-03 3.905972905241359566e-02 7.237938710852273930e-03 2.678899773708464174e-02 2.397181489209124217e-02 3.573348915490590083e-02
5.031975115369046597e-02 9.420481398129709749e-02 9.428643777673476403e-03 2.733849815474409875e-02 4.630340940595432421e-03 2.110145695011027625e-02 3.308838838366588708e-02 4.768666965434160965e-02 4.165292352668112374e-02 2.677165392349416251e-02 1.994934318196268236e-02 6.620099163698550671e-02 7.071734668371882672e-03 6.050542665867068848e-02 6.470151823974117089e-02 7.913370384205339891e-02 2.013439450840583470e-02 3.592114395237403553e-03 7.533956010167326689e-02 3.843878088820858185e-02
