2.640968870082528452e-01 7.241771410273876997e-02 8.727460042238974203e-02 1.099732839745472535e-01 8.945214476522797553e-02 8.789851980161220157e-02 8.172239292745532568e-02 7.808071678302230811e-02 2.657856945453929837e-02 5.925976812304219188e-02 4.830017113219935154e-02 1.222186932523241232e-01 7.332959233799063448e-02 1.010423404832059835e-01 6.154774292844800154e-02 2.879140187873567916e-02 7.993109439140802519e-02 8.035229026903845106e-02 1.045061313825383642e-01 6.671790584177476890e-02
3.796463440954203628e-02 1.471157526673145914e-02 5.334210335201122755e-02 9.925343491701922594e-02 2.211395344283783107e-02 9.903893830553123223e-03 4.869136024701142124e-02 8.744612849855760983e-02 5.208212943384361859e-02 3.535530956050434576e-02 9.852139114782407225e-02 7.281848014923569812e-02 8.649432857584527998e-03 7.933468249009766049e-02 2.228364281191214102e-02 4.142587995361021735e-02 1.288312205062438522e-02 2.791660581543991063e-02 8.839264559518522635e-02 6.237147965724856857e-02
8.630114807805155941e-02 6.784038438428162399e-02 6.162162769129895384e-02 6.816443322504639468e-03 8.672669547224692854e-02 8.909899727248798973e-02 2.139217422483967804e-02 1.200340382866827045e-03 5.806000741870941811e-02 2.522537688975405937e-02 4.286590523013487225e-02 5.434927158281280257e-02 2.776994362346823023e-02 7.580067301872367436e-02 5.815068542346636671e-02 6.379055053196536207e-02 7.559642892932226521e-02 9.740704327064404755e-02 9.972161100632799535e-02 2.869694645262437296e-02
3.758216938577864374e-02 5.683362927967549466e-02 9.585196629766879958e-03 1.493799318231466867e-02 8.619211985629587902e-02 8.783319872472600265e-02 3.622450945615885223e-03 2.640621776513916302e-02 4.350605704182436417e-02 6.977864292344394814e-02 9.537506755185150287e-02 8.140464114073464250e-03 6.959027280669669024e-02 3.567632427579146143e-02 7.089133492959608096e-02 7.306564322404085834e-03 9.353704247240401948e-02 7.122395432855045672e-02 8.936615429652405851e-03 5.423966658997306234e-02
9.394219893168666291e-02 7.904742779140765119e-02 3.331588497103289692e-02 1.967384960749905126e-02 5.696985140500640532e-02 4.494240564256527654e-02 1.823236661088252150e-02 4.077811446205939494e-02 1.906766321115135540e-02 4.272526309898783126e-02 4.485275717295645129e-03 4.143452031186026924e-02 1.783730982022726716e-02 5.931415018295296826e-02 4.888564492446204057e-02 5.306944153987213503e-02 6.403886637101886825e-02 3.610613644832202235e-02 9.927471271651835960e-02 9.920035095396871616e-02
9.152757722972372501e-02 9.717052907891876590e-02 9.892870860656494125e-02 1.929460004862789888e-02 4.756161856412870897e-02 5.405391575662688367e-03 7.930480608735133996e-02 2.603476771565830378e-02 4.473145080103931026e-02 8.554781909319958411e-02 6.983041055569016997e-03 9.879138339785403788e-02 1.001545629714916189e-02 5.428481866869033085e-02 7.600966264453241916e-02 4.242928987263027557e-02 2.853615805657994109e-02 2.917993984310037967e-02 9.177818413450990198e-02 6.305330015579058145e-02
7.079454037996399385e-02 3.125728424442220446e-03 7.893995980203792617e-02 7.349938169182672343e-02 9.239595326703758937e-02 7.458342782242127766e-02 7.832570881566248977e-02 6.927750873180316127e-02 6.074009742040095694e-02 8.914345986672067568e-02 2.413924469970743156e-02 4.676816033896855768e-02 1.385695817828910305e-02 8.007748705202756556e-02 9.099125306095917631e-02 1.802874533723137704e-02 9.731262150079678097e-02 6.267095703999975287e-02 3.350854737717281345e-02 1.179575582572521888e-02
5.855196788790820173e-02 2.482072924493792382e-02 8.400748813409189553e-02 3.726622589815903330e-02 1.510951486732593600e-02 8.968808863799210274e-02 2.275816361570137669e-02 2.358200354478090510e-04 5.914526870926199026e-02 4.949664904876917293e-02 4.956297416810251377e-02 4.260594386846079662e-02 3.978793369785360579e-02 1.792738100781494578e-02 5.146629256562107457e-02 9.306535332336213218e-02 4.979164174820378819e-02 5.202213284593172615e-02 6.201991280222362429e-02 7.593097744117403847e-02
5.532154994988373181e-02 8.573264645993616817e-02 2.303648113600663752e-02 7.988328412797203459e-02 1.427497598468774331e-02 8.485760566614185263e-02 7.752916751770910775e-02 7.874083563647228667e-02 9.134371650067417414e-02 4.515029259829522745e-02 3.171095726641987023e-02 9.622966782262627750e-02 1.222940232804924435e-02 8.113759274178521108e-02 9.756163882524122866e-02 1.529527997438537984e-02 6.998761805575889894e-02 5.269367934560065247e-03 5.484246337908138882e-03 7.703642618677941645e-02
4.867351997988779433e-02 4.016697999675289225e-03 1.777770013839244032e-02 6.957370490839061283e-02 9.772756692816176455e-03 5.240156870709063164e-02 9.844027580200506722e-02 2.236136543433031587e-02 2.749325612999830096e-02 3.063476726181172533e-02 3.834204007836827799e-02 2.229508078228025283e-02 5.749904510822953507e-02 9.566860353350679913e-02 8.121935260680906987e-02 3.882071727150565588e-02 7.877427075124099343e-02 4.218186610613858939e-02 7.415108105535926641e-02 4.010223835920490032e-02
2.857902775612649812e-02 1.001307089831995380e-02 4.235561147154542905e-02 1.736037591103467559e-02 8.703824043962453405e-02 9.412298949037066487e-02 3.059282344271882156e-02 8.779983825030191619e-03 7.818936540548773739e-02 1.097580801002930907e-02 8.914068230918370181e-03 7.505022345985425114e-02 9.262151040386124717e-03 5.469105634043568837e-02 8.245518145504232566e-02 4.625636400061305942e-02 7.626810289263492859e-02 1.564902256005951120e-02 6.143249307216488986e-02 3.907365503472694235e-02
8.806904324708980658e-02 9.211501744709653383e-02 8.769847957670161287e-02 7.869806731474829342e-02 9.859795399449466924e-02 6.196242266054186043e-02 2.961026097907933086e-02 9.562425077819665387e-02 9.861562047833616774e-04 5.093324731106056019e-02 8.648740533581736334e-02 6.044402513825310186e-02 3.530218264431903702e-02 1.575346138250407688e-02 7.065454334353087062e-02 4.797968467794466729e-02 4.305642510739380452e-02 5.344142329150924908e-02 5.183403934197072099e-02 9.706485502893225092e-02
7.184391982529879372e-02 1.523314991577344804e-02 1.186581933241863743e-02 6.340291448394637375e-02 6.938010809823465241e-02 6.359549819804953541e-02 2.155176341339056986e-02 9.016449662636719098e-02 5.261306075549464917e-02 7.522623710313137979e-02 3.965772579623716432e-03 7.534576597243632101e-02 3.449316744397367546e-02 1.209575521268380083e-02 9.815882830558594896e-02 8.411307242688560726e-02 6.391915552187618643e-02 5.246298559518512011e-02 2.498506072965523111e-03 1.775253490774487616e-02
7.547724446846920676e-02 3.322573021880174254e-02 7.545427255954254009e-02 8.081470125868622789e-02 9.495572825260685523e-02 3.641309644802755846e-02 4.230921451406169376e-02 6.212953089649160543e-02 5.102820108850011915e-02 6.764333313824698324e-02 8.686311883190701855e-02 1.561233471957119805e-02 6.251330566665273814e-02 8.900606337080556318e-02 2.348888075338644368e-02 4.449154367369676649e-02 7.772804654151943549e-02 5.470970991359315472e-02 8.684539277381864153e-02 1.440905843671658280e-03
2.270439704246645166e-02 3.107318130568995779e-02 5.313106498013864254e-03 1.346698326990347638e-02 6.126050247070181920e-02 9.229223971088380829e-02 9.032944314860889834e-02 4.200200638743276094e-02 9.870154032472812367e-02 3.079977533984603819e-02 3.225409852564760371e-02 6.565532993874076406e-02 7.636525401584279282e-02 2.929158427730654823e-02 9.537487278021544723e-02 6.624489106684537665e-02 1.218413897599407436e-02 3.961899606430264141e-03 4.452360289596645621e-02 4.956285345839257783e-02
3.977999915957687593e-02 7.356708509222183168e-02 9.282675026293678300e-02 7.863345313625107191e-02 9.429874760585438276e-02 9.112261606553365145e-02 3.660624129061392645e-02 5.356462505588188011e-02 6.553062813009090382e-02 8.710202609923216321e-02 6.228968516669312200e-02 6.383772530117264032e-02 5.234889119059994711e-02 6.105511754083825862e-03 3.699618197629424288e-02 2.383231125583300594e-02 3.070920109966849415e-02 3.145761327845959798e-02 2.934916720716665081e-02 6.103465255295431602e-02
2.971099878007896905e-02 7.602211799766291078e-02 5.491681133998025516e-02 8.110181240125730051e-02 5.517046775508269857e-02 5.594561061104677546e-02 7.217415466968556126e-02 1.233468374647667121e-02 6.856573071935902208e-02 3.735346606667511171e-02 5.604403642721367262e-02 8.844368032084545805e-02 3.162787734531074396e-02 3.860038482457174569e-02 1.497374232813874009e-02 9.652904864064923429e-02 9.342358982273253620e-02 1.757809006390451817e-02 9.161995139225999341e-02 5.660112337514050518e-02
9.546163696166720669e-02 6.333189260332657000e-02 7.615516648657787158e-02 2.653477395393948404e-02 1.622179198286971546e-02 8.356371448038957261e-02 6.588228291881179088e-02 2.884367698235358601e-02 7.050346249559934220e-02 3.221181609391814832e-02 8.393256783209208927e-02 3.329931068439530989e-02 8.115957500760409560e-02 8.826237810120000915e-02 9.890807320561195715e-02 9.612694897021867302e-02 9.682405385099801531e-02 1.225425761148247854e-02 2.311433667466598202e-02 9.613247775011279916e-02
4.769532497612514327e-02 6.908218978179363201e-02 2.911622474372578540e-02 6.200919996119189093e-02 3.046082008177022557e-02 6.802884609748072187e-02 1.593464588672993676e-02 7.744010296149966832e-02 1.701500699647169254e-02 9.739166890745348804e-02 4.601040815610140527e-02 3.879304243579582284e-02 3.981995116400144363e-02 2.967273219266446452e-02 3.588554284168661568e-02 5.888121121128412488e-02 6.298581089666720201e-02 6.422079637981592710e-03 7.669306575248180380e-02 3.356644874533102479e-02
9.744699550506741303e-02 8.448084858074050851e-02 2.336989740493906897e-02 7.507315769559948226e-02 8.354887100641322784e-02 4.383555160882970925e-02 4.067832612033531886e-02 9.608568532815417451e-02 5.485040488790494245e-03 2.715585942155103460e-02 5.096985304618380230e-02 3.984618180530407477e-02 1.121073055809681564e-02 4.266655280946878709e-02 1.330652240100952538e-02 7.984121879300908053e-02 3.791457073851644405e-02 3.933062896152138971e-02 9.038350886980377197e-02 2.980803607281608258e-02
