3.194273955004309773e-01 1.058361743836920416e-01 9.110205157157853784e-02 1.403087605511462166e-01 1.562868592793232037e-01 7.699542394500058506e-02 1.238309063519011932e-01 8.001841684938200416e-02 4.972729151754910759e-02 4.098259290544174760e-02 5.773090833466119204e-02 1.116233551882424430e-01 1.003781867569294023e-01 8.629954615305704402e-02 9.202883803709958899e-02 8.290297320467411579e-02 9.313039033627934504e-02 8.878825416952512706e-02 1.684583154506347560e-02 3.978597422165888742e-02
2.786732269681256938e-02 1.002640910231284432e-01 8.299838249962172843e-02 1.213445514033100261e-02 5.940738450021870731e-02 4.245552170447371848e-02 7.881860146791307142e-02 6.779348556510977897e-02 3.908486302800141809e-02 1.907431996629737735e-03 5.632973051297399808e-02 1.504194695229715134e-02 2.909478168657644512e-02 6.430013561178327119e-02 9.586897026393099985e-02 7.587152700647606558e-03 7.678674798408935236e-03 9.413937015860029955e-02 1.289978795115330305e-02 9.517372535644477716e-02
8.865225167341235502e-02 7.209304267636021391e-02 1.019940900466501099e-01 7.030036650443295676e-02 3.719217423937894174e-02 5.330880731442389636e-02 6.015967102164297003e-02 4.564977998391007291e-02 3.849752552214791290e-02 2.478687816861876309e-02 1.094003082754469759e-02 2.833546904736231054e-02 6.045156891012087169e-02 1.427531235604151232e-02 6.518201678554569334e-02 9.244369491238015046e-02 1.958035146738412377e-02 5.277596749710209562e-02 3.219301953142618411e-02 9.279917930863482156e-02
9.755140839486214910e-02 8.600524538961276666e-02 9.320575544604080276e-02 1.016161394144898637e-02 6.072785755038956346e-02 1.381533233206330008e-02 6.991738827654160604e-02 4.043653941984716449e-02 5.306478577948452006e-03 1.050794785440596901e-01 6.584422215916559129e-02 4.309722317496673255e-03 5.249608177911055384e-02 3.037328883031256352e-04 7.834550781332312586e-02 7.516777907457455887e-02 9.694459837825807058e-02 5.969684723358301831e-02 2.044822151665033616e-02 1.038032332228575189e-01
1.012072471241534100e-01 8.506388008012361751e-03 4.354115797815391598e-02 1.463316816467604038e-02 5.044677524680844793e-02 7.701893902701500982e-02 2.635865847591918609e-02 1.061389869215078330e-01 4.757432045310385632e-02 4.395479118943132479e-02 1.580256927951802573e-02 8.070091603506003575e-02 7.554436465437901205e-02 7.563468402784419287e-02 6.292197658780211700e-02 9.292903979107518253e-02 9.962696372520152277e-02 2.070731006795535969e-02 8.458349632574407861e-02 8.998148857680758617e-02
2.360848840502214122e-02 6.072221841002579251e-02 1.266757171572891437e-02 4.438122734363734827e-03 7.341437147032603416e-02 6.360331978037998130e-03 3.486305909804319342e-02 3.388080620991389125e-02 2.723910952478954262e-02 3.542125115508982375e-02 6.111076199351865579e-02 7.135544420317772862e-02 9.792314202535343237e-02 2.851925910713128121e-02 8.787578497738846028e-02 6.282504657903550949e-02 1.015918647290315058e-01 8.422526650807536652e-02 1.840201785481403174e-02 7.579075988934858010e-02
3.376373685340418318e-02 2.181657134767343159e-02 3.007094226166065476e-02 1.906986618625999830e-02 4.359702515377469195e-02 7.931670499971495147e-02 1.336891135774661947e-02 9.899852816218124296e-02 3.499201492268447233e-02 3.788687551193072739e-02 6.469353417186049504e-02 7.704035110971539646e-02 2.651749648311068144e-02 9.759391722336863140e-02 1.835615131958441559e-02 1.411285800599179630e-02 8.242793070789023726e-04 6.439338127250256952e-04 5.491926131771408121e-02 1.070941552482547986e-02
1.250037153278661488e-02 5.823051937582450488e-02 7.744509974625067399e-03 1.043661214339011989e-01 3.538837472416876684e-02 9.939467234720200661e-02 3.776623897558478715e-02 5.541746084003865147e-02 9.992890920699910862e-02 1.845379036134787293e-02 6.971948252410681279e-03 1.710286517233441939e-02 5.683649302821932453e-02 9.961250910550981108e-02 9.429528445152636495e-02 6.743315330535036567e-02 8.177516871013182365e-02 1.024516579869126087e-01 5.219664902492691244e-02 8.352561679452381871e-02
7.397528745170166287e-02 1.043307574693678845e-02 3.642237498105655585e-02 7.851107780516594636e-02 2.537417787320526193e-03 3.565908634944409887e-04 1.699173285310606740e-02 5.982995096627506670e-02 1.012478982129746269e-01 2.686379126560001912e-02 1.723126186839166185e-02 2.975682311945012856e-02 7.201988055545224809e-02 4.294930223102140683e-03 3.305977275884153244e-02 1.399619379299301206e-02 6.552102105956089662e-02 3.322264786402025216e-02 7.094573919640138893e-02 2.701476404113732979e-02
7.663026334830611019e-03 8.135551352292409721e-02 1.810251008984304841e-02 4.070553932810114239e-02 4.081458832189650138e-02 4.727855236055398397e-02 8.619306625411662925e-02 6.762193094383295300e-02 9.948348980148176424e-02 3.226427881138756171e-02 4.481698081699505426e-02 1.018708481996557086e-01 1.840363418156248237e-02 6.416919261824860499e-02 7.611372071645847170e-02 9.697459840196152869e-02 7.742858735163973827e-02 7.441584176192092559e-02 4.170398561589400144e-02 5.161438272244205094e-02
1.739088500269763207e-02 3.464248494139484172e-03 5.480552749222375453e-02 7.114013617010776780e-02 7.335910800915064478e-02 4.638382123871520601e-02 8.551871172473084204e-02 1.561127848537294076e-02 6.957694588004514902e-02 3.237094520772366285e-02 2.117495980515798557e-02 6.344072789799790058e-02 3.711482503692785373e-02 1.932753658836574781e-02 7.493887196548236485e-02 6.674706871632059280e-02 2.503773616216764877e-02 7.765579085814645899e-02 2.731704960944459151e-02 8.909038181764772357e-02
2.996267082497415177e-02 9.820774757411296352e-02 2.898693497428732335e-02 2.848883227332395501e-03 4.706806796087657091e-02 2.144835532637323627e-02 4.193599172515473372e-02 9.504628418028543413e-02 2.954255576463061736e-02 4.114604644169431863e-02 9.760243325433246150e-04 2.340941683499471113e-02 8.769653762214482673e-02 8.651407427281014584e-02 2.459142620431196274e-02 1.628676520576149631e-02 2.372793876024747659e-02 8.121529728412694993e-02 1.628804921520755509e-03 7.036125586007262178e-02
2.352826308530725150e-02 3.271549985055789700e-02 3.655024531298664125e-03 5.720319951077716333e-03 5.764345975102220382e-02 1.749942282154185944e-02 7.937236039813018451e-02 9.997518604811310439e-02 1.926608698914168520e-03 1.001376044405658250e-01 1.064242674323117865e-01 1.775627358925677482e-02 3.783051873139581245e-02 1.382817433107011960e-02 9.568052184351741318e-02 1.914867948363448841e-02 9.056043032158421491e-02 2.781030823917411687e-02 6.178587995127132748e-02 4.478819482722942724e-02
3.997751651596988254e-02 9.690926987705562878e-02 3.409349171407409507e-02 5.038142142847956001e-02 9.965004657857437498e-02 6.175072533900146515e-02 9.243233826424752941e-02 7.574609563633737108e-02 2.591910172765642464e-02 8.985932267625219849e-02 4.355995201765369002e-02 4.140953532184343117e-02 9.218384160117701343e-02 2.446134402002292374e-02 6.276972399972720329e-02 2.540568039683962012e-02 2.904318190852310869e-03 1.568174425831105057e-02 1.024882149698365247e-01 6.304108984051293163e-02
6.620594708670908546e-02 2.847323042940878499e-02 8.350730805350960184e-03 1.393802099723526200e-02 5.556226642327233289e-02 5.755738589530747830e-03 4.375439544588932000e-02 6.046991280401069202e-02 1.010506833276038074e-01 5.900256694137715613e-02 9.985772424851446782e-02 4.344536415724532807e-02 9.234275755671515762e-02 9.500951383931340033e-02 9.151360244609298145e-02 9.544221265557085304e-03 8.922206543337175833e-02 1.026762599332989023e-01 5.356235923122635439e-02 9.602410187623894311e-02
7.485524549590286125e-02 6.681494166279747238e-02 5.761694901186746598e-02 5.536703557909466479e-04 7.952994918874971286e-02 9.680940646706120978e-02 9.597133503879752559e-02 4.007693214517661640e-02 3.089416007574718320e-02 4.027895079440696469e-02 6.532892448043060851e-02 1.330169884572633514e-02 7.224180435038431158e-02 5.695771718500944325e-02 8.869842304772324049e-02 5.769168902792515263e-02 2.901864020595029681e-02 2.669646682712886136e-03 8.644109940548476423e-03 6.398763892258020614e-02
8.807007479329821698e-02 8.434083945350913381e-02 5.732045289345322203e-02 6.811852879281848905e-02 4.932074260362585144e-02 4.872068982613126514e-02 6.618598257718526050e-03 1.993754401650513555e-02 5.356635147987963246e-03 9.137222694222750519e-02 2.370752546309334505e-02 1.984902388053243205e-02 7.378299068870793065e-02 3.082947553241106864e-02 9.108863643350577355e-02 3.235463411530543204e-02 8.286614377009436649e-02 4.922731263077082670e-02 3.239739251689042338e-02 3.697326073059204604e-02
6.241866472915320874e-02 8.409856607389551431e-02 7.600523086957629293e-02 7.405962429844149819e-02 6.255075692197610560e-02 3.830550195730807184e-02 7.017217469169781396e-02 9.318018745079283127e-02 4.525363949115324830e-02 6.450251789507810418e-02 8.995246760446112821e-02 2.371638964886814676e-03 7.099712137748388774e-02 3.307555631405275937e-03 1.522643468219989082e-02 5.200041365067600146e-02 5.386566578714096359e-02 7.458454056756057271e-02 4.899823008405041619e-02 4.445084317629367787e-02
4.450002526072766029e-02 3.331520954302812088e-02 1.428691341916297174e-02 7.206947496172766421e-02 2.932939260451650557e-02 1.050884507586665739e-01 2.805181892447448228e-02 7.558738621809035774e-02 7.426454757300493016e-03 2.118928173744083140e-02 3.629564365978370493e-03 5.877576931328738069e-02 3.224286126787915402e-02 5.612791960831516047e-02 3.557701043338842850e-02 1.132665993518279686e-02 9.369400660591303831e-02 8.913552662486378189e-03 8.259803063486444163e-02 3.922729929667360949e-02
7.964857089234887721e-02 8.976996401844013207e-02 2.309263944264929036e-03 9.028780742603324805e-02 1.024136994726830979e-01 5.323237352842441483e-02 5.152119816467045504e-02 1.811750711533730018e-02 8.106626449513033156e-03 4.530982306116617536e-02 1.662699235917800000e-02 7.912185243503351562e-02 3.514694853960494830e-02 7.608039041600693497e-02 5.510692837003013794e-02 6.723453450566993506e-02 9.847885204096382822e-03 3.182752616877954077e-02 9.366032948866358232e-02 3.409466325812355453e-02
