2.358026147170189102e-01 1.160141957363176879e-01 6.818277916629966739e-02 1.629041683193717671e-01 6.689678817769753941e-03 5.501996366688401141e-02 6.084874946281142866e-02 9.280103649887962158e-02 4.265669183040941143e-02 1.035036429909684669e-01 3.640382620676103909e-02 9.787237148017423338e-02 1.121548329284779988e-01 5.860907873596109957e-02 1.003606640477761880e-01 6.050838998432409022e-02 1.203367434904774602e-01 9.258050623624097808e-02 2.992656584491026894e-02 8.170483289865464183e-02
9.304000835600180486e-02 4.242490707112981513e-02 8.223176548099644934e-02 4.083430117516531621e-02 9.147087530679898215e-02 4.305374785118422365e-02 9.989057862850737879e-03 7.534791263484685864e-02 2.372825861195289321e-02 9.651549508225951146e-02 1.048708112148354424e-02 6.275716412921428233e-02 1.285241800727073870e-02 3.413492032208951393e-02 1.431542919664551342e-02 7.207681492045632521e-02 2.457572748769879661e-02 7.805504822499839679e-02 1.395928863596284167e-02 8.204106833487020967e-02
3.143802827216842649e-02 2.633622670777074903e-02 4.068667602031731528e-02 7.800110861592913190e-03 6.585599297813828079e-02 1.371777072055802103e-03 5.369501714420273075e-02 7.136318288767544427e-02 3.250437051564051411e-02 1.870919600206484221e-02 8.797586159157028129e-02 9.603488346505120732e-02 2.821359972092449958e-02 7.674431545302083657e-02 5.411363861293649186e-02 8.358280944898884013e-02 5.418513839610675231e-02 5.006407013782165211e-02 5.056393643174048047e-02 1.318448723077906420e-02
6.784396150623643595e-02 2.032935991737384873e-02 8.849425014991087191e-02 2.328424492364089549e-02 1.567350108225817884e-02 4.851359590598234434e-02 9.602943828646559599e-02 8.988746097693112169e-02 9.444943442117287313e-02 6.262102511773752489e-02 9.653337282242249739e-02 9.666851961592183573e-02 5.305163936715751732e-03 4.341213926835551899e-03 9.232158502790580035e-02 8.323683460784030153e-02 9.596792335777602767e-02 9.748319774604691235e-02 9.796896175964697751e-02 8.562986426675640861e-02
3.132197875276111765e-02 6.291807271447583116e-02 7.856468342680880679e-02 3.958627415765902761e-03 2.090754954621591027e-02 8.163459816044636719e-02 2.792728589817731338e-02 4.195227362979922492e-02 5.064556305645234041e-02 4.953151451542001787e-02 8.588921818203404390e-02 3.792902323679824689e-02 6.683899085271816608e-03 2.569094898736981256e-02 9.972225638565268557e-02 7.346462913628569458e-02 2.517489017248663100e-02 2.154890631240045235e-02 4.974725764393395089e-04 2.799260667144944092e-02
6.999927521322096835e-02 5.568993412785114283e-02 5.445701653223113115e-02 4.762257581044694599e-02 2.748255164604383044e-02 9.668299536113418580e-02 4.913245837867105670e-02 1.859500820828629067e-02 2.974994772919613631e-02 2.690744484569162001e-02 5.762542520269745699e-02 1.314444500783063137e-03 4.584271724630965134e-02 1.548694505972259081e-03 4.823992599690274906e-03 4.952085157003684179e-02 3.122157998955753591e-02 9.321671778602491631e-02 2.643193979110647438e-03 8.531005178265455013e-02
1.388583957767475230e-03 9.904176517134825886e-02 7.446016269965526069e-02 9.142843859640764625e-02 4.498222793899658845e-02 2.312733030150857655e-02 1.945316861849374565e-02 8.565653905892499365e-02 9.521703084640169290e-02 1.780746977477348780e-02 8.746955311596371629e-02 9.032556251454904039e-02 4.934135336837217750e-02 8.727411255954234393e-02 7.192664128203085823e-03 8.167505078137450580e-02 9.858743208640295685e-02 5.761175342867961430e-02 8.203348387572863276e-02 2.817210162671205526e-02
4.511658494184916240e-02 4.892232240874310606e-02 9.008776691877125320e-02 7.675775747319132924e-02 9.300855629554269366e-02 6.784619613393916282e-02 4.630233591643074034e-03 3.687755190281316771e-03 7.533121426163236906e-03 1.919219201626315430e-02 2.487561504923667746e-02 8.059487285133988543e-02 9.177417797280756906e-02 7.888060999637186432e-02 5.141162941686176074e-02 7.807589167571273026e-02 5.434504434440197429e-02 9.582472555881443865e-02 8.924750249984614997e-03 6.733217515405921783e-02
7.959123561965986138e-03 5.646103442949863827e-02 5.801172528622677155e-02 7.489207118308831290e-02 4.146331631810359908e-02 5.488796508825392190e-02 2.960037739005337912e-02 6.964418577797880372e-02 1.787941780717817661e-02 5.586975656755843733e-02 1.738512634168437598e-02 5.787556900488800837e-02 1.879501651054126324e-02 9.542430812415443608e-02 4.503273650700573283e-02 2.335562056387104068e-02 5.938113415738188045e-02 9.917632060695318053e-02 3.064586689685600083e-03 8.475716684292657066e-02
6.113433754807961334e-02 9.186031271503561357e-02 2.803910754574572353e-02 8.021367778510418711e-02 5.360432490852493070e-02 4.953124876783190911e-02 4.458915209080988040e-02 5.319793785889723181e-02 4.481644145325717338e-02 1.578991993211252901e-02 1.454912724963718443e-02 9.550492247831343651e-02 3.771581554869853081e-02 6.494884426987203307e-02 4.755070599362924005e-02 3.740287697073407802e-02 7.775921389237394621e-02 8.251343368908849174e-02 4.102664999904133414e-02 6.800552700299797304e-02
1.746189777905856819e-02 6.249076769602384535e-02 6.542493114746232574e-02 6.452918931585847895e-02 4.384263344818648683e-02 4.703655189969210837e-02 6.734576755180961272e-02 9.208006428624527714e-03 7.812677463293321578e-02 6.105238847248809636e-02 7.761134506965036706e-02 8.946295499490591885e-02 6.821164540320188985e-02 3.083545792719420003e-02 3.648604369845246526e-02 8.474854158165198714e-02 5.595805946348929999e-02 4.102957732328593038e-02 1.917037745259286829e-02 2.779179816536683431e-02
8.511402827549470473e-02 5.714349770605439693e-02 3.581432813526224529e-02 2.926915287228415430e-02 2.068004303737709659e-02 4.643799909008525240e-02 6.292512368955376079e-02 2.710713959320654068e-04 9.959744133600345606e-03 5.122738296190864488e-02 1.555857605420296694e-03 9.012997590805521542e-02 7.103101454325976005e-02 7.749710552164711108e-02 1.848502517960911792e-02 8.860627570193185809e-02 7.947888778362505180e-02 6.473697227943212007e-02 2.343138857247138024e-02 2.091003407038090345e-02
9.543612452548475011e-02 2.941757852343013235e-02 9.852903318617931006e-02 9.333151309815174157e-02 7.836586065084004404e-02 2.537409296408034420e-02 9.895625397022822511e-03 5.957785243905566741e-02 8.158768259181785332e-02 7.298112827569257222e-02 9.135007698991105124e-03 9.916147724408311270e-02 8.598911996776682776e-02 1.334895619626364112e-03 2.349192525074379756e-02 9.263719760102845369e-02 8.067283925882573481e-03 9.011281680125259042e-02 8.449143948787340985e-02 9.954542543404926169e-02
8.622489039185118886e-02 5.596422371646125188e-02 6.509430185097636601e-02 4.507908859201891633e-02 6.770805072422285409e-02 1.063449181594254903e-02 1.812742153801646591e-02 1.874277529994822222e-02 9.460391813838710251e-03 5.184237253858825500e-02 4.143904931778459588e-02 8.149852157444542611e-02 7.878095075918528645e-02 8.535943142986268661e-02 7.185664761788602972e-02 9.836902254041267335e-02 9.351602651312153347e-02 8.765532013814648915e-02 6.069050465131129585e-02 8.852470697959752277e-02
8.094485452955779703e-02 3.568561054284125414e-03 1.481132310822730336e-02 8.345928638615473724e-03 8.314317279882148248e-02 5.077319861725987371e-02 6.769192535243140872e-03 8.749414730899994497e-02 2.585928077848137496e-02 6.194622542787719954e-02 5.257188336063402245e-02 8.185026925402219544e-02 9.925036435777427613e-02 2.424273695445807938e-02 9.775876493958798874e-02 7.191086951408617867e-02 7.120281019078600337e-02 5.147589467452519385e-02 1.520541506541223109e-02 9.351298219784018317e-02
5.220452140805453140e-02 6.386948017582366743e-02 2.594837313457622197e-02 5.841644868351043851e-02 2.236712358365387093e-02 6.885472825422497833e-02 3.624294798924256045e-02 7.839648771901581992e-02 8.212639595850641794e-02 7.842943626507048460e-02 1.200213110648795786e-03 6.009320394202505300e-02 5.875649241585672450e-02 3.700931225591826135e-02 3.212832087944501869e-02 4.496416072072321329e-02 2.181151337972532522e-02 7.607439483402861358e-02 8.986893705098653040e-02 2.031298749109812507e-02
9.851079754673786049e-02 2.000794637487313121e-03 2.540001005106776871e-02 9.915390543938699952e-02 9.124011596711056882e-03 5.185046772317675190e-02 5.222517053435380557e-02 1.808186376517054855e-02 2.836548233820508635e-02 1.121784165576901297e-02 1.980629388747177227e-02 5.412941619250925124e-02 2.681159814195815949e-02 1.257201774824550158e-02 9.101888029954588455e-02 2.712508109909368692e-02 5.981329136669408936e-02 3.907525068240506189e-02 9.188114773133380930e-02 6.563350687471085354e-02
8.992377367487199014e-02 2.212844972334031615e-02 5.825485194426224811e-02 9.440567986040794557e-02 6.070256922114424664e-02 8.387375298821682368e-02 4.271696146622965679e-02 6.322678519743304970e-02 9.416906697028232243e-02 2.718629973120949631e-02 9.141469322895145674e-03 4.255662109759455330e-02 9.678362654027439227e-02 9.122727182975248761e-02 5.855586360908896643e-02 7.819967028405598597e-02 2.383066114785078668e-02 7.144202275032432436e-02 5.098026690389551030e-02 5.917852547038213173e-02
7.197469954558353977e-02 2.924926934060534649e-03 1.001650034107509635e-02 3.599511505846497011e-02 4.891604043397016627e-02 4.564040536469998743e-02 9.528304839683529592e-02 6.718132478350341552e-02 4.313853186354315444e-02 9.588662374310623349e-02 1.618016591549352803e-02 7.573776680844043763e-02 6.930495253177709758e-02 7.118605345148036612e-02 6.743541560382196320e-02 3.509372602152793785e-02 6.467643257325628170e-02 4.428921396268769434e-02 3.025611270545510920e-02 8.566782517795371032e-02
8.757998225597819764e-02 7.626757053672300612e-02 2.454906655727378054e-02 9.839390159795113888e-02 5.502034290095367958e-02 5.307790741502558390e-02 6.678263945324246220e-02 7.922070188701547944e-02 4.837099040017087820e-02 1.213960520503852905e-02 2.843256263514927495e-02 2.993698568053896475e-02 9.175159544038896664e-02 8.719772363929166603e-02 6.352816848598030752e-02 6.448930493778348705e-02 5.459018405970620519e-02 2.409810192062415007e-02 4.518940922415862205e-02 8.304704138395711810e-02
