2.378462528120736108e-01 6.726005847149844896e-02 1.157899555524014301e-01 5.822698371705736092e-02 6.699211389344256196e-02 1.371827095261861917e-01 6.958063481735352052e-02 1.354506951531628811e-01 2.888347477568374566e-02 5.557503557227792823e-02 7.989752582467214703e-02 1.026349413351831108e-01 1.681556278734411547e-01 1.244385197985856673e-01 1.252198534186782508e-01 1.622761449798879041e-01 1.354041009058642997e-01 8.193998026220587760e-02 4.373022462032560842e-02 1.179604912167793451e-01
6.852095181840670013e-02 7.340336895558612074e-02 4.035233249077582740e-02 8.983892214229377560e-02 2.917529447949863963e-02 8.927398877517532527e-02 8.705569201533647217e-05 1.518850309136200553e-02 2.132766646862658405e-02 1.449267597859664816e-02 3.342869872662568298e-02 3.740814846958869649e-02 2.462276559314943367e-02 4.479864079477186012e-02 2.898553942002706288e-02 6.579534706061877791e-02 6.011336092139393794e-02 9.407593642027385628e-02 5.362166011059021214e-02 2.761632110627691011e-02
5.678432862998792491e-02 8.199904695022919299e-02 1.867681584728131524e-03 3.165222422026527094e-02 5.952125700180788126e-02 4.440491175579350247e-02 8.053790380823845629e-02 5.525800715709199701e-02 4.491305634223829828e-03 5.427858657960439592e-02 8.391577359461943825e-04 4.425453305382597707e-02 1.138072170502079164e-02 2.610223286908082418e-02 2.254449948123878056e-02 1.952083580125283518e-02 7.329312423692400935e-02 9.028198310302482099e-02 9.355691489934830907e-02 1.367858595468338795e-02
8.013643472796266876e-02 7.309538829008030425e-02 3.892368797215031706e-02 5.094053459570375975e-02 4.299113169296525649e-02 7.759556102095671593e-02 2.172949077087686989e-02 1.002505016631895056e-02 5.446182689510364883e-02 7.326733563678100580e-02 2.790590127080179450e-02 1.259954567368198886e-02 4.733181550986251956e-02 9.733364538728682402e-02 6.937169618885717648e-02 4.631024219336369457e-02 3.076135408568806545e-02 8.142841698102855352e-02 2.189071898775835079e-02 9.063345452676696903e-03
8.203220593771547164e-02 1.081768984430851038e-02 8.391815328872143445e-03 4.417883631009526108e-02 2.007204421412871545e-02 8.835299618425898616e-02 1.915927219586899440e-03 4.638368401415685766e-02 4.227178152813744483e-02 4.405312249892746890e-02 4.153642861199911135e-02 2.413936806337970906e-02 4.687492675817054449e-02 6.129104641442720963e-02 5.303220984439938404e-03 4.960659428774616582e-03 7.058452251854446802e-02 7.297484588427688434e-02 9.015424205269799429e-02 8.557299597788796397e-02
6.728396291191217349e-02 4.483040716877004228e-02 8.369406007255908442e-02 4.140463263627269797e-03 5.236610700504709670e-02 6.828663312802302210e-02 7.354191728140770101e-02 5.249010583331482904e-02 1.814857288272121380e-02 2.514589916366870639e-02 8.975540154799610537e-02 1.944438566867944321e-02 1.815035923542759541e-02 1.574096836925119661e-02 5.432081861552326418e-02 6.663049850259797346e-02 3.280572123743275004e-02 4.485618335589039440e-02 1.168692572617642360e-02 3.441857737490183755e-02
6.806176773271305214e-02 5.469961131010687982e-02 3.771381884441449631e-03 3.032019989836318846e-02 9.931719243141488851e-02 9.579541202892266627e-02 3.248945908740502597e-02 1.737625523346648590e-02 7.715409989189658813e-02 8.933750716817907833e-02 7.300811090208333964e-02 3.179251676927254133e-02 2.654644545477967757e-02 3.757981342646576906e-02 2.530155273169183705e-02 1.890864536611158849e-03 7.530267976071437774e-02 1.197195836013660412e-02 1.027440173945618623e-02 3.148655254840262291e-02
6.420602468774704030e-02 4.225366227429758204e-02 3.774469958559754229e-02 9.518747750677508668e-02 5.258926657315243086e-02 2.316427287540327035e-02 1.579583090822113053e-02 1.518444861121670585e-03 5.310609697591535394e-02 2.531261817765209296e-02 3.737987954126368445e-02 9.791032996196627480e-02 1.677269289425609242e-03 6.289543795116417368e-02 2.888556563006627886e-02 1.873693316937929954e-03 5.861539829421505421e-02 7.199516483773947539e-02 9.452862571472914199e-02 2.136926337195954595e-02
5.121904336351745107e-02 1.958752713917248992e-02 6.379090755474748319e-03 4.999758419691927025e-02 4.877943605994040921e-02 5.257529787826449585e-02 1.935442666920429711e-02 8.704865253190527397e-02 6.664504425417129563e-02 9.470525487573699941e-02 5.015192411003514122e-02 1.768602618044087457e-02 2.998514791157984652e-02 4.269957672475144239e-02 4.153153784550000366e-02 3.724735867927628924e-02 4.436368631935844187e-02 8.839426401482539108e-02 1.540961714443930299e-02 8.761026122449236397e-02
5.988349728369483232e-02 9.473805537639945484e-02 2.293657692374917543e-03 4.038376150905423345e-02 7.015096036229336030e-02 1.181256139365717377e-02 3.508062077212561330e-02 5.418328939472961264e-03 9.233550338103309330e-02 3.623235033878581535e-02 8.517888026559505832e-03 6.489558109561655193e-03 3.681783666723546095e-02 7.657496781812825337e-02 1.545777155201527586e-02 5.308010951418751233e-03 5.703372956681088818e-02 1.948885350725390250e-02 5.225592223286325277e-02 2.078635743068941999e-02
2.066626450172208765e-02 9.937759217548765289e-02 4.873069354754434000e-03 6.976088701517968796e-03 1.063367045225038776e-02 9.150885221068229269e-02 3.886566507993693270e-02 8.354082515563986122e-02 4.221330972819923449e-02 3.610309269316169974e-03 9.385168145963586339e-02 2.571505283183366311e-02 1.549067953321149431e-02 3.443750925478696046e-02 1.049212322132018343e-02 9.024874325260956454e-02 8.232609715449874799e-02 8.731835097643109167e-02 8.096925682801608959e-02 2.582579888507015309e-02
8.146456226381371124e-02 3.141275793761623414e-02 7.688240855055814005e-02 6.649400855797135690e-02 1.014995463420139722e-02 1.254976468029300740e-02 2.770098201069478780e-02 2.128749163807972661e-02 3.389565562297221224e-02 4.939042336828295549e-02 5.955255572753925808e-02 8.273861585827953224e-02 9.218815369603475252e-02 4.067585749743306972e-02 6.132539844546788799e-02 7.026346199184428654e-02 8.662161306378918235e-02 9.036752164897531026e-02 6.512796711486623646e-02 9.495909792395303139e-02
6.810681228472961757e-02 2.824496893862357347e-02 7.140118454672401971e-02 9.195361414767116992e-02 1.115800417457941777e-02 9.753921151955866065e-02 1.127779540766000836e-02 4.306928276425984331e-02 8.628954449941222959e-02 3.168145224672327259e-02 8.836932201547083310e-02 5.648743145382570385e-02 4.571932746440641321e-02 5.739161269591716574e-02 4.634925330367261481e-02 6.037101764775924112e-02 7.180027648575985910e-02 8.362020793976510796e-03 1.277128568992004325e-02 4.014879746968225138e-02
6.292577849171329674e-02 1.937761014164056730e-02 3.290676751954083740e-02 2.784664107226523383e-02 9.527760170793164729e-02 6.592307823833616631e-02 6.628021352154649104e-02 4.100371052983882436e-02 2.410536136804909690e-02 3.069738501526510233e-02 7.131231715811089944e-02 9.356052595985514531e-02 2.883320256955516220e-02 9.329120163340372252e-02 2.899270238380251621e-02 5.298093397092099033e-02 7.609893230574928114e-02 4.702724948815019401e-02 8.335925344711123119e-02 2.296637274893269590e-02
4.708594551460363459e-02 3.798906426609277576e-02 7.672802243790089079e-03 4.748119380484266266e-02 8.790792003558262069e-02 7.702044270066760179e-02 2.539982201324451211e-02 5.291572865664924408e-02 4.640306468474508783e-02 6.069069314893454914e-02 1.287436331787551562e-02 4.971724216634160198e-02 5.933562148144882337e-02 1.510056631045807521e-02 2.291140543973905347e-02 3.382279289374810066e-02 8.791304883185821484e-02 5.461406917451827603e-02 7.417096491185680429e-02 5.686427179351703082e-02
2.594021975974825436e-03 7.916237421562501153e-02 6.845525789101002123e-02 1.827847432051009705e-02 4.740607256173610257e-02 8.679257837845093249e-02 2.167057240422443076e-02 7.424054946077662809e-02 4.243322554821282039e-02 8.292054785959823704e-02 8.738939050312916068e-02 7.236461743683930692e-02 5.540897765262504937e-02 1.933734394752371216e-02 4.255004061893940398e-02 3.779644457659314932e-03 5.675104168911516977e-02 9.903814678032255014e-02 2.866764862434275848e-02 7.069914044474782944e-02
7.170367739590126355e-02 7.245964305393286231e-02 3.217199974987249717e-02 1.650220212634139275e-02 4.342601066270682791e-02 1.620980209964845153e-02 5.912550346961025632e-02 6.801806985184243037e-02 8.016490604848332258e-02 6.306522617363360950e-02 2.510709093625657085e-02 8.168010236889439168e-02 1.005285264918365229e-02 7.422186647855735786e-02 2.472865879721645316e-02 3.392996035968897511e-02 3.498229909442805013e-02 2.147106025506684192e-03 8.566915768590938063e-02 7.501773207177665770e-02
8.019261889322576442e-02 3.795299166849407796e-02 7.991679278909885609e-02 9.239790959067382958e-02 2.759069342536062466e-02 8.789396162589707684e-02 7.712622901305801748e-02 4.744826362622511090e-02 7.699909077065580920e-02 6.686728085715708259e-02 1.906086580978863174e-02 6.400917724047089363e-02 8.557689838417456563e-02 1.578516307492749959e-02 3.486878953401112424e-02 5.593977884267362782e-02 6.469148701003771262e-02 1.079783378369891800e-02 7.117613483472205738e-02 3.832386634626899768e-02
7.056777668230623801e-02 5.018203315030302092e-02 3.164555640541220211e-02 6.442557902666072589e-02 4.331076991902727165e-03 1.938652274101991882e-02 4.055459630959049044e-02 4.811520007053443626e-02 2.866220007110119664e-02 1.536251913219385291e-02 6.147631183683362199e-02 3.494223450834937905e-02 7.089363290601441436e-02 8.781788065024134782e-02 1.006137716434753020e-02 8.995107746739643140e-02 8.950301965475819521e-02 9.340605617920132164e-02 8.391000077851540340e-02 5.023976665902089161e-02
5.859023751474373709e-02 8.716429732440261757e-02 8.098676343085252360e-02 8.232802005279075963e-02 5.425734395263585169e-02 9.195552813621307719e-02 1.152441321414192713e-02 8.871529872007055673e-02 3.117225226789842665e-02 3.851688863522531592e-02 9.338196684513822010e-02 5.156642765692692754e-02 7.947229568883530659e-02 1.093672428965573179e-02 8.334587547619745629e-02 1.845523315850690002e-02 1.013086788999024816e-02 1.143712361176476601e-02 3.397308258468541980e-02 6.897162449770169457e-02
