3.910116828582583248e-01 5.822726153444831437e-02 1.127386810732675382e-01 1.596252370764443540e-01 1.222376305230597482e-01 6.642861806081060139e-02 1.375728070398578584e-01 1.087462048684686156e-01 8.485011942702325172e-02 8.033775293498596204e-02 9.210338582918936590e-02 1.261976227171751896e-01 1.127208650005983304e-01 1.285351231137999983e-01 1.045120157742049916e-01 6.216711619887588247e-02 8.459538154028443946e-02 8.434626304586470558e-02 8.455632885670669174e-02 1.132890057271231099e-01
7.686556223181174874e-02 2.583900423241970723e-02 1.481064204841406502e-02 1.749980839192173329e-02 3.786018628043497092e-02 6.546902460198714482e-03 4.493804998678731927e-02 2.869511482674798677e-02 7.022764292320643476e-02 2.812666922524378887e-02 3.712975723435240488e-02 2.781866280039144504e-02 4.324276576871639161e-02 8.714347340121841867e-02 8.471975637137202364e-02 6.502205483628921423e-02 7.905884758987206939e-02 8.671219172976644962e-02 7.583453715764496006e-02 2.842036630969483127e-02
8.357799692796653857e-02 8.177068622119904040e-02 7.921814636464678816e-03 9.125326171850858814e-02 8.179592519550671348e-02 1.654086999387944287e-03 9.479209994183508681e-02 7.151357119736305445e-02 2.408085318850758730e-02 8.946800126368087414e-02 5.464421306155056723e-02 9.559977546044338970e-02 6.953336644581702142e-02 1.890151104912691019e-02 1.385053570725959873e-02 3.234411374350174700e-02 7.406740023503201320e-02 8.457103697235195117e-02 5.745647447498252597e-02 8.222864990786214745e-02
2.039864817128178576e-02 5.294620107696727113e-02 5.781966923320418922e-02 4.909605898237579674e-02 9.228577789647066099e-02 6.496048343837140804e-02 9.542188048157114466e-02 8.874403464658556229e-02 5.447025330401203229e-03 5.871325511500510158e-02 7.785195262696721630e-02 5.291150759658756059e-02 4.453809385769810086e-02 7.329476104650704815e-02 2.352544910313205534e-02 2.452222759594890021e-03 8.445189583591498905e-02 4.671571280684527760e-02 4.996281318783951653e-02 6.677261750635429816e-02
2.266725782531498617e-02 1.731020425074005636e-02 6.679599082456563752e-02 2.027104187090410584e-02 2.009518446521616278e-02 6.699881719483583020e-02 3.481384382633777308e-02 5.261077534379195869e-02 1.944110296542955404e-02 1.009825677181706016e-01 1.000968278843200332e-01 3.715469803052939141e-02 3.120850601530627058e-02 1.744530181117143544e-02 6.170517720969226350e-02 1.456014880894362061e-02 9.249255634164701978e-02 4.973716263179381314e-02 3.237664174988019727e-02 3.393536541342125762e-02
9.136102265826244462e-02 8.355858104495360317e-02 9.782963176666983895e-02 4.415549360949638791e-02 1.390797093552729666e-02 9.756535497374914379e-02 2.146814707970011102e-02 3.940722986432868002e-02 6.612859219226077667e-02 3.953106610523000886e-02 8.237470265475609066e-02 5.858072048725522507e-02 7.080175644394026691e-02 8.562172555452050859e-02 5.843229962616578593e-02 5.209329782978264212e-02 9.741019445293486179e-02 3.129401365550977393e-02 2.367138213020562876e-02 6.906813360735711282e-02
1.493418377285912063e-02 1.010799114666495885e-01 3.201893914464831042e-02 3.144369085468661645e-02 2.947368665254822620e-02 3.299469155011681282e-02 8.892936309980158105e-02 8.188566667388756659e-02 9.312133678619265165e-02 5.868057342899552636e-02 9.461397693942548426e-02 7.177273880720777544e-02 7.019721109199614228e-02 8.943551200547993074e-02 5.440475653001160261e-02 3.183512011288865823e-02 8.539236495139379546e-02 8.558366146308204678e-03 8.781083420178196130e-04 6.656065273341797706e-02
3.872542454568825981e-02 9.382567195877224153e-02 7.945951044726827506e-02 5.799442738999859709e-02 6.249426509939509655e-02 6.216349506914203675e-03 6.603543313089660360e-02 6.649411676362460867e-03 2.225350782081585155e-02 1.378807899421547606e-02 6.889570566855410250e-02 1.363328856592375959e-02 4.467602359405254547e-02 3.892341846512483577e-02 9.529363275259797317e-02 4.544290013889415447e-02 2.852082932751110952e-02 6.770772334266994714e-03 7.068672667235849361e-02 5.491963878389406750e-02
3.643852167682860160e-02 3.540405177361595490e-02 2.673523011510974684e-02 2.969489972137337105e-02 9.378661268806955109e-02 8.979040804502264050e-02 5.781896210686762738e-02 2.408175834722538558e-02 6.073265254562161541e-02 3.258684783081803454e-02 5.526633691562327089e-02 1.717391897281511648e-02 4.730515379927681396e-02 5.090620230946245328e-02 7.980403118518085426e-02 2.590180833716931516e-02 9.128916876264478453e-02 6.457769096790244578e-02 1.186615469240232673e-02 9.287620051570284752e-02
4.029906159609998595e-02 8.688307511920404652e-03 6.712796897167437604e-02 6.025192256561000964e-02 7.244653531828146309e-02 1.720111275005039436e-02 8.906809423127129421e-02 9.896012028994756460e-02 3.967440977890374088e-02 8.342215770302972844e-02 2.685305496492504038e-02 5.014460517343741902e-02 7.974030462304135258e-02 1.445719768373463290e-02 5.381993245678454163e-02 3.287661860058943217e-03 7.442070158330450769e-02 2.097092706470184836e-02 1.488548256616831385e-02 9.887845816107314334e-02
9.833952120186151280e-02 7.608872238956322642e-02 5.065063243291259565e-02 9.726370188004582196e-02 6.614222157856353146e-02 7.858154100872434544e-02 8.304888625732867458e-02 8.055196967227916394e-03 2.905643817232203899e-02 1.230390538061354976e-02 5.363047612363945615e-02 7.386111035462281094e-02 7.672981923109012392e-02 8.954152474875957946e-02 8.110705950144338205e-02 9.039176608725689455e-02 2.753833364187190103e-02 4.012156061689242659e-02 9.801760071797156748e-02 2.668083251747701418e-02
8.953813334700172488e-02 2.373448715936229622e-02 9.722655651935022125e-02 3.736069308197926403e-02 7.505616424570571432e-02 6.332917053942861696e-02 9.959525034655958287e-02 9.804366433684870430e-02 3.865387714191599600e-02 6.244939057040507432e-03 6.750850333961580518e-02 2.027801182820008694e-02 2.952654440533786576e-02 7.049240790923981537e-02 2.421344778275838147e-02 7.339786142406422298e-02 4.454385566745093505e-02 7.251443082225834946e-02 7.482359119029106942e-02 4.083022049247120311e-02
8.865183817331663552e-02 2.531844726132959772e-02 9.932183125304321070e-02 8.596724580854342435e-02 7.000053584799774409e-02 6.784474701883969061e-02 7.629816734954245061e-02 6.169309457213286579e-02 1.735288002602833335e-02 5.452830117344124178e-02 5.795682198004245556e-02 8.242294138735608774e-03 7.096241109937044544e-02 1.483886931028403390e-02 1.567657941817206940e-02 7.057078503596096730e-02 4.423308962224636876e-02 8.614906942418529279e-02 3.235988088544400343e-02 2.245039493974144290e-02
1.650107086929024011e-02 3.127806365855230475e-02 3.611122926512756043e-02 5.680189117904692331e-02 9.988359934195165102e-02 7.187185716900972021e-02 8.802731157919398142e-02 8.520938918976489473e-02 8.651242361053966545e-02 1.418629730580538845e-02 3.624291803598229944e-02 1.023499101678674575e-03 5.296036819907771337e-02 6.448283638349790181e-02 9.768242082658397385e-02 7.027233083052254747e-02 7.251755260811025561e-02 1.779188487948792780e-02 6.141842471565581510e-03 3.206268070181676061e-02
2.461421380037300335e-03 4.337421326683277983e-02 2.233042237293560509e-02 6.289793674342698815e-02 5.785034298285852278e-02 7.731046385564746548e-02 4.008442484429525221e-02 5.128635830296136150e-02 2.269294028958412923e-02 3.416037101791882802e-02 7.384330024257711178e-02 5.723531407000648913e-02 8.854453889182987980e-02 9.814498122312129147e-02 6.790178555600909216e-02 7.768689073735833561e-02 3.486928167575894383e-02 6.100288772852702907e-02 3.655869886612168190e-02 5.077029997478599982e-02
5.841284657665365282e-02 3.633105704810209863e-02 7.948893215828235770e-02 7.809665045224162272e-02 8.539482760133181027e-02 8.727658258430363858e-02 7.182068879670763795e-02 3.843529555877353565e-02 2.530221999084389904e-03 4.556002562788116078e-02 5.077292670194247237e-02 1.808360213502012773e-02 4.406026046407101465e-02 1.293801810524070062e-02 3.247367141551715103e-02 6.727031346225105513e-02 6.210337789863636798e-02 7.173040328682275292e-03 1.073744203909599536e-02 8.796316827106281933e-02
8.680270862616502880e-02 8.484896278634772304e-02 2.724582305318101749e-02 1.911855425979272147e-02 2.886795447124265723e-02 5.602720969376804444e-02 7.844028816088007006e-02 6.013578943462154214e-02 2.286511921123802332e-02 5.076118380999000007e-02 6.269877494994811895e-02 7.246600309204377643e-02 6.008366162721745594e-04 2.447879522101897506e-02 9.285849228504283737e-03 4.053890619306572268e-02 2.275128844899001329e-02 5.142500797607824775e-02 4.160106702650186519e-03 7.243531838877936835e-03
4.646462447391483397e-02 2.286587416236871700e-02 8.116474676484383959e-04 9.044867648791445058e-02 9.579718856092576951e-02 8.896176906914927962e-02 3.430145977079541997e-02 2.794134637119003589e-02 7.305429194987846098e-02 6.972074742085307419e-02 7.125093673323719401e-02 6.835527214146709662e-02 1.351972459109661469e-02 2.421238301613804281e-03 1.687254214881903297e-03 5.896972468893389718e-02 8.880653036290904467e-02 3.994709648272604802e-02 1.919736621235470023e-02 3.991581256884359219e-02
1.421886533845287924e-02 6.379075251116504697e-02 3.768146312676347309e-02 7.483667735617462180e-02 2.553589313640068550e-03 5.922403662559536791e-02 4.642019016560377381e-02 9.721958928160986946e-02 9.866846328118519804e-02 7.570455026638781004e-02 8.020133939401224987e-02 1.251065585891156240e-02 7.174181547140066895e-02 8.008249973216344242e-02 4.224658620062594211e-02 8.170279678197701900e-02 5.298677696317458108e-02 7.975663144507679284e-04 6.862315765023259406e-02 5.613893399134900486e-02
7.215836085431601675e-03 9.182447940288619714e-02 5.095713061458275600e-02 2.618856568255681014e-02 6.943669773540260548e-02 1.038983928413509533e-02 1.021825787825886463e-02 9.597990994336252912e-02 1.791954850039050376e-02 9.885519875397695555e-02 2.549344792255073266e-02 5.518868661682655580e-02 3.627829220969748091e-03 9.182110443697145963e-02 2.803095063278927823e-02 1.408613295342854305e-03 6.185823321731388942e-03 8.467655819137663575e-02 8.942242147336555702e-02 4.105905722162338234e-02
