2.451536175037573595e-01 1.045852606957305975e-01 8.537801492080621113e-02 7.045320858711254242e-02 1.671085822102970631e-01 1.016786972060881589e-01 1.338173287468372163e-01 5.720292116218241019e-02 4.281645154824674504e-02 6.198176947296874656e-02 1.228663891763532301e-01 1.266667521051532685e-01 1.123124488917976171e-01 1.355409660144572537e-01 9.571726978770994654e-02 1.179555501307059939e-01 1.265031580279015189e-01 8.712613063042531913e-02 1.190498183328104614e-01 1.229013027363959204e-01
6.796444796940604230e-03 3.598533544668911649e-02 3.878809312357373029e-02 8.563855528821266716e-02 4.124876130734940471e-02 7.527451875033569495e-02 7.653057586108513721e-02 2.379155451146863776e-03 3.758795403474016195e-02 1.508869440667649602e-02 7.679905781398677078e-02 3.565325476550790240e-02 1.138082087447805923e-02 6.861680491110236368e-02 6.919776829287320463e-02 5.584677542458067745e-02 5.295796677534271579e-02 9.121442934502305144e-02 8.383735804333823649e-02 1.943606418302432776e-02
7.611260465663366448e-02 6.526191055328232904e-02 3.055616842936800456e-02 4.472677404042971899e-02 5.021429001462152097e-02 7.939963380082545874e-02 3.638674864737578146e-02 7.194551280328795317e-02 5.036212385383154189e-03 5.824377624045806723e-02 7.514895687115819706e-03 7.056953182870147334e-02 6.761402457193092796e-02 5.839260013416407852e-02 8.779743646263428458e-02 4.339440863665128267e-02 4.434900111749345841e-02 2.671615356506931369e-02 5.783661922508121379e-04 6.588282761002788035e-02
3.355745452442902149e-02 8.610990070396103147e-02 6.076907216265670618e-03 6.766085501902377453e-02 4.320721404948388300e-02 2.599120656604255938e-02 1.844325797145148979e-02 2.422622602232018738e-02 5.777360019617139297e-02 5.514749789692968002e-02 8.756533291015454468e-02 3.384355335210235266e-02 7.691014148822272745e-02 2.317647043635153933e-02 8.250520920546258741e-02 1.269505601958098584e-02 4.812969841175054886e-02 3.770094340555912860e-02 6.591915132297147817e-02 1.911859467392985901e-02
2.043566374114481887e-02 6.976674724213556555e-02 4.822886204649843439e-02 8.239846388788267528e-02 6.650816666453385900e-03 6.633274937673715177e-02 9.580802616096062430e-03 2.896124017960121158e-02 7.295013967552800571e-02 7.526255644066782990e-02 6.261879220182682559e-02 6.407638666337617250e-02 5.680726059497307606e-02 3.445374450829490759e-02 9.820041683895301687e-02 2.038145229875645489e-02 8.430116168578231928e-02 2.660340029510492935e-02 2.179009630225283919e-02 9.615607433544726135e-02
5.696686525867779294e-02 6.379324681227642457e-02 3.928105440307661303e-03 8.968855047224976937e-03 2.446510495098509763e-02 2.212158939778685520e-03 6.530991285816922787e-02 6.320372523133968579e-02 3.171718364596592260e-02 8.997146080299123216e-02 3.992789225785976781e-02 9.311225979302828470e-02 9.255457395170086678e-04 1.963277288119551559e-02 7.598031882174691165e-02 9.902049726254874562e-02 3.974597847444551191e-02 3.652754053419043911e-02 9.891885962554369804e-02 9.991616148568532862e-02
8.237721393764695088e-02 5.029531015304605085e-02 5.531947343200954714e-02 7.114425328672824289e-02 1.282143960345569905e-02 5.673064985163698420e-02 7.090033678909353487e-02 9.935215239646326413e-02 9.045307266413193936e-02 1.612264932201746756e-02 6.629815589413609600e-02 7.515819812993398963e-02 4.933149967238628641e-02 6.121573757739526278e-02 7.299384540235469288e-02 4.837938419355337916e-02 5.281326912357934417e-02 1.929952501390728298e-02 3.118433701971079670e-03 9.775035370446872457e-03
1.538612255595662830e-02 2.600373772055741828e-03 5.971203456151524119e-02 2.200336376694938048e-02 9.538752980075661247e-02 6.308986082970563514e-02 4.242148346413603804e-02 5.829290020821264323e-02 2.688136938680640961e-04 4.610532091539315536e-02 3.297871297843605470e-02 3.921972059495126839e-02 2.284614222226810654e-02 9.039748919091428192e-02 7.860318770120969245e-02 9.351715520119915914e-02 7.394030753473394835e-02 1.223529848056118668e-02 2.732061835210873937e-02 7.791143869473976524e-02
4.118886625936825363e-02 3.143274623309385424e-02 2.161526251287445785e-02 3.594297838604317008e-02 6.403911829346476021e-03 5.259630774464171821e-02 1.091684199442264497e-02 2.915253859737877706e-02 7.980198577772686097e-02 1.186517408743426039e-02 1.348688416612951052e-02 8.097368817454486667e-02 1.876820781135555422e-02 3.732224195084630353e-02 6.520940159521608492e-02 2.752662759552909622e-02 9.183449054991354998e-04 7.814337992811762335e-02 2.795695360064424234e-02 7.125891919592734769e-02
4.942424226144074423e-02 8.638751201232273969e-02 9.895667358287274507e-02 7.521658819403825857e-02 5.620415137376833133e-03 9.560606878609351211e-02 4.969348992423169853e-02 5.983099804816760514e-03 4.203041974841840306e-02 7.566319789203496127e-02 4.553538459420410078e-02 5.711292976031578233e-02 7.554254007306326901e-02 3.661131785011213780e-02 2.806576646459751911e-02 6.844186620629952311e-02 3.506157213338698814e-02 9.059837662427040750e-02 4.464091432091901734e-02 5.796561668249806953e-02
3.598253177942156711e-04 3.292397616067610500e-02 6.657299144106147704e-02 9.054620240238020479e-02 5.244762403067761147e-02 2.510839446330083435e-02 6.836142013540764950e-02 8.376125422906227636e-02 9.766849409946111449e-02 4.319095639314010637e-02 9.711199990223845502e-02 4.279150013831609783e-02 4.363155496517789889e-02 9.417013316652261823e-02 7.002522304978202328e-02 8.934981778701710231e-02 4.915967976309366071e-03 4.502360715851754652e-02 3.834859410472729602e-02 5.681383532306460982e-03
1.284381538435428599e-02 1.224978228022702981e-02 5.236202528878022844e-02 9.537735069195431292e-02 5.404638906622347139e-02 9.202809009563242548e-02 7.436732445025752425e-02 2.527669120088528454e-02 5.917066588397972698e-02 1.306019484508559418e-02 2.316060940437916424e-02 9.381927423638974917e-02 7.816832789249078539e-02 2.634335221310065908e-02 5.433550350268489398e-02 2.987915815444013370e-02 9.336931493437074236e-02 9.656211466961844847e-02 1.217756790537341018e-02 3.233390138838742461e-02
1.034716186685728095e-02 1.907541003415247479e-03 5.635948740790280159e-02 3.270071428927162627e-02 2.871693583701270466e-02 9.025195820672374247e-02 1.762367867072115596e-02 4.635092294023136772e-02 5.779878928803912352e-02 3.681804379123364973e-02 3.033614956031873908e-02 2.444257903729971787e-02 1.261277333742484401e-02 9.400686994438589572e-02 3.271801865516513891e-02 1.677558903251031783e-02 5.720702755423143909e-02 5.608491007485299357e-02 6.291268055516457958e-02 3.766841585126279313e-02
2.745033165872821229e-02 7.735270894657864105e-02 2.643431995598055726e-03 8.729110601801408353e-02 8.263083112871287550e-02 1.362857887695304721e-02 8.369850989817011200e-02 9.956926176000001349e-02 3.631527357924725641e-02 4.577199213557039958e-02 1.751797463066001592e-02 1.689000371464062164e-02 7.007419426664800166e-02 8.205506923990324442e-02 4.914725393817021004e-02 8.663598638310875122e-02 4.422137810304017057e-03 1.847303465053199562e-02 4.662709215031939775e-02 1.819952618515622428e-02
3.097501992921292396e-03 9.313201858739586503e-02 1.196599402627340769e-02 8.117222343878571778e-05 6.116769092991386492e-02 6.515942900148612160e-02 5.021454271489122351e-02 6.202798869827189782e-02 4.186106418213983438e-02 5.684027415425419241e-03 9.174309925922781439e-02 6.068248899102225702e-02 7.711088337328637909e-02 4.511088280331906897e-02 8.765428645585246481e-02 6.923104907131652497e-02 1.437275724488775754e-02 5.275823964478898887e-04 5.742179155729927598e-02 8.640350072170477694e-03
7.733259272606453349e-02 6.483455926154978177e-02 6.383549831538803954e-02 3.038501477182323912e-02 7.945049465566883518e-02 2.366413575004911243e-03 7.420686908998189169e-02 2.163521801692811636e-02 9.031777868701040823e-02 6.748015955324784820e-02 1.345779183449885563e-02 3.878764393198830263e-02 3.196290829666362937e-02 1.028608577977616761e-02 6.486848760973025485e-02 3.136929129170623609e-02 3.732693709082079980e-02 2.678208693204570112e-02 5.485169509896069967e-02 1.748502255901981592e-02
7.948127780208641413e-02 3.764653935110565119e-02 8.225649353727364221e-02 5.117543698306993571e-02 6.338067314002426844e-02 5.840166797681614619e-02 9.817937022302776484e-02 3.361162203148238253e-03 3.495389405612109313e-02 3.880765876985303731e-02 7.576499783013156131e-02 6.943162732087587719e-02 7.928424868226563449e-02 3.423439352469023061e-02 2.942472308912358336e-02 3.667523781506597941e-02 7.909010114881656617e-02 1.273176899658983244e-02 9.872239710528619983e-02 9.778758680058204089e-02
3.968495872166510723e-03 9.721176688428215251e-02 8.430523070770196137e-02 8.145378066111101656e-02 7.638230895044005597e-02 1.048908910686908828e-02 1.921529723846202714e-02 3.839904687340145450e-02 6.380802742071585432e-02 5.840893694665695579e-02 2.790398096014741480e-02 7.936880814056371247e-02 9.565471912288332768e-02 3.335391574306648815e-02 6.783161445802635137e-02 2.768857421296758853e-02 1.128344807339232148e-02 3.178387153192124143e-02 1.705621537482008426e-02 2.891071745841400364e-02
5.658326478449448443e-02 5.724553956961789258e-02 8.084930324247818767e-02 1.962980450320381959e-02 7.227579120389951428e-02 8.508430503841356296e-02 8.566562725900442321e-02 7.167675918173903316e-02 8.236058851140377890e-02 8.014951255366963012e-02 1.415332814563556932e-02 5.174091844104640459e-02 4.640668251792418042e-02 5.884429403004703962e-02 5.192654599429507439e-02 6.163365572211248339e-02 8.739870784057678088e-02 9.756986311486219587e-02 2.777748547711529625e-02 9.756496672933516467e-02
2.838339125244509001e-02 4.960529455858614378e-02 9.145012282381620450e-02 4.515631177687483983e-02 5.381765108742891240e-02 8.971336843355938451e-02 1.925913049824089576e-02 8.318752116362315707e-02 5.610027868058409251e-02 4.163541503964373475e-02 9.534269374970372191e-02 6.490968222814154365e-02 7.659944372517750455e-02 2.142395763267300815e-02 6.997925524723874746e-02 8.181733177759670239e-02 4.041188714629615625e-02 5.679276009778984335e-02 3.337743623502983231e-02 2.837278767931381701e-02
