2.071651148692931488e-01 1.163816880262640158e-01 1.118981467215579284e-01 1.217439835885744115e-01 1.058685025944472585e-01 9.367424853977844579e-02 5.319011956239180078e-03 1.213770317301543500e-01 1.598712028839244514e-01 5.431372085460017818e-02 9.178924603249578873e-02 9.582750917248977762e-02 6.526044865899693903e-02 1.122828728608309123e-01 9.245610755368202649e-02 7.092764239696963680e-02 6.865756297293462707e-02 7.504469126940144230e-02 7.867407665081979640e-02 1.023827205435931531e-01
2.242576583037174734e-02 3.941169179631024561e-02 4.524335536704409549e-02 6.287305514272949203e-02 6.811012010065213562e-02 2.925651537028295390e-02 3.451754858857332409e-02 8.381522599946010510e-02 8.052814512571063177e-02 1.832781890295138646e-02 4.897612612237889351e-02 8.500346166901778799e-02 1.840113677462695959e-03 4.948245079668962820e-02 2.613122550286752985e-02 5.934480532663329033e-02 6.725236522833472064e-02 5.594323491283029193e-02 2.826335801762598632e-02 6.437326937971087071e-02
4.602095297956704245e-02 8.728487371735460520e-02 5.082846912849569437e-02 6.732485003598448481e-02 6.977106520440098936e-02 7.944610687051348319e-02 7.244470600166769136e-02 3.644718972468668355e-02 8.686050060100451720e-02 6.038846008835659085e-02 2.082537909659243520e-03 2.975499095700905386e-02 9.157706339631671577e-02 4.277576050785120154e-02 5.369579832979209238e-02 3.894574781413654568e-02 8.318081300051796689e-02 6.622026532624238071e-02 7.524913571136988832e-02 7.741982286284643895e-04
7.188898174064915769e-02 8.597272457462790118e-02 2.254736669065016304e-03 2.115460521982758316e-02 4.993607279702656776e-02 4.780695624457699522e-02 4.482713820069317290e-02 4.334948500824578610e-02 7.426368953239426661e-03 6.147662137957963374e-02 9.648737246882434226e-02 6.029566512819054674e-02 4.238905877997250354e-02 1.926458333166974901e-02 7.486195809543859381e-02 4.271105627651201886e-02 9.663930122491004582e-02 4.860668824840987112e-02 2.412784914792887123e-03 7.372836164512495960e-02
4.940945202599165281e-02 8.865729597953402041e-02 8.385773027824267034e-02 7.203294477473021901e-03 7.943969477091519793e-02 5.920737356937480489e-02 8.228131002331962041e-02 2.891733665199633027e-02 2.660783680071232560e-02 3.884295386541891659e-02 4.746979539540085308e-02 3.440125084066708583e-02 9.711942676649737427e-02 9.034178755752889090e-02 3.011425335410629345e-02 7.808948943725316227e-02 5.739320397286579167e-02 7.053611533609120687e-02 5.278385605216778104e-02 7.772236440128392487e-02
2.378383088119939703e-03 3.585257429845998406e-02 5.608494157136326846e-02 9.101622976992800040e-02 8.030613368074809855e-02 1.222081723287816828e-02 4.410417121450698613e-02 2.130072882894932379e-02 5.680377998997308137e-02 1.284768409914360809e-02 9.126171967498405979e-02 8.986161482242582821e-02 2.736921996427961468e-02 2.860699226562923858e-02 9.823510249643452319e-02 3.046767861046259171e-02 1.745641736897721868e-02 8.069382885111381354e-02 1.264139704934135258e-02 3.861725575007760730e-02
1.617536318637504897e-02 8.075186968635900131e-02 8.494118388273839970e-02 3.595599447224202827e-02 3.799914089580625192e-03 5.546463137368854573e-02 4.401284950846891253e-02 5.217583139600271563e-02 7.490086384650562756e-02 4.441528956417865187e-02 2.810590217945524438e-02 7.832543959322629812e-02 3.610977975203993190e-02 7.493506964787087499e-02 9.920128893976171147e-02 5.769714496890743227e-02 5.248372655032962353e-02 1.932596325395252810e-03 5.745175733814918140e-02 2.087770841353465967e-02
6.639503197937972334e-02 3.720218770019002863e-02 9.761176144532887622e-02 7.545277294519878164e-02 1.534301416977242906e-02 3.774759398840002445e-02 7.906773716741278060e-03 3.467059728372064858e-02 1.469632601116501770e-02 3.806912094606356572e-02 4.501105069406960424e-02 8.120538498808298200e-02 8.176176914481383950e-02 3.998251052358717944e-02 9.682809499950224830e-02 9.558570377164843368e-02 4.236369284031349901e-03 1.068048075847390956e-02 8.431711227310059731e-02 8.176326775608550035e-02
7.452641303413415352e-02 8.888169835018604192e-02 5.093791680456162541e-02 5.822790255617310562e-02 4.725280373337989448e-02 9.280762229079131398e-02 3.790539814148228409e-02 7.966722438930663730e-02 5.805661045631693891e-03 9.752885073167147367e-02 3.858547205280135617e-02 8.764708135911170039e-02 1.158553439273579677e-02 5.405244052304239433e-02 6.632044985841518969e-02 6.969191407087584056e-02 8.643675145494809919e-02 2.020157817247121568e-02 9.938116640342418984e-02 4.293768250966811806e-02
2.939700043039131933e-02 1.217503968063637920e-03 3.974210271610206097e-02 3.502447248086081738e-02 9.182833031906911803e-02 3.140605331052638560e-02 6.718604122251468913e-02 2.379119629934417501e-02 8.409181022896561331e-02 5.220552235289549481e-02 9.322245228206788026e-02 3.202340450102593439e-02 2.931828836393167784e-02 3.308044479626148088e-02 5.322599150800802481e-02 9.832763508894243332e-02 7.636179069675153031e-02 9.200602921934858403e-02 7.492046543232348810e-02 1.308070959797338374e-02
3.027012660999341132e-02 4.338639401817648983e-02 6.975495083067959068e-02 1.350744710250713181e-02 8.725033696492329183e-02 9.826331994971942985e-02 5.910150257371168947e-02 4.608617234108931815e-02 5.580388397527751704e-02 2.836237656626263912e-02 8.764308196957706909e-02 3.583026957655235240e-02 6.757331675476949129e-02 2.732486998632115485e-02 5.731770264643836627e-02 5.242866434788178570e-02 5.065566326799686783e-03 8.047055004922987198e-02 6.386789212010007821e-02 4.591823765693654746e-02
8.257650254214944294e-03 8.773809122701289875e-02 5.662130184883543832e-02 7.047296218104119603e-02 7.785501818285701925e-02 8.497909327325511852e-02 1.727811352758921309e-02 9.985447825436633007e-02 3.057270231260318660e-02 2.251211362760273740e-02 3.911753242125970420e-02 9.579645097791343600e-02 1.481283777391090295e-02 9.852350544683116662e-02 4.195901925637091426e-03 9.801448247751934351e-02 1.595423260377775224e-02 8.240992254562604091e-02 7.042367651011520457e-02 2.257769014357957627e-02
1.437589900721945174e-02 6.624048052468518855e-02 4.875850362735018040e-02 2.753301471520252022e-02 1.455781983447397392e-02 7.143438797451662214e-03 5.104900824943749138e-02 8.896580356200134432e-02 9.494589631692285092e-02 5.062727656305187479e-02 1.589102708006695595e-03 9.599127076526585423e-02 8.905959455249129464e-02 2.136755747059239374e-02 8.907226730309542040e-02 1.156396310145713091e-02 2.972365302801348655e-02 2.566706105440833691e-02 6.932127146086269898e-02 9.633949657265189481e-02
5.259132102677757659e-02 5.970772748774411456e-03 3.698254136126971625e-02 5.523819722563512447e-02 7.679602916406502722e-02 7.186883664028236030e-02 1.803042793650160361e-02 6.612346214730247321e-03 5.869819948693203587e-02 1.706517733930281930e-02 5.051175074032315110e-02 5.660224780654386084e-02 1.877611674571213682e-02 7.836049836585567974e-02 9.815811966511017728e-02 1.785109136900095081e-02 6.432690835318245759e-02 5.122160267130265038e-02 3.816455351579237792e-02 7.872818989345592433e-02
4.961479819582825107e-02 1.111618646356691414e-02 7.215731057200179543e-02 4.569729099873470063e-02 4.236630814022801332e-03 6.151486553038657684e-02 4.387292766287070878e-02 5.023360805485124758e-02 6.423629495529027678e-02 7.663263117160987181e-02 2.971382900378846323e-02 7.977506519996829804e-02 3.401799542469981924e-02 9.588981758126325500e-03 5.284914315973356091e-02 6.535123856732383274e-03 2.577798736466988677e-02 7.140487547412288638e-02 4.536914840274067218e-02 8.672100451072968508e-02
4.868812651222714089e-02 7.124115653534100756e-02 8.133848076434980687e-03 8.149693245491727855e-02 9.097385396202313512e-02 1.498859897372639693e-02 8.700692559617026478e-02 9.607342364616401620e-02 7.372358273645285287e-02 2.954170105536744334e-02 7.629076673584213319e-02 6.059400447544997098e-02 5.620303625524273455e-02 9.252569779851055332e-02 9.158214804661007902e-02 3.340941046836701928e-02 1.996459661638632158e-02 7.298159632327043400e-02 2.625059945818119037e-02 3.845199952968814117e-02
9.515332817720639769e-02 5.301230628659674843e-02 3.048857955082299315e-02 6.700263378953455473e-02 3.313136265553486698e-02 3.195963539419225535e-02 3.008569181497714601e-02 2.597012331273246266e-02 5.255105835468640296e-02 3.940568943454569178e-02 9.246945218309182701e-02 6.769915660337676167e-02 1.572455163904861244e-02 9.451759511672844227e-02 3.939070628076526970e-02 3.249260306105339335e-02 6.236420874043724361e-02 2.546057433602574513e-02 9.119251765671038124e-02 1.290623524335357021e-02
5.805715202311825807e-02 8.096651071350804973e-02 4.558555655184236971e-02 4.133691460799657907e-02 3.774971078244883371e-02 9.751788278918845088e-02 4.287753060403869804e-02 7.374729150607296779e-02 8.359878267407028218e-02 6.740065492904612904e-03 6.846942438258378505e-02 8.268648051437954560e-03 2.714457794987784611e-02 8.525636595319249778e-02 6.011902692433253315e-02 1.538213641454357940e-02 4.446017338920264100e-02 7.333174076721817036e-02 6.566776797503427743e-02 3.417762713698000582e-02
6.900153976675447998e-02 6.331511933225049404e-02 2.572969260829448615e-02 9.854752222841894893e-02 7.650035983503887527e-02 6.724210452772708124e-02 3.607502934422576052e-02 8.756287301098091003e-02 6.818151896361861197e-02 1.250850443850634076e-02 3.239811109352277313e-02 2.691679520859325062e-03 3.803333585177284815e-02 3.679113876978875458e-02 8.939173164316399633e-02 6.659200829703582070e-02 4.944545845141316148e-02 4.340596226571352689e-02 9.002671554517710506e-02 8.142997239807961418e-02
6.584773730704895911e-02 6.875482023433487910e-02 8.428750820777518304e-02 3.887818550932786721e-04 7.558449041519500755e-02 1.328285516657851106e-02 5.488325151493855109e-02 6.503405285370046640e-02 4.972647942700345047e-02 5.392199038486161777e-02 4.561017771590483716e-02 1.154912083004863178e-02 7.152519309038718638e-03 3.518099318703695605e-02 2.524892244343050068e-02 8.108217325523559005e-02 8.641627645837075822e-02 8.460336124221827514e-02 1.843067445736593785e-02 1.250732965547992660e-02
