3.204484360977006840e-01 1.050806671463846154e-01 1.737204235741054981e-02 7.466148969479521891e-02 7.319903817900680343e-02 1.395838438733409438e-02 1.427479164207511864e-01 6.700521560824596046e-02 8.601555438980651447e-02 9.700046139587442662e-02 1.271258009138803158e-01 8.861515082377494079e-02 8.047956465977057494e-02 1.213366851167320681e-01 1.450241901232162123e-01 6.638916130293504025e-02 6.984603086541149586e-02 1.132326988851082017e-01 1.160129970961965573e-01 5.117583061828192420e-02
2.721539302801139273e-02 5.588481261829671837e-03 7.719264833476822962e-02 6.131707696360599175e-02 8.295942059561538240e-02 2.432709191893375408e-02 6.519185890443705833e-02 6.108106439221135803e-02 5.354934947298636838e-02 3.641465580545575481e-02 8.718793145415645873e-02 4.659960722174437409e-02 5.213312572608522905e-02 1.770580292916462684e-02 4.149493835212342274e-02 9.482608949798007614e-02 8.945192222802535176e-02 2.692308405145107941e-02 3.713622179486378294e-02 1.515088099782021733e-02
4.779392075306750087e-02 4.729032074469139563e-02 1.617597786779863614e-02 7.494591691715928039e-02 9.475256329726476634e-03 4.661967058460301377e-02 5.065794843536666758e-02 1.954228724667175440e-02 9.037982199623659230e-02 1.577295964574345840e-04 5.602810830725296447e-03 2.460165818166793264e-02 7.197912116622133538e-02 5.345642069247706803e-04 8.833369562627528537e-02 1.025047260069898991e-01 7.992283068090000331e-02 5.587370877230941196e-02 7.688952352112209121e-02 8.380528210538613909e-02
2.914296736843955890e-02 2.683719770149050818e-02 6.060403483254471826e-03 8.904251648443005374e-02 8.755448859472414469e-02 2.159984764767843360e-02 9.793241018134087039e-02 5.065815230454197987e-02 4.303341816952664829e-03 6.227806727402589171e-02 2.540179710894787529e-02 8.831247805267273404e-03 8.517246767140897179e-02 8.246612065239766753e-02 3.704328362926108398e-02 9.162676972664524078e-02 6.041684596031090398e-02 1.026193114816137050e-02 7.832975202707420648e-02 2.614496941810135269e-02
9.818053414808775026e-02 2.782855360826902089e-02 2.985074258356149382e-02 3.186787071335542981e-02 8.571942818019340216e-02 7.211507433778339970e-02 8.532652623449319892e-03 8.854616697487116550e-02 1.109534114705390886e-02 3.866609943729934929e-03 4.614432391919458948e-02 1.001547492036238690e-01 8.409102941161610001e-02 8.074903083254873770e-02 3.293483202375877689e-02 8.022055542968865860e-02 3.170024330278937985e-02 9.645607055413318864e-02 7.034930610096770676e-02 6.040769370281217493e-02
1.251998306316238346e-02 1.026114102324703903e-01 2.104239014366538277e-02 2.913004746966489297e-02 6.042875339430642256e-02 9.882314281381557319e-02 7.374032725738463578e-02 3.230141167528189500e-02 1.628160216085605336e-02 3.062934622372168528e-02 3.216076817511578229e-02 9.951918884659571862e-02 2.708043678239437785e-02 9.576097811892822498e-02 4.409634054148092730e-02 5.940937274541079754e-02 3.363190814739566714e-02 4.319628534747158022e-02 6.712269773072176982e-02 7.505814782165140531e-02
5.691483466551024162e-02 7.406055619213566810e-02 1.409658670156746334e-02 5.921642302662681601e-02 1.303347065330325407e-03 4.904640827724444929e-02 5.885034151344947784e-02 1.188327994349932908e-02 8.470924609319922111e-03 4.234402848509218747e-02 5.414720931725192088e-02 2.732202102906633456e-02 7.220777129077957102e-02 3.744108481041640707e-02 1.867688185261080422e-02 7.452908916371953074e-02 3.448226185128660387e-02 8.827402677575159340e-02 8.252971691071364635e-02 1.631234040524722276e-02
3.301877071824616677e-02 5.763962560920147388e-02 4.321502126931365401e-02 2.363634880221429646e-02 4.940329466612413539e-02 4.409036988702760146e-03 7.277811508630013804e-02 1.022495417400322709e-01 5.147849799989639118e-03 8.699224492363033523e-02 4.942255476043184992e-02 2.156542439536643634e-03 4.262073097296606439e-03 7.734740945418076830e-02 8.835150427726319589e-02 7.004130439022114574e-02 9.434242677576540337e-02 3.041124332217208168e-02 6.399256989689398878e-02 1.510071486005539962e-02
5.780251537504519505e-02 8.135916697714930257e-02 1.802858216666933938e-02 7.437918324097601841e-02 2.766351671588266475e-02 4.010965750861058415e-02 6.662170142292585251e-02 9.347787073907794231e-02 7.063007266943500950e-02 8.025435063263250401e-02 8.478408745308763095e-02 2.431233479900793415e-02 6.551887038462778090e-02 8.374966430314710608e-02 2.161792451873339668e-02 1.019643805034352591e-01 3.854282999954799366e-02 5.476256499485424034e-02 4.790457528720713093e-02 7.683216155941843817e-02
7.053809495431226373e-02 9.822366909643703847e-02 2.342696710229241405e-02 6.799075112668760690e-02 7.272707242502814140e-02 2.787602629558178294e-03 2.823450906792163498e-02 8.677251699649690675e-02 2.684562805078762049e-02 1.161237310638532812e-02 1.488212962754249845e-03 5.555686031611250381e-02 4.028425744957619264e-02 1.448426630259992166e-02 9.719672645390661780e-02 1.001144961461184757e-01 6.059285352312409473e-02 5.559043512093893996e-02 7.743616323321243777e-02 9.362498227399815298e-02
1.719220042809668433e-02 2.757960933116082938e-02 1.533024465106036169e-02 4.974361597299497423e-02 4.212588969179304269e-03 4.589142001889901651e-02 2.456441304751821875e-02 7.770040989081483662e-02 2.698637833388045984e-02 8.745950151383655169e-02 5.124126340019911907e-02 2.469966331851713645e-02 5.755491209355846627e-02 1.191553781555146699e-03 9.567688690052893186e-02 8.355321467852738770e-02 2.056474162207387948e-02 8.966874426780231666e-02 1.032834144662504727e-01 2.854690834045071554e-02
4.108439545765331553e-03 4.229279418923416640e-03 6.497308498695475443e-02 3.366626813565597870e-02 8.106651820278451548e-02 8.142446418222323845e-02 6.549294530207287746e-02 1.844924442945129403e-02 3.323268060581974215e-03 6.496620159251259574e-02 3.750318560217667102e-02 5.187328640092457588e-02 6.735850277487751003e-02 4.907985969983949537e-02 1.048137043074692104e-02 2.965609807912878912e-02 1.011402371285198970e-01 7.453553409754215542e-02 1.629848863394339461e-03 1.514350714076866892e-03
6.305605566559542921e-03 7.052959979205744578e-02 6.359405417225842683e-02 7.266167825430047689e-02 4.016391745366604260e-02 3.465280330498338168e-02 7.483455633280276798e-02 5.339256497238355215e-02 2.855458885985126191e-02 3.817754614814476699e-02 5.512375799807364696e-02 1.215752340658132410e-02 7.648529091844498418e-02 6.835449828270030725e-02 1.022522831548838690e-01 7.668994498723279152e-02 9.094411985980756230e-02 1.868751108682277159e-02 7.578137974814089239e-02 8.672073448476057267e-02
7.450170497132918568e-02 1.353113097599727144e-02 1.352563639076914855e-02 8.233402448619754621e-02 5.253838013825327252e-02 1.001867265699131621e-01 7.742418895243091681e-02 8.190384327642348528e-02 9.427776042043750637e-02 1.012950697587192972e-01 3.760926993916215849e-02 3.108366173641306796e-02 3.718070067422100250e-02 8.827168231676985055e-02 7.786258872174699197e-02 5.987627376836213156e-02 9.416317481423719382e-02 8.860490750783284186e-02 6.234413681641930854e-02 4.971287967332378710e-02
1.004474273926190681e-01 6.683371164765386507e-02 3.145109644263612003e-02 7.024317614327593717e-02 7.003609854910443355e-02 1.013010604529693826e-01 2.979983928665418808e-02 4.630138803058336805e-02 2.461519953112035683e-02 6.857359441098207810e-03 1.173446867368894107e-02 6.151039609238229816e-02 7.291438269629532676e-02 1.016922337813366828e-01 8.677042695441784803e-02 1.010476928393569257e-01 2.390452112785393542e-04 7.053338762572369802e-02 9.668949254997082077e-02 5.258420706038452463e-02
1.001546135106615720e-01 2.969504290281483119e-02 5.736097464702750136e-03 8.061540337915489018e-02 6.684864047789372543e-02 1.019961859841792169e-02 4.786861411762387969e-02 1.857263872396797480e-02 3.457650894268030767e-02 8.874655664204735006e-02 5.022798615538486000e-02 8.145125573274826503e-02 4.924180218359505701e-02 1.496798972353561782e-02 8.999172800041911613e-02 7.231508147435999900e-02 2.413844732164685536e-02 8.970074075384663892e-02 2.103538467867287556e-02 3.061774218936203331e-04
8.397169745881842562e-02 9.209333680070665162e-02 2.142427641291523230e-02 2.998672836064867134e-02 6.523470419284498056e-02 7.847453531856127262e-02 4.733741511907760963e-02 9.964259520416489380e-02 2.363048739736639536e-02 9.728487431987087319e-02 3.992838253660926234e-02 5.346753178917065807e-02 3.118681698387466145e-02 6.748032404498214600e-03 2.521346140328707686e-02 9.948192515023657201e-02 4.823113873743766974e-03 6.579634850406936020e-02 8.389700476971610754e-02 1.809069095390518356e-02
9.527598291373867712e-02 7.619485387569382984e-02 2.166166341902526441e-03 3.801824404441749711e-02 2.597468572589098357e-02 8.426999005545152133e-02 5.152034120464166894e-02 9.541467645868252634e-02 2.481362094751581385e-02 4.525648641345374201e-02 8.935674779990157579e-02 9.632691369421364502e-02 8.522835828421557181e-02 6.385015015172462727e-02 7.802176991911288773e-02 6.325724933523858839e-02 7.725815766088497960e-02 5.269098815504832771e-03 4.837320121827385494e-02 7.334090204953301606e-02
2.575155649405312316e-02 4.215301945703883030e-02 8.315636198304948365e-03 8.421529483524477222e-02 8.174308072556875360e-02 6.625399098825828295e-03 3.215013996451249190e-02 9.577758604726956115e-02 8.129379597872303520e-02 7.492829435571228547e-02 4.504733771419434755e-03 7.390019660300653492e-02 8.711483281484148911e-02 9.605489414657211733e-02 2.309207788183855262e-02 2.638980145882124494e-03 4.542223327940771160e-02 7.551978454799210261e-02 9.261198592305432131e-02 9.336560769225053791e-02
6.744605193452623583e-03 9.228909160703215042e-02 2.368011409047625013e-02 8.940256653396236319e-02 5.479657596217247378e-02 4.098355633652924000e-04 5.522164680265760628e-02 7.659359441152599479e-02 5.756925841088487983e-02 5.115253920209562877e-02 2.848771322617469487e-02 7.480497165526084347e-02 1.917198258135311209e-02 8.131914673059432996e-02 4.047885080946585223e-02 7.159866957743007965e-02 9.527000994876680395e-02 2.080270698712860522e-02 6.580415504407122196e-02 8.436790710968977702e-02
