2.074175077756315877e-01 2.972855167660661685e-02 5.730757155430625527e-02 1.489757487862510832e-01 6.957633660926118568e-02 9.603724729770683755e-02 1.005814992844475675e-01 2.908021861699626454e-02 2.976506037724992865e-02 4.721446962165573580e-02 1.260784830546268220e-01 1.328066209143538845e-01 9.888121852136769196e-02 1.033709837265017750e-01 4.194464491600280454e-02 8.347249096095595011e-02 6.000841537722679392e-02 1.156443289128773477e-01 9.906058023900972398e-02 3.038427226714062249e-02
5.391266384300128639e-02 6.338521798582312516e-02 9.769854059696778115e-02 8.397791453573298648e-02 5.295494724356965277e-02 2.926104824500222121e-02 1.606197768771100562e-03 2.725759661089031255e-02 2.535125037380429186e-02 7.514382211047249127e-02 8.667999807375781351e-02 4.429020430246104895e-02 8.092598574088205252e-03 2.571520378538213678e-02 7.265425453938911815e-02 3.522517535086098356e-02 3.721128200072573028e-02 7.507193726327279770e-02 5.015645007975941955e-02 5.914295169402953439e-02
4.805264499657276034e-02 4.834805557831283601e-02 9.208943446229846119e-02 5.403100176077757499e-03 9.254790238054882989e-02 6.206393328989890171e-03 4.567580445562378216e-02 3.848001773122104036e-02 1.745431615640014034e-02 2.869737938948113947e-03 3.107857169902090988e-02 7.503476422347661601e-02 2.443703689476614191e-02 6.180735981566938542e-02 6.837639314966316439e-02 5.601034802909837101e-02 6.748767755656305545e-02 9.013567519502274639e-02 7.647548906774248589e-02 3.918669568386887875e-02
2.766015782588936503e-02 8.916240728361346513e-02 7.223295573312191187e-02 9.252726573252677278e-02 9.573518698765506874e-02 7.786116416297923781e-02 2.868425021572363004e-04 1.638542916782632572e-02 2.699361530499938544e-02 5.107076294277623774e-02 1.535702793009663392e-02 9.996153434163057572e-02 6.389039917796499046e-02 3.704215479520084342e-02 3.988004333606720575e-02 9.937881056205033481e-02 2.056413743924230542e-02 2.070900278722660748e-02 8.186498577144296629e-02 7.151543082642369820e-02
3.807206785091225149e-02 2.929583762198935404e-02 5.319739349308155035e-02 6.463877929716251025e-02 3.396990956015482482e-02 8.462786306890568433e-03 6.486879215149835010e-02 8.052291008756416735e-02 4.576552576499215777e-03 9.973143086042612904e-02 9.140524174487828224e-02 1.456444865104342817e-02 2.520959022245242848e-02 3.777176569647117121e-02 3.145615103064679924e-02 6.837456811066952578e-02 9.758710240644204170e-02 2.687774761347505852e-03 4.965309443332132505e-02 6.202009816125662184e-02
8.042585335095134291e-02 9.126845078200994388e-02 9.152345668571656989e-02 4.664496872772863623e-02 2.116484726006218325e-03 3.199034570225086499e-02 6.503578849013495755e-02 9.222635105415925849e-02 1.939752754192849635e-02 5.927982327137697877e-02 7.988319968384283154e-02 5.525957461888313799e-02 5.210096811637322800e-02 9.847131583145787848e-02 2.555286275329882520e-03 2.842258803148084434e-02 9.309184189509302210e-02 4.760035832841314277e-03 9.027372687966311871e-02 7.246063448691087393e-03
7.596324549494169742e-02 7.972647419340384012e-02 7.846046898779582279e-02 7.494710049829615695e-02 4.894065589862015703e-02 2.203948886190909562e-03 1.093234740388447992e-02 9.407765742010520960e-03 2.689668013534262173e-02 6.914398985228882577e-02 9.676682359104922526e-02 9.379580175872501147e-02 8.342043078169761317e-02 1.308458418677254168e-02 8.192025240418425447e-02 5.576848710948598825e-02 7.631183947614615659e-02 3.202562263868762721e-02 6.463731954381808642e-02 8.650773195397938597e-02
5.492728569846055259e-02 1.887583094729138392e-02 4.146967968814139344e-02 7.646043674830382830e-02 8.790094296960432318e-02 9.225042653532261605e-02 5.673785167480319136e-02 8.786634987853661483e-02 7.288180567106385122e-02 7.748827443402267479e-02 6.965518334107333176e-02 7.481271496067001814e-02 7.783039004697529795e-02 6.508311963105103959e-02 6.257458300173524522e-03 2.652189294949469645e-02 9.954704895363483685e-02 1.690536089716723409e-02 6.785585651863444701e-02 8.099987124878944844e-02
4.251244384642859780e-02 6.578228347292383593e-02 1.541365892338069157e-02 8.275750473595938628e-02 2.527443156856398407e-02 8.080429460087334634e-03 2.263230037831666375e-02 9.706286586127778337e-02 4.328230215259915026e-02 3.887578048982523460e-02 9.238651419150156752e-02 9.031861731014417805e-02 8.900757923215381340e-02 5.087300579506115472e-02 9.764687215631089046e-02 7.216890342911873313e-02 9.288818960561640026e-02 6.591643502417499079e-02 7.643829296996246248e-02 8.952722089160952690e-02
3.699192879343198709e-02 1.505923773142698978e-02 6.399303395944311475e-03 4.446993703189879021e-02 8.230358360595876888e-02 8.897798488806574202e-02 7.723424023440562947e-02 2.633355762746294668e-02 6.184777101269434141e-02 5.464631418827871345e-02 8.333498304997374873e-02 4.176188352005236887e-02 4.350217102679942299e-02 4.834237526325808887e-02 6.557590754353768980e-02 5.621746422461967874e-02 7.827559946989648409e-02 4.368058056925118449e-02 9.747723335961240576e-02 4.282511584375404967e-02
7.804402912220818889e-02 6.721051648786989519e-02 7.341998480735885402e-02 1.385692833585743314e-02 2.871239394178668608e-02 3.463391336871570608e-02 1.506316956139663876e-02 2.716433290806047340e-02 3.180941966230151768e-02 3.389572574875285987e-02 3.513253802551200705e-02 9.759873393764920135e-02 7.716687642573322181e-02 9.791096865023402041e-02 6.530946546600392699e-02 2.021231577812401467e-02 3.641971618838827501e-02 3.299424508480851975e-02 1.668031492334457605e-02 4.782800881960258760e-04
6.664624286294382194e-02 4.311908665352209846e-02 4.006204868007456205e-02 5.706547720968759008e-02 3.611179258976139617e-02 8.915676025801845539e-02 6.849466530706797840e-02 3.101404065548307980e-03 3.204187498784806520e-02 6.244613144623890888e-02 4.720055835000874778e-02 4.333326419912335997e-02 5.922349051582734974e-02 7.840829392835581280e-02 1.811301715785960248e-02 9.569416968234181753e-02 5.576283184315823649e-02 9.764491943840680754e-02 2.399899545865596950e-02 6.185213976029534794e-02
6.085460007917688208e-02 3.670945757105929103e-02 5.644599947247193328e-02 8.768876572632822164e-02 4.641612253270974847e-02 4.633310496747510693e-02 9.745022009525451667e-02 5.505423611925912980e-02 6.006475023247953571e-02 3.950451860756644396e-02 2.965236721104318532e-02 9.266377693591981712e-02 6.798036505174510219e-03 2.685357987202770247e-02 1.039204494179223406e-02 6.141906670814387820e-02 3.216938338583315293e-02 6.780786603347764563e-02 1.549541052930205644e-02 5.526026282443500387e-02
8.274143856334979785e-02 4.087300956125716062e-02 3.283384985792651284e-02 6.712371218696441821e-02 2.713998833541142464e-02 7.034525254012462259e-02 1.708908450725549200e-02 5.596358677234189449e-02 8.752638085239973498e-02 5.028220032008996754e-02 7.691595350461462310e-02 8.280984870958197838e-03 2.117268613137216621e-02 1.982830698003256245e-02 1.733957851271633599e-02 5.502638677325077943e-02 1.001914474977071493e-02 7.778304773477978662e-02 9.944044326163931080e-02 3.958476551659972746e-03
7.359256592800123226e-04 5.727500551741661339e-02 4.720153391094827899e-03 6.859089987032374741e-03 9.795908145164923531e-02 7.081512244921217558e-02 5.127848966665286140e-02 7.681322474130117262e-02 8.170326914722265965e-02 7.383804461993563606e-02 5.342667340402348919e-02 6.343652041453555490e-02 6.231927858743890186e-02 5.241506690214823433e-02 8.006389305672456658e-02 6.540077063423799242e-02 7.850916955565928612e-02 5.165362733642893389e-02 8.774811296667367477e-02 5.824687437494428105e-02
8.401286397335837319e-02 7.674185144359907396e-02 8.183930482290507902e-02 8.686725667829862940e-02 3.564666469222965706e-02 7.294694454357573965e-02 8.815475569392312860e-02 4.082164760791243130e-02 3.015144858657269403e-02 2.134085801683685210e-02 3.997985455733477078e-02 6.255145227095806892e-02 9.569347840890238266e-02 7.004817806841882877e-02 5.523930791865061529e-02 5.489529447438148968e-02 9.001317746240827811e-02 6.269531831375785291e-02 7.767195321375430783e-03 8.741817849033940341e-06
1.121032151448628916e-02 1.949081532637827671e-02 9.936455771561207573e-02 7.471067131665283523e-02 6.474815557476314154e-02 6.068104765132021489e-03 1.581044420381624502e-02 4.180526171315732814e-02 4.200905328303147779e-02 7.563674942519171829e-02 8.041979145515781857e-02 5.478997752679119065e-02 2.062131143429403457e-02 2.722693689803716913e-02 9.426964539924269360e-02 2.026404640192045609e-02 3.484471617047596448e-02 3.941554808498523577e-02 8.735092152228601803e-02 9.524951397541608911e-02
1.930579933376519496e-03 9.728051416159505527e-02 7.991777259276329481e-02 9.280535856311264431e-02 5.956035905170359301e-02 1.779333330202518410e-02 8.301845507942924585e-02 4.618693300341147889e-02 5.645431277059650976e-02 6.204240706623207618e-02 4.098197179695133724e-02 6.343366742869384345e-02 2.600500731243088337e-02 4.090585979389364107e-02 2.094853389648345873e-02 3.309563379425996266e-02 2.323385769545505131e-02 1.322414591905005793e-02 3.715427904994067498e-02 4.942024697471859851e-02
4.561131144374034468e-02 6.742679566435150207e-03 4.949257461784159484e-02 4.070296598669307514e-02 9.667922786763183396e-02 5.651844171326868976e-02 3.923470225875836347e-03 6.971627983304866383e-02 3.730601194011628347e-02 8.303872465042527740e-02 8.445880671255267744e-03 5.177863509700020468e-03 2.063960426084801222e-02 7.747611336701432094e-04 8.823733483001178213e-02 6.942191881194387237e-02 3.904988551550228615e-02 9.984128632874836318e-02 7.705502960464717666e-02 9.334135296829819406e-02
9.501116525500002963e-02 8.289699421629084797e-02 7.988059565726593481e-02 2.083072366038081491e-02 5.366258376484794868e-02 7.258721554728132797e-02 8.030868728241301324e-02 6.601082089439637424e-02 6.038182886597129317e-02 2.799881279705919435e-02 2.953660671970169752e-02 5.548713498514268316e-02 5.560045744953412417e-02 7.505621771930083563e-02 1.541212645517651275e-02 8.887100863211315482e-02 9.688303845082490984e-02 1.054229305619280811e-03 1.356044161829720457e-02 2.842581853965764349e-02
