3.298647082057126201e-01 1.283866633962978676e-01 1.208124392783778769e-02 1.496510172762592072e-01 1.278071553747740785e-01 9.691674739465878929e-02 8.902024800211516542e-02 1.543345384215602523e-01 1.517411092815739160e-01 6.922975606797411585e-02 1.312335424263608719e-01 3.786638864157120671e-02 7.739453248169524124e-02 1.298520644154411152e-01 5.782743018399569279e-02 1.077269753582617562e-01 7.969512752457474924e-02 4.886725890634430192e-02 9.124979013656268900e-02 1.155961383131016984e-01
1.009398825075564499e-01 4.120924313398711264e-02 5.183720560669099336e-02 6.836985270049618368e-02 6.646907124718338944e-02 8.033619627598903579e-02 9.819460147248784687e-02 1.138373126949805345e-02 4.827779135355726725e-02 5.572833275901423189e-02 6.518511826717637847e-02 2.317413275064776623e-02 7.311547025859706228e-02 4.108001847170830723e-02 4.059191942264191166e-02 2.313847878371976668e-02 7.126375924134130402e-02 4.473301688801189363e-02 8.932979241333479856e-03 2.242212454226138324e-02
7.492880725579928111e-03 1.631005510910206110e-02 3.108533453495124221e-02 2.060919471443485931e-02 6.307778885305168060e-02 6.116357974677634479e-02 6.303850695455055775e-02 9.859679410821177437e-02 3.990415011148734648e-02 7.497348397829224631e-02 6.007192983472627729e-02 4.964965341292182366e-02 4.931587819030983783e-02 8.746559282297608484e-02 4.521426856897226704e-02 4.868392419293134099e-02 8.231573690625602902e-02 4.177532109442830266e-02 3.638750728289059932e-02 8.610945135894736147e-02
7.356974978495448014e-02 6.726266790760308811e-02 6.336655307662727998e-02 4.134608826208065191e-02 4.711390889729281245e-02 5.784733169273701542e-02 5.470581793490696121e-02 2.369337606407987545e-02 4.497190214507678502e-02 7.437979789436541256e-02 7.417061928859256838e-03 3.345193267109917296e-02 3.179649909332681046e-02 7.781097677003109836e-02 4.786786216074596922e-02 4.759240682530711808e-02 9.718060553953399017e-02 3.309283731704398823e-02 1.026091906451291792e-04 8.151736736275357054e-02
3.124662981009318496e-02 9.765032205771385920e-02 8.653515130190833626e-02 3.831500855500409586e-02 2.923155544731608976e-02 4.204248097056009770e-03 4.044624097566454357e-02 7.554778558965843938e-02 6.185807329515111141e-02 4.396574498265086450e-02 2.295138068263968129e-02 6.384563092950346075e-02 5.496710472246723461e-02 9.578813768992011646e-02 9.604738623365971506e-02 2.047044545750228636e-02 5.185737764126553684e-02 8.019213599016755678e-02 6.251301432070839603e-02 2.403592511381883595e-02
9.771901824167052164e-02 8.818281474583791746e-02 3.661283855639076157e-02 6.555701546664591262e-02 5.749555349938136051e-02 3.858617787192968052e-02 1.726268847936363732e-02 2.738814765286892022e-02 4.943952066322153394e-02 9.450975000277821170e-02 2.721399504644037362e-02 9.648691823008943153e-03 7.386017907572800523e-02 1.769041160548581043e-02 5.093471654585025876e-02 8.276048646062324210e-02 4.364650537628774266e-03 7.349679770642195131e-02 9.862011977077936309e-03 4.890635286936462212e-02
8.509518565550883151e-02 4.305840541182385378e-02 6.030235659853279417e-02 8.739501939184160517e-02 9.103882390380796386e-02 4.048578915204873591e-02 9.975589894388806056e-02 8.761504295013250454e-02 7.193663649401799143e-02 7.434725459241781076e-02 7.883250307780322041e-02 8.497812193800034775e-02 1.781922418675993547e-02 3.868961506051014909e-02 3.846436848240543382e-02 8.021098852157269865e-02 7.926317018664755243e-02 5.543548876878701126e-02 4.896318677921376351e-03 7.745783501075066690e-02
6.242325624886563978e-02 8.057897038741872187e-02 8.604100823786264840e-02 5.661614438386205345e-02 2.302822625001931314e-02 1.003922253626393646e-01 7.645630602870802373e-03 7.723107012686375450e-02 9.987876941736860414e-02 9.465605124873900655e-02 7.568833624243330449e-02 4.580245993898625356e-02 4.318629626960775181e-02 2.115996051157393448e-02 2.848824608489945037e-02 8.712423238214037080e-02 3.937781349420791527e-02 7.543401328450145826e-02 1.820872886458227424e-02 9.333595121416567858e-03
4.135045992830893580e-02 2.343070689689581362e-02 5.680535149664409089e-02 2.733169581171251278e-02 7.495310062856920530e-02 8.276573797258428289e-02 5.107905117438592268e-02 5.953016049725483316e-02 3.421527416009932654e-02 5.770102405842471999e-02 9.097222355182714437e-02 2.216120964660238390e-02 1.370047045667996399e-02 5.613617126276149866e-02 6.708308158212446248e-02 6.325053196302035663e-02 1.397238721520501804e-02 2.894461190805770398e-02 4.033122439271937670e-02 8.898800359602945407e-04
5.351760103156204262e-02 4.105880915796981251e-02 6.747288565456717457e-02 8.118707348826403880e-02 2.012534934433202194e-02 5.688099065208631483e-02 1.943629414400049882e-02 1.010131123642238199e-01 2.164917413716822142e-02 5.281506044888786833e-02 1.896727005215980907e-02 8.617344271338604755e-02 8.090104018074037451e-02 3.734846598685785408e-03 2.842183781862600133e-04 4.695778059311651181e-02 7.394863959434434808e-02 2.622490383884893556e-02 8.863628750800027489e-02 5.273251730040098102e-04
3.706526135981919046e-02 5.963786301395553741e-02 7.984567176342614869e-02 6.794748900822364379e-03 3.969554067403555098e-02 8.230787264954782245e-02 9.435985188094538068e-02 7.412686080589468707e-02 1.472756227306934104e-03 5.897317554554264846e-02 3.414148937861995886e-02 7.371894391078345765e-02 7.788667233648086108e-02 4.366299722125207422e-02 4.025916368058422151e-02 8.369324786439252817e-02 7.176842629355853487e-02 2.235512086942312987e-02 9.135146252391955490e-02 5.411037120066955475e-02
4.609993313876863119e-02 2.776743960532525313e-02 7.081808988476986921e-02 6.516978902198448942e-02 5.913011579782885552e-02 6.109045211068226539e-02 5.748580443718547678e-02 4.766363508312888159e-02 2.738495101442679075e-02 8.593462388914904770e-02 4.242363506312337579e-02 9.317387867999916973e-02 8.790950087467523655e-02 3.188839372278585993e-02 6.480895402786060466e-02 7.541086650674513892e-02 1.644314583649402611e-02 1.137340568929038655e-02 7.182119102913438191e-02 6.128746981847330022e-02
6.525647732265432710e-02 9.328222310711102583e-02 6.629397644798649958e-02 3.295530027640342779e-02 2.334612807833523485e-02 3.079690678157250699e-02 3.157258687496160982e-02 2.024806087870446684e-03 7.970707497402808664e-03 9.798279884319262278e-02 4.990714194502009378e-03 1.006829709873100498e-01 1.036390104123286263e-02 1.493816785495943704e-02 3.576092473015890678e-03 7.417094428161780106e-02 2.725236538313836193e-02 4.516937437797923643e-02 6.984150704349126326e-02 9.166757829556724732e-03
7.606316408125413098e-02 5.370364055596781733e-02 5.131389134235764087e-03 8.665584251987504261e-02 6.985424515959857972e-02 6.125983920719007408e-02 7.180995760910449666e-02 8.524203781668211743e-02 2.949323513565040543e-03 8.480309271525982018e-02 5.694758568319374659e-02 8.316027559356126142e-02 3.098641464539388102e-02 3.827538593256835098e-02 3.724343544531180748e-03 9.328047281519712131e-02 2.859119245992827046e-02 9.153686785427143924e-02 1.575960110482044207e-02 9.869697079342114321e-02
7.420657936011806899e-02 4.832151362821293650e-02 5.945165297390054421e-02 6.821331817167083922e-02 1.638475512353504068e-02 5.359633230264196357e-02 3.364264819518482386e-02 8.225661002883333239e-02 5.339175339832848838e-02 5.518866148758284212e-02 6.478080266279141741e-02 9.199308890322130394e-02 7.614238472254476753e-02 5.815545188112530850e-03 3.617094838661467221e-02 1.047765758511884880e-02 7.569496898374740435e-02 7.237833643931591149e-03 3.179192669263394833e-02 7.262389132396962488e-02
8.790217761836298382e-02 4.236182971526681468e-02 1.487281496671739346e-02 8.748689781807264532e-02 3.565488542818354839e-02 3.673969928813209523e-02 5.507024216986275422e-02 6.872820833374747307e-02 2.397514995486664351e-03 6.433094905157769883e-02 2.984023741195000398e-02 4.931758333827500340e-02 1.155903980017533410e-02 8.586799820700324881e-02 7.782762935059321652e-02 2.735003354482593366e-02 8.273009373720360826e-02 4.040126519018128609e-02 8.221072311322007165e-02 9.330892135187478231e-02
7.682030108085817488e-02 4.946516333307942465e-02 4.461923897810868289e-02 1.226911637946759802e-02 2.454409727066174385e-02 9.726422341365545399e-03 7.416821805090546837e-02 1.145002309632544256e-02 6.042054770120014462e-02 5.969137512912969269e-03 2.268812604853138667e-02 3.244015067967858518e-02 4.064200747906355354e-02 3.059294213341039875e-03 5.957174226653921129e-02 4.294632531638769429e-02 5.175627267434720208e-02 8.360157688786599983e-02 1.873197792073210029e-03 8.870502368807689497e-02
7.235499310894548397e-02 4.805269588673720046e-03 8.989735392310108097e-02 3.863626411670592793e-03 4.117316062052190501e-02 1.576961466688689471e-04 8.476794200486746297e-03 3.521212145700667456e-02 4.399836805897182172e-03 2.234712691248666797e-02 6.694938246953106853e-02 6.042360496153752897e-02 8.068050074922031301e-02 8.844702731436755727e-02 9.393003965684657008e-02 3.909974872810724478e-02 9.427969131660467184e-02 1.005669160983341942e-01 2.745985222005355511e-02 4.404247192659689614e-02
3.806045113442970557e-02 5.357838911945302790e-02 9.745412158041615036e-02 8.892449413650256596e-02 4.360983195365408793e-02 6.091822702665720957e-02 7.875376126325750459e-02 6.800461560138124084e-02 4.900614926340220862e-02 4.953343255582123156e-02 7.768918585816983989e-03 1.682518148230847249e-02 4.565794066935004863e-02 4.158723296213003018e-02 5.474775875791999813e-02 1.122207674419970630e-02 2.412188832140512319e-03 6.829528421038434660e-02 6.104000490306286247e-02 9.108294701840966012e-02
6.243872202879107575e-02 3.247083699115195510e-02 4.447697986764003603e-02 8.040956695324191772e-02 1.261149809990239415e-02 1.156546007753016247e-02 2.652317731911464638e-02 8.703513489785798252e-02 9.881564602312500889e-02 2.043297097448713157e-02 4.210356425337015429e-02 5.852226058913490014e-02 9.769580018232941476e-02 5.734396437979269283e-03 3.702001022681480902e-02 6.854792623007439911e-02 9.006082281331874440e-02 1.007377751078391837e-01 5.797783415672399382e-02 8.482893802626602364e-02
