2.925780003103210514e-01 6.092385543166904671e-02 4.735794256645452227e-02 8.994072591339211109e-02 9.211269100089895800e-02 1.362598240486109225e-01 1.047929578237010995e-01 1.068344577776343951e-01 9.882903719423274946e-02 2.768689416672030779e-02 5.168678239951364495e-02 7.829170016825900968e-02 5.951702396414432911e-02 1.006143881838845178e-01 8.817210814711888556e-02 8.380031720353758873e-02 1.209638541344930374e-01 7.879473682064550011e-02 7.738862680823829776e-02 1.526086894844994046e-01
9.892509101258131765e-02 4.816148022927100453e-02 4.594886188306657182e-02 5.231678331044545965e-02 8.147630474345203197e-03 6.478693710744448664e-02 9.660427993046444284e-02 4.107123466432328895e-02 3.918717180310097442e-02 6.125744016354801869e-02 6.121383315669307740e-02 9.942120614283064817e-02 9.163208647482432023e-02 2.539227629300347053e-02 8.488810422462117478e-02 8.503568929207427907e-02 2.007918085013908963e-02 3.880901807850235807e-02 5.199980284308097778e-02 8.456233078320385399e-02
7.825168470030610668e-02 8.449096844068697265e-02 3.950138522567039900e-02 4.240417675122482022e-02 6.068911731765813666e-02 7.225465610537010197e-02 1.459283601392154066e-02 4.602218505245556784e-02 7.332732513151003773e-02 8.757514766982132937e-02 9.563314948461024145e-02 9.778009762758228807e-02 1.277118611929549744e-02 6.810335746169211835e-02 6.354862933320266916e-02 4.516478737667051560e-03 2.145947370505173549e-02 2.249727217755272124e-02 3.644141470070882266e-02 8.523043685746914400e-02
6.148990267942160831e-02 2.666798758143238551e-02 1.950034742625141038e-02 9.230284597022804516e-02 1.407858959619450248e-02 3.009682418951786960e-03 9.608370466525080478e-02 2.049976590320508330e-02 8.467621660822977764e-03 2.018514187892316361e-02 7.445605784246184244e-02 7.509723436341220193e-02 5.045619292564107808e-03 8.635032402236238191e-02 9.988259682028521880e-02 1.101885570368782430e-02 4.588290615228741987e-02 5.085694490752135088e-03 8.801568537951061366e-02 6.326307039192251291e-02
4.592471161841606142e-02 1.759744292551788242e-02 4.811490062344297991e-02 1.891221952337650627e-02 7.629671697825422816e-02 6.390128802661132479e-02 4.900133758455448713e-02 8.451827047624130285e-02 8.017228627439725031e-02 2.214862310242400600e-02 3.280726343386797597e-03 3.944913388735297316e-02 8.287886326012572358e-03 8.555505614995517760e-04 5.235163567468351792e-02 6.422758961207690465e-02 6.987689017478142250e-02 4.109467479327980066e-02 6.869261987605421171e-02 5.783394303310918777e-03
3.247121479372021974e-02 4.490575805539021026e-02 3.966033204535698853e-02 1.023435110232722225e-02 9.115292201264436206e-03 5.575965109997371022e-02 4.105272489858607932e-02 6.472929392927750936e-02 4.139547228231091336e-02 8.135827442072864069e-02 4.205837637169497489e-02 1.777172770018424844e-02 2.385606736271811412e-02 5.221846115296420454e-02 4.644272085885405021e-02 4.036466515545994449e-02 9.397964670548945854e-02 9.860474829423035437e-02 9.579626239721507341e-03 2.162799567618011246e-02
4.964825902524998974e-02 8.047988518506953015e-02 7.743198341953255737e-02 6.767431123237700741e-02 1.088015807524236357e-02 7.899075059869897775e-02 1.913660204393549322e-02 2.565855180116959414e-02 2.869415351948678694e-03 8.681695617899788317e-03 1.211707174166523106e-02 4.246515866500088880e-03 5.176039065232138081e-02 7.473933902116827732e-02 4.017249908971342459e-02 5.204940588242579561e-03 8.426228577313146784e-02 6.852735755262753803e-02 9.363136067895816428e-02 2.011754908959140220e-02
2.013505420955842562e-02 6.776804146038703514e-02 6.003405283579310928e-03 4.823642001943628105e-02 9.581060005832808812e-02 1.618307372216062565e-02 8.367218118148909978e-02 9.253151286230405781e-02 4.136348511624891172e-02 3.279103211571029325e-02 6.889708646089398592e-02 8.057667971491616621e-02 6.620802475048274960e-02 5.722899782429347049e-04 3.499532588340170669e-02 6.079251482075790497e-02 4.939247157535517352e-02 5.664151992970405808e-02 6.835686133097744477e-02 1.804232144860927825e-02
1.794883153472693824e-02 3.204420706875540231e-02 4.183438712707857055e-02 1.263691604048491381e-02 6.276904276915599989e-02 7.678230062160544545e-02 7.930693853980544383e-02 1.073196978433712569e-02 9.748548017846198066e-02 2.488890223763888868e-02 9.992280225000383861e-03 1.741282709243141677e-03 2.012529044806280615e-02 1.512529297563388643e-02 8.033861619081505978e-02 2.313176530081802185e-02 5.783952806479060460e-02 2.617482666339879943e-02 5.012807680179352104e-02 1.704573858759660457e-02
6.726195143413922495e-02 3.250818517154585910e-04 3.767746797008014736e-02 6.615215837061463877e-02 2.117644647492265136e-02 4.361657689315904390e-02 6.402499829255337005e-03 6.065781849678369975e-02 4.944281642327838511e-02 7.620650501023230362e-04 2.071267097616835695e-02 5.875108878522258826e-02 1.723171345045002717e-02 8.579090077265545677e-02 5.057817630057268032e-02 4.991074067692531646e-02 2.730563600765465587e-02 3.356844396437175509e-03 1.237978774022307007e-02 9.213450829071467840e-02
7.938989803436757864e-02 1.940754610196459076e-02 5.908737349526223259e-02 5.633701860399197708e-02 4.047713146855812932e-02 3.326503811784801284e-02 9.928277028521979852e-02 9.726510428074830461e-02 7.667356943531183910e-02 6.110291861316459461e-02 2.895008364694436065e-02 4.645273066860258759e-02 3.167434804625396394e-02 8.267155659729877315e-02 6.851827177012119463e-02 3.198894999262232031e-02 2.686515917518556007e-02 8.746143124219063480e-03 4.224477480846691724e-02 6.715121749238762289e-03
1.598873851560813839e-02 9.910856120195843388e-02 1.271077854288879018e-02 6.760396485047007187e-02 6.148109370805765993e-03 3.671796321253818773e-02 8.711221826640824784e-02 3.055719941337034160e-02 9.662038579614889988e-02 6.575426840789554139e-02 4.514284973932063821e-02 6.066933646551453917e-03 4.270349100062274111e-02 9.410897255477657097e-02 3.184902761357565754e-02 3.761480319572895609e-02 1.886066978062975880e-02 3.184153171872301791e-02 4.462544993155197898e-02 2.384460869149883713e-02
8.391401475772196361e-02 4.392462391863197896e-02 8.108856823842169881e-02 2.603407162083086826e-02 3.031070517065931336e-02 5.440112026148962582e-02 9.405832102265064554e-02 2.964848335228716103e-02 9.457008726282672972e-02 5.902024227228801906e-02 1.587885085335506360e-02 2.143236260344727473e-02 3.187081238792818100e-02 6.722687875187718931e-02 7.390919536161504044e-02 9.961889388843936377e-02 6.948003424645435300e-02 1.187932732300813789e-02 7.701086587949874940e-02 8.015563622400183330e-02
1.336160358104770962e-02 6.163040986018053502e-02 3.901571291627529275e-02 9.309801238471766827e-02 6.316114676620164514e-02 4.819461856729607974e-02 3.218140810254870726e-02 8.243962645416280655e-02 4.277336639727816886e-02 3.692339498302765061e-02 4.222647465754236773e-03 5.198633151126365315e-02 4.413849159225581575e-02 9.815028814497034348e-02 2.059999897905580302e-02 5.687131057651288041e-02 3.177311070160285938e-02 6.778083972405414548e-02 9.051072214830239993e-02 3.920522506660858997e-02
6.855199629981609255e-02 2.903493831595627475e-03 8.062713174447641573e-02 4.398084299717355816e-02 1.440175535620367292e-02 1.911770623141208214e-02 2.769422101521765850e-02 4.415887563861073395e-02 9.611666111276551822e-03 2.885371744960138138e-02 3.822938295090972174e-03 4.596849722815896794e-02 9.726997424355710020e-02 5.722621719913775773e-02 4.749455135808734740e-02 3.672301298852759244e-02 6.948678359617492528e-02 4.224061402469136972e-02 9.245420580429333790e-02 9.396885713666738860e-02
3.773678609396428213e-02 3.102853261234095588e-03 9.650776698154510391e-02 9.442071061284504352e-02 9.250914548248788394e-02 6.417781690430766905e-02 1.485408342110126206e-02 6.516160035473238243e-02 6.913477434984528769e-02 5.633179615386485484e-02 8.050894658728718900e-02 4.813692631252191462e-02 5.024939967795650012e-03 7.391365814580043436e-02 2.213941840635138755e-02 7.749640800950519104e-02 1.411057992499552619e-02 3.346105105381992628e-02 3.973943919785683128e-03 4.431259648756607356e-02
6.004238944538099754e-02 2.490106112335012389e-02 6.578863770548112888e-02 3.466612518519131270e-02 6.183269741967428734e-02 1.710945957906495618e-02 8.935233474717280133e-02 6.666499876437913252e-02 5.975902304481972571e-03 2.893509557857422421e-02 6.164668791580567991e-02 4.970142993795313713e-02 9.347816692193967186e-03 4.039786404282461052e-02 1.531896168428497143e-02 6.650523235716816750e-02 7.396465682401434649e-02 2.782555146036400778e-02 2.074247969372846820e-02 4.119566967431549653e-02
6.405502526456573198e-02 7.853685546673840057e-02 7.051641640282046986e-02 5.772495606045605077e-02 6.791865137725931756e-02 3.764859965251892565e-02 1.909004574137445134e-02 7.572578169916208135e-02 3.597631594842686659e-02 1.400954541422970781e-02 6.211101716322720012e-02 4.203828395020758890e-04 7.918713407415323147e-02 4.515115159385072602e-02 6.051713091044436110e-02 7.455098759046839552e-02 2.255617521460106037e-02 9.031331228803446409e-02 9.220815644438323799e-02 7.426275563090616039e-02
5.110584755044962624e-02 9.777637240508730600e-04 7.179216607198725397e-02 7.754465295688778292e-02 5.057425585364382775e-02 8.352454603350545348e-03 2.395157329268404831e-03 7.056259699418791775e-02 4.243727923623800274e-02 6.780295449816413356e-02 5.659688033464835288e-02 7.564601786414454354e-02 6.512735721241043330e-02 6.396079918689527577e-02 5.089903088200151832e-02 5.215200165485200934e-02 3.710836184926770420e-02 3.324452404238507214e-02 6.085648682791555859e-03 1.270013935611791211e-02
3.115035950602226475e-02 4.208460243107854659e-02 2.629507340078188898e-02 4.407252612954243309e-02 8.742211740362849925e-02 4.376975270280191593e-02 7.441102519225360756e-02 4.970223444977388966e-02 2.934620819517827148e-02 6.009901657708219963e-02 7.740322885463613023e-02 5.662105252193933014e-02 1.926563826194669510e-02 4.625750543381473845e-02 2.144692493157459787e-02 6.097210339877050939e-02 4.098205008678025563e-02 5.354268209348056820e-03 9.195517210640796746e-02 8.561575414187910793e-02
