2.816715919849273608e-01 2.377856129107510860e-02 2.476205755800433422e-02 1.135900732448472672e-01 4.148907736844193589e-02 4.785053098605468458e-02 3.754286625149988454e-02 7.071559325027486353e-02 4.763138927078926221e-02 1.151653918534392140e-01 1.528558642283901481e-01 6.853172643460136992e-02 9.909485382270638576e-02 3.828252032638387869e-02 1.137006226188424229e-01 9.103459496695526232e-02 6.460266494432662099e-02 6.085257937908607195e-02 1.487865913400143458e-01 1.405899024035746625e-01
1.324339893310354579e-02 5.267032066162178477e-02 7.613088850809680147e-03 8.851497361609051567e-03 9.954917829541290453e-02 7.224268214101485508e-02 8.402311007759044603e-02 5.894791309295237952e-02 6.408912650762628449e-02 9.571338788159300393e-02 6.309627367287100330e-02 3.591068687765101158e-02 5.439035098427358328e-02 6.611375301755223477e-02 7.282767427663243420e-02 2.800069960896303320e-02 2.323386764146041783e-02 3.105350881875333993e-02 4.631617417229111355e-02 5.474319052865835034e-02
6.992093280328319505e-02 1.917047092259558522e-02 3.872993208968200651e-02 9.291882291926434334e-02 4.164814257294152666e-02 5.224968178620547493e-02 9.814636040126578642e-02 5.639072247464167742e-02 2.896815227923513897e-02 9.770099203049655012e-02 3.469611381095191044e-02 5.312360523720291439e-02 4.173493829710034353e-02 5.746063128535714576e-02 5.928690598131136982e-03 1.605086832393939553e-02 6.425164414408476854e-02 6.376102811397735270e-02 2.200231057645004804e-02 1.335607449424648478e-02
3.159024559428322970e-02 9.833271323196712821e-02 2.364169138217540184e-02 7.720407834886088005e-02 9.292504074726901098e-02 7.411723623954276363e-02 1.120574287483311338e-02 9.812871850497306703e-02 9.951060179963074070e-02 9.508072654466738494e-02 4.598362777875454610e-02 9.147526630372192213e-02 4.252793672271655556e-02 3.281094151819625993e-02 1.072152320453212404e-02 4.408152505556325873e-02 8.439363241183726883e-02 2.912534087030271921e-03 4.840835312970529630e-02 4.853490192592380646e-03
9.924424081591944058e-02 4.685176843429016830e-02 6.728420881755729777e-02 1.555669085422123343e-02 9.336663045891346879e-02 7.382107336098113481e-02 4.349911865616049728e-02 9.227225099267785668e-02 5.474438617933941043e-02 8.977775108005120464e-02 2.146299900489121587e-02 4.734185293624925545e-02 6.675793851163686066e-02 3.272602655556074852e-02 5.931745883073548387e-02 1.769326370644658253e-02 3.490185071801680389e-02 5.579268253394914501e-02 4.798953490249110998e-02 2.448194778005195055e-02
6.827231996973040506e-02 9.619548278252554319e-02 4.515420496179489013e-02 3.300713799844633839e-02 2.233324377912300485e-02 2.082083455464271010e-02 2.786673166501649895e-02 4.038918725253570763e-02 2.556258815647876118e-02 7.819507452952445536e-02 3.892544995975436711e-02 4.129951859535155312e-02 7.509908250338065416e-02 1.666093593993909355e-02 9.203726707129160356e-02 9.455962692240138957e-04 9.300608069426302693e-02 2.182670731124639746e-02 1.605243060685942677e-02 3.493752267620874735e-02
8.635847735760671107e-02 8.068669376207399102e-02 8.498378680961567178e-02 9.218815579243029579e-02 3.451495936072920129e-02 7.165310221080171960e-02 3.668300586079910330e-02 1.420522021603958310e-02 9.009492367519256195e-02 5.282100571232117153e-02 3.439309233578004971e-02 7.108795141455298561e-02 9.342991335288235166e-02 1.537838673281497620e-02 8.506217673906812937e-02 7.884177517200102736e-02 4.979000672142225303e-02 9.692839400208769218e-02 6.910411389576524843e-02 8.266660729945940478e-02
2.495824644725023328e-02 9.599149542345909031e-03 5.095515993825550614e-03 1.971172046436698005e-03 8.472463882509548294e-02 4.495407297626718285e-02 9.418394408626341863e-02 7.070150798055328811e-02 2.114645247381175073e-03 3.841530066258968396e-02 3.651026556006083806e-02 4.427624117098116589e-03 6.967009378531856256e-02 2.864476169212582229e-03 1.496704175222968169e-02 7.972014836470156518e-02 1.112070668388443059e-03 9.463005934013551945e-02 4.099624331720022608e-02 3.722684959298137169e-02
1.713481537179184586e-03 5.658725248304553868e-02 3.691919460142776416e-02 8.761923695808920831e-02 6.969995112101350088e-02 4.202322897902704274e-02 7.910858466196250827e-02 7.683431824167524793e-02 2.309246366192262492e-02 3.170414572155654670e-02 6.620066895169761378e-02 4.827032281861295959e-02 9.054657223927961573e-02 4.320859075423874596e-02 7.290185528375579815e-02 4.122805034525065665e-02 3.809416460654702248e-03 5.388546352286227581e-02 3.142079673846585181e-02 8.018419686819512615e-02
3.351336388158007024e-02 4.847466308420188968e-02 7.721372701907279479e-02 1.840275515243665685e-02 7.649835855264664440e-03 5.037081805102452958e-02 4.952334408475207728e-02 4.749350144898076276e-02 7.491842072910182525e-03 2.952747049606976523e-02 2.989016711557945967e-03 9.617497552435821939e-02 8.164285509460891821e-02 5.727312332719356608e-02 5.457609211364009699e-02 4.920922082642175538e-02 3.541859789499079286e-02 7.038050542546883670e-02 8.187293898294871475e-02 8.841231413071926060e-02
1.226862549357337143e-02 8.822974341989101021e-02 2.530085612164890974e-02 9.261509635425602127e-03 4.938968519282165709e-02 1.769806550598618244e-02 4.119516552800599890e-02 7.750713757924626579e-02 5.706754689290946536e-02 5.920162675413122300e-02 1.004898481782764454e-02 9.748204129343979174e-02 9.054483089998144676e-03 1.568097809552161312e-02 4.261259623742741365e-03 7.666596263881812756e-02 3.468452215034805580e-02 2.389484649202180608e-02 3.741761876732201814e-02 4.271667158468875347e-02
9.181985465754234632e-02 4.467316514841009056e-02 6.036075167769581334e-02 5.113100919740720847e-03 5.653997559153714492e-02 2.153078637404159945e-02 1.127496174523206010e-02 2.924651042642039192e-02 2.530059472259325176e-02 8.635376364730346088e-02 2.282326360387798569e-02 7.118736184853861892e-02 3.752194118865405381e-02 9.208851610011131728e-02 1.716963938976975509e-02 3.715079878164595506e-02 9.678604398720473678e-02 4.247171664842089994e-02 6.969225486216161503e-02 4.666120476124682726e-02
5.325162107729233818e-02 3.973890110321927349e-02 7.777892341979769641e-02 2.744801641266097006e-02 4.547023204313593164e-02 6.162658707509639788e-02 7.572132853368052086e-03 2.811530219467640868e-02 1.318721809786784806e-02 7.573668017202826730e-02 9.047473295061875254e-02 3.732435210020790348e-03 8.897166708063926344e-02 9.976089183966065088e-03 6.356415515974990493e-02 7.169961805941048316e-02 7.152463327006579330e-02 2.767746661355445850e-02 6.545909215699381722e-02 2.585151861080813365e-02
5.059551134735376654e-02 2.161805327878688759e-02 5.484633539583842060e-02 5.896109857919273889e-03 4.265141336169491620e-02 5.968213258721604547e-02 6.910445503945362999e-02 4.171199454511240190e-02 6.196621774057342776e-03 9.346884382723381901e-02 2.907091671238482325e-04 1.447349943399926092e-02 9.648371134135375060e-02 7.980733341346135656e-02 6.542282484345920968e-02 7.078682078971196279e-02 1.062827062631177544e-02 7.935350163989450534e-02 5.276736017990079491e-02 1.521858497080554908e-02
4.758379300281570523e-02 9.381957512437644469e-05 8.394661516840667970e-02 8.142083368379826602e-02 8.125716512419207949e-02 7.184327622663898294e-02 5.397762061065717459e-02 2.770461704247750845e-02 5.429215154251097047e-02 3.495757448852392785e-02 5.284737323079002902e-02 4.515099722242450764e-02 5.800057482280551735e-02 5.561850932970589106e-02 2.169530584221382105e-02 8.449446811889799180e-02 7.685144848899419512e-02 5.655282953587029843e-02 3.608703567695200481e-02 1.045134420196923777e-02
9.123506370316684932e-02 8.206123784655183773e-02 4.587151347247631398e-04 4.941904365203736438e-02 4.473213836027728485e-02 6.111042335312578955e-02 1.643918478412120972e-03 8.161794131373268160e-03 2.862606610108441377e-02 6.370007646918907779e-03 4.532434400199043811e-02 6.632546718155722665e-02 2.270084336347064774e-02 3.454262962912037216e-02 4.218062942278605343e-02 3.061578853684330387e-02 6.213281530105654871e-02 9.526657581662319185e-02 1.624946927511907932e-02 6.198820967711030777e-02
9.093648478867039087e-02 8.884786803124740395e-02 4.808328319871320311e-02 6.594261999445676092e-02 5.136880114120710022e-02 1.023787957350108654e-03 1.699857358084369205e-02 6.732444288381800312e-02 2.564689312038396368e-02 7.149589868546113967e-03 7.650331778303293140e-02 1.340752343853890416e-02 5.988852227903643244e-02 2.849244423580744867e-02 6.053804268283307505e-02 1.133950193419849296e-02 6.303487975376872998e-02 4.174580461596164721e-02 9.390360583029358499e-02 5.267671786228202147e-02
7.594042021829079669e-02 9.087613636411921714e-02 3.525236486446369638e-02 7.961929334684343662e-02 4.000545703702421130e-02 4.813422736729710411e-02 9.642936367562783551e-02 3.673176446714111754e-02 7.247981330962416369e-02 3.020165001706891575e-02 4.508975746686824659e-02 2.120986839884955386e-02 1.108199027230083455e-03 6.967607313034934746e-02 6.185666417480798623e-02 5.426799395990694608e-02 5.089483586814857324e-02 3.140306276184075263e-02 9.491352376544359704e-02 2.451898944125651195e-02
2.389156129605671947e-02 4.249049628576814785e-02 7.253436473780926208e-02 4.133436225448473833e-02 4.417262620481469254e-02 5.519712988230917466e-02 1.638916722259479292e-02 1.367569922509105466e-02 1.399934776388165464e-02 1.252188086713874708e-02 3.344996324133644311e-02 2.623647223570521256e-02 7.480261441226014607e-02 7.423243644372468086e-02 7.048917967759874004e-02 8.238327225319548586e-02 8.603582870996578924e-02 4.211179102605727004e-02 8.343723239894473842e-02 5.484421902348921019e-02
8.516943172692843789e-02 9.661505070115761207e-03 5.933126142758398530e-02 3.517568259086384375e-02 1.514354928012897651e-02 1.360751330327161258e-02 3.043053019414043714e-03 8.096030723051851619e-02 6.879102908570734753e-02 4.156216007094879622e-02 1.361139621077587375e-02 2.696973804159259747e-02 6.122958263471989238e-02 3.655995356024188681e-02 1.496599914390586185e-02 3.818400906569895809e-02 7.888312493548066753e-03 8.603569518206416467e-02 3.833643662535468838e-04 9.801120047494166210e-02
