2.488240240039688300e-01 1.339697686540349542e-01 1.127896031300452406e-01 1.379087904007423870e-01 5.621148993590807663e-02 2.016472766887644069e-02 1.750339567242899796e-01 4.576665197975793298e-02 9.592783583615553666e-02 1.305575615032627534e-01 3.891404798091356587e-02 7.756170613077156828e-02 8.485281675452335803e-02 4.837353123329614368e-02 1.765703017261770480e-01 5.390636865827294621e-02 1.078803681235397244e-01 1.137701256601469091e-01 1.578862902398828205e-01 1.065741162766271066e-01
7.344114565093858016e-02 6.055285124536734925e-02 1.183444764932754106e-02 9.586875467196726008e-02 1.121486601260135441e-02 8.578741524980015853e-02 6.420426753856413316e-02 9.737607734661796188e-02 4.195510404539174593e-02 2.731178159869994751e-02 1.776770586574674335e-02 4.072764978313955786e-02 8.042585912639016454e-02 4.623424939038978630e-03 5.916294942992192385e-02 6.609351571926129487e-02 6.544653216799868611e-02 5.334213455023217865e-02 4.434808108126682413e-02 3.173055878666351109e-02
2.260317786761613379e-02 3.978898847330300526e-02 3.047790547334264938e-02 9.474154261563517629e-03 4.401475050401636863e-02 9.398738915265505978e-02 9.294229217638112772e-02 4.196431870526386165e-02 7.146874480021925269e-02 9.340147256342606896e-02 2.671205926023201283e-02 5.803010820100008849e-02 3.645137390607518929e-02 5.408358483634848751e-02 7.448159481524363988e-03 8.893051153891745608e-02 6.462867738407156171e-02 1.098602885730811697e-02 8.744148381694001604e-02 6.657736833681010546e-02
5.744966956794886337e-02 7.990895780183610020e-02 2.347876728131095478e-02 4.273899370445493479e-02 1.099594052683972034e-02 4.390323073050712843e-02 2.712899322176455519e-02 1.385936289758916799e-02 8.502666284397919494e-02 1.126608387663444871e-02 1.397237820316932395e-03 9.025159739689493643e-02 7.159523301273980345e-02 9.757423968293556238e-02 4.586669490568456853e-02 2.697219502002344907e-02 6.322774639498410232e-02 1.065711629598132919e-02 6.895283110344040123e-02 6.963332390488127799e-02
9.345589222271822108e-03 8.548182051369678999e-03 3.774228862226597370e-02 9.413074643649101125e-02 7.538001878654483623e-02 1.356628200101704998e-02 1.934434156811830688e-02 5.698751556939243845e-02 9.262963010982125378e-02 6.307501049821859218e-02 2.522710281233252541e-02 9.118401844485224741e-03 6.173820040872579629e-03 1.782276500956661222e-02 7.574621334916459281e-02 3.893569967332950743e-02 8.855972284557041274e-02 7.602788129831208885e-02 5.206305260749415770e-02 8.847704040555419425e-02
4.296512007582775627e-02 1.812690472465536967e-02 7.721116183964889246e-02 9.976088282727940681e-02 9.530610545879987516e-02 7.903705508528699464e-02 6.877962849627788922e-02 3.098872899580537230e-02 5.640394731394661465e-02 5.623995117558947682e-02 7.480044317724297842e-02 6.556056216349723242e-02 7.831978364017429250e-02 8.467654393505019694e-02 3.445552953350464881e-02 7.123170971974987498e-02 3.515085656043304141e-02 5.975879237944764499e-02 1.465603472304135603e-02 6.519799526029157466e-03
5.834005993032849446e-02 7.542094420349382267e-02 6.754797888825460339e-02 4.882285868809111556e-03 4.035639642232587143e-02 6.216918484506825382e-02 9.979324421269741840e-02 8.290819488898179546e-02 4.905898264212705216e-03 9.937824834707910046e-03 5.913550246264090426e-02 9.805746577211968407e-02 5.054764796194999472e-03 2.736045680273083841e-02 4.178843867594300709e-02 2.969962679963803615e-02 9.578329869736402699e-03 3.093018192923452370e-02 6.253628563855773495e-03 1.266633701883200860e-02
6.512604895650105086e-02 4.350122389313653554e-02 8.910555894557292689e-02 9.716795738020686524e-02 3.801795237829785987e-03 6.472862191724297609e-02 9.104458919922328586e-02 8.069641877062656843e-02 2.129996694971033819e-02 9.985196930131429172e-02 9.407160162306249518e-02 2.485284987116268690e-02 6.759757817477364539e-02 2.581377764193968499e-02 7.057698475666848714e-02 3.688943254023609175e-02 4.341259181786336768e-02 6.907549675022117870e-03 6.302477279719471970e-02 9.608403679559368582e-02
5.173053818265854059e-02 8.735287004381747655e-02 5.880917770258287103e-03 3.459212017519770754e-02 9.118772492923116202e-02 4.107920981437929338e-03 2.610215909976199358e-03 5.621131595233858080e-02 2.664618545962205241e-03 2.787694053641614003e-02 5.302397330816031179e-02 2.822700422125727984e-02 5.557827620110744604e-02 3.948497418910912500e-03 3.594599495818519286e-02 3.024740586307619536e-02 7.677529714051659071e-02 2.446894737949829868e-02 3.117345230591375346e-02 6.688578479086408624e-02
7.376686441883731349e-02 2.516986250738827494e-02 6.209249823720143502e-02 6.224841883493973521e-02 1.895370014074520063e-02 3.758925711307276041e-02 2.405210899840903860e-02 2.346826475841840010e-02 8.041207547273215850e-02 3.056817431082205216e-02 1.122471943256682196e-02 2.905871951421522617e-02 4.262089332029057875e-02 6.230268449623000034e-03 6.762202843884977665e-02 7.691916205979502930e-02 4.825459653466070142e-02 6.330926546873109906e-02 8.943309965604481770e-02 4.469336192963368343e-02
4.227284290279279683e-02 6.940588120032657737e-02 3.885594046475326219e-02 2.996253495628351665e-02 7.627592561154213080e-02 5.524048880496489761e-02 1.507660010077979153e-02 6.268867423302258712e-02 6.258787215707410645e-02 8.556102329367673565e-02 3.641154041450402751e-02 4.022676124670611364e-02 2.492475049753673042e-03 2.018821026056747542e-02 8.089605108916327059e-02 1.459744782019623119e-03 2.990192049481730369e-02 4.936208572965451735e-02 7.119382920688189370e-03 1.244219169668092694e-03
3.949555823581896163e-02 5.777944870019566248e-02 9.615023690581595006e-02 9.283560870147555821e-02 8.392161887920368546e-02 9.303859177310304374e-02 1.431527356797175458e-02 3.686504781345234776e-03 9.792067006836033261e-02 8.943056743073041215e-02 3.693089928587656515e-03 6.094812211201378060e-02 8.304401305463204527e-03 4.675273125430413901e-02 4.755237450438163510e-02 8.364481032704031149e-02 3.059499608980688345e-02 3.705211499820636883e-02 1.438554550207001882e-02 3.256004250362277974e-02
4.143715218020831842e-02 7.178962221587016634e-02 2.850985920141126118e-02 1.096007368493604611e-02 2.778249577900565592e-02 2.811014025430960336e-02 9.521640239257027349e-02 6.527153828420513559e-02 7.013654807033165017e-02 1.990294645331285375e-02 5.215633004773300579e-02 7.897835468454297847e-02 9.567324195021822963e-02 7.521333952727421446e-02 7.699995864075230567e-02 3.055696877574243416e-03 1.247707104815809487e-02 6.751060316396954863e-02 9.856061689561503025e-02 6.904381672791248814e-02
1.870759892181331902e-02 5.435990268680759852e-02 1.232346552387327855e-02 8.347746700577308998e-02 4.565901298427226668e-02 8.138560720002643856e-02 3.931446034869134909e-02 2.424483756907724885e-02 9.806789273867615175e-02 7.992281978779625443e-03 7.721470135726338398e-03 8.394305470345349296e-02 4.732557524400768378e-02 1.385911256735490420e-02 3.363123966146542090e-03 2.601798623191061907e-02 5.688506916176763739e-02 5.599311220430643055e-02 9.996243834414440810e-02 2.303760918810486905e-02
3.859924864005725292e-02 5.656883389314310007e-02 9.194134910458817353e-03 1.767290561054532180e-02 7.235806388280574541e-02 4.269377036881776694e-02 7.299237067195357698e-02 5.568148799005363803e-02 6.040407319322008833e-02 2.462657322558695766e-02 5.367850825777427393e-02 7.880993509056583024e-02 6.268383221251952464e-02 9.499235777927092506e-02 9.922873195206738384e-02 5.883720108721812031e-02 7.738845261848184554e-02 6.215709189979132243e-02 3.931445080792882879e-02 3.109973235029456218e-02
7.563142726477259381e-02 7.244339532735739884e-02 9.099215975552600588e-02 4.318848304990034054e-02 4.079315388946489623e-02 9.515888596895681617e-02 3.068736179363433861e-02 5.676901702666013044e-02 3.743040287144964312e-02 9.759605606147786494e-02 1.263819758736785086e-02 9.243797441005358051e-02 8.622794702857886073e-02 5.430715689648335856e-03 6.475780282284376854e-02 7.517757297833718710e-02 7.962431610105540070e-02 3.864833458618843059e-02 8.610440714814902863e-02 6.491314531764559581e-02
3.938610442113810346e-03 8.751594421608484275e-02 6.029202915459864164e-03 4.597067709326530492e-03 7.559609753319776471e-02 6.191275650123440749e-03 1.594049977751186425e-02 1.454034524983442017e-02 5.395227695164492993e-02 2.155274731723756665e-02 5.322820232701537535e-02 8.768651314113737327e-02 4.107868944345711981e-02 6.330988945944343582e-02 6.432530179773120194e-02 9.241396712039326444e-02 2.548966939001529042e-02 3.342155530002821878e-03 2.442576382891012074e-02 8.060205719484320186e-02
4.658808614099099743e-02 5.959696625740237841e-02 5.568229562669583382e-02 1.903508472281776470e-02 2.063404140271122428e-02 5.618003697935665397e-02 1.912593868872876357e-02 8.029570681049059966e-02 6.394893391085497425e-02 5.929967385889062248e-02 5.943812772016770357e-02 3.294977438661448460e-02 5.679580720779076226e-03 3.530240450770578964e-02 6.115698598316676032e-02 2.243298329240161950e-03 7.213183121845533063e-02 9.881863365040813307e-02 6.247152107262819026e-02 9.034449520999075778e-02
5.761775746694844380e-02 6.704419693140144243e-02 1.533655077187671273e-02 4.762419185989013454e-02 2.796172801985218406e-02 8.804482804615210156e-02 2.465694818020161203e-02 9.355381093076185761e-02 5.928800535643245079e-02 8.269122674287798791e-02 8.826299261830199139e-02 9.024923708700383074e-02 4.020938390534261470e-02 5.679641617768581979e-02 1.628422267273042096e-02 7.604847043753622249e-02 9.188086807740308837e-02 2.070849986775425030e-04 1.374935695760284328e-02 6.681720198055789151e-02
2.822332702109503488e-02 6.822304509586041288e-03 7.142084494999483002e-02 8.930462485385841365e-02 9.252779718233307069e-03 7.196104582944035100e-02 8.165991242710053666e-02 9.841745414148779514e-02 6.621220566119730144e-02 7.545568163360436009e-02 9.027174832559135831e-02 2.935112238335201365e-02 5.894823977060458658e-02 1.641383388309171007e-02 1.258272276360075138e-02 3.987156792754897698e-03 7.595386939529314568e-03 5.840967199019103662e-02 2.025717965327317183e-02 2.532525535256943336e-02
