2.512516781465272131e-01 9.491859979540656633e-02 1.067288047181184779e-01 3.381959354361160908e-02 1.222951617341212494e-01 1.094796663991950414e-01 3.956366785831988420e-02 4.912238406433358517e-02 1.026336125190063925e-01 8.156510524020330055e-02 6.842933559083144712e-02 1.366005948184793595e-01 1.500440381143622846e-02 7.867791322790686215e-02 1.587475471564238072e-01 5.227970058461838682e-02 5.677743288220203632e-03 9.169356173586783176e-02 3.791751017980798943e-02 1.047756317589536024e-01
1.635559454076075322e-02 4.618953745193707383e-02 3.509550704281171746e-02 4.312985409052812191e-02 1.129388682469982877e-02 4.903912704265916273e-02 1.230589280185656609e-02 3.448956928563984368e-03 3.668542127634290273e-02 9.158150768634110150e-02 1.611901367079676684e-02 4.398332972481489023e-02 5.841435907466632771e-02 8.045000387972976730e-02 5.191174780861800703e-02 3.733152053637645105e-03 2.071871160998337708e-02 3.885802880972060586e-02 3.613929579581594970e-02 7.521089816337434009e-02
1.825013920029083846e-03 6.036746460629749400e-02 3.375738686708686098e-02 2.478696043995257808e-02 4.939301527781062018e-02 4.378624222581428693e-02 1.816858301969319703e-02 5.984511422434068278e-02 4.421915179126234552e-02 4.675582881648259609e-02 4.861534795821283172e-02 5.979016885680039917e-02 8.129892842480297699e-02 9.110298084156266685e-02 5.817491513895787364e-02 8.845012839598087595e-02 8.458971888370057923e-02 4.473106529012998295e-02 4.316470529832081710e-02 1.658489401020142237e-02
8.290517736615629629e-02 4.683323806090594621e-02 6.427348600613192256e-03 7.738721928107600290e-02 6.469103494591988378e-03 4.797191587037474836e-02 1.736526095509027812e-02 4.006096803908420351e-02 4.580978849942327069e-02 8.347123488220231646e-02 1.618651785445758204e-02 5.436843059123827593e-02 4.636218849289034521e-02 8.018322365222335657e-02 6.097998086800128503e-02 6.933517798683722089e-02 2.792555725978107528e-02 1.763498949409531003e-02 8.802251745195159571e-02 5.159367599911732910e-02
4.438574548997813868e-02 8.764799817076817864e-03 6.531320820825979589e-02 8.014189973378825493e-02 9.560477080911023925e-03 4.170288719004164313e-02 6.827864406304359757e-02 6.664586938732348920e-02 2.769824778844480820e-02 7.736182439018349233e-02 4.342415727505288120e-02 9.123799855165806716e-02 1.454026147091976896e-02 1.056744469397730146e-02 3.835909879556431788e-03 4.641990556527531009e-02 6.274609477831440130e-02 5.704249866635305311e-02 9.455746363431111190e-02 9.351539774713259201e-02
4.087541050654053265e-02 1.782190365304257146e-02 1.066488876661052590e-02 5.397242108033750013e-02 9.258046781021220251e-02 9.406832781165455626e-02 4.424271178583336073e-02 6.807050256236713004e-02 4.716700342828591963e-02 5.838711878878016098e-02 8.720522002706435072e-02 4.484518281239179699e-02 1.474237731394996247e-02 2.200082838544652544e-02 3.407926709151732052e-03 7.780962530818534562e-02 4.929060499482634805e-02 1.096294994376752034e-02 7.113720639612074181e-02 6.261388395781213034e-02
1.746634297570671610e-02 7.696161633783876743e-02 1.349415376008356038e-03 2.441096799974074201e-03 2.579307221712909964e-02 9.798690206524317270e-02 6.542335322238834738e-02 7.252386077836632527e-02 8.246018964133705609e-02 5.451786737563736607e-02 5.039570653055558402e-02 7.077152244591093655e-02 8.274260461675647660e-02 7.157251389751351223e-02 7.006584922763793577e-02 5.807912398604897497e-02 9.892905089966949617e-02 9.793172161547927801e-02 3.291223368037232005e-02 8.987563084739064179e-02
8.915044387017812336e-03 3.157272156108566902e-02 5.472359151521112575e-02 8.945020521802372893e-02 8.649463660212486360e-02 3.573016993087263504e-02 5.651800764090596924e-02 1.814747012360303988e-02 5.246021163374552793e-02 6.094824808947790773e-02 1.679011614392307214e-02 4.396250495725974317e-02 9.585712714952976388e-02 4.727740093411966771e-02 1.115152408305217918e-02 6.704913475958505786e-02 4.270339189549698239e-02 6.174471543340045998e-02 5.371325195506694572e-02 3.384483333446101222e-02
7.960364474644561483e-02 7.926022084861011896e-02 5.017931578390590064e-02 7.955388262284152079e-02 7.491594372393260703e-02 3.422387737770316019e-03 3.886581775776248165e-02 4.135747754276364839e-03 4.153936063488858355e-02 7.512421615539481567e-02 6.297684253277427424e-02 5.683422889078509205e-02 5.751069502407396561e-02 5.349614189393303576e-02 1.414069956004013889e-02 8.993601418332383690e-02 2.128823509368722722e-02 7.444301231588640322e-02 5.649838396787459915e-02 7.544401830059309366e-02
8.409125840933495688e-02 4.350545211914772642e-02 5.501723984230730280e-02 6.338859993058472420e-02 8.285413411268088835e-02 1.414992981253804238e-03 7.758896735060361906e-04 1.622140044869604600e-02 2.404091534686413414e-02 4.329350945313347604e-02 4.723226897745182173e-02 8.237561604611865797e-04 4.395037068308904615e-03 8.761697563271597655e-02 3.598429138331183091e-03 3.023170525251591897e-02 8.426733997151936162e-02 3.575423286242981197e-02 2.107450735495061331e-02 1.002390196623006470e-02
9.440132096016180807e-02 8.223599003500020599e-02 7.185064500147438082e-02 6.641524740542302518e-02 1.863541833699941183e-02 9.554144194164543302e-02 6.280116262200797182e-03 5.551345754938842580e-02 6.775203474115826241e-02 6.867067612945336463e-02 2.051086080019879493e-02 7.976994535071886550e-02 2.773334218531107315e-02 5.057727342301941015e-02 9.873202641639930444e-02 7.370812680499594371e-02 2.212252822826046503e-02 5.056790803196323930e-02 3.955782367699200996e-02 8.830379815272780542e-02
9.817347913914720170e-02 8.275492174617091190e-02 2.800894616523014191e-02 1.667560164184167569e-03 1.191072497419607551e-02 5.031479437044424075e-02 4.752337532489560312e-02 7.962313099880938272e-02 9.697435159862617671e-02 7.410454852795393677e-02 4.251619643170326257e-02 8.995397572413531273e-02 8.683546556890536783e-02 5.960241364489948790e-02 1.079319655822148609e-02 5.560723993607796789e-02 6.514359633774191929e-03 4.940042630891226111e-02 6.885108685556616537e-02 5.016559622450405403e-02
5.524934068038132168e-02 9.528646161499675082e-02 3.657856722403843991e-02 2.530251835678898223e-04 4.043925332642687304e-02 4.606517348822236624e-02 6.579073319789194296e-02 5.789151776001280614e-02 8.909122582879369645e-02 9.611840582486089191e-02 7.545600373738113598e-02 6.438706999940634057e-02 7.356133174307795397e-02 6.629542448551453693e-02 6.517664096631693715e-02 2.338704534625281328e-02 5.715714942472141513e-02 2.554035409820035879e-02 5.716914151099436459e-02 8.263482416589738866e-02
5.116820453773396685e-03 8.925018714651916651e-02 4.951464973512677281e-02 2.713410516824637034e-02 2.424401586314766169e-02 7.630791264476910474e-02 7.238672159084073854e-02 6.995202841872973087e-02 4.644724157002613762e-02 7.465137316225588238e-02 5.441954500303003602e-03 7.155563703017041310e-02 8.239517675410686082e-02 9.024191511458261317e-02 2.281202163441631292e-04 5.496736239425667470e-02 8.274550070255004552e-02 3.357676991681906448e-02 3.205810200233779467e-02 2.019840042268175248e-02
7.340529302156961929e-03 8.731493478238522288e-02 8.296776417679520288e-02 5.514144654688027392e-02 2.749160667283470291e-02 6.138803767925313237e-02 8.084595677534615887e-02 7.205975248824089685e-02 5.206938627481645654e-02 1.238889051459953795e-02 4.730067017022541315e-02 8.017686869244756986e-02 4.747170483890784942e-02 6.941115806175181258e-02 4.260740456053918601e-02 2.252400212566638832e-02 7.458566023701694581e-02 2.485017444048645205e-02 2.132906524327885661e-02 1.512458014867763649e-02
1.961453816764878802e-02 2.560119557656672859e-02 1.609049695881138373e-02 7.004860936909028390e-02 9.287522705813873458e-02 7.429799981847491630e-02 3.365309354845767015e-02 5.423785104338019539e-03 8.074224080775638246e-02 8.755593129145544662e-02 6.949965757776870035e-02 3.714089855648835398e-02 7.020057071141047600e-02 5.585135840553132752e-02 2.430729621690105521e-02 7.580569347321532148e-02 3.515025639296738558e-02 4.795282592434638863e-02 8.077177727843797006e-02 3.364087227380171269e-02
1.425909700162784205e-02 6.590080365480513458e-02 9.723272405881203118e-02 9.331782661255322298e-02 6.038281339180271573e-02 8.850591049811849798e-02 1.538324707180529528e-02 4.945575194414502523e-02 3.677608024465228026e-02 4.226096528037048827e-02 2.284234566490560628e-02 6.929916678865863378e-02 4.403837916206411462e-02 6.204052195784948848e-03 7.749353023330328438e-02 3.038073071734415098e-02 2.477521184654634182e-02 5.886900832992834204e-02 8.530276611235745876e-02 6.037738018952285707e-02
2.891583587227346611e-02 5.728122828791555599e-02 8.519409549996267983e-02 7.975570483995803039e-02 9.753309386548546234e-02 5.207770632731920091e-02 4.042140193202353737e-02 4.341348037012413702e-02 6.191449610087929045e-02 6.691997226475321879e-03 2.135857606366702369e-02 5.902843084091535797e-02 9.840508547475546042e-02 8.126375918296185885e-02 7.065808092457001588e-02 3.226637890494065547e-02 2.124718234199576491e-02 7.020745419581106428e-02 8.822388256136662332e-02 4.655631059248604986e-02
8.392130958694865930e-03 4.442217941307621820e-02 3.991831110465340893e-02 3.726328013608300876e-02 6.314751441941976462e-02 3.247554148286746489e-02 3.763566204542648924e-02 4.591211652906923395e-03 9.763476316183104797e-02 5.491359144959064020e-02 4.941646309668004666e-02 1.457700268168061856e-02 9.617790968944692209e-02 2.370173680141718364e-02 7.815116609098949057e-05 4.416984643957536094e-02 2.259161030799100578e-02 3.669467463010226554e-02 2.847529373582157255e-02 1.053483039975829962e-02
3.832033844192912764e-02 8.628081213168897756e-02 1.791741116497175268e-02 7.423968628153525262e-02 4.458291908389916403e-02 5.902876555210821025e-02 8.733062540403489782e-02 6.954634281960600517e-02 4.316894406045677229e-02 5.077221939234800863e-02 9.029937663508491238e-03 6.733674715433142499e-02 6.851968071612256350e-02 3.456783650714079226e-02 7.049548195824716090e-02 6.600000788408376395e-02 2.195457895279780136e-02 4.114043110991983353e-03 9.051476268001144854e-02 8.945023247516140086e-02
