2.914538500381009811e-01 1.242019487477575013e-01 6.856761271176275985e-02 6.714844251626442273e-02 1.661309915201425458e-02 1.323989548679054551e-01 3.588062124021181021e-02 6.184844707748978626e-02 7.696185534766462888e-02 1.120970603797960818e-01 2.562596420013170395e-02 1.129507177507431959e-01 5.988702185887125051e-02 7.698079070995295092e-02 1.215030328020906825e-01 1.634562616955801129e-01 6.907468983144575414e-02 1.122072777454722475e-01 3.787947440608992189e-02 1.051525021528466886e-01
1.492176887192305478e-02 3.953778832877660743e-03 1.527771131148143724e-02 8.295860942977868746e-02 8.422083846866375290e-02 1.636214118510736365e-02 9.149653208419382400e-02 1.110030089983307655e-02 8.292806264656479853e-02 1.258829729923221716e-02 6.332609487813797844e-02 1.912373589904397750e-02 8.183516112136510201e-02 1.759817327127417494e-02 3.562909874278271521e-02 8.869738936728714662e-02 7.786531472257195163e-02 1.842124158644710061e-02 7.434714463130501216e-03 9.236179711919952420e-03
9.371735350868359848e-02 6.412939309862061669e-03 3.863044337797938432e-02 8.301063747850311036e-02 7.604988909334471636e-02 4.976329910952302649e-02 7.359205519782714700e-02 8.475056130737676496e-02 8.439584694971766221e-02 4.235685433592119992e-02 4.889926995403975907e-02 7.871848828700331313e-02 9.823207300293892996e-02 1.868916129286691055e-02 3.602287118806002386e-02 9.563891403575325301e-02 1.919285348575674793e-03 9.786374075900826364e-02 8.713168503790350017e-02 8.053898199932160717e-02
9.927854630796932589e-02 9.492098042808387592e-02 6.268521344733035683e-02 4.235955146227609464e-02 1.000859843348171074e-01 7.902575512893285359e-02 9.507851454407573177e-02 7.866906926640754305e-02 7.520400457801625083e-02 3.710768260867296220e-02 1.823280646911679473e-02 8.533927805642445297e-02 2.579243760746116956e-02 1.113440309437274678e-02 4.685663258830968098e-02 7.453690942060550717e-02 8.647510566123266240e-02 6.091282641233188022e-02 8.968238931323072038e-02 2.917685929290761773e-02
5.873366703145862372e-02 4.992695254704829916e-02 6.389037328911449654e-02 2.186348189408463330e-02 1.416262521882223797e-02 1.385918323840604378e-02 9.189533457335707922e-02 7.482945746787685037e-02 5.229184572690032812e-02 8.928370985315126074e-02 3.783013071741870431e-02 6.089183931723118198e-02 3.039058938852781319e-02 7.920912391433011790e-02 5.926274869443482959e-03 4.301966510418624157e-02 2.150374679508151171e-02 7.301989445530171485e-02 6.896187637188511133e-02 6.812038141977985219e-03
3.976620666883783767e-02 1.028669729737269160e-02 7.700086978806049143e-02 4.803965970073473257e-02 6.552261813403431612e-02 6.385841601964174774e-02 4.013179176262653136e-02 9.781968990650606599e-02 1.935692063707321331e-02 6.678909407821133348e-02 7.354869908242482601e-02 3.700620803317291457e-02 8.966549480671942574e-02 1.277571004565525303e-02 7.313150155053631252e-02 6.938096158938519831e-02 5.679599702465602112e-02 2.616189773205634950e-02 1.310111161070292955e-02 5.881000741577998431e-02
2.655560483154000700e-02 2.148628355491519898e-02 2.842818769975215959e-03 2.899985643917406958e-02 7.085926055783156596e-02 8.115206448529481420e-02 1.634068142015283193e-02 9.165328929319381535e-02 1.785636046844096131e-02 2.222199508548838506e-02 5.639856863041155938e-02 7.678605966594893861e-02 6.898029335786554084e-02 9.062466616139952524e-02 5.476756179015244280e-02 3.583999006402279787e-03 5.991265301657619502e-02 8.461766672486370489e-02 9.953502692021376497e-02 2.633405982421415867e-02
9.437983952212646022e-02 3.549072127634223667e-02 2.964283595881061009e-02 7.953355003720795000e-03 1.129404487799728560e-02 9.596637684426616299e-02 5.826443772566837487e-02 8.318498500937142326e-02 1.854330987787026694e-02 1.722651324772851147e-03 3.372556745020008351e-02 9.212682528944801663e-02 2.693672417628245608e-02 4.378371231162929422e-02 9.564161327217204911e-02 5.539019774156682396e-02 4.508869413565561035e-02 2.014404690226542435e-02 2.028265142359197623e-02 9.236004378924653202e-02
1.908447508451705660e-02 3.551301263454988838e-02 5.837060937834078443e-03 8.664196780771850348e-02 2.539300070667858261e-02 2.826996388000564686e-02 7.377637602123056360e-02 1.331541907189966699e-03 1.889288726479271957e-03 1.805069395995307496e-02 2.102637184658337835e-02 7.202284604310805159e-03 4.679182852425668726e-02 8.410693069083650941e-02 3.950784189708453353e-02 6.413546340052679595e-02 2.049031320244020307e-02 3.013089888797998786e-02 2.005081923814178158e-02 8.514420239217310171e-02
8.491668389729542521e-02 1.013478261559645072e-02 6.174709196574663939e-02 2.342155459051820099e-02 4.532879824867117741e-02 1.026836359388191844e-02 5.048065116063921165e-02 7.803783238056176408e-02 9.668068693347591294e-03 2.820488903820451976e-03 2.567975403343780022e-02 7.911093972504318339e-02 4.136584200673544542e-02 3.434368224795468494e-02 6.749109552978452276e-02 3.660946191128067878e-02 9.438198634739666804e-02 1.323566263488033801e-02 1.400486499490445971e-02 9.054217264529600129e-02
4.957853111864358835e-03 5.460966321386297867e-02 9.094092748403762028e-02 3.166545313065619732e-02 9.634503881420934668e-02 2.535600265556219035e-02 6.073149759089882527e-02 1.551029281354390776e-02 8.354837001368750626e-02 5.987746016142021094e-02 9.740195874086311767e-02 1.508476377661022681e-02 6.344878499449345399e-02 7.565808127692925933e-02 9.581717387024860089e-02 2.941015270173429411e-02 1.185265127299786614e-02 6.339040571797989465e-02 5.477483873396322978e-02 3.463981292371855116e-03
1.937800332037364209e-02 1.367938851422163815e-02 6.520485780231422002e-02 1.966042339243423767e-02 1.567779863156171932e-02 3.861386232472519692e-02 1.106839831293905153e-02 7.796897477061559556e-02 2.324260554262208220e-02 3.335218237625691296e-03 6.212666545982912375e-02 1.473903536056659844e-02 4.044120594701711841e-02 7.282779340618462938e-02 2.891604304269268857e-02 1.953113600374208059e-02 7.583710038238107576e-02 5.567070401836082989e-03 7.506243103033762194e-03 9.125216386988799222e-02
9.597964278695161888e-02 1.962908811062162931e-02 2.943382108084930532e-02 2.106097196349626319e-02 9.958526140180525010e-02 8.746985855918526509e-02 9.893774280418089762e-02 6.726260484184358457e-02 1.038351424815845900e-02 6.710683805947612046e-02 6.356830041429482880e-02 1.194106605938970340e-02 1.248018776129644104e-02 6.253688265130072366e-02 3.091075423382541685e-03 9.611724898743667644e-02 8.812699345381824756e-02 4.277301061242323038e-02 1.663419774818131885e-02 2.150381027381697077e-02
2.867199646910589296e-03 3.781547565522006514e-03 6.661426588373636770e-02 5.630956055337535404e-02 4.632334278090467078e-02 6.940721942042898940e-02 2.764054288437040735e-02 9.602618528465185765e-02 6.148879397353093634e-02 5.921788795184008275e-02 4.825992642438507035e-02 1.945813589310834216e-02 6.331402849083830886e-02 7.697315235714811965e-02 1.054629899878073429e-02 1.690197997578932188e-02 1.705984031540373628e-03 8.830270420201570547e-02 7.282981768485874419e-02 7.008865051642342026e-02
1.226002633015212638e-02 7.443081193648448668e-02 2.126518643258008476e-02 7.093082553279350666e-02 3.474420022397969876e-02 2.491841651114722056e-02 2.847377391831343654e-02 6.877820975088734523e-02 2.217124915265130530e-02 8.817406548323393489e-02 2.930744457533379990e-02 5.153446750686851291e-02 9.655312057407531082e-03 1.829415885022333231e-03 2.172600007205670748e-03 1.230378540070829578e-02 4.745462800195377612e-02 2.026491283751430048e-02 1.607658977758239308e-02 7.283679267036732852e-02
1.940003329811675753e-02 1.362517753418662075e-02 2.246369099654332499e-02 1.001724253818724597e-01 1.106067321785995233e-02 5.383450806531955152e-02 2.937274214389322402e-02 9.635202446316612490e-02 9.501403794596184615e-02 5.321330717608727112e-02 8.132426340252438268e-02 4.206741531147046437e-02 5.628173162867703555e-02 4.872508669134822945e-02 9.992627052825624190e-02 7.861768725991248770e-04 8.681059486893716315e-02 6.160634359865980320e-02 5.109706755451095400e-02 2.757104212822735628e-02
1.928851632869718613e-02 1.455802441549429276e-02 9.859112284131171799e-02 7.849238308647379925e-02 9.041465335181181340e-02 6.781567499590990256e-02 5.974526841278048062e-02 8.774722434419852946e-02 1.960559478339287537e-02 1.847370843445809638e-02 9.710340763151233123e-02 5.899203154309207858e-02 9.009290815147250053e-02 5.953081920464406429e-02 9.238685303904965729e-02 7.972808126878938584e-02 2.781641370705760508e-02 2.394618517318863882e-02 4.427151687846306999e-02 4.870987898621590567e-03
9.685691460953739507e-02 6.700332906475379990e-02 1.519818363461215155e-02 7.419042663471220322e-02 6.966915730442908850e-02 7.926519156271172317e-02 3.253959014820265866e-02 6.864083610626511844e-02 4.664979983234487926e-02 5.544533744697697358e-02 6.843025306478005276e-02 8.987176842843606905e-02 3.183491640979041470e-02 7.394424026622675727e-02 9.572102660934346530e-02 3.732606497720992317e-02 2.710636105173921256e-02 9.334730037594821117e-02 2.674058742289711285e-02 9.674339970588199944e-02
1.240197953598588115e-02 6.707220849267961360e-02 4.243653365039758152e-02 8.710342107927762645e-02 2.245252504583713365e-02 6.199674988531322234e-02 5.652137883460846973e-02 2.905360976661422370e-03 4.252519172156067617e-02 7.372813328370550999e-03 6.801545940123100709e-02 2.921525619992997730e-02 1.719124520767472894e-02 8.622384950260988945e-02 7.531481915140690250e-03 1.506598416902576315e-02 9.592267577972073134e-02 2.185051821678024239e-02 2.325006481598056174e-02 8.912491554968543506e-02
1.797716964124332698e-02 1.845919555560841807e-03 4.047555057944930007e-02 4.122210559394797608e-02 4.681064356616218732e-03 7.568528366494499393e-02 5.750139309383826142e-02 7.654794098213854592e-02 1.409114460543219038e-02 2.670499921767564844e-02 1.249391092915940436e-02 6.539407342640982113e-02 7.012210441191987775e-02 2.719835247678590792e-02 9.139435080014761403e-02 9.919742312948399976e-02 2.862328616875365467e-02 8.643282736159552115e-02 1.499871147625341308e-02 8.916196310710518269e-02
