2.325087625611400033e-01 9.853834302784669763e-02 1.573223856021055966e-01 1.107292169422471884e-01 3.666533925060886517e-02 1.182059218323877892e-01 7.074410962179010498e-02 7.989872603662112605e-02 1.112284461571601685e-01 1.464749863613002412e-01 5.554304939477661129e-02 1.241023058198879175e-01 6.857381646771421035e-02 3.402566877148812535e-02 9.396098644321404514e-02 4.183466006069813670e-02 1.040966342805668132e-01 1.024875569855124569e-01 9.019315233152881695e-02 1.446243063219160296e-01
7.710525868293419127e-02 4.580323183072255999e-02 2.644378970931055006e-02 1.364284184907067592e-02 7.787682775907615873e-02 2.956140916715753811e-02 9.659986857291978646e-02 5.450669150010686859e-02 4.774036987863466280e-02 3.383347649575324523e-02 5.345893951444762732e-02 8.505205255055607594e-02 8.196143376346964882e-02 2.281896897768904975e-02 7.810914803523716712e-03 2.619984146070507627e-02 6.664253774841498446e-02 9.951022463799177875e-02 3.123662172684854577e-02 8.409059288664166854e-02
6.353291168290717272e-02 9.921030296365707969e-04 6.327318610899153317e-02 1.970163945066459935e-02 2.963835831959076364e-02 5.282372124405534941e-02 9.349910223510909946e-02 5.537013131638637842e-02 7.830226014169078264e-02 6.665660036361480134e-02 8.288301669519010373e-02 7.954413457555654932e-02 4.835555454578957524e-02 5.415865687312783339e-02 7.780654378944186489e-02 5.318103644704206406e-02 1.914374629470545763e-02 8.674617011812454925e-02 8.034370632811094204e-02 3.441736515321332929e-02
8.371810540556384739e-02 5.105351619206086738e-02 9.304510144318017817e-02 9.300151549199041356e-02 4.491247809409176089e-02 7.015658131740802606e-02 5.669769118450057599e-02 4.103801360987584940e-02 5.111723128953053058e-02 4.477484396981002215e-03 6.899217849612709896e-02 6.283023672985545149e-02 3.399119747166765709e-02 9.002782551983504189e-02 4.471721188063940838e-02 4.460269469916110924e-02 8.892509845303046834e-02 9.492954960920201024e-02 1.161295675260208896e-02 1.425449137623958744e-02
8.609859070815550908e-02 8.130450161231751738e-02 7.083334376729924498e-02 6.727631098382122476e-02 3.554890026570483447e-02 2.371961151636839057e-02 9.771004478288254635e-02 5.307655391593017052e-02 8.613538658389513492e-02 8.436635145670047520e-02 2.431749663994333885e-02 6.506106250239211686e-02 8.073727256715634848e-02 6.239040071687110278e-02 3.430691481899161149e-02 2.980026796633362951e-02 6.448813441998371698e-02 7.883779223356621180e-02 7.630767787144349112e-02 2.046440645472890132e-02
6.299962351801746685e-04 4.239586267419323540e-02 1.667299129516286449e-02 7.495177861434144939e-02 2.806573584658191012e-02 1.342504413289236087e-02 2.813853045275918272e-02 7.379720914684070876e-02 3.875491142806053446e-02 5.675189776573440897e-02 9.103283720031019391e-03 2.973884423007292638e-02 4.440417935162599590e-03 7.376188281769556487e-02 6.227687036749564309e-02 1.485750987760009467e-02 2.593964828035454431e-02 3.508887185105763473e-02 6.226709089046100765e-02 9.729834800475933854e-02
7.333701698793147761e-02 7.981059593472240518e-03 7.237984490761742440e-02 5.014700952024266078e-02 8.417062797239957539e-02 9.781339027807539610e-02 2.393427873745573864e-02 8.364371361057282295e-02 2.315373962735452207e-02 5.899435696284341391e-02 1.069372525146847913e-02 4.617425341363957936e-02 8.483495711496862046e-02 1.987028944291985288e-02 2.959904790338363512e-04 6.417020766121740716e-02 7.562841416385233939e-02 1.068575484874800807e-02 7.436126672221918255e-02 9.389876430013976982e-02
1.488684881021740125e-02 4.023843986377460130e-02 9.746894573542064233e-02 1.587755332007740813e-02 1.602580584216997325e-02 2.644854087943440332e-02 6.269819357070162413e-02 5.330389387865597239e-02 7.222921430618771399e-02 5.233858398697330966e-02 3.867083312390615785e-02 1.318122057115992535e-02 1.138027143465539931e-02 7.754087015435025265e-02 8.985145705070385347e-02 1.284668914493606456e-02 5.327710871179265617e-02 1.178737533070461918e-02 1.535287735603371208e-02 2.737150901572541623e-02
5.435595961231366735e-02 7.729857420196999118e-02 7.259784525227341856e-02 8.205273820478029001e-02 5.846675485161712633e-04 3.078347158792815730e-02 3.171185133642529311e-03 8.364105974228554230e-02 5.977283191855833899e-02 9.157778163080705636e-02 2.708179042095613248e-02 1.239556826607298747e-02 1.186165490895137002e-02 3.373039179601251825e-02 5.754653647440976377e-02 7.416285006623653253e-02 8.272176405776260344e-02 6.560924241490653785e-02 2.275779021313538777e-02 2.220629315538550502e-02
5.531561727645838838e-02 1.322129931649547278e-02 3.307271525558629771e-02 6.598490091476871822e-02 7.719156905813555347e-02 4.749987455395411617e-02 1.889918009414558522e-02 1.599313797361395784e-02 1.520495066354495863e-02 5.280570400973349371e-02 1.034231091524010632e-02 1.098806073567442157e-02 4.636138182962071252e-02 9.313479059028786922e-02 1.472491890035655497e-02 1.945040580134727026e-02 5.107603693494106034e-02 3.361639575768134852e-02 4.256988920714935981e-02 6.817490870734854713e-02
3.196895598516243803e-02 2.911270112833864998e-02 9.189729627926584987e-02 4.994496265920662925e-02 7.643500096918748321e-02 4.843148921505527338e-02 2.344853449465955642e-02 1.197509912692103044e-02 2.080905525856419080e-02 3.717620570429346766e-02 8.763022419968758206e-03 9.836165986174719156e-02 7.674504835631885957e-02 6.183475975930546875e-02 9.713665119146747129e-02 9.844659508552586202e-02 3.640869949902442171e-02 5.868863567435459588e-02 4.513707342814774620e-02 1.674775852819674477e-02
2.934528316843765250e-03 1.261304131768072913e-02 3.892429698340062194e-02 4.792608732949826811e-02 1.978397767306748836e-02 5.025022418804406948e-02 3.910344832402384840e-02 3.693111385407621405e-02 4.778436824679284378e-02 8.843300926701025411e-02 9.479973136852506976e-02 5.558337296690168267e-02 4.558536153380617073e-02 2.814013043262414415e-02 6.941423851641552456e-02 8.938643592830698703e-02 5.300654775326868462e-02 2.004614722661990627e-03 8.302046570338372788e-02 2.584905667715705832e-02
7.835032293551416616e-02 6.080953197493457751e-02 7.014302463337410143e-02 2.302951827459652837e-02 8.313738627011330040e-02 7.155624666502373443e-02 2.485516764752983276e-02 7.088354790993171839e-02 8.910363842598766071e-02 3.834593348343345171e-02 1.621438081196605735e-02 4.619588062443548415e-02 4.819912029150474203e-02 4.708452482830800812e-02 5.410517180558810368e-02 2.864454179649603832e-02 3.058904597828842123e-02 8.155441703472937620e-02 1.968405543376612610e-02 2.635876865180443451e-02
4.009324432867156056e-03 4.651943778713137079e-02 4.991941745545224601e-02 9.506070845586978013e-02 7.448156918036423491e-02 5.901392852058199440e-02 3.342696110041625673e-02 9.538252759881321596e-02 1.317370820956672607e-02 3.848548898970056975e-02 4.101981459203934977e-02 4.104701065757742490e-02 4.568726071878748130e-03 6.883229065717651196e-02 3.814070788286555436e-02 8.401257368639913903e-02 6.118702701153137108e-02 9.270805499224654689e-03 7.302395313167249491e-02 1.984479838023844867e-02
7.186808068737009225e-02 6.115774353906930361e-02 7.592889879412514920e-02 7.831459634445281370e-02 8.323558555411797455e-02 4.791159129453714804e-02 2.557971029124659484e-02 7.798095567456669874e-02 7.851796630421621626e-02 9.257197812744190346e-02 7.473778619290982750e-02 5.663598107199870058e-02 2.354346904487969547e-03 3.838039412111117488e-02 8.291767410574704678e-02 8.441982786538998473e-02 2.283781760397678509e-02 8.117795875535149808e-02 6.471527809774908768e-02 8.162559789437009994e-02
9.445989136536526998e-03 9.332495112114767843e-02 5.141547778435615751e-02 9.813690396274689365e-02 6.064830408576318832e-02 2.717584657424798600e-02 7.862156305998078965e-02 7.389360562991122150e-02 5.895883350536369012e-04 2.452904120263721399e-03 1.227477021223531001e-02 1.992709235466315690e-02 4.587654326181862807e-02 6.418072819015208097e-02 1.528650196194854087e-02 2.084252304234113142e-03 8.896720635833882396e-02 1.454407109143974856e-02 7.388867882529182030e-03 2.334516043091483528e-02
3.144257227196284310e-02 7.208097527034107443e-02 4.710632122476260397e-02 6.092501054311449948e-02 5.230254020388241942e-02 8.808704466618995366e-02 6.955242499840240400e-02 2.473718945947990522e-02 7.540138401946860913e-02 3.759041667428709987e-02 7.634276253559252323e-02 1.054210390395720134e-02 6.485287718840224147e-02 1.243357602025500080e-02 6.260468068131834485e-02 8.455546720609982692e-02 3.177503516129622646e-02 4.578078497826321364e-04 3.944187107671598413e-02 8.797872969478715000e-02
5.956977659542095870e-03 7.523584325434889974e-02 3.558333391904988652e-02 9.702068596200413841e-02 4.919827499426344952e-02 5.205229776781361561e-02 3.245856285240861228e-02 7.328254413378980370e-02 4.743437602735275926e-02 7.619818529106064942e-02 9.334991388251427658e-02 8.943468814522212429e-02 2.844492834153522498e-02 1.058017267061556188e-02 9.342337501052355719e-02 2.692362320211186960e-02 2.817644796191696305e-02 7.951903607089920445e-02 7.282619786161668995e-02 3.602912748015519098e-03
4.157731776197555462e-02 5.509125907014299911e-02 4.067384024033241646e-02 7.167194544578928128e-02 4.355745284070447476e-02 6.180083861609836360e-02 2.227017103555596622e-02 2.404468064524757642e-02 7.160145066840108152e-02 8.609987063114069028e-02 9.517819294218343718e-02 9.242538332894789654e-04 9.116781509920210413e-02 6.252270075659120685e-02 1.455523352677311547e-02 2.477673982251075296e-02 4.109796103899075043e-02 6.050070201498031208e-02 6.312512318906089714e-02 2.492173547588468971e-02
1.976803208937707654e-02 2.511406310119075613e-02 1.633716568193335425e-02 1.719400673986149972e-02 2.529308213360651619e-02 8.852407353102210302e-03 8.551770393656325797e-02 5.571686279673244979e-02 1.151627354631151734e-02 3.549699796037182609e-02 8.549388777048702592e-02 8.490136044300233831e-02 9.197517905655311354e-02 4.708551044391347251e-02 1.706516437801756242e-02 1.561245984993162722e-02 1.204697143562711951e-02 3.085039049956632765e-02 9.829468482264315521e-02 5.805445924098665000e-02
