2.589859335299954934e-01 7.148683764866448076e-02 1.004831227966371532e-01 7.423939779164734354e-02 1.395311507540374363e-01 2.832031719608401124e-02 1.582993001327188953e-02 1.408664969902732322e-01 5.589231797767500731e-02 4.663088462312920540e-02 3.560440627070223657e-02 1.030544210109436143e-01 1.493719076577949834e-01 6.189450507337333762e-02 1.004201705249945231e-01 5.520445624998403245e-02 5.294133838855336754e-02 8.957712318232495530e-02 1.366613091396700619e-01 4.530880010101789174e-02
8.860650440968804997e-02 7.714836357722097693e-02 5.555556528727023657e-02 2.320144754489893504e-02 7.474331386121423060e-02 2.547851587473137780e-02 1.485356619876405763e-02 7.736243812532289654e-02 8.194692739350961652e-02 3.843215229569917762e-02 6.412921392242366438e-04 3.829159529721471063e-03 2.250296500284267032e-02 1.919617284709289676e-02 8.849669711035167141e-02 8.920624969549988126e-02 6.685400399792432169e-02 1.295463807414043433e-02 4.300052829734790812e-03 8.799936146526347869e-02
3.009107083472568889e-02 6.856970208585182192e-02 4.740958018408804320e-02 8.881141530852100507e-02 4.313659810872046141e-02 1.957288354501980632e-02 7.670586055495957900e-02 4.317722301659137479e-02 6.859502046004871401e-02 4.110020237837636037e-02 4.274513273481990450e-02 3.035358296396820782e-02 4.193095575394872876e-02 3.843546689826953661e-02 8.271289350627840375e-02 7.349282850449943838e-02 2.755204002630351479e-03 3.421436914885116892e-02 1.183252543339717924e-02 3.843033640192416306e-02
9.157688840193539681e-02 7.045445967430895295e-02 4.219925143375335280e-02 5.878028793498241145e-02 6.826599220979612248e-03 7.473716914071229511e-02 1.096402018566704564e-02 5.630884976650549212e-02 4.409431875685855540e-02 6.610250515796756675e-03 7.418548134500578539e-02 6.224659665304260042e-02 2.986838819652403235e-02 9.053778096061133873e-02 9.401460631497768339e-02 1.502357322384349075e-02 8.539510859868387760e-02 6.715150285505439021e-02 2.876449566801423524e-02 7.406550258177489743e-02
2.284779802483874120e-02 5.035585393943240590e-02 7.053241323914916094e-02 1.881995051433265134e-02 3.618724490148568507e-02 8.834318851072164858e-03 4.016517096809443799e-02 7.977147358931532817e-02 8.456415094533673016e-02 7.246063345133890721e-03 2.456652936613870283e-02 4.143668644439024717e-02 3.260148511588777803e-02 3.349047055750220808e-03 1.973592007025039285e-02 7.928240824944997323e-02 8.487929183836807889e-02 3.745205633174270021e-02 3.537608828026896080e-02 3.756347110492289781e-02
7.509636265712023306e-02 3.562942405932067319e-02 2.944355562705597285e-02 3.847865361875679822e-03 9.108828293447657209e-02 4.163801092550557803e-02 6.301524218109776088e-02 3.151457423738317914e-02 6.697118483478391171e-02 2.398197877140484727e-03 1.586469062028561527e-02 6.060235145417414843e-03 5.195195053145029935e-04 8.183324676926201358e-02 4.105129884102087789e-02 9.369915104771582570e-02 7.019860494776596072e-02 3.103495278336432239e-02 1.176545986596165896e-02 7.330338206713468696e-02
6.249707042453864908e-02 5.695308216983239330e-02 6.257703051657297066e-02 2.295035687916585632e-02 4.395250147860708945e-02 9.016529405400909580e-02 3.745761384304679975e-02 8.777984485627000899e-02 2.821929151785518286e-02 1.103591615619763447e-02 3.394425444998355051e-02 5.854293771087907411e-02 8.386533506362249535e-02 8.885508651677609393e-02 4.850843550643382796e-02 8.868338563931070506e-02 2.311177916237793298e-02 1.958591208210264112e-02 1.485345072787135415e-02 4.302538971162991888e-02
3.414007684859452635e-02 6.814646984403673058e-02 9.449709532940549217e-02 5.687969787265392818e-02 6.924953066992230177e-02 6.350581218772372027e-02 1.675510432093133689e-02 8.404105625589121387e-02 9.317670474649458745e-02 3.708525998962378806e-02 4.081594052669557104e-02 3.350538262238931392e-02 6.634785497332096327e-02 2.319283632863996733e-02 2.507276794073710902e-02 8.637921994309227802e-02 9.460399296595978225e-02 6.099976609980340553e-03 6.891760721145401281e-02 6.684805871312194531e-03
1.512791561994164622e-03 5.140389372036788945e-02 3.895086436474776148e-02 8.376761505502816618e-03 1.339658920620989679e-02 2.526911209202058542e-02 7.232270981668047216e-02 1.571362705127541531e-02 7.044652326128886255e-02 8.890791690315369422e-02 6.051184516801636631e-02 4.749817373318061808e-02 8.444471179239354530e-02 5.063514320285796011e-02 1.640258231640858919e-02 6.692139527556502376e-02 9.344365305851624892e-02 9.790347360218418227e-02 1.228155425036382524e-02 4.388869772550942072e-02
1.960158021240180487e-02 1.547522447216596181e-02 8.716036522714876167e-02 8.129691284194383305e-02 1.502211574810397021e-03 4.407630692094284541e-02 5.675069605029040704e-02 1.592804769960542988e-03 8.879670073714363704e-03 7.362724430448101820e-02 7.038619907624443512e-05 3.378192176946159114e-02 1.094933089991791987e-02 3.572720867859446175e-02 9.413294379755246521e-02 6.562569397432514717e-02 9.784090557701535795e-02 7.330942590034428448e-03 3.611281028971835561e-02 1.465394091499566676e-02
1.634575405414448110e-02 9.082094939417953428e-02 1.480386463553556853e-02 3.390340168150281219e-02 2.261573870074556902e-02 9.812718540471937478e-02 9.094385302357867185e-02 7.387067868743536075e-03 2.922766801649850921e-02 7.861032938535224279e-02 9.462708048943860306e-02 4.264967613955650792e-03 9.223769945962410899e-02 2.646912500605545088e-02 1.353909356560053547e-02 5.298284248160024801e-02 1.527100873099284176e-02 9.335120005572350443e-02 7.850952445692623016e-02 8.209580603154728595e-02
4.460673343715113731e-02 8.193472813685007128e-02 5.009864196343699616e-02 3.712226887024735328e-02 9.268653777386175185e-02 7.189175964577858291e-02 6.614438209173906236e-02 4.915250094887246846e-02 7.794497095445769574e-02 7.612568193610920464e-02 8.836442459470734978e-02 3.246547333085262471e-02 5.924022430632777669e-02 8.753006655918306456e-02 5.336619500506252500e-02 5.749216198172626968e-02 5.850590098761601632e-02 9.937201646564758351e-02 1.352879969706754018e-02 1.729026002833208495e-02
7.995359957225449399e-02 9.470119362076002967e-02 8.432456803927343425e-02 3.013562159449432315e-02 2.633575540908575027e-02 2.787925787718750423e-02 2.389769099903224156e-02 2.517002514443368588e-02 7.813975893619798385e-02 5.162924033002207896e-02 1.496911722771219339e-02 2.341445743070834709e-02 9.367978579391523369e-03 8.447747507363419228e-02 1.842725032580902131e-02 1.033179712308139944e-02 5.637722611799872441e-02 3.482757159980805206e-02 1.980705053623987855e-02 8.413070172250949885e-02
8.885082661221470335e-02 8.303933594320925260e-02 2.571679565157599864e-02 9.245585801170552731e-02 9.354208223581517156e-03 8.557797376514329757e-02 9.877780930646196458e-03 6.707796744047821169e-02 8.003896854873053524e-02 6.741602457090618838e-02 4.213452300694528474e-02 6.448950679494580562e-03 4.447583381978592598e-02 2.541536127357914288e-02 4.079799143638579428e-02 6.233705877769532555e-02 9.042648512558582041e-02 5.197657564301667865e-02 3.726443239837392424e-02 5.256694036125043878e-02
7.124735941516018023e-02 4.464470433461298869e-03 5.429054149044776519e-03 4.057911020746760716e-02 4.296557549358925865e-02 8.853802243247509141e-02 4.422998815577525167e-02 6.023262609835941528e-02 2.276484708451308528e-02 2.648099613550041267e-02 7.258050976063278037e-02 5.296139121588086529e-02 7.839497890286174775e-02 2.359320638817731519e-02 4.029605807395815475e-02 7.407101170031187010e-02 4.560226959025721893e-02 3.973198520550563079e-02 6.886384692365868365e-02 5.519138410219447816e-02
3.214037273410356305e-02 1.918945908650884422e-02 6.132277340647714070e-02 6.627476173738398868e-02 2.621266055465511224e-02 8.421627682919126390e-02 4.831554628450115962e-02 9.508980524815330293e-02 9.169517973962885982e-02 5.838267200767741083e-02 7.897316166633999712e-02 8.151230180248522639e-02 8.774605803551605021e-02 8.402638612420239295e-02 5.758012221434814087e-02 7.098525277216746754e-02 7.121044697778759758e-02 1.287238877345905398e-02 4.978896365010235942e-02 2.911974593471573780e-02
3.449913376437452588e-03 1.805878353937604569e-02 7.922884872877333784e-02 8.093322869777296036e-02 9.278334646165165012e-02 5.885309404160990465e-02 7.471377624956541952e-02 6.732835409047033606e-03 9.728896069998940743e-02 9.071755247927405091e-03 3.916465286758996633e-02 8.994555770797219669e-04 6.486309604622909897e-02 3.280052594846153552e-02 5.158620621293485281e-02 8.014582073424493178e-03 4.581412896010404051e-02 7.180759258290313196e-02 9.924657027291049205e-02 4.243057276715359039e-02
7.356254108595260133e-02 8.010149488447056154e-02 2.198779437553906313e-02 4.934846503991827116e-02 6.122741609596119017e-02 4.029131163644979197e-02 2.591198254653583055e-02 7.523398266543424202e-03 1.009106068219856045e-02 8.503499471965075829e-02 7.740217489255035721e-02 8.728250901414220941e-02 8.158347513906769044e-02 7.304401699147065885e-02 4.104212336925380789e-02 9.905081949478256043e-02 4.361616286690584050e-03 6.449217589121906957e-02 2.064485529044313150e-02 2.762879268981183190e-02
9.818643821715489217e-02 9.344490841443509055e-02 1.256135363459429805e-02 8.052921352490072932e-03 3.071288121395644721e-02 1.236395552609514947e-03 1.541203309378036401e-02 8.640133568343555392e-02 7.599558153166213748e-02 1.445141084378293028e-02 9.103806928099328344e-02 8.240600558295620159e-02 1.303217238488907402e-03 4.132302071559110224e-02 8.232358936184590303e-02 8.808463130207554170e-02 3.176340426686510149e-02 3.659314944787651902e-02 2.705428938249452436e-02 3.451024395566284347e-02
4.935665499812276480e-02 7.513444435271751654e-02 6.854316434767308841e-02 1.790290159564831424e-02 7.739078715592313806e-02 6.118171014962506954e-02 3.753903988878270342e-02 5.249653149965802929e-02 7.536228244249605634e-02 2.081125507633076188e-02 8.087995232489680886e-02 9.759925589039841753e-02 1.554915782397515815e-02 3.718270850784832857e-03 5.176714430690977642e-02 4.642268032478635148e-02 8.180152331362205986e-02 1.496753163106023798e-02 2.791095366747682605e-02 8.398371370613744169e-02
