2.349157685726910028e-01 1.130197319462769995e-01 1.813252837921384975e-02 8.463134056518964443e-02 1.144538621077975799e-01 1.330558365742473548e-01 1.140410661103665735e-01 8.748081175149977073e-02 8.734508750184738490e-02 1.086483910600038599e-01 1.629454575715714448e-01 3.196196864914555014e-02 1.569847487784805373e-01 7.817018453484050888e-02 1.064988046535577382e-01 1.426753186796771433e-01 6.867510434868517866e-02 1.051611964985018494e-01 1.397980223321098336e-01 7.556888430134600654e-02
1.230952416233810440e-03 1.257444673280756590e-02 2.170682490695323777e-02 1.939898215908494525e-02 1.738404267043991425e-02 9.049692356698056661e-02 1.964854027357977595e-02 8.454850169603528309e-02 9.654859858987857590e-02 4.228585293448750525e-03 4.553634053253152736e-04 5.653850300438167942e-02 6.264236990458284249e-02 4.721330915376820495e-03 1.338469037655500883e-02 2.845235725168315799e-02 2.732815080698147714e-02 6.467204498691174475e-02 3.370843261789541190e-02 4.852005618980803625e-03
1.671394617891053258e-02 4.924426807631621106e-02 2.664505305411118963e-02 3.009592291775248230e-02 2.171728567234920866e-03 4.790619031125828431e-02 6.103494810838652751e-02 9.294042268718771815e-04 6.829966470145217017e-02 9.141741091450050760e-02 7.265367091484128959e-02 7.270506158857949208e-02 3.176294008085951692e-02 9.444416016270752723e-02 4.371705646736519235e-02 6.017665772397539498e-02 7.560668293940586704e-02 1.530668692895490596e-02 3.941477784189838934e-02 2.370696057269543536e-02
2.983278877070485655e-02 5.287854882710066318e-02 2.089298810333606489e-03 1.925581435743056735e-02 3.390543599433670872e-03 4.824387752605532875e-02 9.248807145871019986e-02 9.101219328399445807e-02 5.484381389513903748e-02 2.207128522579542354e-02 6.924328678695697292e-02 4.500017136238045057e-02 7.119333358716194160e-02 9.393431970418628096e-02 9.880531629284644568e-02 9.286133609099539443e-02 5.707363638459322930e-02 5.578484247548109315e-02 5.081758959269822018e-03 8.064600782110963040e-02
8.211579688963910328e-03 6.568445302705817022e-03 8.462415999278927181e-02 6.534255378910679146e-02 2.660808476074426679e-02 5.905025222686093728e-02 8.448499524896084523e-02 3.327657047967669582e-04 3.011997414938130321e-02 2.216968232333038809e-03 8.501701926971053092e-02 2.832236323851066231e-02 5.676524888432211112e-03 4.084044148091228732e-02 3.810277134839307189e-02 7.343112022007029782e-02 5.300556255169864076e-03 8.734539305178692925e-02 8.490303422179423798e-02 8.133590175291266489e-02
5.842196728645685649e-02 4.914214527975831193e-02 2.225308588640692239e-02 2.200994255956946477e-02 5.361832775640006793e-02 7.039092473414297613e-02 4.624739417262111602e-02 9.348862807637109418e-02 8.597326022127119161e-02 1.805019354967855177e-02 6.844369123889770812e-02 3.649726110036615595e-02 5.687620721855231321e-02 4.028835402324462689e-02 9.487472245080720568e-02 4.625707844324816048e-02 6.361138475273231396e-02 7.954838414769327404e-02 7.102656110266002132e-02 5.170805711697015750e-02
7.587161976443618228e-02 6.761919938608590419e-02 6.355981234295561555e-02 2.251212112981611224e-02 2.602152941377078310e-02 7.732996184192875155e-02 9.848151904061840101e-02 5.302645803373811501e-02 2.544780601450877949e-02 8.922774389801803319e-02 4.771027430049101792e-02 1.851967725326119155e-02 8.285645483384862509e-02 3.813634406385984360e-02 8.968954789845817732e-02 5.990191496881785288e-02 8.860309074277451791e-02 5.375303214047041922e-02 9.306030031808387726e-02 8.044582370198730126e-02
8.811216388436882152e-02 8.825310729873643567e-02 9.571704355608612758e-04 7.121058954071991104e-03 2.257333025021511855e-02 7.467322257707809281e-03 1.462661177799936575e-02 5.303739690898136294e-02 9.514382585740289652e-03 5.612221018426088309e-02 2.993925083938251547e-02 1.402142398151795533e-02 7.996324425102321887e-02 6.881267255509383729e-02 2.932732861521177015e-02 8.971642508987186238e-02 1.460812479758277944e-03 8.949258132447206193e-02 5.601033736729033041e-02 2.580695618923782922e-02
2.876184236177886655e-02 7.305184890837274070e-02 3.259482203406105505e-03 1.149306721052564297e-02 1.696268527995792308e-02 3.899406237150866705e-02 6.085346278399622610e-02 7.481375707062458413e-02 3.775044160323660913e-02 2.117460560962096741e-02 6.217595504183959232e-02 7.451477224327461568e-02 5.100249485290933582e-02 7.213763504394828108e-02 6.469648097105462625e-02 2.570772026554126941e-02 2.757667183397739807e-02 4.065422926282873800e-02 2.868190057253610162e-02 3.914309306535218580e-02
3.413219961792374191e-02 8.825193446957813048e-02 7.305770144086341789e-02 9.703918278506384887e-02 4.519682890662760771e-02 1.689256689408459230e-02 4.432882646388848491e-02 8.802716376770852724e-02 7.198048074285132159e-02 7.750656712763796807e-02 5.642823740551805578e-03 6.637973316392587614e-03 1.770447190589940004e-02 9.348956633355701151e-02 1.535234931886765401e-02 2.097301431091868132e-02 9.109244009670647291e-02 8.470643868997673742e-02 9.934579294823826789e-02 7.241495128495031852e-02
4.061642080195931870e-02 9.379587343489427520e-02 8.788007527066031555e-02 5.439557245808313013e-02 8.069828529469511014e-02 1.763487679918227663e-02 5.517391099072041505e-02 6.572798629815843063e-02 1.272434055445708159e-02 8.865323262293413331e-02 6.050845029952445914e-03 9.264744672448381457e-02 4.422084044065083264e-02 4.457013308027725496e-02 8.068285302902667919e-03 6.244332774713998169e-02 8.586588369777123364e-02 4.272640182065399334e-02 9.167006586828538306e-02 2.958889395490682875e-03
7.050712474272850805e-02 2.794032590153187195e-02 2.429139113546251519e-02 5.949099055310232143e-02 3.021429532179207428e-02 4.158897811704415082e-02 4.268656794631571494e-02 3.434832025069799871e-02 7.629949036490779601e-03 4.377540704210849953e-02 6.442856724014479897e-02 7.598730873744664015e-03 4.285863947535163698e-02 7.979898906018505211e-02 6.694202431513147922e-02 9.157335195874910516e-02 5.720773082591606301e-02 8.612316479525533586e-02 3.281371218824841174e-02 5.200353734176302312e-02
4.894775099366069360e-02 4.967745843303456033e-02 4.847873583867755992e-02 4.973739709906679907e-02 2.122194589956146946e-02 9.094801381869341284e-02 7.791516355887909140e-02 1.847983718216925780e-02 9.019496152365735764e-02 1.265092244837916560e-02 9.589679804788550643e-02 3.612924219705448969e-02 2.905450884214589094e-03 2.267838884652657871e-02 9.929874018196250055e-03 3.015454389275650307e-02 4.647404902189379572e-02 5.270825060920123623e-02 6.353428091180784998e-02 8.624092509145682428e-02
1.916392201315830768e-02 4.022702185498031741e-02 5.786246341880090654e-02 4.124814328825367193e-02 7.037700860241379031e-02 5.697002493026243064e-02 8.402995282313423242e-02 7.627124025058090728e-02 2.675072117144679240e-02 5.001529904274848795e-03 8.325385853109744383e-02 5.218172867698322309e-02 5.422709618654275587e-02 8.173792199548604587e-02 9.570807179790986885e-02 4.168238915565500996e-02 8.831124331997362853e-02 2.706125485536267292e-02 9.640659877195201233e-03 9.920638470169662604e-03
4.987044884046221149e-02 8.457182297785842406e-02 2.527359514534582852e-02 6.708140439990444015e-02 6.031668378725033031e-02 7.051617472350821259e-02 7.049608174684086903e-02 6.323395314086755620e-03 1.864273582628324030e-02 6.098521777703458900e-03 1.174490019911245218e-03 4.044774641520400282e-02 4.486787536096988049e-02 7.365903391301449610e-02 2.591127867107683239e-02 1.348988972852764937e-02 5.346205298347536661e-02 5.660549570982215117e-02 2.738902881343803497e-02 1.091171820048862998e-02
8.809137822316728816e-02 5.096372601625294430e-02 8.224420694103630122e-03 3.279173340372435602e-02 1.861338844763086448e-02 1.355558252350010963e-02 8.163718834691635617e-03 4.772103973426872203e-02 8.290734745418885943e-02 2.332350397915783358e-02 9.961162328557315870e-02 3.043884747900160725e-02 8.522808874588540251e-02 1.562152079991466908e-02 2.414055957170153921e-02 1.900169778793802181e-02 6.068180855400387430e-02 1.112402150292246495e-03 6.097253810098235416e-02 9.691031891587267855e-02
1.518519913496516743e-02 5.331993996925313978e-02 2.009527638793173754e-02 1.954966228184461599e-02 6.195719056946994568e-02 7.010127173856517402e-05 8.916689357264823146e-02 2.009290729700169420e-02 5.699454555203775814e-03 5.187909155483261779e-03 3.479569963834649310e-02 2.993392614313850324e-03 8.088389540344692596e-02 5.304174506093211477e-02 8.704432870899642127e-02 2.540306398617208153e-02 5.150844237833054895e-02 2.646261826219413818e-02 8.162058427503889046e-02 6.729065457849796317e-02
1.507159115798123450e-02 1.377433526018644397e-02 8.419499651989936773e-02 6.038157869444479853e-02 5.368616209166029996e-02 4.337719388673673404e-02 2.705875510219090188e-02 6.153174264732959309e-02 8.184960981698364765e-03 8.781227765743551683e-02 1.184924955474064845e-04 6.773665950328199015e-02 6.393353166178435132e-02 2.010525017252737939e-02 5.785805359111842461e-02 5.824197673500553646e-03 3.634706933175312765e-02 5.460424134332846763e-02 3.416989005436332077e-02 9.246486062869797851e-02
8.648961995470788588e-02 7.841055063068347319e-02 6.401517457114247467e-02 6.989994258650959746e-02 3.415626828388020064e-02 6.195253759664930832e-02 4.908865260515254958e-02 2.473362411394287863e-02 2.918640783065529209e-02 2.837109428403720296e-02 1.968820587054287592e-03 7.809041632602264915e-02 6.280706177082473474e-02 7.034590935414380963e-02 6.435847974789708770e-02 1.038004248426304191e-02 8.402587024426794171e-02 6.626286289330385326e-02 9.590258513155620890e-02 5.341753201114244481e-02
8.279763124871187055e-03 9.069885302345107037e-02 1.416598315199672081e-02 8.442047212358209929e-02 9.994858853849975661e-03 1.259615822332160739e-02 3.570341292695192875e-02 8.886084116706607916e-02 9.557052888496397891e-02 4.472349312455175391e-02 5.631996421940863029e-02 4.791559840914938473e-02 6.086988206656268607e-02 9.672484903564565473e-02 6.354238753174940024e-02 6.472691396552855692e-02 4.986886729993128542e-02 3.819885167349637567e-02 8.126443234758229384e-02 2.586272471876079060e-02
