2.906135179657611256e-01 7.658126506484992657e-02 4.049229306115714744e-02 9.591306667165828970e-02 9.343107339285443291e-02 6.530235485645069504e-02 3.522002899190301850e-02 6.831416242317381315e-02 1.009788645856690287e-01 5.681885030072955645e-02 1.421388879391244364e-01 7.662700468578209634e-02 5.403866130357015685e-02 9.064707863585566572e-02 9.718848855320963431e-02 8.383529545029945462e-02 1.355841339757174469e-01 4.741608638513561402e-02 7.775490184618109868e-02 6.602757057845690114e-02
8.474300070238860449e-02 1.216828105027365631e-02 2.455444207635795392e-02 5.469825642817907618e-02 3.322729235936844328e-02 6.200156857408047062e-02 5.812836935699661201e-02 8.356162269797355602e-02 8.774271313112927406e-02 6.413401015959630316e-03 6.239931663682438817e-02 1.750507164737520258e-02 4.619621432092247369e-03 3.086100539400225135e-02 2.555885859355522260e-02 3.957741527602459675e-02 4.046369011022137724e-02 8.983198232285008467e-02 9.081722608542358577e-02 2.890819505397257665e-03
9.998616071402273431e-02 4.431064318081402720e-02 2.824160980949872585e-02 8.474956755902954275e-02 3.332252856923176992e-02 1.120538897321192787e-02 9.988380291685941548e-02 1.393862595944883771e-03 1.619292383288900572e-02 1.015179826136992751e-02 2.740924607621832154e-02 9.477561950185386941e-02 6.519072060984582029e-02 2.542028207106020871e-02 5.829277371853527900e-02 6.039488104267840690e-02 2.187305868585891558e-02 2.608511333970628052e-02 2.000671875423556609e-02 3.963770148532761578e-02
7.190560824953834418e-02 2.646385406984954822e-02 6.862935511073904593e-02 9.582349201002032801e-02 9.503257595580218153e-03 9.600583449917013401e-02 2.471657774069283692e-02 4.192664306930285467e-02 5.906773277354515628e-02 8.789216111480374627e-02 9.957633615139135919e-02 1.538630366166370347e-02 1.858804018016159063e-02 6.695653730813498627e-02 6.302405904398927783e-02 9.579252169058360966e-03 7.013685254530636903e-02 2.221505923459617116e-02 4.932696597875525779e-02 1.944367847534009958e-02
5.721827540243751287e-04 4.433114932826479754e-02 1.311082420659832708e-02 3.045093256521835910e-03 3.568201910357639284e-02 7.564123865189759099e-02 7.428663691694691040e-02 4.521354002209602291e-02 6.460679286120950271e-02 5.057398675301950051e-03 4.153680528131074162e-02 8.062394100953375331e-02 5.251602637371644011e-02 4.457669054864336206e-02 9.334394215234971537e-02 3.868185307480181967e-02 1.480611511578733275e-02 6.606479251501747030e-02 6.652141731135756408e-02 5.915527637781770043e-02
2.521240126378975280e-02 2.338508246791547521e-02 9.870033923363172312e-02 5.683514676475829447e-02 5.114381167196446754e-02 3.270140903613927286e-02 2.515235825253371582e-02 7.775362633374435783e-02 6.360969230145008257e-03 7.786489994452677754e-02 6.817569139907407594e-02 8.948844682934350980e-02 1.441242061186212044e-02 3.589911780286880998e-03 8.369410670860809309e-02 5.491844385130847939e-02 8.249975694838063145e-02 1.250475846407571659e-02 5.609704436511118303e-02 5.380321521352260383e-02
6.919289112702869948e-02 5.941863082751908760e-04 9.797382877088799125e-02 1.649252932510926126e-02 7.495690635685586800e-02 5.565820642230720483e-02 4.830860623320000491e-02 7.493795397551454573e-02 7.883361702701707774e-02 9.024770232908752021e-02 5.708931594937362297e-02 6.047743416613391571e-02 4.721433932786398696e-02 5.375887394700193389e-02 3.062215160729772276e-02 3.013938584018380912e-02 9.374055616801596491e-02 6.097113117330943931e-03 1.090185579749645278e-02 2.700427467099162510e-02
9.545963913671956513e-02 7.019282535826819325e-02 3.744577578817120250e-02 1.062164611006141159e-02 9.010919717526029438e-02 2.293895782349819699e-03 3.543868849874867027e-02 7.060111408060970595e-02 7.712895247915552144e-02 1.567061954760768858e-02 5.007211379686717090e-02 8.902019811732841958e-02 6.842901696518602361e-02 7.047957048762215626e-02 4.974843151130342589e-02 1.053832023592213979e-02 7.600993622486995616e-02 3.002058820575310982e-02 4.484105598671703913e-02 3.535875862678774378e-02
4.275312845972293468e-02 6.644749304111088883e-02 6.390254469367730172e-02 4.098177265572522897e-03 6.883414684098124181e-02 2.345232920267588395e-02 1.176113401830874983e-02 1.552894271835837496e-02 9.030198689857138472e-02 3.118919775569518882e-02 9.454700658708643790e-02 6.378973572552772142e-02 3.318422937231509801e-02 4.265772658968293440e-02 1.148209453499426935e-02 1.355636806900840756e-02 7.972815734174455715e-02 1.434312479643318206e-03 3.122670494596516827e-02 4.364351635668503593e-02
3.724874153499814489e-02 1.793091256172465661e-02 1.000560663538265817e-02 3.512107035596714194e-02 7.693897962937812710e-03 8.751751572282829086e-03 1.690923773697497121e-02 5.203988388246242464e-02 5.912874815997072597e-02 2.798598168204519121e-02 9.133706731534424472e-02 6.856193557768155977e-02 1.519251878381843238e-02 2.652393571454522356e-02 2.519881602402357368e-02 8.567091669681757560e-02 1.313483379078350666e-02 8.705933502400052537e-02 5.395371620110761546e-02 9.956386613552070664e-02
2.002006585395931307e-02 6.494012321606899840e-02 7.969590974933450644e-02 8.383754929993254834e-02 8.414807187150917522e-02 7.565143457614403877e-02 6.467211259152036429e-02 6.744817675119683942e-02 7.680222757587604199e-02 5.473738230430297280e-02 3.104783968476353476e-02 8.445929773672412183e-03 6.031661334511673189e-02 2.178264789301002230e-02 4.005820557987607722e-02 4.451519320012364833e-03 4.447876513666707693e-02 8.175379138149519581e-03 9.761179649642715006e-02 3.259426622549965735e-03
9.585157455049453379e-03 2.580279728877578338e-02 3.883106960964147203e-02 2.533695242918261592e-02 2.538107426923678217e-02 9.867553528112846251e-02 6.832183402222413715e-02 9.068163906487267112e-02 3.212769104085089374e-03 6.234846537873948297e-02 9.015206349085780335e-02 4.963995316197039598e-02 3.660856538283551592e-02 2.740709860609730208e-02 3.500423501504590362e-02 9.251767342164070318e-02 4.551207963174466742e-02 9.268946704863284536e-02 7.570061279381880281e-02 1.171402766533510310e-02
7.553056977422961671e-02 6.062964138491944155e-03 3.446937500309115582e-02 9.626554034389722680e-03 5.772058705026388709e-02 3.806583612742465983e-02 4.653880732844059565e-02 6.074723813589453375e-02 3.113635861891902654e-02 1.514113422542832238e-02 5.774022850433294801e-02 2.618155939905162516e-02 9.275084357717579275e-02 1.575545272915368500e-02 7.899778298226792228e-02 6.558432059443569662e-02 5.240263250097848546e-02 8.646618492333502104e-03 7.424906436001341148e-02 9.421713624752209304e-02
8.074781130798415127e-03 3.767769588936560610e-02 1.960522434451127463e-02 6.078316547888491794e-02 3.042135057422526087e-02 6.811922604893870525e-02 3.463482509830195094e-02 4.373378278296193022e-02 5.670705708770926862e-02 4.474497676279032797e-03 7.759315681021376754e-02 4.215832712881308064e-02 3.629634971325889498e-02 2.995328282539426804e-02 5.202234647734499395e-02 4.295983930222718045e-02 3.317279098019117883e-02 1.759800305044061444e-02 1.583861486921561701e-02 4.666757794839714729e-02
1.380667632371566228e-02 4.927159694683858580e-03 5.130236218149319960e-02 7.604113443479669499e-02 5.886407750402147809e-02 3.212747129533515683e-02 3.393349491925903155e-02 2.726953828223269843e-02 1.663727656003719663e-02 7.538907751571956306e-02 3.678585877570661467e-02 2.591331882416661112e-02 2.159237828841805915e-02 6.705219156394075231e-02 6.994726227665891416e-02 9.121082789069108465e-02 5.691004203773689096e-02 2.663635899009517832e-02 7.510329316599484439e-02 8.316070026058469677e-02
7.539572640673414261e-02 7.816624012916030539e-02 9.874277314511567538e-02 1.927200941969530248e-02 1.104483581925040994e-02 5.664599796107228080e-03 5.158709518092238766e-02 2.975540315400196020e-02 6.003481657246163838e-02 5.481904492328822098e-02 1.767635650439083536e-02 9.950756812658553829e-02 8.408202140008468051e-02 8.598756834290699827e-03 9.767313185988263369e-02 8.408370852722374389e-02 4.071866373931146837e-02 7.673082760087773790e-02 2.906210247867350299e-02 5.550224625837562459e-02
7.436933455891532596e-02 7.910779446469784482e-03 6.468975653862345243e-02 1.847670759870973997e-02 4.135637306355308129e-02 1.128746571432474172e-02 5.250096456963435770e-02 3.065391257633030136e-02 5.036862291587527324e-02 2.173068148729349197e-02 8.367148441345900745e-02 1.303393557931873531e-02 3.922470892853446855e-02 1.187163684604030170e-02 9.482526294300351599e-02 6.207103737092485585e-02 1.776056196010310576e-02 5.247810072777281919e-03 5.744110440700265358e-02 6.052853555227533620e-03
2.862892974242693678e-02 7.962497742131103770e-03 1.949772837616287058e-02 1.415171033462009342e-02 3.765511872353162481e-02 5.717657444153955576e-02 2.807686727572299493e-02 5.511080665312632215e-02 5.076543637556541616e-03 1.961204575016921650e-02 5.637247217936956073e-02 3.735068439926597650e-02 7.602998453382640853e-02 2.745376514294365494e-02 9.415463907464685644e-02 6.087599009178617376e-02 7.351824638920384514e-02 5.791036570669877426e-02 6.711920447011195112e-02 7.117464006804373466e-02
9.909712089325435624e-02 9.888634546920703483e-02 7.821202817775846361e-02 8.649973295648077931e-02 4.386374614163507379e-02 7.470638006051222302e-02 9.168675591434837999e-03 6.087155754093120930e-02 5.796858039280208819e-02 1.051121990672461252e-02 8.588141771399811220e-02 2.830480222653771957e-02 1.351639673122297970e-02 6.671805341003926582e-02 1.775968556509337562e-02 2.602867583507957605e-02 2.337211702879853428e-02 3.622737441871710928e-02 8.525949062809967671e-02 2.312764074280937443e-04
9.076186747715528358e-02 7.502543725482080372e-02 7.925440788397457303e-02 9.854567028472052681e-02 1.937430656322794084e-02 7.779003480386081915e-02 3.975580105887460691e-02 8.437032006228561976e-02 4.061332570548326082e-02 4.442091461060873603e-02 7.226457154454390963e-02 5.405407447114671249e-02 9.463835836591838468e-02 1.269033164952293501e-03 4.547180949464058042e-02 8.018656294197262779e-02 3.158411117270709667e-02 5.356272580821691554e-02 6.534721510211065343e-02 2.872622041760490921e-02
