2.903565384170585517e-01 5.227300920158027553e-02 7.118701791427950801e-04 1.120931566962001247e-01 7.751194634785625592e-02 5.020221677131583154e-02 1.191643526141079878e-01 8.314841521308360961e-02 9.149126894090456319e-02 7.237948742339198049e-02 1.089000302778316276e-01 8.989095633144444930e-02 1.102755127582888449e-03 1.034420113043163780e-01 1.578584756957248925e-01 8.102670290856656132e-02 1.411384619363107162e-01 1.258036735185554811e-01 1.300371810382862647e-01 9.684157360922707181e-02
6.533427429216606686e-02 5.585039292923754672e-02 3.413825853189148690e-02 8.065206106696211352e-02 4.173128120787373066e-03 3.764065424483165230e-03 5.498465732845880805e-02 5.028074059654098760e-02 3.268475094595766489e-02 8.188101114162869842e-02 4.182921347314690064e-02 6.091155590951816828e-02 4.984774999973543008e-02 9.055100045327025074e-03 6.576891238506170356e-02 5.101210469223486227e-02 5.303083981522835333e-02 6.225010910192333574e-02 5.652757978761003242e-03 4.581696644219097891e-02
2.225427996561657462e-02 4.178409055236723818e-02 2.318491041105983502e-02 6.534864332098382078e-02 7.950325631663279768e-02 5.180149235167888500e-02 7.886451477718547931e-02 5.979733471899885411e-02 8.260465868923681787e-02 8.622545158330235937e-02 7.523246733376541540e-02 3.759060843183821554e-02 2.835580309750415293e-02 7.464945243507406514e-02 5.583061053299989696e-02 5.209367655784354068e-02 8.324485436689423035e-02 7.618414751851454794e-03 6.333017314253110153e-02 1.777851284609753904e-02
8.109607843195847099e-02 8.550367720077328704e-02 1.340655913214265985e-02 2.317675240551586840e-03 6.821948182049161757e-02 7.601287402299362200e-03 7.167417447262111607e-02 2.351372990789893022e-02 9.655790225707328728e-03 5.436528897040020930e-02 2.036679486415545956e-02 2.347418741391826824e-03 5.235254216365144153e-02 5.161755141735388519e-02 1.097840434389675372e-02 8.188416810311896499e-02 8.075204372468615388e-02 4.737641828836829799e-02 7.365840899537635933e-02 5.831743373804365582e-02
1.645816921410200515e-02 8.301150443614452312e-02 2.198601241629142417e-02 4.688133711580109303e-02 7.274082083432191481e-02 6.564629359347207149e-03 4.022254269727992132e-02 2.996576034808419442e-02 8.224991554296346308e-04 9.617704630936917132e-02 4.087407553742980482e-02 2.795971052025365833e-02 4.726323454813664837e-02 2.675727154563767307e-03 5.658244787200093079e-02 2.563338209759996600e-02 6.079465481484433442e-02 4.136134427627613627e-04 3.953255660000670052e-02 7.396270652570756388e-02
9.998248415238454243e-03 6.371447732541882236e-02 6.971168384865503165e-02 7.919513440575698740e-03 2.352593942016811823e-02 4.882193616873009567e-02 1.166869086944765169e-02 9.196149409412830711e-02 9.746434689205454860e-02 4.488318058830850776e-02 6.801534301493274148e-02 8.592028668940693281e-02 4.443123434338473038e-02 5.277639377272224513e-02 4.692049363159872533e-02 5.647248493182079054e-02 6.451631571735347292e-02 7.382908378384843429e-02 8.403617613783910534e-02 2.313219075961009397e-02
9.887378837520389985e-02 4.549364942939926326e-02 7.356621888263151221e-02 7.779008550862794025e-02 3.532051297526468681e-02 3.394610309015799049e-02 2.522684477663370700e-02 8.079412254531948695e-03 8.438809645973088802e-02 3.409269087653219593e-02 3.142988301395495399e-02 2.593559867435620003e-02 4.308167212737262081e-02 5.430903474115020974e-02 1.048938053304142651e-02 2.485705435470474470e-02 4.007743702804783537e-02 4.449489982390944509e-02 5.161342041881183257e-02 4.201949460658674362e-02
9.706492378618183925e-02 1.817372450637795220e-02 3.652924217135250506e-02 2.602272915646852919e-04 5.759795500872264690e-02 7.455321477093194982e-02 7.115888357227428962e-02 3.895934851110949282e-03 8.762717462350226583e-02 1.354256642086446721e-02 9.671589570172209327e-02 9.978930278392500464e-02 9.798970789496171119e-02 1.777003642031383009e-03 3.948490499727681791e-02 4.017665636995742390e-02 4.755255512848922082e-03 1.478646267514367556e-02 1.456877547630775014e-03 6.007972610610334135e-02
4.561604880687979841e-02 2.576262231818210457e-02 7.934274060080000190e-02 5.750666388470233870e-02 5.635454195866031191e-02 2.436614091209136218e-02 6.197644672738139571e-02 9.778572611665271516e-03 9.220558621732921623e-02 6.720629405933137290e-02 6.895191321290516928e-03 4.212561947374418581e-02 9.634982084180472584e-02 4.643694146999325506e-02 9.590206496327401131e-02 8.928995185142900304e-02 7.223710230563933077e-02 5.909756933094389292e-02 6.831748210394550380e-02 4.539039117801470236e-02
7.376704416565792177e-02 1.707830004700549090e-02 3.672148533279984139e-02 3.962231682723822701e-02 7.342106167382353443e-02 7.225164731268705898e-02 4.690588880301362062e-02 5.273757598929942891e-02 5.420205554218998634e-02 6.298726512448095394e-02 8.042762318881166439e-02 2.773595119815903953e-02 4.315415560801692113e-02 2.112578642473553897e-02 9.002137982690550100e-02 7.346298816274188237e-02 8.452850137984703471e-02 6.915057058840058668e-02 8.003381179395031852e-02 9.273801857122404568e-02
6.629477693812027561e-02 1.974184832136325479e-02 8.988934214518955190e-02 8.662254228120047639e-02 8.232184553016935746e-02 2.282196398437909279e-02 1.694117911206389701e-02 3.779515734310678193e-02 4.700023708923839992e-03 3.204302784297652362e-02 6.242386471148199389e-02 3.557996118678531661e-02 2.642529395530094499e-02 4.739231621972222336e-02 6.366499991348323340e-02 3.307599733661453073e-02 2.053843954244049044e-02 5.117632547860037628e-02 2.035415563357920871e-02 4.038364706128816893e-03
1.569148782257772171e-02 2.312008677272699153e-02 7.665696476198625292e-03 4.431439294034436593e-02 4.162107888543465327e-03 7.429851023769865059e-02 1.135765677827314107e-02 6.287600260641711125e-02 3.517661509885831178e-02 9.855758186431601287e-02 8.979526067178450477e-02 3.354112843194741872e-02 8.872775839868837777e-02 5.813477307580666720e-02 2.472633149545671108e-02 2.982529382126401091e-02 8.184602294430567970e-02 6.009393972832236669e-02 1.418129461567546601e-02 2.673197855195824646e-02
3.299530451160070932e-02 8.915099300360752876e-02 6.476644866602947193e-02 2.049861970678543838e-02 2.467446611494463968e-02 1.175383980373886396e-02 2.956387733148029343e-02 9.872544094944324389e-02 1.076009236861451626e-02 6.874748803808260200e-02 5.514422612750320696e-02 2.578353009419030034e-02 7.141879284217288182e-02 7.444869325142904060e-02 7.798958814783596427e-02 3.183872420132066727e-02 4.356041269872961558e-02 5.753336175603216557e-02 4.086035419185585563e-03 2.629462152721119550e-02
9.523346980392133343e-02 6.631257056358144664e-02 5.516595961535433745e-02 5.483966802716691569e-02 6.080540121269065179e-02 3.872521286951106229e-02 6.277123528971595423e-02 4.405515487509682748e-02 9.864293028938188324e-03 2.044630508465226232e-02 7.594977042953184043e-02 4.163173220137468544e-02 5.325072323262415586e-02 7.904891024591842452e-02 2.304283280552262003e-02 3.756684911001100663e-02 7.467593361491771387e-02 2.512568402112115573e-02 2.824135166400124769e-02 2.258017532959618809e-02
2.587942799937542615e-02 9.272399801764892591e-02 5.279064522995507297e-02 4.443549800721067339e-02 8.228245676527415342e-02 7.270673115669018527e-02 2.779396171618166156e-02 2.246058712164002158e-02 6.627598885329998024e-02 4.757197879742414669e-03 2.128246969924199247e-02 6.140317591636113535e-03 6.697212346998147880e-02 9.417337107780453243e-02 4.450413338800741914e-02 1.927620649283681362e-02 1.136052030081412603e-02 6.791404838460357585e-03 1.270779016899236183e-02 9.494311004057028047e-02
4.254664345211444515e-02 3.044504128594139204e-04 6.923077942096865500e-02 9.893390359979371829e-02 2.968628728434013000e-02 1.829692898304198165e-02 8.781397560665100965e-02 5.583158483436218011e-02 2.309541270519605005e-02 6.446296687585344187e-02 9.539917241557879790e-02 6.108950489242134796e-02 7.513457045224797293e-02 3.553682115138983438e-02 9.089711522552579304e-02 4.808441564786447749e-03 3.740466183095173675e-02 2.676279131062818742e-02 4.041859866117439304e-02 6.686817863827305974e-02
4.694569993031597749e-02 3.720402968724759868e-02 2.957819395257262063e-02 3.531259477590235202e-02 9.104675554376859270e-02 8.229969718297779069e-02 4.455078812836177349e-02 1.484277947131297341e-02 3.699258906822627119e-02 9.550445670654682251e-02 8.977986517938958688e-02 3.676638542406712035e-02 4.429433068372150978e-02 3.312587174087962966e-02 6.134026586772209355e-02 5.371436889245865404e-02 2.949151936803861077e-02 4.466992826641416614e-02 9.533593028335629604e-02 8.178804317122030654e-02
1.416482388171500656e-02 1.844106285631810435e-02 9.492016917766109285e-02 9.112615061792991855e-02 6.655482798026141067e-02 5.633485228561614655e-02 9.922190121903320947e-02 8.479695068234473221e-02 8.710077294335226428e-02 2.320327786114603427e-02 2.073933281437259288e-02 4.417675492497130652e-02 9.144808345675325967e-02 7.522445873080424450e-02 4.671783775929340410e-02 7.143257733970914680e-02 2.013995732373904599e-02 7.224700061281397190e-02 8.908323273558071964e-02 8.484769293139819701e-02
7.223230527103402521e-02 8.929277838082111396e-02 9.152574479305292110e-02 2.458245228619942990e-02 9.382953011375241847e-02 4.909703457632105805e-02 9.591779920765369782e-02 6.507584543703603952e-02 8.759159153464902980e-02 9.364384386308624575e-02 4.398109805010230744e-02 7.146901456605014857e-02 5.080421289042551941e-02 4.910694568566537077e-02 9.965920124526420065e-02 3.940265323588502261e-02 2.032801304755403951e-02 7.789146241237308865e-02 7.503826196364989098e-02 7.211629379901325632e-02
8.305771019482743878e-02 6.628511156065501619e-02 6.511366260906871484e-02 9.506852214674778312e-02 7.783239411006098729e-02 9.007081433990817010e-02 5.595883821832270920e-03 4.887875749588083130e-02 4.241247623636364150e-02 9.609733144624760248e-02 2.084758923570069478e-02 3.572461577147888895e-02 9.541737630386772084e-03 7.597140147623804296e-02 7.979592943025896890e-02 2.566866293319171322e-02 2.771974438858376688e-02 9.528463253821209400e-02 2.462113656278659690e-02 1.215125945405700660e-02
