2.408645786329645377e-01 1.234507285204819726e-01 2.860723554627474241e-02 7.097378792163051842e-02 3.996488177325838859e-02 1.413846767470899879e-01 6.810890079765864746e-02 8.095416819973305644e-02 1.244146710747660173e-01 8.489214150332351216e-02 8.071887675394584516e-02 1.387243727240164426e-01 6.874722547846762177e-02 1.322756219132226185e-01 1.052385028361344232e-01 5.474041617617730893e-02 8.394687240103999859e-02 2.955169513721851368e-02 4.353021409826082766e-02 5.617590823377308085e-02
4.630819325270987830e-02 8.888512681125872172e-02 5.029557813337986322e-02 9.417992876061352658e-02 8.146958331715115076e-02 5.268125453225650651e-02 2.091978814699576791e-02 7.618184904212638164e-02 2.530678359239965300e-02 6.947143220981476242e-02 9.441977386452705609e-03 2.895925048986346464e-02 6.477056572056312522e-02 6.419448241581538102e-03 4.209338294909112377e-02 2.483024110867564430e-02 5.396761989687998140e-02 5.371085400539030164e-02 8.099800828746019088e-02 4.870524648752838984e-03
8.408009133833341253e-02 3.401396405370698400e-02 7.905290577574509633e-03 4.282192082130802796e-02 1.094243680730213643e-02 8.306284148180299864e-02 8.151703962527434219e-03 2.079981404372467646e-02 8.019446282340536580e-02 7.727559259082167342e-02 2.914269623219836389e-02 9.763786502864524319e-02 1.674579052647502328e-02 7.785765795901593289e-02 7.281051307690809826e-02 6.499435448015256425e-03 1.192548980879384359e-02 2.954062324743221904e-02 8.529904774982104143e-02 8.759447868681072280e-02
5.970984720920109734e-02 1.018981684106989990e-03 8.110135556664992140e-02 2.861329172253686270e-02 3.411169401251865768e-02 5.435120348080389047e-02 6.195480498513693951e-02 2.304999899487352247e-02 1.920966007134169637e-02 9.401319117646635137e-02 5.101556447132377103e-02 6.338471550663137000e-02 4.244745489854850895e-02 2.446068978436656549e-02 4.010984664449255416e-02 2.708493085938346034e-04 1.242324585659564454e-02 5.011670399439523138e-02 1.685443062402338862e-02 2.846549136054319501e-02
4.839207159198850861e-02 2.828295855792647626e-02 3.255153545472173893e-02 6.872894979631737067e-02 7.631865462420564516e-02 4.598184914674169343e-02 1.790454463942418167e-02 7.012721283837326791e-02 4.971923518738883413e-02 1.376317225037715407e-03 5.804098755764203199e-02 9.272151221175885250e-02 1.587182921283755363e-02 2.251262558800042404e-02 5.036782839721732317e-03 7.980426499891034309e-02 4.010917805344486192e-02 4.283509547519229188e-02 7.104612247178358764e-02 7.203591965809906517e-02
3.829210901814456003e-02 7.152896419068835443e-02 9.135837335718000052e-02 2.683792494516531665e-02 1.788566371411177622e-02 1.047551417119506681e-02 5.103349740372525173e-02 9.320099771513135067e-02 7.841413673734751177e-02 6.086170193987259364e-02 7.366675193176024095e-02 2.513379693967386988e-02 3.879786938382817629e-02 3.257591249766821767e-02 8.635054748289799909e-02 1.693227891845372479e-02 4.914473632300588035e-02 3.700421778560759878e-02 8.094339946332229641e-02 6.521465820722235907e-02
2.449324475010553753e-02 2.950884009984649017e-02 2.949644054508986438e-02 4.237454664299483004e-02 4.463034816171907240e-03 4.705955969111601939e-02 3.686130102080310833e-02 7.036689674900868663e-02 2.451643580483885490e-02 5.027205822817618075e-02 4.399526558648489405e-02 7.738030682806168459e-02 3.869763846586458250e-02 9.517127193375013450e-02 6.211097830988237395e-02 7.316363803236426711e-02 3.985302326448038335e-02 2.386341582495789260e-02 5.678516135447175817e-02 1.376393037624171894e-02
5.915424489075337550e-02 1.169526939699183697e-04 8.294043506748044470e-02 4.297788114994155473e-02 8.213401427932531806e-02 9.852931441181866923e-02 9.537268694350239939e-02 9.333567870868784977e-02 8.173110664325683450e-02 5.150175388618288136e-02 6.098395452012962681e-02 1.534125299419781922e-02 6.667188810192589687e-02 3.082491328620080850e-02 9.227960690259939813e-02 8.472910134823717632e-02 7.549032017809911843e-02 1.287280242603524617e-02 2.477468989784791312e-02 4.835112632430794977e-02
5.050606712098990730e-02 8.976239187728723978e-02 9.633826738313540361e-02 8.597946780114596593e-03 3.949509530780681565e-02 2.684385488452778728e-03 6.845620301976050592e-02 4.770774231332342366e-03 8.773198021257459789e-02 2.518387190767010925e-02 3.597924703616329004e-03 1.769056214650404149e-02 6.288434123727372482e-02 9.511853571854375633e-02 8.831108192551824498e-02 2.864552818152288349e-02 5.069727285727037430e-02 5.222145307516051771e-02 4.764920772573016938e-02 6.960057988029033638e-02
9.253596372649196267e-02 3.240159108987047260e-02 6.407748429245911648e-02 5.410858532341619731e-02 7.093914866562822663e-02 3.171175919509681279e-02 8.503270556055186891e-02 7.876359997042337024e-03 2.245917927017659910e-02 3.109126806274781218e-02 7.842359314074366650e-02 1.679010508542613453e-02 5.375978648132651722e-03 8.187820493929207077e-02 9.493960844110249653e-02 5.119875598425543267e-02 7.473577274369752610e-02 3.878749276343323310e-02 4.001270362707510207e-03 7.340919531376806362e-02
6.753464956045905632e-02 3.667494858665576452e-03 5.691050642447148533e-02 9.113673738064997920e-02 6.062435659348495293e-02 9.332865064870465854e-02 5.716900192743604864e-02 4.271899900374686448e-02 7.380500155453677269e-02 8.866575893463363167e-02 1.625422681035632033e-02 2.944296929840878319e-02 6.679015773131007083e-02 9.229883142949282804e-02 5.335542516413345482e-02 7.278694098735769002e-02 6.053640131348199394e-02 8.681115154036635195e-02 6.377580491705649168e-02 4.693893792241285445e-02
5.500018684101581901e-02 5.388128203132822730e-02 8.885338400471434750e-02 6.216191434519735548e-02 8.346226444145217471e-02 6.996597998392654894e-02 7.671487824881771667e-02 1.048332298263645636e-02 5.370794001735910289e-02 2.248290132944519293e-02 7.084028109602673318e-02 1.703274499652286320e-02 1.094979728141055701e-02 7.499433171917767316e-02 5.266153870967379969e-02 2.173953966941016835e-02 5.764869177952503150e-03 6.979680734734306641e-03 7.150626185438606341e-02 2.602133062575347211e-02
3.332311601267638063e-02 7.735527539002921837e-02 8.588734876956689857e-02 3.115285996000000113e-02 4.873132852108611607e-02 2.563821999469914278e-02 6.545645619646360547e-02 1.627426895889493366e-02 8.077602321769261629e-02 2.322626529247501237e-02 1.787233124060435760e-02 5.349770219297853013e-02 7.929824544476658799e-02 9.972277480507216185e-02 9.273240106837513097e-02 4.831820439732617545e-02 4.442162623813572520e-02 7.714962166379447234e-03 6.067679245953369604e-02 7.765290768416213685e-02
3.396242468417050298e-02 5.065645561165807442e-02 7.424312407614393206e-02 9.548773063906257352e-02 4.954451840429430383e-03 4.159100575131296357e-02 9.850118086420923957e-03 8.821727259590309012e-02 9.708117479825661977e-02 6.137523217356108396e-02 2.477942793770800123e-02 6.449835894585058405e-02 9.540550515364334960e-02 4.446846188295447422e-02 8.548013214250917147e-02 3.210739703377394477e-02 1.343272230424571480e-02 2.721609623168622788e-02 8.191398724337595194e-02 5.508382941077402672e-02
2.876555632429634093e-03 4.958459880137855956e-03 3.350096171308857701e-02 2.224721509599235716e-02 3.072221713803839974e-02 2.603008585782142989e-02 4.355831154307163861e-02 8.989161397280873156e-02 1.356380420671948750e-02 2.937883292421533676e-02 7.915031799710104884e-03 1.829485212269588244e-03 1.671987532800232185e-02 2.911968623237812942e-02 5.978071182596559480e-02 9.015522451447616215e-02 8.674264267442796661e-02 7.579266821448914226e-02 6.811723735708186123e-02 5.033738028837336093e-02
7.632113195629869340e-02 4.700430002888264513e-02 8.811220305095462946e-02 7.007884807719168274e-02 3.846926436724206616e-02 8.125928752224281792e-02 8.221901588336671951e-02 9.099773385556808591e-02 5.910903219345130938e-02 5.747057887076453819e-02 2.232905862768130856e-02 1.177711942188258698e-02 5.471467265972407290e-02 7.255825765929828364e-02 3.262258567389871022e-02 6.200493556135931034e-02 3.774574846849348270e-02 5.095372626612176825e-02 7.065809824674972039e-02 6.151977011202559159e-03
1.616485861021825857e-02 3.418150546857939148e-02 9.115232214756446849e-02 1.565318803009960874e-02 2.643726472385902332e-02 2.119648596152420503e-02 3.526097057284138803e-02 2.954411612479909341e-02 9.724613606778076402e-02 2.286935226824014095e-02 3.058318244725133795e-04 8.495852528400983650e-02 6.152335388907992364e-02 4.982217502982395907e-02 4.543850915588794337e-02 9.492014020846267774e-02 9.157005082461244783e-02 1.664705779143583683e-02 1.609589543737666162e-02 4.525320454539415865e-02
1.980933100883371101e-02 9.876152649798949912e-02 5.693601890761579298e-02 9.525075861390762400e-02 3.559599977250064301e-02 3.393274504844086964e-02 9.634660217993994136e-02 4.099139166354914127e-02 4.236049482749915107e-02 2.465097346234897124e-02 3.241297636414693095e-02 7.028509877107377846e-02 3.075877877605130012e-02 5.209291839310137458e-03 6.118841988187476849e-02 1.996792409565904119e-02 9.700881521017472309e-02 8.803019155595026915e-03 6.034465723295354134e-02 5.231128746738886170e-02
8.517439119186570595e-02 1.910999974532755566e-02 9.331294969184472654e-02 7.745006946035974671e-02 3.120066856215594417e-02 3.397635778241239052e-02 4.178811953846944816e-02 4.571274039920385918e-02 9.514514558953737766e-02 8.940991388819169439e-02 5.659591792080991696e-02 4.228732394839688352e-02 9.469983532234899082e-02 4.614806663694345779e-02 4.848996793879717382e-02 1.059246626648199276e-02 4.254320860949180327e-02 9.055757978397505070e-02 8.876453296202276022e-02 7.943389324619726244e-02
6.257404401871972943e-02 7.457346222762878396e-02 4.710468484152076363e-02 3.430919469582802833e-02 5.976600360724448890e-02 1.230702929206994867e-02 3.490148807264788211e-02 1.101623798760027577e-02 3.024046540925007243e-02 3.752612535448969500e-02 7.399357215625668865e-03 7.951945726280374577e-03 1.505181406914771897e-02 1.095449445902206900e-02 3.814037460885171676e-02 8.324461862325049921e-02 8.375768649942957889e-02 9.938718004305785447e-02 5.969522878027627016e-02 6.739534881606254468e-02
