2.965422182279347507e-01 7.424721118474637838e-02 1.405468029242085415e-01 7.904158556901280663e-02 1.655863100913644304e-01 8.784090040737176086e-02 8.916280603977291830e-02 1.260939722673167507e-01 6.396427537478049929e-02 1.052623234143735265e-01 1.447576958204267739e-01 1.009755880344565121e-01 5.334265893404716713e-02 7.002375612608988109e-02 1.444800802212776181e-01 1.666646432699468994e-01 8.398751114666030970e-02 8.649424275869478651e-02 1.547446286331169707e-01 2.942103721866465987e-02
3.612232910025069826e-02 4.401315148598771571e-02 9.488050480518972485e-02 6.818342917712419404e-02 5.858233133913670967e-03 3.963442494331992361e-02 6.746480857596481862e-02 1.598794228996806149e-02 9.733358166144483181e-02 1.293622423753556551e-02 6.369198353320747186e-02 4.925637494274986983e-02 3.849387378479816185e-02 8.166557655047074205e-02 7.605480546237830541e-02 1.377523505832910569e-02 7.873128843315194136e-02 5.417044376579693843e-03 5.753535350217567346e-02 5.005039407048000183e-02
9.201059630115725196e-02 9.237335679538351274e-02 9.873528321860552959e-02 4.491294111144840395e-02 9.035548106805427193e-02 5.584610865881978366e-03 5.594823735160670691e-03 8.130728299876274767e-02 6.747674611572965220e-02 5.713880140753786752e-02 1.256632466203033791e-03 7.586898589757717914e-02 2.646080250750559946e-03 6.252043419717823527e-03 4.635306962389478674e-02 1.664997498347861246e-02 8.523264381498070474e-02 7.771370215442881257e-02 7.489648427372148920e-02 9.051106628598060144e-02
9.225202849620611767e-02 1.391734511650179022e-02 2.831212441327890733e-04 6.366395522698359288e-02 9.864912130582870892e-03 8.356455944131403746e-02 5.973071867461915430e-02 3.737174982438845605e-02 7.120123128005327595e-02 6.607107357150107663e-02 6.289553048852654371e-02 7.138196901728541266e-02 2.892319835174004400e-02 3.578280983396269627e-02 2.399701178890711883e-02 7.922011603737029450e-02 2.380912364891840920e-03 8.878757776572444513e-03 4.353623644322605207e-02 6.579672893206045536e-03
4.267043680599422184e-02 9.430821468585471462e-03 1.434260803007984114e-02 9.895073452814241721e-03 6.626975328188945691e-02 3.997887745091628642e-02 9.522503351916206116e-02 2.242332029283203992e-02 9.939569000027512202e-02 9.838119421187735414e-02 8.783016305148104441e-02 6.832777480652778290e-02 9.795837452466259199e-02 3.366369896834630476e-02 3.667467837254311663e-02 5.207423676733849427e-02 2.130061540939579695e-02 9.032939688009358759e-02 4.880653049807115451e-02 2.557200300543026675e-02
4.033719210722436221e-02 4.244778468688792383e-02 6.711889396180666101e-02 9.643312185570956929e-02 3.583013550151116500e-02 9.294642321407997620e-02 2.666565115853943013e-02 5.678461691906847020e-02 8.804391149347895462e-02 5.818522086803196158e-02 5.399514396718936571e-02 4.782216560864013810e-02 1.769351805116928938e-02 8.761127187289395601e-02 8.239006109478570761e-02 1.836466899555872986e-02 7.098841354994155084e-02 4.518052724056168673e-02 9.472992252469004948e-02 6.164446886025341105e-02
6.034316750536442703e-02 3.811770463129449203e-03 9.227325571074955490e-02 4.785536497980846099e-02 5.888494327283308460e-02 5.415638715776179002e-02 1.917301595956075883e-02 2.419007481074438026e-02 9.332630786369300324e-02 1.867221441837066051e-02 9.505393009949808514e-02 6.542206213993607966e-02 9.225210226641999967e-02 4.967607614990673937e-02 4.972869642373811683e-03 9.322670482416359206e-02 6.977740614945983355e-02 6.107624575491057972e-02 6.072217634952745829e-02 5.082483686414260987e-02
1.547979551654269509e-02 3.054508923936267994e-02 2.569359271325259014e-02 4.328447453784283611e-02 2.587139194878182100e-02 4.462001132335838283e-02 8.919956544530371900e-03 5.062120924717566223e-02 5.022472737442540414e-02 6.657784937363168953e-02 1.751238171325997239e-02 7.461965178498956852e-02 8.016162179295159562e-02 6.267730151036730868e-02 5.732303601885544581e-02 5.078017655117897378e-02 6.819314337410654903e-02 8.947535797611472219e-02 9.147937538117931200e-02 7.528688013170731219e-02
7.839756105781123252e-02 7.706829475210316693e-02 3.230620606378799969e-02 5.474250395234871169e-02 8.601178121609899530e-02 9.259353816583396068e-02 3.158735533101697524e-03 8.332326254140196009e-02 1.555717311230073868e-02 2.159435893684723620e-02 9.648917267949959353e-02 2.936483198312403106e-02 7.870051045558899838e-02 6.270145054562839548e-02 9.235768636834978951e-02 8.251128377857248897e-02 6.113904791291580737e-03 6.008448780365489850e-02 9.895417257728453264e-02 1.431067819012678093e-02
9.911218710066982407e-02 8.397268194511692263e-02 8.818025905577323020e-02 2.566981079389250159e-02 9.483783219208836990e-02 8.543491176356500516e-02 2.148259618440011634e-02 5.983387122763939026e-02 7.691274279937702907e-02 8.013014919518586521e-02 4.809179924858657945e-02 6.743892225706070442e-02 3.364984524942168237e-02 1.970788287346775247e-02 9.495134818005128430e-02 4.168303902078850792e-02 3.306210479789556400e-02 2.062319757525490557e-02 7.979898945654484432e-02 6.500249947633869596e-02
7.033901913640706015e-03 7.308425755652082911e-02 1.961817884201161322e-02 3.045898062260399275e-02 9.225111097395109760e-02 6.773656458079657661e-02 5.864150053707711807e-02 4.722335201155899997e-02 7.477689173897894559e-02 4.100629756168389095e-02 9.491899246324880801e-02 7.829153115195212898e-02 9.742351726940091938e-02 3.227650387171080576e-02 1.893804198167096248e-02 9.524549746737170919e-02 7.912598344290770747e-02 1.446410864858843626e-02 2.706036444184834085e-03 3.324531891583012294e-02
9.667108984387940297e-04 6.213507346432176753e-02 1.326312915021855658e-02 3.216547992966186514e-02 5.667454724562981383e-03 4.628912712878407998e-03 6.747487356282083626e-02 6.811980533969397289e-02 5.018519017714594826e-02 4.094666392149031581e-02 1.586476728340632456e-02 4.112157259968095974e-02 5.868631098355125281e-02 7.156798313120571811e-03 7.136041072911104843e-02 7.205735034571793263e-02 3.006492029932137516e-02 9.460929444854720982e-02 9.629103557890536513e-02 7.998981551621557606e-02
3.899959779875988852e-02 6.240266746837332124e-02 1.917784303728608045e-02 8.888067213502159891e-03 4.558714670771668413e-03 8.745971538019193386e-03 1.151674796879956914e-02 7.057205393800325410e-02 3.727116747659131916e-04 3.178775772318205572e-02 2.127267885889515611e-02 9.902090433327741248e-02 7.060827100892613784e-02 6.983980691245877948e-02 9.473447985095664881e-02 5.049654450977630188e-02 5.349499459180177136e-02 1.531499810556759093e-02 6.281855650584210193e-02 6.828881803372136017e-02
5.919082484684723769e-03 1.703579116823259604e-02 7.859635499032669587e-03 1.499937809800615598e-02 5.209892139271266043e-02 2.226609899998435380e-02 9.439843225650106084e-02 5.837429824309851162e-02 4.046191802501722390e-02 1.708945666883552456e-02 3.142148432482668591e-02 2.436696801651404634e-02 4.650727499266271714e-02 6.506534883926487489e-02 3.564152306421843747e-02 7.721458702858829959e-02 8.503614544422277710e-02 8.287717204024741546e-02 8.070125736572354713e-02 4.731411055590081793e-02
6.685868869516127522e-02 7.838895002559010533e-03 3.192148547290466626e-02 2.318766181872096432e-02 5.440584951060060265e-02 6.694436864639403961e-02 9.598249326025996842e-02 7.623456133360628773e-03 9.724726407175199316e-02 4.841907608034663746e-02 3.812840467576392861e-02 2.943875797168336167e-02 2.051120934985713185e-02 9.195826877535695498e-02 2.188547171937436225e-02 5.153348266854859694e-02 3.926259870788471190e-02 4.369429812721917217e-02 4.084680291627268423e-02 4.037047421529265517e-02
3.763436300458053441e-02 5.412252969101018218e-02 5.438957365894173807e-02 5.183674628643657883e-02 9.714888728821326203e-02 9.438698163060844915e-02 3.413105113394465651e-02 9.010992466703227717e-04 4.038715670456588525e-02 9.010432407293983426e-02 3.142775623229248499e-02 6.231963942241370083e-03 7.188094695034923098e-02 1.205749485182439247e-03 6.628544327887472831e-02 4.594425519485473286e-02 6.361517193066651421e-02 4.020393007630440607e-02 2.654644970245768898e-02 2.324961460213614828e-02
5.335112451070064821e-02 5.977937592926681198e-02 6.763312990097454513e-02 4.980775225721112594e-03 9.316893474091969551e-02 8.597431524596581276e-02 1.287401991657323268e-02 2.929922353662619758e-02 6.067069593395532645e-02 8.043019957916748564e-02 4.605665671791214083e-02 5.146883452268380399e-03 7.754631834909768429e-02 6.602024662749540751e-02 6.471819383451199448e-02 9.643425800727251085e-02 8.341491273407332374e-02 1.797641893521433401e-02 9.810780150486479723e-02 4.825469755241251768e-02
7.096922314783971758e-03 5.001018123353267314e-02 9.823298240543035242e-02 5.605703578955433669e-02 9.136716469005656815e-02 7.911742786729031307e-02 7.105123522211929943e-02 4.230048100141001882e-02 1.693685082301884734e-02 4.383751491128873301e-02 9.404401320357762273e-02 6.703901543137007202e-02 1.440355263617023630e-02 3.493813916676844628e-02 2.232869178796469470e-02 6.842848711630218628e-02 1.372702731235153628e-02 2.460227116152041704e-02 8.724810703723856475e-02 8.790823298054828427e-02
2.244958088406342686e-02 4.273128648367421900e-02 6.499963586898446777e-02 1.153106954228712115e-02 4.452622644830649817e-02 4.547102894575058563e-02 4.985267236562349047e-02 6.438080940238051497e-02 7.035415405618181128e-02 7.759219914054105161e-02 2.623025631333274557e-02 6.763251883705388712e-02 8.192016041171944207e-02 1.495173738046089509e-02 9.784846022860659021e-02 2.869753765410142446e-02 2.921028883437375503e-02 1.986069092600327782e-02 2.362156106480059123e-02 6.877904119536822070e-02
1.507591100320212520e-02 1.924791846772438975e-02 1.189803700802723012e-02 9.531588781323475923e-02 6.057210572467928295e-02 1.852752935927761899e-02 7.877534760046273066e-02 3.513897493955187284e-03 2.132951274830273761e-02 1.130922012235624540e-03 9.687482786580682570e-02 3.869266014317546132e-02 5.765794095175169609e-02 1.856311994711377228e-02 2.690983780483402477e-02 1.197052949472863365e-02 8.886328357121363319e-02 7.306782698753337690e-02 2.231136272660065936e-02 5.912838832432799029e-03
