3.539451286471932967e-01 1.224672441998550521e-01 6.986803807395747246e-02 8.212615707647802354e-02 1.412785676107885247e-01 1.414754557953133984e-01 1.117857365933142832e-01 5.143730383768031073e-02 4.764366812430478187e-02 4.895965314344109809e-02 7.470586317381666674e-02 8.691576463325741131e-02 1.341048348199274098e-01 1.080735593555575413e-01 1.516376738868623342e-01 1.436462798719903566e-01 4.985774537729334432e-02 1.723673454776055158e-01 9.750735402528011575e-02 6.651100840192590569e-02
4.495050165656555574e-02 4.217858815017475754e-02 1.323405295475047622e-02 4.094306537819241559e-02 7.755435209820224496e-02 6.981776291151733926e-02 2.929498199431264382e-02 1.723990285850218827e-03 8.645430672184736820e-02 4.471753153930258483e-03 8.796514024072032631e-03 3.084973575260630332e-03 3.365661279041411158e-02 5.799130280571590523e-02 9.028731441962427329e-02 7.738602087487909953e-02 4.472574685120067443e-03 7.350711345239695216e-02 2.750871608020322157e-02 8.108165768527560158e-02
7.793482583229324745e-02 7.794298242273456356e-02 8.927654430884499059e-02 4.362817910289300966e-02 3.692323498269745301e-03 7.461804276441376393e-02 4.463652966408405975e-02 9.341012055614893173e-02 9.751440137996233992e-02 1.079355155059372878e-02 5.517921953940860269e-02 4.111699827927472323e-02 1.563122143659438981e-02 7.504874402837835926e-03 4.548506656816425631e-02 3.751180812611985133e-02 2.535008757388847178e-02 3.167687574055771255e-02 3.285159113284519521e-03 4.496711764507051179e-02
1.175425103120718642e-02 6.872726493804149489e-03 5.047608808578910033e-02 7.495821427966581352e-02 7.730986821595660363e-02 5.063788257225750045e-02 4.869278672965516100e-03 5.879854884100282897e-02 6.015150245614420653e-03 6.267474620726465329e-02 6.578933886191290492e-02 3.989375640493961900e-02 6.209418852786524612e-02 3.439623071763766443e-02 2.856754833042915095e-02 8.456809272508991615e-02 2.653620211197646114e-02 3.466308699976502344e-02 9.497437937558361742e-03 1.211856081116151687e-02
8.062067439426420790e-02 5.472816262386445696e-02 8.281719405099230089e-03 1.233708776563319232e-02 7.414092359129505205e-02 8.454204675351850717e-02 2.847267361842714672e-02 9.398610897212045928e-03 3.178904263050772588e-02 5.527199995023568402e-02 1.037161063742297884e-03 8.652312506248729940e-02 6.442615324032428814e-02 3.641607255603442062e-02 2.368343436692502829e-02 8.255199422143841281e-02 6.974684360641146552e-02 3.823634576189240131e-02 2.289244962250969184e-03 8.534553013906195917e-02
6.542451242813636381e-02 2.475878463450693900e-02 9.304078611105356944e-02 3.390510358575549166e-02 7.340727508074840202e-02 3.832566927437497790e-05 4.864209070673889551e-02 3.956921401776425894e-03 9.623594689567605345e-03 5.811427309142139230e-02 5.319787941710497209e-03 3.994451844323587686e-02 9.603176180988565180e-02 8.574731985483580177e-02 5.923864552163920355e-02 1.220623220901283570e-02 4.759352910793440000e-02 8.615389171749288089e-02 1.059411808813791669e-02 6.298957495507161164e-02
6.775546751750331775e-02 3.205986008712280455e-02 4.811638555390182481e-02 4.269564168545613575e-02 7.834020232556647423e-02 9.138300124633261245e-02 1.434595105306499946e-02 6.769827250041260402e-02 5.891138345998858878e-04 7.603004437551219574e-02 1.495517156438013265e-02 7.298689852865117289e-02 7.432792079664628238e-02 3.005294818406417656e-02 7.047225304169840721e-02 4.470839210405648523e-02 4.262724273805895692e-02 8.266243580355132903e-02 5.389289768480137049e-02 6.705962888049080139e-02
3.865834423828717892e-02 3.747402918847447806e-02 8.574074744786132352e-02 9.076354775759915006e-02 7.276961215309335484e-02 2.003687988834515141e-02 5.031527544356539233e-02 4.611161892455100525e-02 1.419841747039790603e-02 3.690044755767725448e-02 7.284906155576841014e-02 8.640028458093518965e-03 4.812712075800174537e-03 7.825638080793262050e-03 1.956250541639164078e-02 2.815212426425303324e-02 2.000931204325136215e-02 1.185493652271771975e-02 6.737386845770793053e-02 1.045654139730559790e-02
8.865397883811652890e-02 1.963437453865736482e-02 8.192278008252004695e-02 9.264847271444798249e-02 7.987787667559237414e-02 1.926464311437218330e-02 3.520745829700305807e-02 6.166288884189138897e-02 2.576060240413346916e-04 1.708086979573418887e-02 4.831793455596028464e-02 7.015157139612560391e-03 1.794853301990105912e-02 8.911764191100371435e-02 5.871394896706239042e-02 1.647511845080506035e-02 5.194423573088278318e-02 3.251952515044000819e-02 7.035444412286656624e-02 1.110800923859135529e-02
1.489092802309247704e-02 2.355646490142197097e-02 9.075003627027905528e-02 7.681216738377621978e-02 8.088152498047197769e-02 7.627664267757373884e-02 7.113263225415075719e-02 7.431970940574040077e-03 2.177133385933161230e-03 9.296721175456180986e-02 3.438468676227409565e-02 7.476173810307036594e-02 6.962159498828295046e-02 1.190968657732227598e-02 3.530372135274314344e-02 7.110671877593212342e-02 3.473632166384167663e-02 6.602219413885566934e-02 4.933911208591049841e-02 3.461082095204311149e-02
5.664403766284997060e-02 5.442587578796742598e-02 5.540990369692190554e-02 8.712806764823162464e-02 4.612618206661111414e-02 8.959909981603558782e-02 8.710285803913597746e-02 8.663738360400780047e-02 3.169787026096343441e-02 6.790807512157932824e-02 1.172445539764229751e-02 3.338891159360590083e-02 4.674871992258602948e-02 7.304967178093407787e-02 2.798811905118196025e-02 8.013643525631237996e-02 5.734277531243188453e-02 3.047057897407078400e-02 7.330344468983585396e-03 1.337764688744236263e-02
6.364352622506673496e-02 9.397248550702973213e-02 6.208036892202999785e-02 8.497038730430517273e-02 9.853219434788224040e-02 5.131397392814959768e-02 5.354527714069214073e-02 7.740964930551870460e-02 8.126972698404270889e-02 1.261785542255909956e-02 3.108386079175229355e-02 7.101224984179595190e-02 3.650563465635989907e-02 8.383294956354299388e-02 6.041663330918483482e-02 1.613307621296432640e-02 4.175613819102946822e-02 5.426140949845099926e-02 2.055109386024122145e-02 7.410922227138624918e-02
3.414716965669312154e-02 4.963058648464956785e-02 8.189981673369239532e-03 9.661049389919668107e-02 8.455724513381006335e-02 8.343901456228486335e-02 1.887149557214378229e-02 9.566515515302075057e-02 3.121000272327845246e-03 6.842727657994066015e-02 6.306638442388452781e-02 7.918590309534387361e-02 8.931077512736571022e-02 9.545275829543785340e-02 7.541286997814368454e-02 4.361577712681383168e-02 5.214443718511582726e-02 1.815914703142831529e-02 3.202240785417938274e-02 1.140320146439178887e-02
2.165261791607262648e-02 5.346325848436557504e-02 2.236023008295709089e-02 9.217984653874883305e-02 7.007334005452525716e-02 1.549357091088870986e-02 6.759036144681412894e-02 2.655621725860779492e-02 7.708427739893672359e-02 5.728343205959625373e-02 1.627241856434595915e-02 2.080895401146017065e-02 6.777608156524317883e-03 7.459378307326246238e-02 7.608574840001527950e-02 8.970008304384452513e-02 1.347382273624940854e-02 9.624324508058551553e-02 8.890302006652744948e-02 9.751829925858740422e-02
3.974789430923500455e-02 2.337382358208648508e-02 6.678631049218851368e-02 1.862973973828145960e-02 6.324441364480096195e-02 9.682608126310514318e-02 3.837673394419928441e-02 5.585375069845283091e-02 6.480539829453609013e-02 5.202561567210516741e-02 8.815320158365974601e-02 3.350456605511107494e-02 5.328566017152422396e-02 6.079565062153249877e-02 2.707994794940760119e-02 7.659851096714825891e-02 6.229389078601948321e-02 1.406726852883207791e-02 9.771488311131074078e-02 9.378010766158244305e-02
2.500077495409388714e-02 7.431688958163848446e-02 9.297979086407291704e-02 4.252939980319216107e-02 8.455804571027406014e-02 9.428022858341167378e-02 7.973819955333144582e-02 2.734199242854378278e-02 1.821803692317666354e-02 1.643463080522411524e-02 4.090463822020481977e-02 9.367096809345960839e-02 5.048455145097405228e-02 2.123184768943065220e-03 1.009603231928444395e-02 2.437287465523759952e-02 3.746472642254460722e-02 4.181706452328163431e-02 4.304348255871693132e-03 5.506970703592664607e-02
3.088988852807084129e-02 1.150492361431281266e-02 6.140215876750443336e-02 1.678570451784249309e-02 7.374191476623880026e-02 8.589623317675804115e-02 6.878145556809567296e-02 3.904879104484581392e-02 3.185597542959000411e-02 3.639338766144516873e-02 8.964032261632026710e-02 4.865555520777195553e-02 5.126871853591311035e-02 1.093386664197675343e-02 5.660975135841455480e-02 8.381430589223781702e-02 7.208747553366101797e-03 7.248866631143338624e-02 5.343982135943622924e-02 6.166821893977821045e-02
4.981996023703059301e-02 1.075170882637659434e-02 3.606709430926576671e-02 2.168154955449118695e-02 7.597089786135546863e-02 3.443046853373821431e-04 2.609704678969584565e-02 4.590770727602705437e-02 4.224091768474894787e-02 2.380936419227153156e-03 6.978828848170587351e-02 6.758698556425912773e-02 6.964227653470440871e-02 1.555945926748036889e-02 1.248320676556641251e-02 2.725788373191856406e-02 9.719594786688257049e-02 2.873749089471803325e-02 7.380043681641772213e-02 2.350545824291228048e-03
8.079978784342611853e-02 6.818450059642345087e-03 3.249376113063967564e-02 8.348301353487937171e-02 7.191331189452934702e-02 3.540440921854908635e-02 1.524891374709316273e-02 8.734163784561288849e-03 2.027797185720955561e-02 2.153931058174983829e-02 1.897160824132836446e-02 6.586215283483221571e-03 4.480741482514029317e-02 6.339299006125860558e-02 6.671861745004446786e-02 2.166389447929739642e-03 1.525426026298800676e-02 9.860871591452231855e-02 5.152058457497482591e-02 4.891011962144264924e-02
5.631362235591241133e-02 7.200835880519601551e-02 2.908424011567093542e-02 8.980808422775138355e-02 8.331543487596571040e-02 5.534456348258726122e-02 4.053530877574643143e-02 9.611651784534119836e-02 3.254950063145945014e-03 6.627452782334457282e-02 2.224945603602215480e-02 8.830869438847843700e-02 4.060192191111214322e-02 5.509955637104569162e-03 8.706149274877539312e-02 7.775020449359994201e-02 8.031564131081164737e-02 7.349044073697208815e-03 1.701893213343063163e-02 6.182273889943768266e-03
