2.868178655343921468e-01 4.654526600869045294e-02 1.214645348700843508e-01 2.093677416005747249e-02 4.876958877571842266e-02 1.211843861847429760e-01 7.794120954043529115e-02 1.172532024749128321e-01 1.291980571598402017e-01 1.700621205018544302e-01 1.115418305800870147e-01 1.131373664335840884e-01 1.227848460124531110e-01 1.195987420634438483e-02 5.950101375958395666e-02 1.085046713896240661e-01 1.104684091166980853e-01 1.105408516060017721e-01 1.212501741311390879e-01 1.836227066264771723e-01
3.863320042027524465e-02 4.686267058147132458e-02 8.159718598474668960e-02 9.697547403110712283e-02 7.583034948708025635e-02 1.831425534148016163e-02 8.428867070415224649e-02 3.392326549418510015e-03 1.052920537668865786e-01 1.922675660233271605e-02 5.043145382614265537e-02 1.452614436539730221e-02 9.297452472137390789e-02 6.128215695297719451e-02 1.069280403688213088e-01 6.744902335136049309e-02 4.864328460010033939e-02 8.169795950013680752e-02 1.183164334542663107e-02 1.088638053929537330e-01
1.061265204099159270e-03 7.720991837740051600e-02 9.537506290979733126e-02 5.947119242839268849e-02 8.816567096347219246e-02 9.887024267655807053e-02 4.502238814980734360e-02 5.370455643547982633e-02 3.943559075053550828e-02 9.703928931008337644e-02 7.716579321976219097e-02 1.498820483297430041e-02 5.289559365619495718e-02 9.984643280509103436e-02 6.408056573357986951e-02 7.817999482441904957e-02 1.094394217995825203e-01 8.402660805759794294e-02 9.803076588895805188e-02 2.293657331330051577e-02
1.092727051281036643e-01 9.059698092791730606e-02 7.664530536547423112e-02 8.883301123290752999e-02 1.133785231392659375e-02 7.795255070461193370e-02 3.302649135619648273e-03 6.269828774941847704e-02 6.943418497947941026e-02 3.645382486021533225e-02 1.011603371168464521e-02 5.134269315951501406e-02 1.025536546615961053e-01 3.326493824604603161e-03 3.552435437637877641e-02 5.087606611611617674e-02 9.144740921724391070e-02 5.046321343743566910e-03 9.379674069562041194e-02 4.551329777606397814e-02
4.110901033451015707e-02 1.048022451437716218e-01 6.760354362735843115e-02 7.515954606778663116e-02 6.416470013793441896e-02 9.415098688842231389e-02 1.986062731160068845e-02 3.312763436853571192e-02 9.252087101439862571e-03 7.097906621710327324e-02 5.598968575972473188e-02 9.809653557488892672e-02 4.181111242692049992e-03 5.923850681423949854e-02 1.058395346739912785e-01 3.501212351839743525e-02 4.005982209873595878e-02 1.926881100283306392e-02 5.109243966796559594e-02 6.138188368585012489e-02
1.675229889813143608e-02 5.593353719204923608e-02 6.609294508478871788e-02 1.133776005712951868e-02 8.237929417342787497e-02 8.954134383642883832e-02 5.309581370215706031e-02 7.891435655029135909e-02 2.339606049801205151e-02 5.060304673558783245e-02 8.953227378492374655e-02 7.458071226460692704e-02 1.021377285245869855e-02 6.586960117572683571e-02 6.267900445809784782e-02 6.618906417959551092e-02 5.007963078735835211e-02 1.023916554125172268e-01 9.830179006500248950e-02 7.124647046134634232e-02
9.480695198795525969e-02 1.188957653955685298e-02 1.091542230730082608e-01 4.267311030957641332e-02 7.070280067680854985e-02 8.715226353613865495e-02 7.738045142758458173e-02 5.965573630730506421e-02 3.977897811393305699e-02 1.072450426500212023e-01 9.882635706943483644e-02 3.110899912606487558e-02 9.775106186101754913e-02 2.181348267780860994e-02 6.726557710391758982e-02 3.826677568582031314e-02 9.915284458510979781e-02 4.264344474756962683e-02 2.043267963929071632e-02 9.071971288447429338e-02
1.524971138666712279e-02 2.912637346525336415e-02 8.244755780969052761e-02 1.018847481272543154e-01 9.707175733747484825e-02 9.312464172719391031e-02 2.038512629453448008e-02 1.004029458930128099e-01 1.284702810328392127e-02 1.091478696021349892e-01 2.352900872810810909e-02 9.754956685398652461e-02 5.779246263886819723e-02 4.154209774440765710e-03 6.900927911403657855e-02 4.870587088905894979e-02 7.533876065781057452e-02 7.344768685610940373e-02 5.509456753868291479e-02 1.046365860224844069e-01
9.763112479602512050e-02 6.258038382253243437e-02 2.264432305975172185e-02 1.165359659974151904e-02 9.717351183948277904e-02 2.023612886709825337e-02 2.987725555885353910e-03 3.023218682095677248e-02 1.784819313034712723e-02 3.439054419934317597e-02 5.463743198584378180e-02 6.446478441504695234e-02 4.075174811096718419e-02 4.387873478439860246e-03 4.817938843191791470e-02 3.446892629117257606e-02 1.650901642620261969e-02 1.872028603547782818e-02 2.414804915895051637e-03 1.065818623464464820e-01
8.567614781622802378e-02 8.100199247708034234e-02 1.143959735706246740e-02 1.053754058502083812e-01 6.752403089521244461e-02 3.852372920023769409e-02 1.068253450089111517e-01 1.944558771340687813e-04 1.336917549165926589e-02 1.927153329374873408e-02 9.669346101135187221e-02 9.388756732199309007e-02 2.953900617636411388e-02 3.439144319157216162e-02 9.530122627139303582e-02 3.890122191336665286e-02 6.402003190371563512e-02 9.694629752875420781e-02 5.004254475043866390e-02 9.641568455376055280e-02
1.051901020310780782e-01 7.605068047361523975e-02 9.595953495700725033e-02 1.063896633688906218e-01 5.904643599562514611e-02 8.394977314711740690e-02 6.676985731064004337e-02 9.135292923812834975e-02 1.044112898907453013e-01 4.461248475671451830e-02 8.698877157852610842e-02 1.040645081404739936e-01 3.615625203823594203e-02 4.657264377566960184e-02 2.964461184646378228e-02 7.185087002635470732e-02 2.709932151590341634e-02 6.190065309221434026e-02 1.030642631812133947e-01 1.189216658479969740e-02
7.040496152524618190e-02 1.059866775658592220e-01 5.153459650121795105e-02 9.210797169720012778e-02 2.261676078669288062e-02 1.042720167705819684e-01 5.713973328226611484e-03 8.614719329056602648e-02 7.467024331895863454e-02 8.690833929603355990e-02 9.953756229653014376e-02 4.209943570383836015e-02 2.643568629082596738e-02 1.015729411126149589e-01 7.772188658003675865e-02 7.689824254914327546e-04 3.052347565887017153e-02 2.313420952762256649e-02 3.528932642585159291e-02 1.085566636830562759e-01
6.447797574970118295e-02 7.039590835141382175e-02 3.690119713288575465e-02 6.246133554645967242e-03 7.683391663395879034e-02 8.916048488703384733e-02 6.145564040557137397e-02 9.723459863591821239e-02 8.025449998194968126e-02 4.801023169884698766e-02 7.238402109497618642e-02 1.263432634517960189e-03 5.388150683038861466e-02 3.740795620613122929e-02 9.007775449959416758e-02 5.132682180771241942e-02 4.057662831355295097e-02 7.089223679169442960e-02 4.047748003423416729e-02 1.603907566807842577e-02
6.274131671475419170e-02 4.659772531393095718e-02 6.371480340811722098e-02 1.080672964943851788e-01 2.170438682449327139e-02 7.699262907803570977e-02 8.138709895446949449e-02 8.073899400812940830e-02 6.406617779969089876e-02 1.633538016125440917e-02 9.807285537363273631e-02 2.218797671570650262e-02 7.133046761091456356e-02 6.267917046837435946e-02 2.383905267745141388e-02 4.352725023259988030e-02 2.061449074868980380e-02 5.279867253572828600e-02 9.032873547190616026e-02 7.738895315499418059e-02
5.080581369551334658e-02 8.464004494181850968e-02 1.037408047034821257e-02 2.789497353806577248e-02 8.985077863447281377e-02 5.365194862181245881e-03 1.812215278469272994e-02 7.803317674278729965e-02 6.693094384396489072e-02 2.745104279391680918e-02 9.377468928620381894e-02 8.671749863108865058e-03 4.879517544183858968e-02 1.015867553627148173e-01 4.468552629360733608e-02 7.241909519814848650e-02 1.850317874883283462e-02 1.060259219711717632e-01 4.335577915109653166e-03 8.917334846096326706e-02
5.961255942845995748e-02 3.408098791747087020e-02 7.995941818927071454e-02 6.267744857431202521e-02 6.984653446427550871e-02 4.298251270405004792e-02 2.197259258672282223e-02 4.280744015659392054e-02 4.965812350813367942e-02 1.806099645170188353e-02 7.162488586368638555e-02 8.694634878801325850e-02 1.031335876376961447e-01 5.297927837651721095e-02 6.907609036668335700e-02 4.838934416905950114e-04 6.982233316652819433e-02 5.385873708959103973e-02 7.335164474436124682e-02 6.993969103725251879e-02
2.812405966986686670e-02 1.076894597913327367e-01 9.518747022946665026e-02 5.935150769278161459e-02 1.092183496069925042e-01 8.424621250937278094e-02 2.957150433697796482e-02 8.228148404751528533e-03 1.872889359877384294e-02 8.136089435926889546e-02 7.886185336677352387e-02 9.251454407477421871e-02 3.229324434674783056e-02 3.036467255284610797e-02 7.270115858685798071e-02 9.255619196942832527e-02 1.066407046071903841e-01 5.199056826910081891e-02 1.088550116572576665e-01 4.531725092611262051e-02
2.119297765588598961e-02 4.407651126770951305e-02 1.057536813190559088e-01 8.217937172720025593e-04 9.844049873722561517e-02 5.820474622210947135e-02 8.458316565861781489e-03 9.414123938710972084e-02 5.833688200493240134e-02 7.869426632844948866e-02 6.593386178354151972e-02 9.930915924312240517e-02 2.419203524299630426e-02 1.018047808873649568e-01 1.127794138201453772e-02 9.760305681006620215e-02 3.117978210385525389e-02 6.744556565608392229e-02 1.028346156353329884e-02 5.424914468748413821e-02
6.959012417781569593e-02 8.282368286780074362e-02 3.819976555782020333e-02 4.318712183910418390e-02 6.205098360800188201e-02 1.924819599082671848e-02 3.240504132005399968e-02 3.793280207548657690e-02 1.055401090581896684e-01 6.998134020341499617e-02 8.006371047451167622e-02 4.976785315521941103e-03 9.713781499144236165e-02 3.928149709432195158e-02 2.094082266663744099e-02 1.739056923610114713e-02 8.880225414879143464e-02 6.544666629356653276e-02 6.956529391995650013e-02 5.778185841833634838e-04
6.204112507825727818e-02 6.774115754890459862e-02 9.629254322654401399e-02 1.022408816829040168e-01 5.641930148246182553e-02 1.069513311581102299e-01 1.290098119377050545e-02 1.472118946551972604e-02 5.859209989680964556e-03 5.864319394620855913e-02 7.305480581189524592e-02 1.638448016532770626e-02 4.709663479841285846e-03 1.296950602065633645e-02 1.658707177470032657e-02 5.504105184343485030e-02 9.394170157664474829e-02 6.099954048230477738e-02 8.205608603680421276e-02 1.923100856994681279e-02
