2.012729151942919403e-01 1.273906024278755877e-01 8.405828783122853975e-02 1.197549871340631705e-01 1.090579780770899593e-01 9.849789350970490631e-02 1.016508707858285177e-01 8.722430335285458018e-04 8.696827414015215196e-02 3.001778390225900983e-02 1.058773069139071765e-01 1.249256480962392390e-01 6.765569501875748348e-02 1.408905490384063930e-01 6.230287268835099646e-02 7.049373121050958590e-02 6.394035115603143027e-02 1.096619403020795830e-01 8.901223186039314283e-02 1.494076967637659459e-01
6.829615335707410473e-02 4.550329000149112846e-02 8.128954486165676507e-02 1.887660881964747794e-02 7.758307853940657473e-02 5.906406742712606850e-02 1.244165417721311388e-02 8.879090386966627391e-02 1.797959409883043147e-02 4.087636729885647802e-02 8.205854419683483725e-02 8.504683147710032087e-02 9.950727508245366115e-02 6.683982685809590485e-02 7.687428274139886109e-02 9.095923193132531004e-02 2.223020085719135119e-02 3.374445303638497207e-02 2.651298823303208790e-02 7.166082696283948734e-03
4.132299426087845950e-02 2.199777797093344089e-02 5.570190256019822567e-02 8.275372759811824852e-02 3.653620909611959150e-02 4.637717754935510861e-02 9.432837549793159082e-02 5.595220475581411806e-02 1.079915995351892269e-02 6.099728479600011882e-02 4.878237725999379324e-04 3.776920807460089347e-02 9.687487570540249948e-02 3.217798733540945533e-02 9.558413242755042782e-02 4.559154690986565867e-02 5.483374816736533153e-02 6.586040717057371763e-02 7.495931512551962106e-02 1.387534551561928758e-02
1.380445617937344806e-02 7.217646701001112497e-03 9.462948069473814394e-02 4.978462092745167267e-02 4.053352577917676558e-02 7.064561145865810854e-02 6.628160924102384499e-02 9.893377393249441765e-02 7.158184948154668048e-02 6.590902603848330932e-02 6.290929444997696296e-02 6.686620777288315720e-02 4.743132359420931116e-02 2.009049402851981192e-02 8.503545209759910684e-02 9.622620392082720242e-02 8.774662203272393102e-02 4.247892546946294146e-02 3.190656948395220911e-03 6.080165137131451902e-02
2.346022485596284401e-02 8.377341195192886114e-02 3.235082114958222343e-02 8.078752842405008405e-02 1.010892431653298562e-02 6.719989370768018888e-02 8.461833449758210390e-02 6.490754463973200106e-02 9.455636877492408499e-02 1.156737222954040689e-02 1.643791058261463364e-02 5.957380994351538228e-02 3.380753003472614093e-02 4.965340144966787911e-02 2.338081036526964626e-02 6.160400188725816822e-02 3.885986145891021787e-02 9.946242068131572536e-03 6.488511165877584863e-02 8.093656481104287426e-02
4.725386413487506210e-02 1.714125499034031483e-02 7.070310932416688787e-02 3.915388732272655908e-02 7.622472355699494440e-02 1.086629287436702241e-03 5.413171312187053941e-02 2.640900721510930707e-03 6.283417245638205084e-02 9.809256805470228935e-02 2.826930416430256665e-02 7.997959901452271481e-02 6.445763355755688984e-02 5.671307824734800329e-02 8.753679298205734038e-02 9.957372190858487793e-02 4.741385761285591555e-02 5.285821265232764493e-02 2.072829551567484385e-02 6.345457150669024660e-02
7.814610316515416266e-02 5.855689011699819618e-02 4.146335400237802921e-02 1.878727890406710690e-02 5.637697818650634629e-02 7.197167019963156276e-02 2.676513228462555974e-02 7.692202986930649078e-02 9.076507254547727666e-03 5.160732248143715117e-02 6.096340752915002659e-02 9.046491912017376458e-02 8.418954287119817526e-02 3.307750245362095498e-02 6.626773256311588312e-02 8.475367379877483953e-02 6.126574239987156445e-02 3.290931863430635127e-03 5.719792118799735953e-02 8.652545220310606244e-02
9.371785091045430061e-02 2.368097363254969764e-02 3.456357587494212485e-02 9.158328905547817589e-02 3.521504620836223703e-02 4.287193533401337242e-02 4.908111554968486688e-03 5.503817018374018710e-02 7.565159184114784996e-02 2.853056269996645782e-03 5.257973112469169208e-02 3.184422789577245200e-02 2.373770197809402932e-02 3.100013750472983137e-02 9.857005261686833941e-02 2.792063901957420047e-02 8.627733673381376978e-02 5.196836027926857865e-02 1.070134517162184620e-02 7.915670537275466823e-02
6.961803114863579500e-02 1.248933635515746612e-02 9.905897886000236685e-02 3.893049597089089098e-02 6.756857534688989753e-02 5.689950158910331984e-02 1.064869934019319108e-03 2.618404900932047585e-02 4.226330260544817335e-02 2.568373072086038711e-02 5.597809904872123182e-02 5.524390417613933568e-02 4.725377467060242614e-02 7.692000203501417332e-02 6.906025831703159479e-02 6.225321338891422196e-02 7.157771720351458443e-03 9.098791890733937127e-02 6.822579615278116794e-02 2.634656723224412453e-02
9.044711728683511864e-02 4.628056541911398925e-02 2.936964259191432447e-03 4.488434272723390572e-02 8.830113200246174354e-02 2.921066359856090699e-02 4.440628817936680822e-02 4.570485121397005294e-03 5.993965153547770042e-02 3.741041775616439635e-02 3.777774516072910510e-02 5.727831942053821651e-02 7.977325808914649194e-03 3.620189191508967064e-02 9.403632086775667864e-02 3.098073171818806204e-02 9.470748522637686961e-02 2.780582765957978486e-02 7.284906032003515830e-02 5.586433319705311901e-02
6.702994443381631029e-02 1.585509152124878890e-02 3.934403964001725873e-02 5.116459901418716344e-02 4.510504567305528151e-02 2.948628182638081408e-02 6.552452515048638737e-02 1.648538793082588924e-02 1.885907026683202384e-02 1.344188991416499571e-02 2.510671273259452996e-02 8.199752847665009448e-02 4.502344206423907619e-02 5.714484595758409502e-02 4.146543343525799230e-02 6.019202140422694886e-02 4.155010262058385362e-02 3.572266456425639281e-02 8.363113561797798357e-02 6.868448154228228020e-02
2.079112575982467164e-03 8.577591225598635294e-02 6.733576351798386823e-05 3.346709605064233234e-02 2.916926608676706500e-03 3.616851999044653349e-02 5.674274274752805214e-02 2.377452462664630950e-03 2.339313943130276810e-02 4.561030513210915377e-02 5.079507635117398723e-02 4.693025618036124336e-02 2.669054567281876900e-02 9.404748963445801191e-02 4.628664739666446537e-02 8.875678800508676747e-02 1.121918817031533101e-02 4.287486209286161393e-02 2.822003449999884936e-02 6.192464160033683829e-02
8.110470482589096641e-02 8.460911007945660922e-02 1.283976272576616874e-02 1.645541708609095030e-02 5.345489355310433649e-02 7.989017913143466043e-02 9.088797712754997926e-02 1.101793981490797360e-02 2.168572855778107267e-02 5.166651221839867886e-02 6.729701546873624596e-02 6.116985176538535657e-02 2.683350347936428598e-02 6.958294386657970509e-02 4.367196446420593126e-02 9.981384672795791391e-02 6.147317637749765556e-02 1.061134658789134738e-02 6.239440215389470412e-02 4.179447945463742736e-02
4.928005528726953077e-02 9.672166619499888984e-02 1.684847854625226571e-02 9.331680945437696717e-02 7.164229739145887288e-02 2.928049736116470486e-02 7.632748689644057449e-02 9.754961535215861401e-02 1.893874129023750616e-02 3.344606950077574220e-02 6.093839264630816072e-02 8.008555231359643090e-02 6.259946350536109427e-02 4.667316182574979960e-02 5.078735344867234963e-02 3.362297388541340276e-02 7.991731490787495895e-02 4.954845936076690549e-02 6.534044924153663281e-02 7.007274265813943914e-02
5.069245438781327245e-02 3.302528503017356648e-02 3.558307290307900772e-02 9.912341191357697257e-02 2.131822541034427212e-02 8.108674892061835948e-02 5.955620473869965154e-02 3.421279388037282848e-02 9.909473991886962041e-02 2.733565747922104411e-02 6.108231844561044094e-02 4.658644054083393993e-03 6.262144594478580295e-02 5.619057827968246960e-02 2.402093352006044041e-02 6.306731779090475609e-02 5.792975905288134074e-03 4.864893979499896465e-03 7.230093172666245127e-02 3.290406627417199331e-02
9.101259946981708759e-02 4.069797290250420918e-02 4.962972132297344130e-02 9.285690001548330130e-02 9.262745187893736687e-02 7.263184203027116259e-02 1.557804130483939759e-02 8.650433925308153790e-03 1.928559725836909156e-02 9.332123583596449445e-02 8.803887158726281248e-02 7.546544797916998615e-02 2.224587206704380440e-02 8.066695764141090796e-02 9.992924455424867514e-02 3.172094435758941039e-02 9.660739971596432607e-02 3.012874057619292778e-02 8.794915986480714154e-02 2.729327245820766315e-02
8.736374585461881975e-03 8.204344307479718990e-02 6.349469660938575344e-02 6.342440157518196286e-02 3.504201188277905610e-02 8.392069392081347168e-02 3.557138869089231797e-02 8.093843533209862939e-02 2.806556229615590065e-02 4.868669374449810516e-02 1.104625919995282438e-02 8.965184070765636060e-02 1.021946181264694713e-02 1.551373985804860300e-02 7.596190247007839069e-02 8.658483486960662223e-02 4.237698215667580481e-02 1.710591265181593545e-02 7.716687889682222190e-02 2.372320583494451698e-02
5.503117252702960371e-02 8.351164028788714278e-02 2.711448192782299829e-02 3.250344919544888994e-02 6.989911871881865357e-02 3.606776857483958570e-02 8.823972661656942496e-02 5.202088334856404261e-02 7.728914620800843294e-02 5.331517766279474796e-02 8.316914574416178763e-02 1.878209391581829937e-02 6.343146665043450372e-02 7.201649785429142803e-02 1.704281241154083013e-02 2.459024722689922074e-02 1.811886634093458001e-02 4.374424021782319892e-03 9.469809891234065580e-02 3.741789115452066883e-02
9.959971640769542389e-02 5.628618286487270528e-02 2.511962401021749017e-02 4.512015485656675762e-02 2.535206809994441576e-02 7.965014059120102338e-03 9.424805046027415201e-02 5.316835682130310187e-02 4.098999412858527619e-02 1.690588160881567603e-02 6.295206968923285074e-02 6.810119520759955192e-02 8.682924386535784134e-03 5.228322270179278780e-02 2.419657081099832116e-02 4.288295426008723737e-02 3.171762546823504725e-02 8.233075658608264569e-02 8.078971882391383641e-02 6.793035010070117008e-02
1.321650437851694740e-02 8.218967891004372306e-02 2.549428085380457676e-02 4.231022257080549465e-02 8.680251041609066132e-02 2.305085546461049708e-03 3.123367655237312482e-02 8.530367594694254763e-02 4.474857392188211214e-02 3.519195606802116155e-02 1.238842553360259939e-02 5.104340862506662191e-03 7.160724089078059074e-02 1.230863077678592300e-02 5.466430299185748298e-02 3.805277335801513644e-02 3.087388140718000384e-02 7.007707948493212269e-02 3.830644351761045008e-02 6.853739480749147794e-02
