2.211838446278499015e-01 1.042756771287144252e-01 7.917626827509599563e-02 1.522845181662183800e-01 1.199184700828478112e-01 8.794339672632733862e-02 1.685676580677762937e-01 7.307744108715108489e-02 8.620658030128655613e-02 5.054651423552930511e-02 8.275306340574918595e-02 1.116917657370288530e-01 4.462976946245201387e-02 1.066574086256956155e-01 1.412079753925979120e-01 1.068593065499851003e-01 8.226796830961866092e-02 7.320957889404985930e-02 1.448265409150480965e-01 8.617719273631327392e-02
7.888156664168535781e-02 9.569227490481786724e-02 7.610712790427116847e-02 3.830389242263720906e-02 1.819605143082047086e-02 6.846206310850343202e-02 4.773706468645583234e-02 7.045618751796205170e-02 3.286017886095166096e-02 3.250407285503729288e-02 3.487903835057803298e-02 8.084311349077662190e-02 6.745707944086073993e-02 9.313522911310823105e-03 1.833785741599059868e-02 7.886986454881103614e-02 6.596723782012768600e-02 6.055771720878744442e-03 1.933980124820711133e-02 3.006037355890960397e-02
9.103245495286438338e-02 1.205753522778794246e-02 2.971460014842029068e-02 7.344788571659533610e-03 3.095799660905006537e-02 5.337213920942211060e-02 8.870593826944386806e-02 8.570278122652943975e-02 8.763604404765928946e-02 3.616063639544291747e-02 9.067117309771748068e-02 1.897436699460343379e-02 2.804896048215687124e-02 4.245316634241540904e-02 4.729948769148711180e-02 5.057290153348947132e-02 3.258928906950980114e-02 3.684610963083752994e-02 6.237814930001720631e-02 5.432058219315336750e-02
2.505772405802166036e-02 7.179801744258672291e-02 4.991803260268135034e-02 5.161559203206009250e-02 4.089412027531610927e-02 4.191019823361078617e-02 5.784332435482084783e-02 5.804871590393720360e-02 6.289488998306874690e-02 3.465643269522281772e-02 9.185294291336286443e-02 8.528565993628842157e-02 8.813449061479064484e-02 1.468178168375858933e-02 6.764735418090631058e-02 6.252163951710965062e-03 8.945487215617659027e-02 7.327443806122529990e-02 4.749332520642318006e-02 6.473201084608772027e-02
6.090435227975787846e-02 4.075560106067208782e-02 3.098286752591932272e-02 2.403857603639214698e-03 9.105290937109149219e-02 5.000247036203930157e-02 7.880136957163880185e-02 3.540584607491075592e-02 9.674206025994543101e-02 5.035800132589473427e-02 8.803028141281454833e-02 1.955426635296477963e-02 2.587870540112457984e-02 7.968969575992627952e-02 9.081643971018993344e-02 1.101320144500174229e-02 3.550562136643816563e-02 1.514174727464945303e-02 2.063142220765669388e-02 5.073653344217317340e-02
7.203071076745155843e-02 9.689835812690775207e-02 2.978441135354512742e-02 6.953620363381185498e-02 8.687524846307075055e-02 4.461788136425628992e-02 3.416467041745118588e-02 4.468142461173440355e-02 9.668484027112052293e-02 9.660876953373854353e-03 6.589438716925832829e-02 9.302903443967603520e-03 1.676141455801263488e-02 6.524249822324902637e-02 2.258835988247599735e-02 8.895383301937863363e-02 5.098664563989231679e-02 4.055057292833043336e-02 4.834228120903239119e-03 8.183585727728082820e-03
1.171802501322720749e-02 1.676967990744202691e-02 9.796670496605176803e-02 4.738226746200957691e-03 4.695033737232357125e-03 3.900029473378159584e-02 3.044547067985533748e-02 6.127285916111827047e-02 2.576546543477186216e-02 1.799871993320984950e-02 4.836466128512550283e-02 6.201201068000694594e-02 2.787972583334123039e-02 5.929824478041583607e-02 7.591148476073471263e-02 6.242153077739293066e-02 2.215893553275859532e-02 1.436824248818068320e-02 6.231891329398828866e-02 8.941723967860483457e-02
6.211167912088173815e-02 8.648533210588318920e-02 9.436587279729087563e-02 4.940278326817233723e-02 5.263174376289478373e-02 7.797805650679229261e-02 6.240500826236005522e-02 4.976836712157661768e-02 2.521756330660178749e-02 4.424941807705015662e-02 1.212504615347079900e-02 5.600072201812945905e-02 6.981760575810927461e-02 4.945428057764685026e-02 3.036616662405580355e-02 8.586171353611407597e-02 2.158075646573265338e-02 3.922539074518560762e-04 7.233616785521145010e-02 5.570729254366018485e-02
3.144222144820466719e-02 3.030829754540204091e-02 3.855488389001691246e-02 4.406521827872719732e-02 3.188323856788094490e-02 8.499532005165794102e-02 2.416198272545404604e-02 4.452513098700425220e-02 5.365431557396915102e-02 9.516889622134352966e-02 4.790583964212017515e-02 7.509546831781278853e-02 2.738669119950506645e-02 3.299753950895536331e-02 8.179875561775012960e-02 4.916804629767524033e-03 2.960683712766568748e-02 7.567784048321928025e-02 5.533840178840968016e-02 4.223717989879696710e-02
1.787835618357810560e-02 5.969884905250071733e-02 7.896277878068748077e-03 7.341992774307057323e-02 4.944425020885187538e-02 9.089108471098394926e-03 9.398528821474923245e-02 5.595182552396972542e-02 8.994055241343024143e-02 5.307466511105581042e-02 9.020974280338421580e-02 1.476744506969313031e-02 2.087241032601483675e-03 5.668637507135252523e-02 1.622245180631144354e-02 7.986043970518841295e-02 4.683856882911685733e-03 8.993003752625894354e-02 9.634644836523914568e-02 8.237123254865386102e-02
9.915646282256379562e-02 9.571547571778203645e-02 2.211362785715720314e-02 3.129473432010526635e-02 7.671001815244034294e-02 1.936703720617732882e-02 6.008388409209677872e-02 9.472107612983009239e-02 7.022570866052558342e-03 4.566567078217131925e-02 3.058144093088328852e-02 9.264540840387706921e-02 2.548756479637615327e-03 4.042119312442424284e-02 6.377037857215356320e-02 5.416501718708174873e-02 6.296759785421551792e-02 4.745861112143417992e-02 5.764133506713353845e-03 9.514051814118813788e-02
8.595625417186125716e-02 7.658075209610659684e-02 1.497036848119012199e-02 3.323264965012902306e-02 4.431850447636265233e-02 3.839037948345128820e-02 1.392665336297309667e-02 6.118625974330144102e-02 6.745438919575146020e-02 1.645950289869082747e-02 3.710329505504594838e-02 5.690958004762206729e-02 5.195625829797861223e-02 7.761869472152460592e-02 8.705010384823524960e-02 4.629554015390877769e-02 7.144774138591904189e-02 8.355672673316077992e-02 9.928424824460274634e-02 6.043671841797494670e-02
1.502188655924687789e-02 6.935453587642403939e-02 8.331657456217085589e-02 6.338255548843661769e-02 5.102804809330570290e-02 3.184137939765761122e-02 6.813944476312767951e-02 7.251909497649772218e-02 4.391273337059577175e-02 5.670414318094894185e-02 3.712374834524417855e-02 8.140500987557620916e-02 1.550770457039151243e-02 3.201526521055921698e-02 5.635437246689274648e-02 2.045796393838945904e-02 5.467312507084843079e-03 1.763971961616912429e-02 2.765499864138986144e-02 4.732461500779466118e-02
2.905471799861211388e-02 6.059862945360357245e-02 3.210201182853256174e-03 4.627496122356257457e-02 9.406969144744835309e-02 4.605306764014583353e-03 3.229486879402308080e-02 6.488861571860460309e-02 7.418293345663491689e-02 2.436068831711958593e-02 7.367303768228235239e-02 9.736567731418133143e-02 7.651403378253866794e-02 9.115818098028453942e-02 3.077480144211293400e-02 6.628874666894224617e-03 5.614858316992651921e-02 5.218025227979908309e-02 9.128459946839738437e-02 8.264482220874977414e-02
1.495030584113426000e-02 8.101559654146096162e-03 8.107175478402661728e-02 6.091125823239389864e-02 4.436599240745228712e-02 4.885292194279883260e-02 3.824445079833865835e-02 2.799985854012221678e-03 8.946170214137905141e-02 6.473418119214337241e-02 5.255997654751518727e-02 9.793414319650393940e-02 3.220750234699132353e-02 3.895803663495661651e-02 7.536063895478717356e-02 2.179198369001044203e-02 3.373134814899417938e-02 3.357071922118918389e-02 3.299036394913507086e-02 9.301755056312728531e-02
9.461348640390249143e-02 2.995582435675334804e-02 7.526181112737619083e-02 9.208789243636109068e-02 4.151017508023703562e-02 5.330093551450587608e-03 6.385155929039687539e-02 5.953459058939746668e-02 5.205965003130591517e-02 5.245521860433342148e-02 5.466333796506520071e-02 6.011234417307653732e-02 6.307642169567630186e-02 9.052056877019809544e-02 1.430790785258828635e-02 4.836753725616416838e-03 9.458624664244297264e-02 9.970263704898428558e-02 3.298356991492008838e-02 2.961139496731772860e-02
7.743247187510515772e-03 2.621068619844613406e-03 9.782107722744742828e-02 2.324972550639756858e-02 1.563654783119677871e-02 8.976228910955075246e-02 8.009299971412923991e-02 5.690433067983703685e-02 5.829135072629330200e-02 7.823971939201622428e-02 2.303952622294888272e-02 9.618936941473381352e-02 5.357992995749068232e-02 9.151556672500360534e-02 3.189319738566688545e-02 3.172973430764737535e-02 5.225455049394005930e-02 8.266560635795605627e-02 5.996925203605554811e-02 5.349918714187706925e-02
1.133278707440090773e-02 4.879186788577102862e-02 9.808454052282890301e-02 6.245359940843097507e-02 5.563253184848835492e-02 3.089727670891286027e-02 8.244419113905840368e-02 7.251600770038542365e-02 8.521093691142206383e-02 8.127202747831975202e-03 4.245300113216673998e-02 3.390146643685962996e-02 7.030009564197715888e-02 1.177183433672213207e-03 1.983436682377028026e-02 7.258159232039899933e-02 2.951161104478904409e-02 8.827941597452981792e-02 7.862019248782858849e-02 3.465394952974742981e-02
5.816407780940144323e-02 8.926138416226857275e-02 6.800224564664231197e-02 3.220178992015722969e-02 7.752949805641778935e-02 8.503877259397951693e-02 2.672980351537553034e-02 6.182724139477099867e-02 5.247974839895846316e-02 4.876653264625814554e-02 5.439441770330056408e-03 9.594841601627759897e-02 1.606514512268638825e-02 9.504435487000212346e-02 1.105317196591623120e-02 9.352620433666275490e-02 2.863608201631849884e-02 7.912736978490292339e-02 9.700271521105879868e-02 5.588825880727232853e-03
6.164895874444788204e-02 7.185652518054255755e-02 3.480903424034607202e-02 5.386011571284055229e-03 7.795894847500872693e-02 2.652514163072451636e-02 1.407342489644030151e-02 9.684968681352987274e-02 4.978086371094071760e-02 8.765746408553994062e-02 5.412304175010190094e-02 2.670910477185865078e-02 5.316910806531708472e-02 4.231722766053081473e-03 7.274011880672724695e-02 4.538708567449181719e-02 8.665402427315238576e-02 4.533532504921938822e-02 8.123000202404916104e-02 4.605242425875455403e-03
