2.802432842951726455e-01 1.135795411763310531e-01 9.073125014101703772e-03 1.290418516219102307e-01 1.057722923299841411e-01 1.660549995433469594e-01 7.974650792672459410e-02 1.770150615156478868e-01 3.455544992304295654e-02 8.248398713392735004e-02 5.469807174282718953e-02 1.039926955364203626e-01 4.803939023807531766e-02 3.154767846698822847e-02 5.994371610026175135e-02 1.108375995562414229e-01 5.877597579936635203e-02 8.174005966636702092e-02 9.444642184102536309e-02 9.510284090405507484e-02
7.872616171391734474e-02 1.699779405674255173e-02 3.252060731154079315e-02 9.453896161413760657e-03 2.599927040133384604e-02 2.194404302867828532e-02 1.067583332895252757e-01 9.402115389743506690e-02 1.424028144241269375e-02 5.901079060302186208e-02 1.294958958135423478e-02 9.603026569835333703e-02 3.287036896802648239e-02 5.125589394811806004e-02 6.456063893303139178e-02 4.774826140821809145e-02 2.187578437255176256e-02 7.668263189875962338e-02 8.907689620095708694e-02 3.460329180033787366e-02
3.421315238672293507e-02 9.939771014881673694e-02 2.212623538593729705e-02 2.857284339950643889e-02 1.010210164516970738e-01 2.600318883709790488e-02 2.287657507242822283e-02 6.941711319974830374e-02 5.106867524625510746e-03 9.092582965485440649e-02 1.351079597912006706e-02 4.651996782951862974e-02 7.710618734613668146e-02 1.411900403736111170e-02 5.727047094001781052e-02 8.540068681921711424e-02 5.678749230581037200e-02 2.604215190104020722e-02 6.024061565240093619e-02 6.341548835552429653e-02
6.524856954268593023e-02 4.785786662397741725e-02 1.769424615877947075e-03 1.017793555744308936e-01 9.979455876244182344e-02 2.109650104868268650e-02 8.101505185792452768e-02 9.554845507319317810e-02 8.975733389133036533e-02 5.585823613854613151e-02 1.594335967019123654e-02 2.164866669463262616e-02 5.363306948714659933e-02 9.714565941152569772e-02 6.660548365339682975e-02 6.909530291424606507e-02 5.765214914788538425e-02 3.543276021027449985e-02 6.337940568765149107e-02 2.763550587007244930e-02
7.215331618247464163e-02 4.781961816194681830e-02 7.931508894079272731e-02 5.654182963648534538e-02 1.049525934031931285e-01 7.583337735280824832e-02 5.480204054605076341e-02 4.263315697418073452e-02 8.415629700989228634e-02 9.645739380948836761e-02 6.908038345705511118e-02 2.106432036799290100e-02 1.048820802875402441e-01 3.262371516886940215e-02 4.120095875934993990e-02 7.117549873000192373e-02 9.931052178122455609e-02 3.559098877338134209e-02 3.626243059841269267e-02 4.336646369338608559e-02
3.884986269054067215e-02 6.848819549912163462e-02 1.041709458553361292e-02 6.385183891053103356e-02 9.326108246083530950e-02 1.118574448944223247e-02 3.964583462870979041e-02 9.283277336116883827e-02 5.727162730851512173e-02 5.428023921309779731e-02 1.439400732572840985e-02 4.235749178050473261e-03 2.755151549784965251e-02 2.693705533520137502e-02 2.813747772931830815e-02 8.615684930504186045e-02 1.052341220275832268e-01 9.893400250992241685e-02 9.456914961035245426e-02 1.682618050729048007e-02
4.108814593846078778e-02 1.711580118584330248e-02 3.393843629286674712e-02 4.944828395801068727e-02 9.451800002319880878e-02 9.002773945973181757e-02 8.518345451366799922e-03 6.938621536052118344e-02 7.857977675663178896e-02 9.731582099698578292e-02 1.039457787549951662e-01 3.811677462144347911e-02 5.738603143184625721e-02 8.712101546120720741e-02 7.928463100619728698e-02 1.696803585271030451e-02 3.162176504155957135e-02 2.773187550239636368e-02 8.049714590720920271e-02 6.589494049990610169e-02
3.994107868272061407e-02 5.584322847392102912e-02 6.105325512143927602e-02 8.075336403958281728e-02 9.223421289401065315e-02 3.071617881750773535e-02 2.780261277824022052e-03 2.159935784703905307e-02 9.198358851892406152e-02 2.382345535036050829e-02 1.063489504759930482e-01 2.977385407243293355e-02 3.481047948779957685e-02 1.042957572633476312e-02 2.905859979664085144e-02 2.228561966233470054e-02 3.244034368732909290e-02 7.103663358512796178e-02 9.214675693612196794e-02 6.250418041486251186e-02
9.080237566503350510e-02 6.377362063011358939e-02 2.249977571793092962e-02 9.145566284608390439e-02 5.676963288811815323e-04 6.756130065302698440e-02 9.913565137011703943e-02 4.196866784171766201e-02 9.183639820433854573e-02 8.747815932700897523e-02 7.107850734446398422e-02 2.885573347129819291e-02 6.685970061408744169e-02 6.803429890582650408e-02 2.669516136225417655e-02 1.646555089665902374e-02 9.760508918020679991e-02 3.873755491201108514e-02 2.263373299088618836e-03 7.069452382688228009e-02
8.153641876179101855e-02 1.063128869965266066e-01 4.845322563851992698e-02 7.412104714882412904e-02 7.845108448234031084e-02 1.026826894419819308e-01 9.201519971947827448e-02 1.050543667248728386e-01 4.468599356555751079e-02 2.089676389222337380e-02 9.449407207588222946e-02 8.984680364926132812e-02 8.358733150056035788e-02 9.180162427830405869e-02 8.795616958426838439e-02 5.541792192313439031e-02 2.180968794199529548e-02 5.223032233613394970e-03 5.313845357757830679e-02 2.732184960285892385e-03
4.820549204153660311e-02 5.062521177383012133e-02 2.542982101498373129e-02 5.527376833575078224e-02 6.003637989397876684e-02 8.356191244823557573e-02 3.198472364535156348e-02 4.947718182883461407e-02 9.683943923610174864e-02 5.781715157336096700e-02 6.200998193513987400e-02 6.556004179534752341e-02 6.540134597641877878e-02 6.614430435713176959e-02 4.844340591718411526e-02 4.201976188827122316e-02 2.462815215289388543e-02 8.583671297178145643e-02 9.709761579087117234e-02 9.256567859062610204e-02
8.297596201089976753e-02 2.235803590618111458e-02 9.979421226105779363e-02 6.506226989245415815e-02 6.755601403064151467e-02 3.290334697176899165e-02 9.714821510875851218e-02 3.433465683458470502e-02 7.498985208607246433e-02 1.007966173806230381e-01 5.928216736390340413e-02 8.394525665867455522e-02 7.441759131392505777e-02 9.211267040248571902e-02 6.024345822332087541e-02 5.923676712604717537e-02 5.298933034545187659e-02 1.080065989411770240e-03 4.131369083057730845e-02 6.347133169030996780e-02
1.731138144664979422e-02 3.752632290090113492e-03 1.003246799843375697e-01 9.883403300859273932e-02 9.220354757310705862e-02 8.580338410593528475e-02 7.238443500341820713e-02 3.819630225396192930e-02 3.217422605001873936e-02 9.402270370745091643e-02 7.564487188903801229e-02 4.868460356383246673e-02 9.841715905131726005e-02 2.970209773373301901e-02 5.542883066985125617e-02 7.632645151335346566e-03 2.274137216493847535e-02 3.727010378975725586e-03 6.024575509236014537e-02 3.240741465422762591e-02
4.967117561939822512e-02 2.045331396974548605e-02 8.231835206119550441e-02 7.067751511185690894e-02 9.913455549742820894e-02 6.167814433225005805e-02 4.311833282781919741e-02 2.920157828521868087e-02 8.071630370132901189e-02 2.385340197806575663e-02 7.034890918539751792e-02 1.631711534379496481e-02 1.569135574030132083e-02 1.058763053352890643e-01 4.683612449059079003e-02 1.357977503113157007e-02 6.210261566781712789e-02 5.617149414385009046e-03 9.937237257429924753e-02 9.325175360154490389e-02
7.661292551910972581e-02 5.782015972053594632e-02 4.469038784163930494e-02 1.444232898182252513e-02 9.404035417344917824e-02 7.776560260116360812e-02 5.651378026037810060e-02 6.294913702457559379e-02 3.158817760564524429e-02 1.018441416399434030e-01 9.126975937375998715e-02 8.060570176581766111e-02 4.686141303448835421e-02 3.560822911320763590e-03 3.805926314840093333e-02 2.563790916110776294e-02 1.605869403011241092e-02 6.604581266829377684e-02 3.459599640074140919e-02 6.228006962760236631e-02
3.653633264393277985e-02 4.033780702319002959e-02 8.630381751055113404e-02 7.764727175556042360e-02 4.714003380389351211e-02 4.418554406687726088e-02 4.077132329928453980e-02 4.884755000120923063e-02 2.674220135272821312e-03 3.748984575096025312e-02 3.120518172074252666e-02 2.040420796168784801e-02 6.993195202364724250e-02 4.273309815503878450e-02 9.856468329214163049e-02 9.928633945546529171e-02 7.442471709561258864e-02 1.938180614745045605e-02 2.361615280559868288e-02 6.786288422667179077e-02
3.080837393987403625e-02 5.818079742404004551e-02 3.133790249721783022e-02 7.178926766314072672e-02 9.828629106535276272e-02 3.773809809016943906e-02 3.944407934429881163e-02 5.000800844046141697e-02 7.841504602944507352e-02 2.350870638670558843e-02 4.068355794695741739e-02 2.025544585501834124e-02 6.734059977239915951e-02 2.490503090285094145e-02 1.278855605423035759e-02 8.670969106180781427e-02 5.084402064300971857e-02 7.944060689762244901e-03 3.967854076668074492e-03 7.946223447562046627e-02
7.135995861388480521e-02 8.885951999478695906e-02 1.022123075154248439e-01 2.995956511120459811e-02 5.293090817441991475e-02 6.675817581229478992e-02 6.512830692943899491e-02 1.059962399745996431e-02 6.117280655908571840e-02 1.043958843087319927e-01 9.467348138250389344e-02 6.961326267012986346e-02 2.060573572111409901e-02 5.580614877104658061e-02 1.058168381042324940e-01 4.710066904320001080e-02 6.098732674038220836e-02 1.022450931881113169e-02 1.754357790294146582e-02 4.291323063538198673e-02
3.772835106748648193e-02 1.048631632561620591e-01 3.660275688520391035e-03 6.778899236191766355e-03 7.142101012914246760e-02 1.063963297573909950e-01 1.066120748073157015e-01 2.138262639829432987e-02 9.479026842820216514e-02 2.638064628259243274e-02 7.456579229808507625e-02 4.288354037044777439e-02 3.860653528172482141e-02 1.017150957197940908e-01 3.975921522889427212e-02 6.744182472228442415e-02 1.030437012480216463e-01 3.953339833536919506e-02 5.218019622034812677e-02 7.436380954181255609e-02
5.536638307554703209e-02 4.073473841037193038e-02 8.251807896521345942e-02 6.121219908764762019e-02 5.852991046015538351e-02 1.759316434516674729e-02 8.256298028472679185e-02 3.358657770574643986e-02 1.042140695488133484e-02 4.171970396100362251e-03 8.144328332395101011e-02 3.116924370922443538e-02 2.877788214147556159e-02 5.731597022408072006e-02 6.747601969404494471e-02 7.864667149382280342e-02 5.344355996669412218e-02 5.496185360860716268e-02 1.027543074130901485e-01 2.493889435174687780e-02
