2.056740209325694790e-01 1.364964290525435275e-01 1.475773936123174757e-01 4.466072206619025459e-02 5.426575685675776722e-02 8.007677599034093707e-02 1.175637671374511473e-01 1.544912890988827670e-01 1.531438324890017910e-01 6.085818221030069725e-02 1.455659629498878838e-01 1.186360863169945157e-01 1.431158152042318332e-01 6.346168222425500882e-02 2.762381780597503861e-02 7.277638288036643310e-02 1.312667666412391798e-01 8.567570230959806188e-02 1.469291234525655354e-01 7.892808113944596582e-02
8.944769097399714319e-02 3.278653464355803238e-02 1.915798894730371890e-02 9.109117793807396113e-02 1.283086728481158678e-02 1.260693809144632950e-02 7.334995587033664444e-02 4.816529156860594233e-04 1.770087343153553538e-02 7.300188361590338737e-02 7.092315778013531802e-02 2.167458787617201552e-02 5.672747254814614060e-02 9.999891052265380553e-02 4.926635040088178825e-03 2.538589609347838977e-02 3.752658153832402754e-02 8.944225456168940214e-02 8.427586613059487308e-02 8.408006830665369635e-02
8.100176565218891733e-02 5.772798391988578914e-02 1.912462090334423812e-02 5.881241899798461681e-02 3.338588116435708963e-02 4.829638000598590608e-02 9.750613534002194882e-02 2.118285838528999408e-03 6.001316668990972630e-02 8.431662089013701455e-02 6.529449096868231162e-02 5.916883839035386172e-02 1.862182058311618801e-02 6.307477795903250473e-02 6.212348310127801393e-02 3.056425847795060310e-02 5.008674318094996636e-02 6.436408851311591073e-02 7.243778473453903188e-02 6.859614966252193524e-02
1.336487105512991318e-02 6.800220888554547871e-02 7.022963095111618703e-02 4.004913658918203556e-02 8.979545779553402274e-02 9.479575044931536076e-02 6.477629379572562296e-02 7.014511648712810910e-02 4.061304983331803960e-03 3.521973301560837183e-02 6.279508510812113753e-02 3.489722384479204687e-02 7.711709314256204317e-02 9.684332523558698835e-02 7.855387341960959335e-02 1.999052408762906977e-02 3.689611900241770298e-02 7.469442198136434091e-03 2.179393754578878850e-02 2.706421175566424767e-02
1.200630122765115187e-02 5.970672110213472161e-02 1.436386787694244986e-02 3.556810591282447837e-02 1.398897491295351264e-02 7.030899119535292952e-02 3.117125073117886849e-02 9.426048137218557069e-03 2.587246020706070182e-02 3.210777945076235401e-02 6.381764266187467394e-02 7.117298981112614442e-02 7.972145833715771346e-02 7.824071104480684324e-02 1.062384045684052793e-02 4.822676988569757350e-02 5.048041897556530128e-02 1.956408461255648712e-02 8.704128484231855867e-02 1.832395146987264708e-03
4.614397381650119784e-02 6.114084819877884519e-02 8.992648502368592867e-02 3.961250303610591716e-02 6.076155327140030787e-02 8.465266595676601558e-02 1.062188374786299369e-03 9.631137981465211217e-02 2.562457523267216639e-02 5.971339341510473533e-03 5.904353802351416936e-02 4.699534126833693204e-02 4.815545562392094248e-02 9.955707617413321608e-02 7.524590105715012189e-02 7.970433033592698446e-02 8.770315719138699340e-02 1.977620706494989319e-02 6.857086725842654294e-03 4.939570605207110887e-03
6.831861679455596137e-02 9.061955696892005918e-02 4.794324092413809746e-02 5.754081840832867695e-02 2.360745210036137298e-02 8.050363560600487522e-02 8.334638127071934688e-02 6.955512815295837592e-02 1.025210648821095515e-03 4.867273429438181975e-02 4.263338231118894012e-02 7.115394527925360257e-02 9.252510349082551655e-02 2.627889757781216862e-02 6.253566463421526833e-02 1.164746091687917165e-02 3.224900070340500774e-02 4.569086020852430874e-03 6.933737351308462415e-02 8.079498884393861158e-02
5.744160443634738211e-03 6.268491581025570705e-03 1.200137019075538970e-02 2.520644578337160116e-02 1.020522194129255301e-02 3.069862909217995275e-02 6.540810752019447782e-02 3.992283457217762899e-02 5.961034975517573442e-02 5.520030610950907302e-02 5.729816026346688101e-02 6.911339647809983111e-02 3.225639877223564211e-02 5.361753741115884986e-02 7.147743861082378816e-03 8.098151978900358650e-02 4.456715352781125822e-02 8.006434208352594672e-02 4.595097731398237184e-02 6.698232079332426536e-02
9.704533627281264688e-03 2.080807546475604841e-03 2.389034625279648147e-02 2.456007288064019495e-02 4.985201741679148868e-02 8.980349511193341794e-02 3.866864912031218321e-02 2.614964507042371114e-02 2.977032512285884489e-02 5.700915531628879956e-02 7.447323807416959818e-02 2.023985450763968880e-02 4.779249294474555848e-02 2.462608652103812773e-02 9.703234153370650372e-02 7.335997326141312225e-02 8.663145313819538285e-02 9.657272807917872959e-03 2.019629168400594033e-03 2.348824661437542982e-02
2.380713582227264244e-02 4.783228062558042993e-04 7.818554789770761071e-02 3.179103320940960403e-02 7.845841550503346307e-02 8.110475916413960318e-02 6.048450998326165146e-02 8.357015371140313897e-02 4.006977309234726475e-02 3.259112275135687270e-02 7.367852426591435522e-02 7.912617571428674779e-02 8.994325166969667495e-02 2.300242544318198412e-02 5.679318112041634170e-02 1.865329985262275184e-02 9.421801819488356822e-02 3.974867868114513592e-02 2.412980459647742423e-02 5.165198419541599389e-02
3.571410414671407491e-02 9.557389671868282699e-02 5.791029291993099459e-02 5.480475121438815184e-02 8.315274962605247178e-02 6.924623096536337841e-02 4.043835693809456899e-02 2.151515380700460764e-02 9.407988879102374691e-02 1.654808795555568965e-02 3.285236347038855958e-03 5.329113172383670438e-02 7.268292510603048540e-02 8.666682468879587098e-02 7.211652491437182955e-02 9.850518045939771899e-03 4.153493132522578790e-02 7.274630805111124976e-02 1.874256437987872545e-02 6.532603961358894595e-02
4.876936726374615089e-03 3.906618564710765545e-02 6.126875836640949258e-02 7.500250193909062391e-02 6.714136294267158966e-02 8.867444906954996542e-02 9.815722719515837524e-02 8.207822760306002219e-02 3.529563508279689316e-02 5.964843320163032425e-02 1.238991106841426208e-02 1.661186538534981105e-02 2.733973982505113684e-02 5.684178792646983613e-02 5.695501730892943426e-02 1.389974077473640247e-02 6.705010543728172345e-02 5.417102520346816358e-02 9.577067957110053931e-02 5.702990486811043008e-02
2.959513611182210818e-02 7.355215734494756352e-02 8.998161081619519830e-02 5.395984893783199038e-02 6.064823486181492203e-03 9.303450519531962504e-02 1.707484287149442156e-02 5.294621372199917464e-02 4.046791451984219773e-02 1.772515040696043265e-02 4.903029145807900196e-02 6.264578319712832410e-03 3.774718984210569117e-02 6.348876363710806436e-02 1.897179388735641473e-02 6.746365845494478597e-02 1.744191720590222358e-02 3.621783647675900358e-02 6.907959954720756246e-02 9.142122863588367232e-02
1.163726877949534770e-02 3.883812907354281668e-02 7.592665508559129361e-02 1.449911968946601161e-02 1.144104452608448765e-02 1.986903999805821400e-02 7.383713922361857807e-02 2.485334529428703462e-02 9.516242621815074187e-02 6.450790188000357639e-02 8.887080299613281387e-02 3.547380746034289184e-02 9.417551045174399338e-02 9.193381116461219610e-03 1.063214718721097220e-02 7.697604497079175989e-02 4.857769816948762087e-02 1.739170952007336110e-02 8.355783050335063855e-02 6.090545397213151246e-02
1.361587726704345351e-02 3.564575588113651217e-02 9.095968623866376723e-02 3.338007456380707311e-02 1.573081837844059194e-02 3.769239253876899287e-03 7.221025629159037729e-02 2.989564631821331128e-02 9.993780994849957300e-02 9.443835872270128773e-02 9.858972153503935132e-02 1.971988682896807024e-02 4.295187376571042714e-02 6.612280781658118334e-02 9.499576045741009445e-02 8.606651271143500592e-02 3.291516892143040579e-02 6.372349061997110986e-02 2.902510387770161973e-02 9.468571222107827201e-02
2.932679580812931619e-02 8.137937168472876570e-02 7.711692287859296668e-02 8.064963563946711544e-02 7.716947244191850463e-02 3.103668760303868179e-02 1.538153293439387115e-02 5.872207094621489931e-02 4.869306207427719774e-02 3.142253878648448157e-02 3.726249885326649285e-03 4.190146201343528803e-02 3.518193649446259980e-02 1.291967407455485569e-03 1.374587570788543631e-03 4.453248777418052085e-02 7.021529674327557646e-02 1.539018850016560247e-02 4.279393201378548645e-02 3.911841279497646484e-02
2.957851486343143765e-02 3.262854659799363836e-04 4.724411622739094208e-02 6.816629505095625485e-02 1.304325120443532507e-02 4.114310551098199209e-02 9.238983092940158959e-02 1.758733218367258822e-02 1.692750199575179457e-02 5.629959873622042421e-02 5.741760613470024005e-02 1.994537957454770721e-02 2.981797519531553808e-02 3.408349406596513503e-02 6.932126739132091209e-02 1.801448778726059269e-02 1.290074819964800480e-02 8.179082149343158692e-02 7.546539407941417477e-02 2.350634452037097047e-02
5.952298328059187071e-02 7.345632468154773137e-03 2.540113045565865063e-02 1.294974114681070147e-02 9.155327676957716876e-02 8.992803725051781716e-02 4.990287565443185525e-02 9.733171279862035119e-02 6.791897971306085080e-02 6.034973229188757282e-02 7.674719334201268728e-02 8.947415353881002509e-02 7.490930280543360575e-02 3.941989641751469930e-02 6.958746273100170632e-02 7.910921047671796991e-02 8.531276223882655607e-02 7.536088624268104386e-02 3.946727366758140919e-03 5.130284616119257235e-02
7.745300552577184805e-02 1.580733105159045845e-02 6.729825019351715065e-02 5.538555575771320072e-02 7.859134108781133665e-02 5.071930142719342088e-02 3.821996116164111390e-02 6.653402443458310278e-02 1.141481459400645049e-02 3.981974683993873276e-02 7.092464562627204261e-02 6.317376135357111351e-03 2.845194734064701234e-02 1.131472420109313993e-03 1.606644530366091450e-02 6.761299925217872930e-02 6.673073680367612448e-02 5.203044863847550161e-02 8.955062264579750908e-02 9.379337800664439007e-02
4.982179079390103640e-03 7.594317586677497289e-02 7.694922949935871503e-02 8.478838579910075515e-03 7.580400111973312205e-02 7.135411366360992769e-02 6.322256818398390432e-02 9.225314084996916186e-02 4.638010288021646860e-02 8.454326402314500666e-02 8.017791264461959777e-02 4.442540618054272722e-02 3.495344397708718270e-02 9.081071733981319061e-02 1.697759221907993096e-02 5.805190257532000242e-02 7.828826444757222558e-02 7.053666840586451936e-02 1.791046939291153148e-02 5.440200894946190142e-03
