2.727087116046430504e-01 6.361677632422585438e-02 6.634039758769630368e-02 1.474118988491475435e-02 9.571369959782718984e-02 1.033123107275729924e-01 1.500691426501501446e-01 9.364297552011269232e-02 9.358537850238345113e-02 1.393031719976970395e-01 1.100611788767561217e-01 8.527120581156366619e-02 5.570370625824384164e-02 2.573862010493181696e-02 1.178395189712629215e-01 1.188993652881034785e-01 1.761058301385898944e-02 8.327784662314724473e-02 9.307673719948461599e-02 8.919600893874865544e-02
1.905209181630690418e-02 4.579693140921128891e-02 8.339435137784594054e-02 8.024821154643720089e-02 6.213840851594290560e-02 9.407162816121923676e-02 2.797266402544998018e-02 5.402908624373151114e-02 1.400951094640264828e-02 2.122514920370012492e-02 2.558663962862166644e-02 9.826161144966043259e-02 9.614084723238652819e-02 9.244144707831493391e-02 7.181121569227473522e-02 1.466841561854215215e-02 1.372105886664668623e-02 7.231220734551521701e-02 4.109612635265910696e-02 6.356771368197075556e-02
7.566361338014612747e-02 6.095746389749245875e-02 6.209112016966938929e-02 5.833414583854908131e-02 7.890093152274189892e-02 8.515704709886706691e-02 7.704663109354063788e-02 4.444493414861010877e-02 5.383518890835028992e-02 4.352396840300152420e-02 3.218650200493607810e-02 7.625926277328515246e-02 5.983098873498986919e-02 4.699304448664869821e-02 1.057066539429452013e-03 7.591383406091201103e-02 9.868647290843565734e-02 2.408194025764329865e-02 4.274330891374167329e-02 4.193032897122435376e-02
2.763092344919891932e-02 3.355715584860472639e-02 4.383856379852640872e-02 3.389695924610386379e-02 9.982436256934654195e-02 8.666435607107941808e-02 4.609453890156414713e-02 3.370624566900715189e-03 9.853037524562087424e-02 7.302668045815018105e-02 7.238483084829810954e-02 5.873833127213773375e-02 4.016415045833759273e-02 9.494202153543825073e-02 1.293289994660300549e-02 4.918943958649869830e-02 9.259112547924809589e-02 4.685283901971988574e-02 8.905758819588460717e-02 4.458981376445228517e-02
9.859888111846432102e-02 2.623256204715385294e-03 7.745241738660814390e-02 7.788613081491188583e-02 7.089758449590566856e-03 4.805134340318098496e-02 8.578843538538527200e-03 4.494902963915228811e-02 2.689866818852588992e-02 7.054447961655538335e-02 7.290350464796434282e-02 2.579115710308539644e-02 8.911245256219191280e-02 6.478399825632905062e-02 4.768947116559773408e-02 3.853262318528516590e-03 9.163082598482098773e-02 3.872184788215626838e-02 8.057841665977261147e-02 9.251078171779647530e-02
4.223008682438036954e-02 7.773921688899010363e-03 3.245219016841739690e-02 4.059554623223463748e-02 8.736089694470240696e-02 6.263231831978348374e-02 3.687228976201915170e-02 3.946192695622546820e-02 9.004220348513558569e-02 4.822023729921323665e-02 1.990426682306628559e-02 1.598406153770293289e-03 2.939717801132913158e-03 3.371771806385717024e-02 1.688123585179413097e-03 5.621660899306916287e-02 1.511068018472752107e-02 3.268976963732530411e-02 3.988888883741581980e-03 6.183430347348594508e-02
3.658446322192417111e-02 3.573696710176334224e-02 8.700715735338201973e-02 5.263139429379416756e-02 1.114227414926051256e-02 3.657631000523638154e-02 2.683757736573038136e-02 7.152673076639613770e-02 1.608146186957109050e-02 6.492995388976224858e-02 6.527175779429207625e-02 5.061190332660249480e-02 3.499924684929767160e-03 2.225465250859866295e-02 9.239464589433726838e-02 7.179718227042752865e-02 6.041175622101166431e-02 9.407302888277262187e-02 2.689792199227372324e-02 8.923126951601333123e-02
2.901004184896588400e-02 5.048696895290836345e-02 4.733363718622531080e-02 8.515112531814440777e-02 8.700703897359758632e-02 5.001721513731258173e-02 1.532216192145959867e-02 7.548702567001136510e-02 1.976552793865722635e-02 9.754624606382655827e-03 6.338628480211648542e-02 9.497868428303591834e-03 8.476625400571359548e-02 9.907859266979440749e-02 1.058324886121586724e-03 6.535025794672684463e-02 1.068872604748638544e-04 2.491688033409978058e-03 4.435380125832899534e-02 1.257212445138300438e-02
9.026350102266397779e-02 9.195418023784225625e-02 7.955436448481770229e-02 5.086708068786452430e-02 9.778791918258734894e-02 6.495405961985470378e-02 9.399639842789402067e-02 2.842383669179016428e-03 4.006444365959188625e-02 3.966941353638220313e-02 5.584001015710635812e-02 2.470986546831968264e-02 2.031901409072900400e-02 1.245909453592014549e-02 8.923448398716984920e-02 8.557412047315726689e-02 2.582562575889219003e-02 5.179271770274310877e-02 6.784430145767589293e-02 9.223320712570479141e-02
1.434294157311378874e-02 8.139411923280115424e-02 4.356297845751629094e-02 5.875440857986514998e-02 4.756770675879209986e-02 5.296659273325802358e-02 8.107806043483210823e-02 3.988999321126115993e-02 8.424853593288071651e-02 8.822313890370946099e-02 4.818389234683084776e-03 6.999611900981499157e-02 5.955940797245876800e-02 2.298756525642840082e-02 2.166188433872738919e-02 2.457425120580023631e-02 7.553890826559638005e-02 1.955384720666466722e-02 4.970302427377270432e-02 6.282264115090645251e-02
8.004017112784210519e-02 9.595862079075365147e-02 5.020956355861577042e-02 9.532996540746910274e-02 4.383517519385249361e-02 9.360765853105110224e-02 9.548664591203898100e-02 8.037610187073879198e-02 9.879876277660683270e-02 9.297703661836227707e-02 2.170455576107027662e-02 8.340184410571502283e-02 7.452528926061523229e-02 2.742983965667508336e-02 5.167699868789891321e-02 4.308940114832822410e-02 7.856582003173727402e-02 5.679546550887661083e-02 9.124824318315000182e-02 8.904803816508957692e-02
8.469525473732701648e-02 5.581172460031569825e-03 8.873904557306910856e-02 5.441490947325488409e-02 9.608456688010426003e-03 7.953582058054425863e-02 4.274564774610246920e-02 6.234455122839358682e-02 5.498670029979546570e-02 5.174638715229964991e-02 4.952922885780029066e-02 9.881698646045126988e-02 9.301611426877787192e-02 4.421946254033816415e-02 3.727495777758932372e-02 5.819769567492481116e-02 3.518307136064437179e-02 4.008611805092266215e-04 7.062473993527453031e-02 8.229994444509307339e-02
2.055968860179663293e-02 6.240319542970995670e-02 5.671820779112493605e-02 7.085948151974189035e-02 2.537034827667709186e-02 8.382293616311542461e-02 7.839117882445441332e-02 8.814268569338179482e-02 9.600431597875352940e-02 3.668415246753584796e-02 3.900182523577941374e-02 3.059611656141537905e-02 2.900324985062041616e-02 3.701460174772510520e-02 7.997022835269808338e-02 4.169486742812213154e-02 1.880846356569017275e-02 9.709713578148355950e-02 2.073218666819719516e-02 5.873904398491480022e-02
3.217629322985156304e-02 2.624202637963821833e-02 8.274027535571792935e-02 7.716362033370241513e-02 1.483263985122335038e-02 6.997842053338232914e-03 2.946192793116884229e-02 8.645633812618797043e-02 1.211207807097474179e-02 2.735602105319342656e-02 8.793093378338415200e-02 5.720078634443991755e-02 1.375503877859472063e-02 6.557310292959697695e-02 8.018212257977094803e-02 2.780757480979211341e-02 9.804968022517300541e-02 7.745901852469218307e-02 1.869684019752336848e-02 4.632775620206287803e-02
9.914773392130295238e-03 2.251199085947223205e-02 9.229217243109563706e-02 1.384760542468470648e-02 5.399908129097638620e-02 2.656961141761336048e-02 4.917102545802271019e-02 8.987878251759373605e-02 4.658762355415723561e-02 3.051710438746300241e-02 5.417649053205167431e-02 2.774618289885044751e-03 4.416028518829328425e-02 4.163543376697610710e-02 8.472112990880691086e-02 2.437951761397227912e-02 5.763548741974954676e-02 7.277475410369675657e-02 1.132937092837149606e-02 1.569968514580722882e-02
9.981771829283332675e-02 2.966219384816768528e-02 2.438155635649134206e-02 1.764536786719382924e-02 2.840372919936351784e-03 2.959717929805466552e-02 8.004881794515051122e-03 6.408711479437489977e-02 5.358318619752555634e-03 1.388747978089158869e-02 5.171646079225237363e-02 2.115700484329366068e-02 5.177220364403004732e-02 8.188450584578588209e-02 6.579426229868422238e-02 4.164947286398654885e-02 8.524896635225998054e-02 9.746873102829585467e-02 9.648182424520668210e-02 2.112685340666597966e-02
2.654275010830930981e-03 3.727133356791793167e-02 6.252197399756884155e-02 2.051594585723070033e-02 8.463082941162577977e-02 4.216601423575682545e-02 3.182202815201930907e-02 4.191363865043994802e-02 9.760245663960606666e-02 8.229812238247499745e-02 9.303216640204646504e-02 1.916479034392256850e-02 5.928027542463050470e-02 8.555389296506182850e-02 4.856087807081777008e-02 7.726767995204011918e-02 7.817898229121711395e-02 4.720445814863803019e-02 1.655275553942158265e-02 6.441377541945018936e-02
9.455538536803054575e-03 4.634896111296527010e-03 2.612771970766699856e-02 9.186868879607056060e-02 3.666102931092066891e-02 8.867594488391819518e-02 2.778300292935628399e-02 6.411675221524033852e-02 7.749422179843734604e-02 2.917243580678403891e-02 2.774211155687329733e-02 8.429780495138711194e-02 3.599542706348637239e-02 3.464501073903075018e-02 6.472504249818071542e-02 8.235732750577970385e-02 6.583618406150847091e-02 3.859475766256264401e-02 8.035408349707667819e-02 4.893288573144589926e-02
3.754090567187791383e-02 9.348417479295106913e-02 2.770348664209568851e-02 9.099571744213301450e-02 3.955633148464091781e-02 3.764912316681989779e-02 8.195033415399571863e-02 2.680777853317571971e-02 4.648427279147299140e-02 9.538033119184324837e-02 4.468953712980982401e-02 8.714253369588031983e-03 6.741598515822355697e-02 2.888965904111467919e-02 1.317277288567588779e-02 1.519554944213308452e-03 4.608589407273969846e-02 6.022423961591696906e-02 9.857984358955336479e-02 8.424485890072053174e-03
5.555712460721955875e-02 3.537176365312544486e-03 3.297835745994422141e-02 5.345309631170747089e-03 6.365903545330947599e-02 9.329438739413925541e-02 6.764342775168190325e-02 7.355601193331201548e-02 8.388625890936581009e-02 4.745634801522716217e-02 6.861765896528344844e-02 6.840464724869677396e-03 3.004240589285437496e-02 5.790113619721249522e-03 5.316905652794754605e-02 9.007832603738856470e-02 9.308266832824577119e-02 9.073398229745453791e-02 4.999016371502729150e-02 7.031711763768631884e-02
