2.302871759813283348e-01 8.684153410131559281e-02 4.439355397155170940e-02 6.125084424950416606e-02 1.010961112771862069e-01 3.511108981953377228e-02 4.681441767679908605e-02 8.832131531661069346e-02 1.038685578716908031e-01 1.345535714274453398e-01 1.080431625829613718e-01 7.976751594895037378e-02 1.225823697271716528e-01 1.592375887994643413e-01 1.092205981345172050e-01 9.999451501690306832e-02 6.563280575588631427e-02 1.081402053806522490e-01 1.387462412610404316e-01 5.585214841083674386e-02
3.714602404724180046e-02 3.829072945834707808e-02 3.260596575641336314e-02 4.162717147258011841e-02 9.529607828002771563e-02 1.007580484145977895e-01 5.115275187485039676e-02 3.368185935712075113e-02 3.011065109045267443e-03 5.420081808060141920e-02 3.894979349370304017e-02 1.023397493194377061e-01 9.309751481126596340e-02 8.652079931737853558e-02 2.741794869270575835e-02 8.222969406936223025e-02 2.471777437641593800e-02 6.981731698515848683e-02 2.062137129168870736e-02 5.166520292675351456e-02
6.528141043818973255e-02 8.537144585067789337e-02 9.778692603463846889e-02 8.912833870481147447e-02 9.014885341648677664e-02 3.746414904246105071e-02 8.577375460842383281e-02 2.474088922647566316e-02 3.321209161491825435e-02 3.838386404135245289e-02 1.014766630001349285e-01 6.866600720534370150e-02 3.825154293032752024e-03 7.216284836320326079e-02 1.046041875526018405e-01 4.939327516268905011e-02 2.330674522020459785e-02 9.597133540765218074e-02 9.182397351612421599e-02 7.857813862751375500e-02
7.738375306686394450e-02 9.072361126283104427e-02 8.988489538035834836e-02 1.323930474826891853e-03 8.206792677690502580e-02 1.028771364012688455e-01 1.037002052482105946e-01 1.912874642095186220e-02 3.966826903398904675e-02 3.953551283489858958e-02 2.896659370369163156e-02 5.730106142924130952e-02 3.565920456931475496e-02 3.689338498508765163e-02 8.839606019445556129e-02 2.028628317660273288e-03 1.038321109227696992e-01 4.880943907999563819e-02 5.424456155818924846e-02 9.073898454572995598e-02
6.684572816114804639e-02 2.265509228965397609e-02 6.241484766307118376e-02 3.372151183603691593e-02 5.329697593623899249e-02 5.937414755371725472e-02 3.286186328347383279e-02 6.830101553345584164e-02 4.928692220336242102e-02 1.020011647604286559e-01 5.604403111137013643e-02 7.768169944247195480e-02 8.620045503073739401e-02 8.499924454231402859e-02 1.035997074565943310e-01 1.864469802326021441e-02 3.133791262623603774e-02 2.285713885983947646e-02 5.638191792256851131e-03 3.975549248282080755e-02
3.021254448546365282e-02 3.326401614272538748e-02 2.408244945515550760e-03 2.799735615978105399e-02 1.045210624437369062e-01 5.623555141955786235e-02 9.857104123805725260e-02 1.735012520933717356e-02 5.450105476539734289e-02 8.844158321706138692e-02 9.744215397708697046e-02 6.260209528633524367e-02 8.075798595595029550e-02 1.773544756984188689e-02 1.386566570966312785e-02 7.553693248928600168e-02 5.914643633525332178e-02 1.159190853618229274e-02 8.887878735368498484e-02 5.070138272770984694e-02
3.651083324863496626e-02 7.237507873376519685e-02 1.040161772111819621e-01 2.631428122203421927e-02 5.372815119142895779e-02 6.758202045491305821e-02 1.877283332975598559e-02 2.520248624407221694e-02 6.408601953700329701e-02 3.237511246776615670e-02 7.705982300469522419e-04 1.014600596622807077e-01 4.659533340135487908e-03 6.038581377521763660e-02 7.272800772561840987e-02 6.437928714167980015e-02 2.038579794256700339e-03 9.528089553614806778e-03 4.032668095800480412e-02 2.436558995287113616e-02
2.256031466712364944e-02 5.180099078875263774e-02 9.611824960795857520e-02 4.235790473551524077e-02 3.472648714949480575e-02 4.249651105450565763e-02 4.400206690185263364e-02 2.557174543544858333e-02 8.130497273089902499e-02 1.340940664489510825e-02 8.831983855257935501e-03 1.027106030733252601e-01 7.152298409166658877e-02 1.858585743156399364e-02 6.018106386335505403e-02 5.442850778749096230e-02 7.653008875344043116e-02 9.328880759697676106e-02 5.655311589049805826e-02 3.598517307321804498e-02
6.705644501887358944e-02 6.595993319452999291e-03 7.109532908818060049e-02 7.729024188414251872e-02 1.302274588656323479e-02 7.953180404018446448e-02 1.710467501671120508e-02 2.497015569885008279e-02 5.533665242082862895e-02 5.714820972365994983e-02 1.055177746707555292e-01 9.765905504537675252e-02 3.220189432148734543e-02 3.124535516241105926e-02 4.263832016184808393e-02 1.052099963216037853e-01 6.087434271458175283e-02 4.380249910715904721e-03 8.054728195276601721e-02 5.046551323875875933e-02
2.647494681978191603e-03 6.622025891899736838e-02 6.692837939607870767e-02 3.333684236351271146e-02 8.997236957444976202e-02 2.508536819323960512e-02 7.225484431434824051e-02 5.145891405532009716e-02 1.902161558312582754e-02 4.960434976298340459e-03 7.699474725308631806e-02 1.565522375995434187e-02 6.539014766691961245e-02 8.675540563337066913e-02 9.036160590997682762e-02 5.051544253653027922e-02 2.839678609072303350e-02 4.218271820621519175e-02 4.652578691533422461e-02 7.490230624831145656e-02
5.992722731075319359e-02 5.639366355265326008e-02 1.437245149671588854e-02 7.006336932625564784e-02 2.385168208583750282e-02 9.006331526105472440e-02 9.243723090924475805e-02 3.655350808527103867e-02 3.215819429127080020e-02 1.029026041320693086e-01 7.068106622169403018e-03 6.156722334534027452e-02 5.221033626874797134e-02 4.370267899887655440e-03 5.922451688159699468e-02 3.778107524894715186e-02 3.539692146334579709e-02 1.704213947389740177e-02 5.566261395337095824e-02 4.816930855039135151e-02
1.030352424262601513e-01 3.697260571245180455e-02 7.506592565017468355e-02 4.319727702559550409e-02 7.133448943533654552e-02 1.577782613438072357e-02 8.244027580818832912e-02 3.212675668136506790e-02 8.546110913221098560e-02 5.551360171438878693e-02 2.312535266992084629e-02 6.379744957663428806e-02 1.061296861558230914e-01 6.053506462289821172e-02 5.426207630430517764e-02 9.072279686883259753e-02 9.593806651639880112e-02 9.085810675620214008e-03 2.554454944213448500e-02 3.735696863714779714e-02
6.021725716282793489e-02 6.809061661105891838e-02 9.718545560489864898e-02 6.818508167959975996e-02 7.047885096563483165e-02 8.294515671473388918e-02 6.151371349907199665e-02 9.003924209885201535e-02 7.669419921039434540e-02 8.563860115587032529e-02 4.223847382674985641e-03 2.824463842587210394e-02 7.947077622426111654e-02 1.203419719203000816e-02 4.794859642956016132e-02 5.016250122747423212e-02 2.982483283489401060e-02 9.666065415917141079e-02 5.741872083569219548e-02 4.148121429422976097e-02
5.604254793657116596e-02 8.520699213075601242e-02 7.690624595207229408e-02 2.124614433589850845e-02 7.389126752777711027e-02 1.527955996962033526e-02 9.745304536284261909e-02 2.957206520703293748e-02 3.707486218860909285e-03 2.681719023036380906e-02 7.531220453862987919e-03 2.734108682332038118e-02 1.031258093200133896e-01 4.117433360957521715e-02 6.566811364828077646e-02 4.893790799999994667e-02 2.310609892222608916e-02 1.811288824887109013e-03 4.623865573394369405e-02 5.763368852410796772e-02
9.050042756096841889e-02 1.902485428880023796e-02 3.817990027857556812e-02 9.261325834485628627e-02 1.031188276636512031e-02 5.078893617010668549e-02 2.294550018862376653e-02 5.300993975606021341e-02 9.398036345332695662e-02 7.409970584273077587e-02 5.161772485817501394e-02 8.873946826022495460e-02 3.080636256554835500e-02 9.342069826849590253e-02 5.998783703864759426e-02 4.024862978333787478e-02 1.031287904909159309e-01 4.564740456194379958e-02 8.335085882587772721e-02 6.121573037279828128e-02
8.897402724423607301e-02 3.475081744976335485e-02 9.740182277130282618e-02 4.431893921417484616e-02 3.074088723680585937e-03 9.035745116480031758e-02 8.280003162403450079e-02 3.312063995777084907e-02 1.012197794844171134e-01 3.585220419625697458e-02 5.353029123586931087e-02 5.346689425715672739e-02 3.197639261110642173e-02 2.458634882432156332e-02 1.009133731156046376e-01 2.666531241751667058e-03 8.185661750373474099e-02 7.863012191095271330e-02 8.065641532171738404e-02 4.998407432916890381e-02
6.669790259967682544e-02 4.774459740697548776e-02 9.957097248889075491e-02 7.275865138640844054e-02 1.053277866510773930e-01 5.757984082134519344e-02 5.113488250544854369e-02 5.186432616406422280e-02 9.812189496385240184e-02 1.733605089743905578e-02 8.598489920081420212e-02 8.052833095295205967e-02 3.126809688587254416e-02 9.750833833674954140e-03 9.717048832240066103e-02 1.055162334518999351e-01 8.939822013646428478e-02 1.511084202876193834e-02 1.868500453403382569e-02 2.309389351641863430e-02
6.812594541360388056e-02 6.807958124632446095e-02 3.020635840513821377e-02 2.853457874448801779e-02 4.764533590419327974e-02 4.700310928666998067e-02 2.213531998941916865e-02 6.543831066680168285e-02 9.119970270387550704e-02 8.141926445184369254e-02 4.828902015496590316e-02 4.631908550224320131e-02 6.484528676667541958e-02 9.577085632052191599e-02 4.232236184260939477e-02 7.512343105357636996e-02 6.899957254461264178e-02 3.638202571482781339e-02 7.389315189140618911e-02 7.273788982345605336e-02
6.824440195726971803e-02 4.375669541401263490e-02 1.779243314975123211e-02 9.415682065758754216e-03 8.111013475409718787e-02 7.178988480722804655e-02 7.695951819534711802e-02 9.594187609626329827e-02 5.125119845144833486e-02 2.568511994384850214e-02 1.500407807490785825e-02 8.587680878089530220e-03 5.884563022769259688e-02 7.921931429619920306e-02 3.239723816608244128e-02 1.058454373854747638e-01 1.039384140474954032e-01 5.574033909152557170e-02 1.020755831516729217e-01 6.119774731199397605e-02
6.369225536124774323e-02 7.105235196637436912e-02 3.860890231006430806e-02 3.575355833164732544e-02 1.023850501466391644e-01 4.729489247516419775e-02 2.085796723726524721e-02 1.961341972721174567e-02 9.519520373282390480e-02 9.225713651521459668e-02 7.485068396584997064e-02 3.872841043160128033e-02 2.183653453889932219e-02 8.352239391693992709e-02 1.650008427670240224e-02 5.469585296593599405e-02 6.993536490768600955e-02 1.072275702788787590e-03 2.333582838827005096e-03 1.395974785123606753e-02
