2.137781780742623594e-01 1.018167184965195482e-01 5.056132055620843335e-02 1.277074341212545705e-01 1.553701985369040917e-01 1.511618953066840298e-01 2.243815830602213096e-02 9.242443741845647598e-02 1.481872878226927759e-01 6.015118480800885764e-02 4.947958229738606828e-02 2.382818052638614043e-02 6.731326308755894439e-02 7.854040882433421800e-02 1.141839849212714364e-01 6.566570724198959874e-02 1.326693149417778050e-01 1.606310296880781308e-01 1.175561807346006543e-01 3.547887903068368265e-02
4.450587235461503366e-02 3.711470852479169941e-02 6.463796586084002982e-02 1.464484035829620792e-02 8.423999892716513282e-02 8.016864276670218614e-02 8.024328728286736490e-02 2.448144918316007626e-02 5.843219629051361885e-02 7.480847227544752676e-02 1.441136159686082913e-02 9.993804389427962676e-02 2.624510838693810966e-02 8.727801870848594934e-02 8.183805535694131661e-02 2.335915996249993132e-02 9.742591089125263171e-02 1.787999002385911793e-02 8.861036186516893509e-02 3.355964572051367556e-02
3.513632287008249672e-02 2.022620708628691810e-02 7.310941103892301673e-02 4.261288091067155781e-02 4.203339479733935596e-02 8.644555636822581768e-02 2.081496591152818404e-02 6.088514539867127123e-02 6.324049031042593139e-02 7.838877505754632269e-02 5.571778934037549535e-02 6.545778692316794878e-02 2.806184069229722411e-02 9.875446544740500154e-02 4.179276040188854152e-02 8.339391250152849641e-03 5.591823284254514997e-02 8.900310693576617138e-02 5.578497476295514457e-02 4.247828867389372848e-02
9.339482110287949945e-02 6.458792311343007631e-02 8.289213753431308451e-02 3.941247324817357539e-02 1.420721312391544193e-02 8.756245721565071582e-02 7.029618643483501184e-02 1.423307553270166705e-02 8.103809813327909894e-02 2.902718625055164189e-02 2.470370915074515672e-02 2.869062199048087042e-02 5.291992330721484623e-03 1.236282790756588860e-02 8.277379766251344306e-02 6.473917138050799998e-03 7.937610103487557911e-02 9.137959838852235950e-02 6.839215501179252144e-02 1.290888981584949018e-02
6.948622998725218630e-03 1.266615820520284978e-02 1.279251634839772070e-02 7.818074967456077606e-02 7.124659856823556750e-03 4.241343145194682862e-02 1.012349287423507452e-02 4.078121230823025800e-02 9.972134771535137721e-02 2.369123055380438839e-02 5.656605364571896249e-02 5.374909138524062296e-02 5.559481244110957981e-02 7.995351458198256267e-02 9.987138589661943844e-02 3.927227241610530689e-02 7.313898356712586479e-02 4.110781584299506852e-02 6.513787640827005399e-02 5.983357414754097992e-02
2.493813148359668233e-02 1.796524540726322089e-02 9.443202012633296338e-02 6.969858860187343186e-02 5.793750248067576492e-02 7.218653363626582192e-03 4.805708611583192624e-02 7.480460230030466784e-02 8.052959807889159549e-02 9.534281609376527022e-03 9.072420998343928844e-02 6.988017212993295757e-02 1.401973293871671203e-02 3.831148337223375805e-02 3.281390033788091076e-02 5.065900222479072929e-02 9.074690696843892845e-02 6.325849353700137290e-02 1.251800475462818731e-02 3.613896312786849668e-02
5.046279721453544864e-02 6.856680897951972740e-03 3.151014569283879657e-02 4.966704506370057948e-02 5.081017502755357657e-02 6.466838158264066883e-02 9.497514751479148309e-02 9.015911639027707203e-02 4.271880813214628397e-02 4.252609738244897408e-02 6.267065380088447657e-02 5.697544489715927057e-02 4.331247217207116057e-02 8.873291616575885998e-02 7.864479114183298147e-02 5.916042337852745608e-03 8.890902898028696377e-02 6.354613932615095495e-02 4.589950005208321381e-03 7.146276616968566531e-02
7.684586903952965453e-02 4.175502499146201141e-02 3.899750506102492298e-02 6.145521564487952532e-02 7.974418759389745315e-02 1.309300538123433534e-02 9.548926352237568915e-02 1.690329758688928832e-02 2.093424319384307175e-04 8.751568550481388098e-02 3.116813111220214857e-02 9.936329904616986175e-02 3.932067959913354560e-03 1.657125846446343490e-02 3.981357205386596571e-02 7.097804319764046410e-02 2.460397796147552330e-02 4.580833151419688026e-02 9.560677348536487929e-02 7.796819637281483806e-02
4.025845120634198582e-02 3.734247834172440411e-02 6.756169806585175797e-02 8.723883677009051929e-02 3.328426289621432693e-02 5.526795975986834031e-02 7.583470563052858993e-02 7.100862903857097126e-03 4.660514396121313851e-02 8.694951692269529964e-02 4.810218744779315436e-02 6.756482046785378115e-02 6.829705608821175222e-02 2.797766135546245897e-02 3.859719753264606590e-02 5.278687690892330114e-02 2.552596001783017515e-02 3.818705366764000436e-02 4.522706907554038813e-02 6.335837361344605345e-02
9.381667461440904021e-02 9.002869235753747923e-02 6.559101791343784071e-02 6.220541954779078980e-02 5.495208569946289506e-02 7.948290274560079749e-02 2.641665599299055853e-02 9.937346416298274698e-02 5.559199768040427175e-02 1.958919650930296408e-02 2.712356435436502795e-03 9.004935907319678093e-03 9.457786889049582535e-02 1.723733207207739371e-02 6.247295811884361755e-02 3.874061004921654228e-02 3.798679892309364536e-02 7.113711897292866737e-02 8.155307150750593093e-02 4.462479327503385967e-02
6.626878044258266431e-02 7.758209148946881850e-02 2.576389995072084910e-02 4.797761547656374109e-02 4.601297844714895974e-02 1.908389852783689764e-02 6.471311075347364883e-02 1.786756663524658936e-02 2.175211155741607616e-02 8.755076621929537561e-02 1.289960511791996695e-02 2.573184671950310559e-02 4.599201529382090925e-02 5.722829511395077784e-02 5.250155079490455290e-02 9.183241289893231962e-02 7.485796206160501287e-02 7.370018849799116201e-02 7.656119407773321478e-03 6.460477698041509897e-02
8.596765220073060432e-02 4.234986397866933455e-02 9.798723609362214315e-02 9.768724608224660377e-02 3.255607634155956859e-02 6.883980319114957336e-02 9.746476758940603516e-03 9.198395274366653884e-02 1.987359756762649074e-02 9.557987905674886209e-02 3.498475265610338086e-02 8.749486382758725478e-02 2.263853894192557805e-03 9.977800788303814450e-02 6.876188313638373351e-02 7.977111110603557487e-02 4.771887728056509181e-02 2.501163445076811861e-02 8.847239415089756809e-02 4.388558284473277615e-02
2.150954921451369087e-02 5.860134011063683479e-02 1.719963125594543493e-02 4.865353594263015918e-02 9.549661731395920478e-03 6.692445846061827186e-02 6.284076184458341208e-02 2.228427796639953495e-02 3.429941058748688099e-02 9.010676687566694654e-02 5.331484073256254064e-02 2.010565215744209138e-03 3.167186241065396424e-02 9.710000045225468390e-02 7.907083628690851629e-02 1.896764055755564490e-02 5.073155050538448452e-02 7.999935580830702664e-02 1.816227872584208480e-02 6.821381707405028277e-03
1.920546225735450183e-02 8.359342855774107295e-02 7.069156538555586289e-02 4.980400503594192840e-02 8.697347392324181192e-02 9.007466814602496652e-02 8.362672302894703924e-02 9.129978533724904255e-02 2.052991219004381140e-02 1.274898076845675313e-02 8.602104758679353369e-02 7.781421717733495724e-02 5.394180549239069311e-03 1.081813576260914900e-03 4.837608002155413534e-02 5.080930395848374387e-02 7.507318891586850507e-02 3.473403428226178730e-02 1.312945370119524870e-02 7.134523674247013336e-02
3.518095162409188431e-02 3.743501013996342053e-04 5.230542632243795863e-03 7.923706550711914764e-02 1.503290194245609016e-02 7.847283573744542884e-02 4.506288071870290755e-03 3.140103975447368356e-02 1.044262750961243505e-02 4.128851771359698559e-03 2.966781948856886050e-02 7.483095225269065232e-02 5.495935201226703065e-02 4.929492953471590472e-02 3.083055184763832182e-02 3.368165902854765997e-02 7.998504132944403433e-02 2.705362539049581752e-02 2.646962667197793120e-02 5.261744694150793239e-02
5.503760381929956313e-03 6.156921885927158118e-03 5.895062365108830194e-02 3.711847598522267921e-02 4.349840668921168239e-03 4.324312906980687377e-02 3.094388181238427737e-02 3.583861435633878267e-02 1.907288457027789350e-03 1.093474252366322163e-03 5.137688713122600531e-02 4.896152177975574005e-02 9.187595719456403964e-02 8.599775299282765018e-02 1.728712654456008441e-02 3.360534358342136957e-02 2.142791702938000656e-02 8.919183087739110394e-02 7.008804440365075383e-02 9.180911893524815182e-02
7.022589413847006579e-02 9.992125073602532714e-02 3.398060913729660654e-02 7.384684837132443613e-02 1.101025334366093761e-02 3.760764848844700033e-03 9.047412813837193979e-02 9.025914421464624471e-02 4.696654235494909790e-02 3.963842425320585582e-03 5.696976672047398410e-02 1.633282894593085510e-02 5.930516343911051286e-02 1.160945617785358319e-02 3.818167390769614672e-02 5.575795438601371945e-03 9.279474701927020730e-02 2.239306438585739883e-02 6.756332152548477632e-02 1.983096715055585740e-02
9.053160418738860626e-02 2.255348659881500906e-02 3.575976405325729385e-02 1.119691773256614731e-02 1.765066730367657183e-02 5.956230766826131964e-03 2.283273129998887596e-02 6.496890941378775236e-03 3.204801555258061235e-02 6.583116467573350838e-02 9.522837655995165448e-03 8.885165700136438138e-02 2.255490686738637063e-02 5.464811783302402776e-02 6.439074983764611626e-02 5.629742810985099294e-02 3.675386901500256320e-02 7.331382923435079968e-02 3.583888084216968473e-02 1.120808626446201384e-02
9.735406915131877836e-02 3.716620520888502810e-03 9.338956107549234442e-02 7.885964218788682478e-02 8.512855939644291270e-02 1.027849129423296162e-02 1.483521660859252883e-02 9.169602139611732206e-02 8.064580422375744462e-02 5.641650171951330395e-02 3.239683217872701276e-02 9.980182612692711785e-02 3.879516662350052103e-02 8.461985521307549551e-02 9.417876545012884848e-02 8.821371726235714694e-02 2.111533170009445570e-02 7.214891031380943343e-02 8.852921580444556016e-02 5.391518230173020926e-03
8.662363472127318498e-02 5.031579653729272711e-02 5.250331414025354720e-02 1.945433532976868080e-02 2.683669645584690899e-02 3.769102922656819739e-03 8.611468831072924268e-02 4.164739525259669034e-02 7.477583193158403307e-02 4.815628531645277897e-03 1.910216412484544522e-03 3.596688283905536028e-03 8.982878477561899444e-02 3.512985445846589228e-02 5.120243900111595692e-02 5.857952640935934485e-02 4.680749380719330388e-02 4.652283321608616240e-02 5.510587149196721768e-02 2.460589871761366398e-02
