3.207920317179835390e-01 1.608559999980741506e-01 9.907576801165124403e-02 3.833981276970414853e-02 1.063621777553412084e-01 1.279496944059630992e-01 5.066927962830145016e-02 1.282510489500515438e-01 8.481511741925465420e-02 4.518096274505257331e-02 5.430353514999988057e-02 9.372392014337618815e-02 1.569340495618503639e-01 9.207136756973727243e-02 3.307709957162848630e-02 1.042833224608537418e-01 2.856255863431009928e-02 6.447043147104079830e-02 1.259352739538818489e-01 1.194373912974287383e-01
3.911273312071319314e-02 4.933757951792661078e-02 5.438068470061882542e-02 9.994333983124837825e-03 1.620253109970902841e-02 1.504170024731456973e-02 1.631654826955116280e-02 8.100260433432376894e-02 9.739824165517954602e-02 2.456228422842624340e-02 3.843024133687412709e-03 4.526065705489643737e-02 9.548126770492558479e-02 7.910729674924069088e-02 5.001480242037554397e-02 5.188982138168819758e-02 6.107343034964343720e-02 3.209571377480594651e-02 3.897091381920331221e-02 7.896135723823209662e-02
4.876657212996020341e-02 2.874590749478067933e-02 4.045311579390885315e-03 2.847051709616134699e-02 4.454281111027068307e-02 5.743885407083685474e-02 2.501822960286544453e-02 6.109451516330463572e-02 5.940811085122214841e-02 6.878726319552035118e-02 5.254685101481811060e-02 4.671741997676978619e-02 2.393207680994834108e-02 4.447457202958036288e-02 6.564525688484098599e-03 2.638171173257357338e-02 5.801974520666740992e-02 3.816859793788054955e-02 7.041296164298708159e-03 2.802809282690506276e-02
5.071172805179369192e-02 7.598293944210823825e-02 6.643981520847683231e-02 7.085631487894256120e-02 5.976497532847994260e-02 4.461984633718654725e-02 4.466162143628980841e-02 4.313431190747640115e-02 4.648064940245053012e-02 8.400673480583353836e-02 2.866982144283416502e-03 2.211622627453539713e-02 2.297276428735793227e-02 7.869076380555714567e-02 1.064033774032089284e-02 2.028402486245005007e-02 6.968481703348122780e-02 4.880904141783960065e-02 8.000851561992539107e-02 4.058699395922361897e-02
9.742054437406474920e-02 8.124592150628665022e-02 4.701490789289597405e-02 6.035962619509258748e-02 9.960379637423465160e-02 2.974303468387853866e-02 6.924603905004647489e-04 2.620374790577879517e-02 1.038457453591836999e-01 7.352779418348151519e-02 2.425700731284286676e-02 4.943219781471652058e-02 5.699014908557704234e-02 2.383872107264025861e-02 7.578502308993480263e-02 1.950420200668002285e-02 6.225820039198191186e-02 9.178294317116567069e-02 3.849416632966443097e-02 9.107813605897374654e-02
6.927590809200061261e-02 7.381467613805417494e-02 9.083714837972073136e-04 3.884076044254498178e-02 6.394849862673999963e-02 7.798549834027281025e-02 8.396113058989213007e-02 2.471002208276770057e-02 6.620875300825236620e-02 2.414328525704087861e-02 1.016872035939548891e-01 5.113990526421191563e-02 1.564466754231600906e-02 4.957165833672282779e-02 2.594038946693395103e-02 9.180151941515107827e-02 2.026894145995236651e-02 5.383803060617432107e-02 7.273513101683827531e-02 6.993047323628555356e-02
7.201108713755413615e-02 6.011544495467455868e-02 8.678421389738376346e-02 3.250564761915723105e-02 9.042180764545827698e-02 8.824795984811638350e-02 1.310878204361618296e-02 6.397603374171718926e-02 5.175663258191037785e-02 4.844693870589100032e-02 5.571529833023623063e-02 3.752587798827598103e-02 5.309409486620165347e-02 8.772928509164706901e-02 4.215629877032496531e-02 1.859576054880587859e-02 2.858550437666841290e-02 4.300139950443119391e-02 6.897133082672719795e-02 5.167903376845973951e-02
7.335503000464418943e-02 9.715441188426207630e-02 7.940697448038916417e-02 8.653672990590266512e-02 2.859637092852635940e-02 9.594155470517017059e-02 9.349318872597821295e-02 4.709189472815019685e-03 6.604093294695402572e-02 2.453670414818704543e-02 3.768387113489919671e-02 8.775080199318752161e-02 8.297968712051267959e-03 7.533534827861013139e-02 1.018395630407873537e-01 3.125431089254852163e-02 6.160892990331964109e-02 9.919218134189874969e-02 9.947410986673024813e-02 9.998807580831495234e-02
6.264505086194430139e-02 2.429716791205783002e-02 9.123120823394987797e-03 6.664003124903397635e-02 6.514207256194969042e-02 8.813156960762134895e-02 9.670680775833698228e-02 8.066376342467998506e-02 9.190516424795470984e-02 6.109645204741698948e-02 7.946801477560065663e-02 9.374330885253452650e-02 7.118236806022570917e-02 2.059473361362053334e-02 1.304353804101166837e-02 8.040389653708458761e-02 9.287775380603993658e-02 1.131493300143963064e-02 6.930643027252018917e-02 3.219925689022220400e-02
2.145313545196817287e-02 4.728677885718507445e-02 7.332721736352537656e-02 9.447778508441934120e-02 9.333537384206549645e-03 6.264604291170007555e-02 2.809935961411413104e-03 2.422092517867290018e-02 4.356990299102266734e-02 6.394590935708746593e-02 3.872702306094530367e-02 9.228496070285115149e-02 5.156254842633905405e-02 2.429786087404692610e-02 9.993051003582649472e-02 4.084931529991814997e-02 4.199101827619621669e-02 7.874812041607748628e-03 9.041872464136530008e-02 6.605306027580777617e-02
2.701704448167282016e-02 2.308880051816426110e-02 1.121673909293644140e-02 7.704863372591378920e-03 3.443032545530447242e-02 5.455416314237995085e-02 5.600853674403611510e-02 9.452684290710479387e-03 7.515724369583612341e-02 6.897334530467052853e-03 9.137275412615158965e-02 9.009018078406473562e-02 6.979730995649895131e-02 3.894348545530564726e-02 5.287707850271844423e-02 2.850105725658527017e-02 3.610793275120725843e-02 4.302114672322859129e-02 8.391061798173780895e-02 2.205534638597884088e-03
2.559748089400308221e-02 2.181719289942610218e-02 7.508008585827488646e-02 9.580028662342157664e-02 6.868843320721711165e-02 2.973669506795467016e-02 3.153248590205841306e-02 5.451930403581364826e-02 1.039155756969492722e-01 3.863347782244105216e-02 4.968241498838438935e-02 1.030365254642320455e-01 3.372084260995245617e-04 5.799358762195955252e-02 3.074966893398855053e-02 6.531207457721222021e-02 6.506534143459799524e-02 7.609282090312233238e-02 6.785012806743885572e-02 2.684943707643098337e-02
7.003137022809532986e-02 1.194269419920937665e-02 5.771739070993547535e-03 7.596100814653967970e-02 4.235450897995911984e-02 4.990664796822993216e-02 3.184746356409635243e-02 3.867931175751321716e-03 6.390456004414543645e-02 6.989609854395407995e-02 2.885724182300245660e-02 1.536857994108578943e-02 8.217541173754296102e-02 8.900017772251415937e-02 1.041168766261667961e-01 4.532389880061031551e-02 4.049037617921850962e-02 6.164487144575662297e-02 2.371405978950726773e-02 8.952292758741220435e-02
2.266725336698474993e-02 7.049083118585898478e-02 8.014403338443421010e-02 2.670273359236349786e-02 2.229926100087939456e-02 4.013511208917104611e-02 8.925048116455136515e-02 8.332073197384540220e-02 6.412985338219114040e-02 7.574042317264308155e-02 1.744955153079943977e-03 3.010172689712983535e-03 6.676934365971835816e-02 9.084109636370597818e-02 7.447418750214315764e-02 4.206860900556842753e-02 6.986587715958726685e-02 9.941381870222179562e-02 9.412025178944573300e-02 1.254267049946164794e-02
3.812736740982226868e-02 5.823370256146898766e-02 7.242994515754079196e-03 5.826339450508544876e-02 8.997491301267321329e-02 2.720365608754389888e-02 9.737561148644911790e-02 6.282912672992756187e-02 8.196847613482451111e-02 4.675415999748813028e-02 4.085322978357831120e-02 4.879854477738708451e-02 4.486274801892610638e-03 7.993552729909127186e-02 7.505194021004868432e-02 1.232794624490442421e-02 2.222598398820732971e-02 1.411646669090599153e-02 5.558718648118349953e-02 4.397596564935304930e-02
5.805515074363323119e-02 3.774865590112614494e-02 8.485267826424180287e-03 1.085741549236599393e-02 4.461294469021476194e-02 1.407143944434103081e-02 1.188073285675864468e-02 4.479842362132432226e-02 5.618360502661086386e-02 2.492151291045707068e-02 7.407994152223972006e-02 1.174104855727253066e-02 4.726680676157554023e-02 8.273569322948837179e-02 1.003930701786780455e-01 9.720591700859919360e-02 5.450256642476302565e-02 3.058102354447367680e-02 9.770879772120365236e-02 1.624022748950264619e-02
9.260256828362850579e-02 8.594128510481358063e-03 5.721315397638673805e-02 3.963352566287256518e-02 1.997001305270368690e-02 1.035198113465526787e-01 5.771920976927343711e-02 5.242982800955359873e-02 1.009647476908628327e-01 7.903522066505261345e-02 5.260912020785463161e-03 7.326449118410111039e-02 8.969630295017809798e-03 3.073396500804824807e-02 2.633075608361840070e-02 4.230828919357661894e-03 7.293535922917586400e-02 3.793934871059112535e-02 1.024148649619833484e-01 6.169656887793405903e-02
5.030655079604008650e-02 2.238407155843842242e-02 9.275671778817709545e-02 8.380442219145689542e-02 6.285258045566343398e-03 8.308968477054844148e-02 7.322384835502802891e-02 3.580404510359924686e-02 2.572843641238371781e-02 7.742388516523920905e-02 8.122345703513762782e-02 9.951086037145547014e-02 4.123636238786821534e-02 8.121213946873123701e-02 6.918583347920463644e-02 4.812421635017711391e-02 5.212584521560394146e-02 2.282500841688325441e-02 7.048935111975045131e-02 3.221433711268192196e-02
4.212800135761676779e-02 2.736996253162611928e-02 1.290111549383334173e-02 2.508211660285104686e-04 7.330339324961196446e-02 7.679166522261662853e-02 6.768413442746604169e-02 1.019791751277239061e-01 8.824268419359634907e-02 4.186971567283059859e-02 5.945861512590226716e-02 9.969159352409844022e-02 3.475545606857724512e-02 6.788126869557094267e-02 4.347664490517327146e-02 6.507278904673627351e-02 3.383510432584462685e-02 6.837724719518781247e-02 8.461575334378508562e-02 7.871492457805492893e-02
5.412383313978136323e-02 4.612172354645053228e-03 4.072350824501933669e-02 8.867561644100910301e-02 7.292545684007170625e-02 9.542747139816700613e-03 2.748449278715223154e-02 1.027610264598954604e-01 9.231333009105539833e-02 8.892509093211357907e-02 8.002004965370092260e-02 2.341457566444555063e-02 2.006703324357967874e-02 2.606868737406135145e-02 9.752868180913935869e-02 8.335063912101878247e-02 3.819519110672409123e-02 8.356857034152317953e-02 6.795590690016878321e-02 7.573263596240600859e-02
