3.295378204120852916e-01 1.819908905568991958e-02 1.548890673126994133e-01 1.038491256408239222e-01 1.144189370029853187e-01 1.125397461267937799e-01 4.971926029498582866e-02 1.124007754003674697e-01 7.984717652157528878e-02 4.630935282137309955e-02 7.102046532336907247e-02 1.232168111640052632e-01 8.571107554077572743e-02 1.330164247230596342e-01 9.124682475697482031e-02 1.252755244376829724e-01 6.821175442171696635e-02 1.144477431522409050e-01 6.392852354717915020e-02 3.315994792200513408e-02
7.539802583275534431e-02 4.428202476695650841e-02 7.353806616034012922e-02 8.689112337338648906e-02 8.082497818696618430e-02 9.465415250090553068e-02 5.934769990973982889e-02 2.273219815820605449e-02 9.876472060463244163e-02 2.077263182541556896e-02 7.353903651281855358e-02 8.421701287088956961e-03 8.179492986623364270e-02 7.531507056904113151e-02 5.950107040415424792e-02 5.856038830155910896e-02 1.153024315396025158e-02 4.757203856457429408e-02 2.348252949451118399e-02 7.643672229715231525e-02
8.648885627927560549e-02 8.625774545142338157e-02 5.032352438738170453e-02 3.680987781268826170e-02 5.801653964805583708e-02 4.842460943957047764e-02 4.786534588701037152e-02 6.144190197707594114e-02 2.646808831911121734e-02 4.872745154605095941e-02 4.400953761129401676e-02 3.213536890944619639e-02 1.813014998430708888e-02 5.832934866234343319e-02 3.579666171431252625e-02 3.119374264848838799e-02 2.985472897597777481e-02 7.759973491229875397e-02 3.662588752540051756e-02 9.549524900876082967e-02
4.435401860095549570e-02 2.449085129839452535e-02 5.579429470477101360e-02 6.053054241533110252e-02 1.870777318238159292e-02 4.571582361949669271e-02 6.113565467416153670e-02 5.874584369723512625e-03 4.559860357960679456e-02 3.162430596110667874e-02 1.975609854791177122e-02 1.723875132078395156e-02 7.498231558141713049e-02 9.890701939186475125e-03 5.510569646180685233e-02 5.793796348742775992e-02 6.764858493193130762e-02 5.230721027750853680e-02 2.203396636080671295e-02 1.368608853424545593e-02
8.607467683518649215e-02 2.164786028609707799e-02 9.569408156071873561e-02 2.092288243036155571e-02 8.495894748078319791e-02 7.907557930969510984e-02 9.407580804186049805e-02 1.096225142369115085e-02 1.907120572859422047e-02 5.081698216436815463e-02 4.599113689999820287e-02 2.667861817924887038e-02 3.433386751704538969e-02 2.019004227686814826e-02 4.978769706428728958e-02 5.104677516145664229e-02 3.704204336462611075e-02 6.097220266141826356e-02 7.623700030683061568e-02 7.668672043708189834e-02
5.172887957087416583e-02 4.638486705950020661e-02 9.667151261289196051e-02 2.050832071329067481e-03 1.882406770638710494e-02 9.496593384160913198e-02 8.888511234289118990e-02 1.526919663924042325e-03 8.437332010164845172e-03 9.763520561374726403e-02 2.485516957249993622e-02 4.777971177590543267e-02 5.366980469352124195e-02 9.562263428824717415e-02 9.185807356342025332e-02 3.116118288511669082e-02 5.997589230350795081e-02 8.047468152898634708e-02 3.444230706296130817e-02 2.512973852758550175e-02
7.638393075878031901e-02 2.731418740462718958e-02 6.726676609951832975e-02 1.553799032063298870e-02 3.827850431458107439e-02 9.131891781038196931e-02 4.511921615961674015e-02 2.580450806852238252e-02 2.294068000298063112e-02 4.725021687094432821e-03 7.897429356482665516e-03 4.030352919452589305e-02 8.814437075783627951e-02 8.362651102367529843e-02 3.585512720163314127e-02 1.841900812224053427e-02 5.958334461704907492e-02 9.086161703339868268e-04 5.891983011187984509e-03 1.444877480929168678e-02
5.500269763685731311e-02 7.715260826111625114e-04 6.169157035838621073e-02 8.642769559319027350e-02 2.254582475442449413e-02 4.563580338646078260e-02 4.802390765152868973e-02 3.155051313127438251e-02 9.402143835134125008e-03 2.909705757673857265e-02 8.048091183069967791e-02 7.765861933755013879e-02 7.594971129375738261e-02 5.847775638153193678e-02 8.702480821387023613e-02 5.020880439690703079e-02 9.078409016150572330e-02 4.232258594209155345e-02 4.133592359731097510e-02 9.917905315123506926e-02
8.083578733205981637e-02 8.629985399437895000e-02 3.787553121808823198e-02 6.661984217352910631e-02 3.645860501032728573e-02 5.538096092966248579e-02 7.309333373035589720e-02 4.821772346023488892e-02 6.558782500858444109e-02 8.259450833253861868e-02 1.295066680965685328e-02 4.947363768678970930e-02 2.782060517516588005e-02 6.511393895342933169e-02 4.882573362239481241e-02 7.632118051218733656e-02 5.364100862763954147e-03 6.209276911950321193e-02 3.847991412852363319e-02 6.999847913994178272e-02
9.164413566856104143e-02 2.370275386906903897e-02 7.800283823736614552e-02 6.657809358718658720e-03 7.183743177868774643e-02 4.940444011245466449e-02 8.808323801516357299e-02 6.321503435791034353e-02 4.090424430409535239e-02 4.294402075879384661e-02 4.085290623517581765e-02 6.645730877854084950e-02 2.683872610220177160e-02 6.546309627878302284e-02 1.542414073721796314e-02 1.518074872067289895e-02 6.572253439206847403e-02 6.799826919958222582e-02 5.810642982877017859e-02 9.745765903778838557e-02
5.373520080230828611e-02 2.818412024163034074e-02 2.690358376430839263e-02 2.775980796628914338e-02 1.161742974066857365e-02 2.024944693144171970e-02 2.353611112487474875e-03 3.515675118611687883e-02 5.985162682226961156e-02 3.387360212818054522e-02 7.612904523049493499e-02 3.911406654886361717e-02 2.105556212477105449e-02 7.149413336888170434e-02 1.146055577415163763e-02 9.942739601447025954e-02 8.496030371629666178e-02 9.253497342898519759e-03 4.703392858511010188e-02 7.423357202598585003e-02
2.640760925762388953e-02 4.253097913565853649e-02 6.479496351913675845e-02 7.476260036705462651e-03 6.499904858002056307e-02 3.967009021497992782e-02 2.529771501699095218e-02 1.256157553519139485e-02 9.567567810663427097e-02 9.367466805100332916e-02 6.828695285111335833e-02 2.783401719581546363e-02 4.953699830792636372e-02 7.971395284099014322e-02 5.322815463484987207e-03 3.030273978295067172e-02 9.458905153452565329e-02 9.684147403355370526e-03 3.091896760663963642e-02 5.972356356749413536e-02
4.006969421663064690e-03 9.956151467107296482e-02 4.344956803734605771e-02 2.203747642130318360e-02 6.765241294602367117e-02 6.987058860085990086e-02 4.308763140216353288e-02 8.678656511840275589e-02 6.098456847031222261e-02 9.317971982058342872e-02 3.134946490098542565e-02 8.669760838247184132e-02 3.252714737270116091e-02 6.629289894688440710e-02 7.164060467347647954e-02 8.728965811647354522e-02 3.613597273596449305e-02 6.416759475281029468e-02 6.811382864963734518e-02 7.286838017440229465e-02
7.114465801821283353e-02 4.672940947070907541e-02 5.239109236082826332e-02 9.971212780438237777e-02 3.147220253944851137e-02 5.015121050955393539e-02 3.784943901266105831e-02 8.791989029928308497e-02 4.931711293279377600e-02 4.320970731691499422e-02 5.320532011074861206e-02 3.553316303057694331e-02 4.913655247348978211e-02 5.293946418288526801e-02 2.766765842335136213e-02 6.463585789114728586e-02 9.906387319202629438e-02 3.529397834113785770e-02 2.363825358419957556e-02 9.934543774696974472e-02
4.199403612552658066e-02 4.179667925305479564e-02 5.962687468074695518e-02 3.678308263765613095e-02 2.854107470459739393e-02 6.239425632665501070e-02 8.605377427738770610e-03 2.715196793479203452e-02 5.959522713494903000e-03 1.634136799163188325e-03 1.285301217909340507e-03 3.309081316394953121e-02 3.657415245193761794e-02 9.049295115475686213e-02 9.634852130400739512e-02 7.177784794398255064e-02 2.946412624809520431e-02 1.581206957513430281e-02 3.271984468055121748e-02 6.735523407075859337e-02
9.054513373785871844e-02 5.167464768386784840e-02 7.325129048445826185e-02 3.088703881379986291e-02 2.585635203784519831e-03 9.805763726452880469e-02 6.900445282664106894e-02 8.483675899549938948e-02 9.363729131493828128e-02 7.601909358134226191e-02 4.223349662406575972e-02 3.128475188020342357e-02 3.549139912551049075e-02 3.790117418877703148e-02 1.880466823508118029e-02 2.740152306194681975e-02 8.693826091168507797e-02 8.097485418572668292e-02 7.984941332066387842e-02 5.873921518941345454e-02
4.269334606299975132e-02 7.479635663808718860e-02 6.433488186872292347e-02 5.122478900375180416e-02 5.074847240620810468e-02 7.174900241296891523e-02 5.414895469865942806e-02 5.346856316528030700e-02 5.276268103825959566e-02 3.490770857009700689e-02 9.562816891239772632e-02 7.548000774372871924e-02 9.683106266879791535e-02 5.371787194259254605e-02 4.242992486786815315e-02 1.569353663905970241e-03 5.899121971586584329e-02 5.436632146103074353e-02 3.788349068262685665e-02 3.853662093317134288e-03
3.920892254191585963e-02 3.694081023047891821e-02 9.873869632739312729e-02 9.087248825656071838e-02 8.178610456000762197e-02 7.105754406316482086e-02 7.332817551740089534e-04 6.716924493321715928e-02 1.327052324325030987e-02 1.047874588324099188e-02 6.812806413680126683e-02 3.785180729708929187e-02 3.803111307332838337e-02 4.564578021527115892e-02 4.778883104083633815e-02 8.358721193803397842e-02 8.368283705060559907e-02 8.852867859265090011e-02 3.919340325199371228e-02 4.226043260880666536e-02
4.890085144228010355e-02 1.385240557094230551e-02 1.552378255015041120e-02 3.509341851433241122e-02 1.440108239752935389e-04 1.567708924445068361e-02 5.235166149812905956e-02 2.631235750415317556e-03 3.046686385929382734e-02 9.163001015535626737e-02 2.617535592463760170e-03 4.813855776097073630e-02 3.875916720999156295e-02 8.419193801450094994e-02 3.492191330602878799e-03 9.266683227966562852e-02 3.576313483731403953e-02 3.650499171229814460e-02 7.562386195298576030e-02 5.384197346073374413e-02
9.768107102413843557e-02 5.958778042104996564e-02 7.538556945391403086e-02 2.521669042589937126e-02 4.281279899629334557e-02 5.182213480560467211e-02 7.230460078547730485e-02 6.982625545504596298e-02 7.762721971778571706e-02 9.077321811917360428e-02 9.253050698702333654e-02 4.486452360590557215e-02 4.728281774667025122e-02 7.192683589336605621e-02 8.784527761352131647e-02 4.052348195937138797e-03 4.277197402967173462e-02 8.562992876600089565e-02 3.988949810811984187e-02 4.177807461036726899e-02
