2.951301716446852463e-01 1.082934713776136093e-01 1.553723184485233388e-01 1.083425649479527741e-01 6.127706597227771529e-02 1.233814116712693143e-01 7.756842015143451674e-02 2.081562911764676255e-02 9.749672161629405198e-02 5.321767111888307117e-02 1.378164972885926043e-01 6.284517585828024167e-02 6.564381026820370613e-02 4.895453603636794326e-02 1.054036684572633165e-01 9.874904002659666558e-02 1.085587397949477478e-01 1.392263685187218325e-01 8.981883970154744268e-02 1.314291149861957220e-01
1.522562784677068508e-02 2.133926914440459344e-02 4.254923097611762288e-03 6.751076382937563902e-02 4.054525195568156604e-02 6.743042986287044183e-02 2.078949250458473046e-03 1.418178256740376675e-02 9.488856491391714498e-02 2.111743273859675515e-02 4.481586835807391256e-02 8.352054800093627884e-02 4.992718016827029509e-02 6.277978022860730700e-03 2.118549828331545148e-02 6.843981865385365126e-02 1.475227727899064423e-02 5.465112417223333408e-02 1.730779394825716563e-02 2.986965275506580156e-02
4.681412186416673837e-02 6.595538756260169166e-02 7.989097012732701564e-02 3.420697521657104639e-02 6.489682534854938900e-02 2.622313821527076996e-02 2.364795981309917444e-02 6.545159959433012598e-02 3.545223576618968669e-02 5.246890857574807582e-02 4.101635725129543220e-02 8.799222280206678293e-02 9.508912504231473162e-02 2.501721022619483176e-02 4.835223058096613930e-02 2.615309709739917221e-02 4.395714692898721604e-02 8.656066693890038244e-02 4.150799784909001144e-02 5.169412206280359773e-02
6.242786679749773304e-02 9.006080435762417458e-02 8.000291643570833430e-03 6.374881182907068955e-02 2.235763334140709185e-02 5.072323991876897392e-02 8.168381413653819090e-02 9.659335180918493524e-03 3.720594472057144053e-02 4.986438623920569357e-02 3.066719646203739519e-02 6.241060893264269160e-02 4.192357054948845502e-02 1.484456486901005769e-02 7.609214940717066999e-02 9.607567556358098670e-02 9.796483054498678067e-02 9.661319284324754175e-02 8.482299659252179325e-03 9.375168990781668210e-02
5.949424477490315027e-02 6.791351194986711137e-02 9.358100706544321412e-02 7.017499790070884369e-02 1.204433101521169662e-02 6.021143668076905930e-02 8.732952464457839625e-02 8.098282264011241738e-02 2.601119932903502019e-02 8.960683582740381226e-04 7.859768891220245135e-02 4.036909274879346698e-02 3.975004828078957525e-02 5.805230108620671597e-02 6.798697637520204062e-02 6.453248584002060917e-02 3.812777837378692608e-02 3.142630205837796536e-02 7.004495365239822580e-02 5.102676794198173632e-02
4.217715579580565838e-02 7.767484776754526865e-02 7.794357575019435214e-02 7.649362235491162509e-02 9.597608919366920621e-02 3.152983160900191262e-02 3.096347782830262407e-02 1.322339342119313067e-02 6.786538001968331346e-02 4.730908917017892512e-02 6.261735881358578004e-02 6.242176571229849508e-02 6.039760528286687580e-02 7.443745900643936042e-02 2.706677766700745988e-02 1.886258491782293392e-02 6.238686527263623965e-02 1.354602568453155964e-03 3.230338032676868115e-02 4.459534982193787134e-02
8.223663612994359245e-03 7.418710508985594532e-02 9.304718127998645727e-02 3.760183897514024747e-03 7.130142525027423350e-02 8.422334600334697996e-02 9.314315678285470246e-02 9.873497896162483634e-02 9.789107494792761988e-02 4.104903841843492857e-02 2.359845332145478480e-02 4.040058559902205693e-02 1.682318465668232108e-02 3.234106969592962649e-02 5.725068037833970502e-02 4.218508648306951159e-02 1.891850572002629072e-02 5.841044745313546394e-02 2.851094424703641897e-02 1.335435343244401052e-02
9.551926473728999945e-02 9.377359831082757169e-02 7.929479070784234418e-02 1.814636490344700981e-02 3.512276324427839047e-02 1.092802735984305107e-02 3.332869894972876473e-02 4.081048611096971084e-03 7.413114712275320484e-02 8.412339465727623755e-02 7.402293974325180326e-03 9.712316430261513922e-02 2.465992348781475066e-02 1.792078874707835404e-02 8.365639140267709661e-02 4.763060229154249259e-02 4.555405404875491338e-02 1.799521971510763610e-02 8.202062445704794147e-02 5.647609984449819889e-03
5.799342552184019728e-02 9.395874080821475793e-02 9.843558548453101853e-02 7.982754203159488082e-02 2.753665624316511615e-02 9.797189479110175736e-02 3.191343750036107485e-02 3.625979172181222759e-02 8.610878991676602923e-02 2.013871756087431963e-02 3.068885418962546963e-02 1.010148918826253572e-02 8.932781813089313294e-02 6.996698440907556376e-05 7.372876171190910488e-02 5.695931599719392807e-02 5.534336733701761615e-03 6.433309899106368079e-02 3.555957930902187147e-02 2.212433214403491943e-02
7.307869987322160310e-02 8.466814927166732563e-02 8.403381505450312206e-02 2.064178861180498981e-02 9.102708930438459245e-02 9.056323530596011029e-02 1.353587483411814590e-02 5.612799711949937459e-02 8.188070853484085906e-03 5.227288494035142730e-03 6.443599724854572053e-02 2.976428803299226156e-02 4.229714591847462402e-02 5.161507680426283967e-02 6.478685556406883761e-02 7.779675532378087233e-02 3.567010760477087178e-02 9.117358475653010441e-02 2.589666762839182464e-03 5.707796562052058764e-02
1.372333640858061123e-02 3.669524640430349427e-02 9.157691745307164344e-02 3.456316539818118233e-02 2.728131525416144232e-02 7.558697256710532331e-02 9.088394208801052476e-02 1.074363127291232470e-02 2.344863530035745658e-02 5.517865040565518575e-02 2.875497716195044712e-02 5.877855286208018282e-02 4.753650356261462928e-03 8.807677467729113641e-02 3.183478032853243045e-02 2.412275276482406250e-02 1.665985474121151055e-02 3.559151751217645016e-02 5.577796173624749443e-03 6.616179475361885776e-02
5.509350733798234340e-02 9.648233979223576340e-02 5.204939669534544566e-02 3.663179848418871704e-02 1.874487330246008693e-02 5.314072830018484739e-02 7.334888626851183979e-02 8.009773773116285467e-02 6.664530425763791344e-02 5.518571627518876165e-03 3.538402203271375640e-02 2.092446146467556028e-02 5.709257375978574189e-02 7.057636562314818784e-02 3.725261409766783549e-02 1.093335462394148284e-02 4.942322159446963653e-02 9.784713157144314666e-02 7.602657745467832073e-02 8.651725713266335271e-02
2.603738685179465481e-02 5.390606798329856952e-02 3.227444707282648567e-02 8.216777821116748315e-02 1.720753395564805777e-02 1.958362050217791334e-02 4.167312789107570359e-02 8.446682161330873462e-02 1.889168669023131436e-02 1.114466335541610710e-02 6.643597956413667405e-02 6.079160020098787337e-02 7.225739525451602488e-03 8.395820395749088727e-02 4.837984990533097940e-02 5.282611041126640539e-02 6.577292169298834534e-02 6.795605845603297501e-02 4.253674904995683598e-02 7.077187542560080258e-02
9.349879692565253586e-02 5.389853890635452199e-02 7.889671458828810546e-02 4.569575545465586613e-02 3.235392457613717188e-02 2.506237212355132485e-02 4.307709104099056996e-02 1.790494532239480727e-02 1.373321036165465851e-02 2.809855898940065780e-02 7.466620684007224673e-02 5.418836087425163428e-02 7.281793464598604326e-02 3.931932208245429022e-02 4.102271767348461551e-02 9.851341031624283318e-02 8.683484016596709765e-02 9.597500794983528094e-02 5.060075670992203456e-03 9.450319085085169546e-02
1.395576962713057645e-02 5.410579097599126780e-02 4.099072346281425194e-02 3.830318904876524322e-02 7.171572261267263049e-02 1.671881196727107582e-02 5.520175251017558904e-02 7.331831111706450799e-02 6.748176128669090834e-02 4.440222123550849331e-02 2.804762044455766379e-02 6.990581193347186750e-02 7.793744761998078197e-02 7.382977628663206504e-02 9.663144113158378401e-02 8.285754736929096947e-03 9.659027449762896955e-02 9.542801143928608676e-02 4.790313334717281185e-02 2.669920327522577047e-02
4.089976190815085982e-02 6.766912376445176347e-02 6.945668690276347867e-02 8.189689671887144529e-02 1.160912322908095456e-02 5.150626113536971307e-02 8.284326663120024012e-03 7.185140846856115371e-02 2.989333367683474560e-02 3.940234310704004983e-02 6.125632050320054672e-02 9.238911978950170578e-02 1.270522025224036892e-02 7.887468803683524154e-02 4.919896617259775229e-02 9.944366006683023895e-02 9.115017478035597476e-02 9.209583539743097791e-02 8.311379503838828287e-02 7.049550397965587134e-02
2.184838528842214522e-02 6.389856237797776617e-02 6.382195833774327587e-02 4.801606388242493639e-02 9.500048565679608537e-02 7.863222345940867539e-03 6.754599307736530722e-03 7.441067105195915687e-02 4.645174752122464140e-02 6.971928887202692715e-02 7.628712960303007939e-02 5.024984471829414823e-02 5.413114424819222281e-02 1.506598982159742563e-02 1.049492220579357864e-02 1.766532186826846873e-02 6.633529436730735418e-02 3.219967468829102591e-02 6.766379035383345009e-02 9.529923169329101995e-02
1.259795106998091822e-02 5.750916590288153440e-02 6.506735143404955568e-02 1.026765497700580371e-02 6.286872426806012180e-03 6.998927151038869532e-02 2.532397647009816677e-02 9.872694004629745113e-02 8.162433628412291142e-03 8.465203209924967998e-02 5.705071739157409338e-02 3.181831639219061952e-02 4.886697786380217456e-02 1.214812195916044162e-02 5.394402668210201979e-02 3.199926912270139451e-02 5.738175158459568603e-02 7.355548283005669541e-02 5.819667651917369983e-02 3.235159264828751935e-02
9.561699763415466846e-02 1.433164276501149893e-02 2.070008726661731746e-02 7.420305653089637188e-02 1.897676178838976491e-02 7.978624954092039534e-02 6.177770192995918341e-02 6.981508808600277172e-02 3.783909099462146215e-03 3.236605493630895312e-03 4.781076113928015014e-02 5.339514000884088007e-02 9.593359233010849418e-02 2.991023238209408394e-02 8.523645861126548373e-02 4.244894143548572085e-02 4.548434915852252181e-02 6.863050858795702314e-02 2.480299746318595164e-02 6.846401177485340883e-02
4.892607057565484530e-02 3.681046301037793969e-03 4.670622898221025304e-02 2.639279479559525354e-02 5.552586316197150691e-04 6.515813771049037972e-02 3.922055096985176820e-02 9.551302192214594644e-02 4.475046581933133510e-02 7.038439834808916939e-02 9.391731623636817572e-02 8.088658085294614386e-02 8.264286821878592815e-02 4.206287909761721733e-02 6.080039927685454426e-02 1.642343401821565532e-02 5.419135196796487364e-02 7.541168043394198828e-02 6.722022059591041543e-02 4.052785826086305332e-02
