4.038148503663338551e-01 9.140284640794246740e-02 9.318675236064404011e-02 5.578218381331998682e-02 1.228096962549192067e-01 1.504820343559188645e-01 7.329546148612194056e-02 9.561932239200190975e-02 1.230312099703295137e-01 1.032351977287030986e-01 1.138554847213927579e-01 1.585386794954945500e-01 1.236560375240909060e-01 2.298784923827821083e-02 1.178693991388884144e-01 8.840148534451219842e-02 9.465682951567061520e-02 3.343051591290404495e-02 1.002179304757594702e-01 1.229790683886242686e-01
7.125769773494433634e-02 1.314867560274794733e-02 4.418702985161257479e-02 6.690020073896242592e-02 4.457811659112499020e-02 9.580108589138833231e-02 9.220562838579374199e-02 2.838500196771010994e-02 3.002762065503368147e-02 7.244751999292363409e-02 2.943269648890593435e-02 1.820663971369747974e-02 6.559039504015708177e-02 4.593084665549022200e-02 3.047657839624340684e-02 4.655103553232931013e-02 4.353706776072260864e-02 6.651616189410500257e-02 7.761884557501756710e-02 1.382051433380939234e-02
8.867964840525002779e-02 4.534539888219164816e-02 5.273425971990654618e-03 6.815786330409925875e-02 2.339895490845286113e-02 1.077807979905361264e-02 1.950666496095376096e-02 7.350932760163739199e-02 2.743317043369742497e-02 1.429466807640110068e-02 8.316412119800113689e-02 4.743334082459570167e-02 5.828266299332362371e-02 5.659609839538162768e-02 3.401724100391722433e-02 1.108220409386818104e-03 9.798039417125993522e-02 9.612969354185678383e-02 6.449923753691175210e-02 8.426263504706901775e-02
5.218769238704726310e-02 8.782141066337796620e-02 1.372868991149147309e-03 7.819436485817281290e-02 6.785452454533135933e-03 6.249210523367831893e-02 4.917389047481281195e-02 7.777184302528179771e-02 8.412584646419238310e-02 1.979591768718229686e-02 8.923710493171579938e-02 6.580867926068632856e-02 1.066803093283605341e-01 3.417977242852843212e-02 1.063673250848448937e-01 9.074474674708019051e-02 7.419343251398712036e-02 2.552288265937734113e-02 6.792780952511760784e-02 1.112447180014158529e-02
5.422680651680379660e-02 4.103193529752656443e-02 6.373011052289030698e-02 6.038114553099038079e-02 4.214103028697292752e-02 6.138158616167455062e-02 2.282433289725118233e-02 6.161095150102470497e-03 1.128370293033601444e-02 4.989960921187523712e-03 4.473128352094968979e-02 8.927827475595764839e-02 7.951763679583627800e-03 9.936583458937336966e-02 8.743482201902097461e-02 2.219494112717997417e-02 2.920176791852848938e-03 7.917307420126265538e-02 7.312045473502445936e-02 3.073185405831029005e-02
7.100061076862483611e-02 3.916663180340874961e-02 3.920673794499626025e-02 1.967448137910533107e-02 9.726077464051982591e-02 2.309542350594423130e-02 9.148687399761643024e-02 4.086586062547923476e-02 1.795914539272809585e-02 9.599061798941355139e-02 6.618684930521942511e-02 9.441026320817479112e-02 6.770051353774757252e-02 1.029599419636417490e-01 8.074147277011992085e-02 5.511945375428636829e-02 9.451653680515274825e-02 5.713094567892238601e-02 7.008725531096973715e-02 6.968428882749832902e-03
1.800846873842585141e-02 2.152486860432312882e-02 3.773975407391441661e-02 6.657907542473853746e-02 4.863975258766272541e-02 7.587895744472937520e-02 6.529901275179100795e-02 7.397974546653479644e-02 3.954209253494247317e-02 2.870034540178957247e-02 1.029682057163491815e-01 7.338240580804957294e-03 6.599154608492308061e-02 2.941992605790419435e-02 4.848585606062958547e-02 4.089906437969673819e-02 9.366178818439036338e-03 2.298434122559462472e-02 7.029199383192424877e-02 5.707937850046472181e-03
2.804871329658293819e-02 9.228030679633815458e-02 5.066222770827923799e-02 5.974232248130372652e-02 7.976180352816920893e-03 3.749390773252954390e-02 3.317891646236075659e-02 8.007521602956856055e-02 7.778512155393768612e-02 5.003676418490652505e-02 3.666773079079541087e-02 2.567706249287521336e-02 9.836049141180204514e-02 4.002997739754884932e-02 1.877929048267272874e-02 1.849400311792421051e-02 5.467699969743737565e-02 3.556639213595989748e-03 2.309872380696864971e-02 3.829262825578169660e-02
9.202590146031582041e-02 5.718532827584495160e-02 9.093758600210884169e-02 2.229609875049586368e-02 1.068264777255194947e-01 1.851788336646589817e-02 2.921572578772382162e-02 8.300405799900092974e-02 9.685789813956099947e-02 8.924455899368900769e-02 7.375860303212015967e-02 1.803228251861355852e-02 1.002023637727469524e-01 5.811646097377916320e-02 5.463126074849157521e-02 4.626287699650497715e-02 8.865664064311501100e-03 7.795504749841581814e-04 5.363616659598655079e-02 1.547554943935404090e-02
8.637197800861015629e-02 1.592745341996694430e-02 3.099617925358851001e-02 3.650305690295315569e-02 1.026946479818335589e-01 4.293041863776867612e-02 3.503474364808480818e-02 3.477002841215744156e-02 5.997710991610324949e-02 2.468494565132487231e-02 2.858363449217800681e-02 5.740986872892569343e-02 6.853165655718150562e-02 5.664113703455690013e-02 7.858829926903576624e-02 1.330868905128523329e-02 7.206482611224629409e-02 9.008997050206905832e-03 5.878710047475545902e-02 2.403424042914316383e-02
2.546594229458820288e-02 5.919192182992137619e-02 5.876560827404137682e-02 2.785289723780584332e-03 1.052126146328797862e-01 6.037090181883644074e-02 1.140426034027531600e-02 1.782554184166097039e-02 1.029344745053444726e-01 3.183128990526146868e-02 8.508503222164827406e-02 7.346743785260116677e-02 7.835419857586398140e-02 5.163761174474766624e-02 8.004847081394121655e-02 6.078749424275885216e-02 5.191223326641981189e-02 7.070444470003274529e-02 6.455505241724220078e-02 1.803470674840034968e-02
9.239110127181385246e-02 4.830268624561559129e-03 7.666681683612440457e-02 6.758405583237629688e-02 7.011125197516734908e-02 9.987649596040143463e-02 9.453268689434450589e-02 3.810349556226232115e-02 7.153668395075897524e-02 2.488417070302235273e-02 9.362252998363658485e-02 5.514565166459152457e-02 3.128211520639574000e-02 6.651483019810594532e-02 1.019894902491134264e-01 7.218729168771276586e-03 9.061775546086989208e-02 2.757775987012538524e-02 7.120986005591595225e-02 1.015449727403964081e-01
3.400324577025357758e-02 7.748813239334462200e-02 5.985361946038145892e-02 7.221522766937640836e-02 2.077827481321195199e-02 1.066478075895963863e-02 5.941999954093004493e-02 5.359961841587765341e-02 8.070379499725453820e-02 1.181938942568873906e-02 4.641696472909386667e-02 7.415860290485143391e-02 4.695759224910085045e-02 4.545893656179591374e-02 1.500226542396770890e-02 6.876552942678833269e-02 9.027287090244397183e-02 5.584600806480066043e-02 2.117037809454829292e-02 9.685958629336709202e-03
3.779620977403007342e-02 9.468413982414111696e-02 2.410687714398844841e-02 7.750246425198750733e-02 5.247039991697227679e-02 3.700473236032791186e-02 4.447838262103972345e-02 2.601190066702328742e-03 3.089759379522895658e-02 5.170648134247653877e-02 4.124393253466654419e-02 4.367665999022197348e-02 4.842137804444773125e-02 9.102185843750083827e-02 3.312405973735412651e-02 5.616018874403468086e-02 8.062885895259719327e-03 6.052397154297881054e-02 3.609638679234347669e-02 9.565760184065760785e-02
6.859077635794319505e-02 7.860710737413305338e-02 1.536626792577297507e-02 2.419408367446921476e-02 4.161070202774134075e-04 2.087304098273241870e-02 6.317704869090713660e-02 4.514348267395427994e-02 8.708806051198995923e-02 1.748608487953851390e-02 1.000841113071189795e-02 7.474257485323099193e-02 9.494316114277280561e-02 3.768579599702560901e-02 4.539067200562309223e-02 4.430085881293298333e-02 5.689656537106221879e-02 9.238914501313569283e-02 3.658572314505690454e-02 1.050180053547918047e-02
9.058746895044503256e-02 6.952442730440475116e-02 9.869465389717044235e-03 3.682117097609587109e-02 1.022597358896472214e-01 2.480685858399191146e-02 2.090449512052898126e-02 1.039913879686886755e-01 1.781793916185577323e-02 8.037536356348032318e-02 4.890804114451235973e-02 4.604581476420093605e-02 2.469200578344774369e-02 3.607404835067724858e-02 5.132760655233496033e-02 8.904775968939233899e-02 4.732229840442314650e-02 6.518510687287341898e-02 1.389000898028927393e-02 4.173791575529809533e-02
5.485250368452291442e-02 7.134568500459655127e-02 1.069684232421718589e-01 6.050541697529862595e-02 7.996301095155435024e-02 8.671116429512698565e-02 8.966142762710357927e-02 9.123059430251789781e-02 1.110989482181327578e-02 3.145982678078020761e-02 7.408134503346906763e-02 7.632368398112822361e-02 5.704269151625963180e-02 5.679374301207471692e-02 1.208491791016133576e-02 2.624528974712275298e-04 4.903779336127430527e-02 9.693356580146021695e-03 4.901655785579032976e-02 8.257288498044235148e-02
1.952381357917094482e-02 9.590425717709341602e-02 5.036255941597345825e-02 5.507107164819063927e-02 7.131402885312496109e-02 4.044667196666299619e-02 1.756045971865423036e-02 5.846715650098117251e-02 7.419684277825254470e-02 1.045542537936831884e-01 7.444046063868837992e-02 1.046662961955725918e-01 6.938516619676929342e-02 7.445306549074409697e-02 9.088799467033886748e-02 4.463464675846177954e-02 5.740451549533938380e-02 3.433162640680559319e-02 4.730610986288669856e-02 7.938704010167559055e-02
2.344921204594346831e-02 6.042437132843792025e-02 1.130265231511477612e-02 8.512878027579297985e-03 3.564167543442291891e-02 1.917429486929394383e-02 9.817194545731096345e-02 5.996940991038824526e-02 6.143366841760849323e-02 1.049467342092888084e-01 5.218733417816658060e-02 5.013236399439420683e-03 7.284510154306282625e-02 1.026384584678421141e-01 5.839769413729269804e-02 2.940459439145428830e-02 1.053004248630038109e-01 3.023885666687610441e-02 3.651405916591144579e-02 9.789021154962072868e-02
1.075367578162213754e-02 2.205155689059548271e-02 1.064070956709125271e-01 5.524918538895114140e-02 1.548175142882914773e-02 8.311964646307358484e-02 2.531211998485365100e-02 3.672469027889664617e-02 4.672553353475904919e-02 1.573247293535262603e-02 9.851177767276851627e-02 2.934888843381784282e-02 4.455273663203061091e-03 1.936473314912987584e-03 1.623226738642173303e-02 7.827508274879917127e-02 1.234060512145534506e-02 8.083639542376801213e-02 2.713292822089325568e-02 2.247552229454010189e-02
