1.943168630589103274e-01 7.406354164288146691e-02 1.243233691007001041e-01 7.446946907691073814e-02 1.038109979623809687e-01 6.141036504654738548e-02 1.585952727092775905e-01 2.406207666448894472e-02 1.349184958608123097e-01 1.225144124530852391e-01 9.150140990777941297e-02 4.949878682997982393e-02 8.732097826653098527e-02 1.167354734494221447e-01 1.022023359242065221e-01 5.673974447009683120e-02 5.543399694934428301e-02 1.469549106338944866e-01 1.315134771222050691e-01 1.190615529926297711e-01
6.509032974235412494e-02 6.568143349559758815e-02 6.361774873205285064e-02 4.496879820834520647e-02 2.221982908499431364e-02 1.891738230148125657e-02 8.798183073635668094e-03 9.235773165666571680e-03 7.766866249871284822e-02 1.836404051827844608e-02 9.610867633796965626e-02 5.735601536838148828e-02 1.351407451607085190e-02 9.329106501077449876e-02 6.802174566116368781e-02 6.297312051605312433e-02 9.863151123544522392e-02 8.955195458454190405e-02 7.177550112553936212e-02 7.309569293504682153e-02
2.358865329760093804e-02 2.766035238012090267e-02 2.153551303101097769e-02 7.923507524463108131e-02 7.806074682924844799e-02 3.068830681969656610e-02 8.153646168580851172e-02 3.393470587484581635e-02 8.903135218686868135e-02 3.034355786685794063e-03 4.676098082832766401e-02 2.205935205407743085e-02 8.182526081466079404e-04 3.090958545679791877e-02 4.758858289455186741e-02 5.739073833996539975e-02 1.382838544613441793e-02 5.266688252070719778e-02 3.106475037353320298e-02 8.008016484384107223e-03
8.643626657650270440e-02 6.946837969902690257e-02 4.428300270746600431e-02 7.419524287966008935e-02 8.866291186097965960e-02 1.601917889678020762e-02 7.404340176098528348e-02 3.732565006129095336e-02 1.877157356463175081e-02 4.781510300388358559e-02 9.695650199951022508e-02 5.180403323531493354e-02 5.698739925460591382e-02 4.497207432649175628e-03 6.823708398877710579e-02 6.498381563404610761e-02 9.539964132860222212e-02 7.769572865700016817e-02 5.804418519336854154e-02 7.162377216946080871e-02
7.555151767366748150e-02 6.814025183518322704e-02 1.498291289009084926e-02 1.514820967727040918e-02 6.554010403227097936e-02 5.540064899300700457e-04 2.249656801273477655e-02 4.755553027438567254e-02 9.977175082013740870e-02 9.109645273098937457e-02 2.938770484484946183e-02 5.010041960549297541e-02 9.909405275396833412e-02 3.518957215433445029e-02 7.411561252949330769e-02 4.606705110314063267e-02 9.027755375467055865e-02 5.056532792703283263e-02 8.267632444731513874e-02 7.737482187196198513e-02
4.848905233701742562e-02 1.431448343373825649e-02 9.656314459714535059e-02 9.705525148932879487e-02 7.409396381102818091e-03 8.616788729338137331e-02 3.350012379035216536e-02 8.222381112066798337e-02 1.172950863874957540e-02 9.375431491888269742e-02 4.136814193512250437e-03 6.422163990137220307e-03 9.893637087142538589e-02 8.950060615149879606e-02 7.420647305783376058e-02 9.970499211764645431e-02 1.703089409558764672e-02 6.244034221746722763e-02 9.720385299529618606e-02 3.424401466391962384e-02
8.023726718883029616e-03 2.728816068429930353e-02 9.858095714570414003e-02 3.206723342817846545e-02 9.648119075228711594e-02 7.919832696724461718e-02 3.805269067951933155e-03 5.669441487433642124e-02 5.762365717038671342e-02 5.882793484362758285e-02 7.579946310289153999e-02 3.314086032492082751e-02 2.580515863493380163e-02 4.875429164346012367e-02 2.723062935319341474e-02 3.228037814200251238e-02 6.046617800458787368e-04 2.935597243958822100e-02 5.399356971135511885e-02 6.085058521644556850e-02
3.206866623704814762e-02 6.670862626352021263e-02 4.829991899907279396e-02 6.917761511900213933e-02 9.750643176543005719e-03 9.281037284819914843e-03 3.379670772626732628e-02 5.214063645255337387e-02 6.470102763620889930e-02 8.412956814876178246e-02 9.627453915296080300e-02 6.934305699085113739e-02 3.744752609567362361e-02 6.825392510971584059e-02 8.642732748252879293e-02 9.511886915897370398e-02 9.592228538285112183e-02 8.799419237928030046e-02 1.286381962987074440e-02 8.723021860161235541e-02
1.899100046419122112e-02 5.865191818554713055e-02 5.711278312010878433e-02 8.056421611378362241e-03 5.964600678957655833e-02 8.628344021306630363e-02 2.400997808061275038e-02 9.492871671776816067e-02 6.653335671035624788e-02 9.516971684345931770e-02 5.868967864762447695e-02 9.339920329174183911e-02 1.997568188205958370e-02 7.957560673527087902e-02 6.338927151962181483e-02 2.487829576558788988e-02 4.462310760181609215e-03 5.981731670306933424e-02 1.427334029096922856e-02 2.581908702622075572e-02
4.037258158628981297e-02 9.365463045951077925e-02 5.716793470527171961e-02 1.118073571280166038e-02 8.568619273077082710e-02 1.519064463048784910e-02 3.398871870662824313e-02 4.229010811729450210e-03 1.926928611617330367e-02 6.217316168321756348e-02 3.855513958236167580e-03 7.250457829440602742e-02 9.734629662749033630e-02 8.331418434663205586e-02 2.147166010548007264e-02 4.016938761693084059e-02 5.709423938737077237e-02 4.715111858531856326e-02 9.235920556905058421e-02 6.405904649536688089e-02
3.553215726139522662e-02 5.693661434757462531e-02 5.258798896368437753e-02 6.142470696459723795e-03 9.901643489961554911e-02 1.924900986762703367e-02 5.636054758514309759e-02 7.133739769284429266e-02 9.349342284582418117e-02 1.705618730856642978e-02 4.653426365015322225e-02 1.850747918197813771e-02 9.961491134623601251e-02 4.072353493283410730e-02 7.202913131778797273e-02 7.175991011072628545e-02 2.321407987873258527e-02 3.298848292164192897e-02 1.383562466294374713e-03 2.069992214608062930e-02
1.909808945723101645e-03 9.711803419295927942e-02 6.990261962789977301e-02 1.199133598121206006e-02 9.266562776818039471e-02 8.194567677927334926e-02 6.668036687566650245e-02 6.995683286758358488e-02 5.065963005958740162e-03 5.221206916568980200e-02 9.822709029443554840e-02 7.141424172391115655e-02 7.899063354840045459e-02 9.044390997662410392e-02 8.771252283083180723e-02 1.954807817111262752e-02 2.642125996460073165e-02 6.912709864358147077e-03 9.150487008111251805e-03 2.875760980183184046e-02
7.796131596034971967e-02 2.628201612829062276e-04 7.815466658390191057e-02 7.436694885100819663e-02 8.198862832278090707e-02 6.739831592822895234e-02 6.117475033963182783e-03 6.713186587003693029e-02 4.691426655664635709e-02 1.247322425211228047e-02 1.248987739280631518e-02 8.100652656033036081e-02 7.961187679455601629e-02 3.521578751999868834e-02 3.863583873534841978e-02 7.346341100515675626e-02 9.842139859730308915e-02 6.481706873943304803e-02 5.512071586098488130e-02 9.195826974347820135e-03
4.580362298100712493e-02 8.566867256226769201e-02 5.991625736203021711e-03 7.042788282008684286e-02 8.488824158928370833e-02 9.903545504981968450e-02 1.225340072785550266e-02 9.190810328867083517e-03 8.106393812585720171e-02 2.170951904394480270e-02 8.471267788758825301e-02 4.182536846947113723e-02 7.838846205948699075e-02 2.268164408974735619e-02 2.093806299923840764e-02 5.069860542817995015e-04 7.054268944582765127e-03 9.695205896546105206e-02 3.546236614545006383e-02 7.629228618756868363e-02
5.815109318063096944e-02 9.400580760558861770e-02 7.135716369534594872e-02 2.328338155834380752e-02 6.371646896157379114e-03 1.478468121106770762e-02 7.474032735944573236e-02 1.985160212696010160e-02 7.049679428079332066e-02 4.618904295196502030e-02 4.616221726376501522e-02 1.996868915723504136e-03 7.521034945604376798e-02 5.351932783737756334e-03 3.185073887616132055e-02 2.740298420146683109e-02 5.846871817615724443e-02 3.347756194429135634e-02 6.511815220735370224e-02 6.081181848300010184e-02
4.629525588061059876e-02 7.952752017441680477e-02 7.062361095457551918e-02 5.379068182485755023e-02 3.055366590482504544e-02 9.788448644269655274e-02 2.362515275599167547e-02 9.743305867210991233e-02 3.469736464938918269e-02 4.022241041024759295e-02 9.485445358912913960e-02 7.658095779860454866e-02 6.159455755342875538e-02 2.224994768351037586e-02 4.030415818068625033e-02 5.719026174232209186e-02 1.581708696764777544e-02 7.388682669706389539e-02 3.295648094560379299e-02 7.548028746868311323e-02
1.164505104441171347e-03 6.424484235844800384e-02 7.009285936813572371e-02 8.377041893558677399e-02 2.621743171670930586e-02 1.729711537651060921e-02 5.140965284312148942e-02 4.957711465293673792e-02 8.519008751847612082e-02 5.528027815531869754e-02 3.860967738695571250e-02 1.872461788035193614e-02 8.306376117675273729e-02 2.865281588905873797e-02 1.108733748575137061e-02 1.808936040617117533e-02 6.254803937308021922e-02 5.813171339395022813e-02 5.575359407210223051e-02 2.879723613590373654e-02
3.236650400321028354e-02 6.279379268432311312e-02 8.828335574043917611e-02 8.923450804818811727e-03 6.390363513929071815e-02 4.216915466507956123e-02 5.799898358030397549e-02 5.561204225632380288e-02 8.210994453178009633e-02 4.544692046556180615e-02 1.285555123650448245e-02 8.361540982883175488e-02 2.489763662245216003e-02 9.454756111362039306e-03 6.438647771230984751e-02 7.186928110914924956e-05 2.184641229211190666e-02 6.872364695459574901e-02 1.992445077678212106e-02 7.160471569823330384e-02
4.843957309778096354e-02 8.432378395187912698e-03 1.873625226257494975e-02 7.486086271761097088e-02 4.479214627431088447e-02 6.848799173693843889e-02 1.373011983339442882e-02 7.318373490806791282e-02 4.075749335634543113e-02 9.837522463610048895e-02 2.205331072201555218e-04 9.392355838367999477e-02 5.187490232275192986e-02 9.261397316928209056e-02 1.497546829051721318e-02 3.111411651774770304e-02 6.894470339250041713e-02 4.441525398798262109e-02 5.762077422102286628e-02 6.711282905105137031e-02
5.945524122799814709e-02 3.483230967079984502e-02 8.116019525173068239e-02 5.200302567761028692e-03 5.745708857938183756e-02 1.417423736018397391e-03 3.200576308076454046e-02 1.082536661493638339e-03 6.225146930514247057e-02 1.442996717988431939e-03 2.749510839087580122e-02 1.878081719031231625e-02 6.978295967276097744e-02 1.590586240333400486e-02 2.122784891291273901e-02 1.001883694027250237e-03 9.945515749597708122e-02 9.243754713956559010e-02 3.315896517884149575e-02 9.473201000295711216e-02
