2.371557964283175779e-01 5.414989949405588088e-02 6.369381450446207071e-02 7.355199850750780699e-02 7.678149480916844627e-02 1.225581126779446695e-01 2.182590721688862367e-02 1.085322975768138465e-01 1.043602379881575226e-01 5.656715380700844814e-02 9.832177348566498165e-02 1.115139698325860879e-01 1.349239027568610583e-01 1.259907575356388754e-01 1.372383217878649642e-01 3.986803171739877749e-02 7.449280361003918216e-02 4.132602921481314667e-02 1.015305854654377921e-01 1.640961045058976220e-01
7.735028428120276078e-02 8.881686111267129979e-02 2.026602413887868340e-02 4.283936592835769358e-02 6.148956793447531155e-02 8.616008257158931649e-02 1.057461518286549051e-01 8.890092907831775859e-02 8.839593348237126391e-02 3.874306495478953977e-02 1.010537156662909275e-01 2.205311897832100063e-02 6.006225140279529418e-02 2.348820475539539071e-02 1.052042730068490917e-01 8.791602667107644223e-03 9.458339823584836770e-02 7.666811351315612477e-02 8.343213914223125693e-02 3.960184298778453293e-02
2.624197723294559303e-02 1.005373663810422286e-01 6.172011925209885258e-02 7.637988049754303177e-02 7.733847030800510003e-04 5.482368512429359325e-02 8.123629802902146424e-02 2.951958125043567527e-02 1.856287732494817100e-02 9.415408091610899532e-02 2.080349392087098293e-02 7.373475205276677769e-02 3.835883891204186404e-03 2.075494569154456848e-02 7.779064219270317992e-02 1.157338653117731195e-02 8.264605440555010396e-03 2.970094492643946676e-02 5.691650253838370643e-02 3.905056806701002331e-02
4.492351693463452617e-02 1.062598767960786367e-01 6.665331120039318796e-03 1.632720593615924476e-02 1.720807246823909814e-02 3.304972848641666433e-02 1.472150076084135020e-02 4.432851145338586457e-02 5.384555205002249621e-03 1.928847692381182449e-02 3.409508041323905392e-02 4.256714726675513150e-02 1.658904708210216794e-02 1.082708741362419930e-01 9.847591407576535005e-02 1.697748849922338463e-03 6.087466625850327002e-03 1.075003653391046893e-01 2.112974220514822477e-02 1.023503927088352805e-01
6.186088183612975522e-02 1.418878044934196447e-02 7.244474838009544448e-02 9.998017238025147871e-03 1.179863321199275039e-03 3.992045631864647726e-02 4.015789714937781363e-02 4.295461912401186966e-02 7.177444716501216182e-02 9.098109777696686273e-02 1.305737847602205307e-02 9.141103295603518475e-02 4.289204244867022425e-02 4.075280478340060492e-02 6.601211096434513037e-02 4.998299007739512995e-02 3.796934188953659649e-03 5.014942103036758997e-02 7.105708990623384180e-03 8.442887251666283954e-02
8.537612399059955892e-02 4.249390248395387010e-02 1.380525485722341149e-02 1.291400120436797180e-02 2.305777632962426570e-03 1.013720295167846314e-01 3.163583239381323464e-02 1.172397058013988948e-02 4.097976803608859714e-02 3.569345616468130866e-02 7.116377978175841834e-02 3.852984480981646448e-02 7.803180909851929747e-02 4.805924380119201700e-02 1.677768841230232880e-03 5.822204450423093536e-02 7.689374254891341576e-02 2.012615612859866218e-02 1.001083274173759485e-03 5.709838907542127279e-02
7.696873738507907514e-02 1.442549931580965408e-02 3.899067450346652836e-02 3.814016099966976991e-02 3.755003924391346615e-02 3.546587315957799857e-02 3.777703936279899755e-02 4.800371628806985452e-02 6.064103543818515768e-02 4.065038253194550033e-02 8.209311199227226075e-02 2.491407838857762069e-02 1.039962597828717611e-01 4.692141993663578869e-02 8.671050553464529353e-02 1.093102960243088756e-01 1.025440628669085363e-01 1.125855094719495353e-02 6.997639565189789357e-02 7.398838836430865484e-02
7.930539983811711602e-02 2.196947603869876114e-02 9.926221393710039920e-02 2.970710216909328710e-02 3.885485990713217347e-02 1.040313851377189409e-02 4.483366012515361404e-02 5.111428222047618292e-02 6.697569969884295711e-03 6.769923460613406531e-03 1.052702518418779237e-01 1.043333398681110108e-02 5.838026206809249219e-02 6.423387882050120290e-02 5.674625897877364628e-02 2.859330574036746120e-02 3.318067617612276837e-02 9.215567392164880633e-02 7.004189560395517045e-02 8.695951480416373724e-02
1.053720349095799425e-01 4.126580858932259177e-02 1.086944381173082647e-01 2.979508849178946761e-02 5.750471111120317863e-02 7.578958674887149860e-02 7.585449167843508200e-02 9.249834127975743725e-02 9.470686964057874191e-02 3.576141133210693906e-02 5.093275762632447357e-02 1.690853250298469598e-02 1.317433419506155133e-02 4.320812936000967969e-02 6.703020339322966759e-02 8.655833309847182563e-03 6.723428715718955673e-02 1.038863414810675123e-01 1.229959179651831866e-02 1.278689919131878114e-02
9.110844315995302034e-02 2.260190690488364865e-02 4.773437097425211467e-02 6.172726472528847208e-02 2.836093597870619973e-02 7.267399751552269804e-02 4.075371906184206694e-02 6.239579880475340512e-02 1.782498839621652828e-02 3.341546164004295660e-02 6.142475625421538188e-02 1.064772205434004332e-01 1.086623420836032028e-01 1.016240368871756559e-03 5.156916113383284983e-02 6.711757220776101707e-02 3.848306009420853629e-02 9.386978961205275085e-02 5.995162725926013458e-02 9.620786814754375693e-02
3.968815978673533723e-02 6.121651941828840093e-02 9.249716829273185725e-02 7.923832587949561010e-03 8.998231154794564257e-02 3.145142210168676983e-02 5.221990565013098079e-02 3.066492568942233779e-02 5.120075471394837374e-02 6.054718174676620296e-02 3.027152026954098643e-02 4.901248712647714167e-02 4.712592792251550644e-02 2.610144607806927190e-03 9.330851549610148787e-02 9.729286964124729542e-02 6.056759798436169712e-02 1.076143626013977145e-01 7.826838059054914976e-02 4.040094571323717826e-02
4.307756555545987770e-02 3.845666088340636557e-02 9.360945982841811785e-02 3.084888021405077577e-02 3.642032559101400502e-02 6.498889044318943709e-02 1.523182057333077530e-02 4.979791600634270871e-02 3.785919833267464840e-02 3.319587637823462594e-03 5.592553491866773113e-02 2.910315827379581638e-02 1.182477492952109695e-02 5.148169833133992013e-02 6.583322693742953288e-05 6.046484662873177762e-02 8.935911444251659619e-02 7.837309646168738597e-02 3.408632621019978132e-02 3.655830634974834709e-02
5.655497022981624544e-02 8.396586135823815022e-02 8.266615726265447162e-02 2.553354524720161806e-02 9.784871013271154161e-02 1.031907751242290144e-01 8.238031733005957147e-02 5.569748125630873820e-02 4.110962807192847235e-02 6.641690893099292878e-03 8.758992281840614902e-02 5.801581019056640393e-02 2.838316999474747165e-02 5.293050351818301413e-02 1.066414869612701127e-01 5.112887323883735097e-02 5.260931098294019392e-02 3.382273942140787137e-02 1.018263605596054916e-01 4.985778953283857146e-02
4.335845526834632147e-02 1.456054736265622630e-02 5.584742703414907056e-02 6.990281140148764394e-02 6.053344218289086198e-02 1.776439006849040228e-02 1.911533248484618974e-02 8.204107555709184985e-02 8.563613456497463916e-02 8.620451908944075370e-02 1.756385513916204968e-02 9.837747058478735207e-02 9.945892020954649748e-02 4.637675486976550882e-02 1.072757622038664899e-01 8.087391949989246320e-02 8.162161748271329342e-02 5.890466837123659039e-02 7.748465294065373654e-02 9.254326225555230268e-02
6.009716748635344358e-02 1.064326738089462487e-01 7.418159133826811302e-02 1.330060444261164931e-02 1.312774135275992203e-02 9.543613045874657641e-02 5.475486559197981218e-02 6.930524681318644964e-02 2.461257228921127221e-02 5.300756224980432418e-02 7.196756113445511305e-02 4.354314987191757781e-03 3.623167616607876618e-02 8.142768643414649565e-02 9.556305266471255833e-02 6.402037299056377584e-02 1.038929311650479970e-01 3.270256864483281345e-02 4.939223531857691446e-02 5.860521560613587283e-02
3.177547006086563902e-02 6.156848894348337237e-02 1.030786737513052498e-01 1.766532147881779910e-02 4.799119260635893724e-02 8.286988396524633260e-02 1.045735303992980855e-03 4.330126827068050271e-02 1.001900823746818131e-01 6.755850800091675601e-02 5.816399850318396819e-02 1.036421519402445403e-02 1.662982416425326862e-02 1.087058037913957859e-01 9.559805195836898473e-02 8.623254540620797770e-02 3.185665062121579433e-02 2.788478746856112162e-02 1.053096197710799847e-01 1.089561884495779814e-01
8.313269311218401958e-02 5.632676148447299941e-02 2.202450934966541235e-02 1.082479701841284198e-01 2.448385044624038984e-02 9.656711060084581522e-02 4.395442280199343688e-02 3.654185470708079531e-02 6.550784421421577963e-02 7.187444960438603425e-02 4.943067294236641769e-04 8.468354713097134279e-02 5.033819262960973623e-02 6.339762337754381583e-02 1.635897121469428658e-02 6.785533558447293112e-02 5.113089886808211415e-02 7.897429380659555520e-02 3.749422332687430554e-02 6.275533508122192738e-02
1.143958891778289362e-02 7.857407102730679105e-02 3.891477197297590201e-02 4.222980645938928523e-02 9.982082668195912944e-02 7.922500968262605192e-02 5.397928365329336849e-03 6.034496570071913157e-04 1.995959201842264011e-02 3.182836484938910554e-02 8.295938668066718535e-02 8.324240490228028422e-02 5.265662507108974377e-02 1.085367160894623456e-01 4.361966181565653938e-02 5.243581840319616605e-02 5.717688006835133091e-02 5.109730982505014674e-02 4.433221862397889595e-02 4.643933652626271863e-02
1.031897470198152589e-01 9.229152192061773619e-02 9.658423973332250223e-02 1.033578119911727072e-01 5.728597081724931539e-02 4.817311084328232407e-02 1.697437815454744953e-02 5.635044879005994154e-04 6.516798882239075059e-03 3.292124125196698500e-04 1.389430775326648895e-02 4.300491983026561577e-02 1.373774552079021563e-02 9.953013275843936025e-02 1.087644444090681700e-02 8.054086044162465929e-02 7.666657293854095556e-02 2.357773278052117255e-02 2.745314458396884080e-02 4.783279916605492205e-02
3.976296528478029391e-02 1.051965292605741287e-01 9.238407790902834760e-02 5.943536977386167791e-02 1.513178437622551137e-02 7.892483507592641667e-02 3.484685851438911602e-02 5.516841405524398195e-02 6.410923592179325337e-02 7.613183964616056232e-02 9.124604111042725063e-02 8.693937770272877272e-03 8.206836694628182050e-02 5.900828044306277720e-02 1.020958676626633616e-01 2.308594080440044133e-02 1.759296688937717068e-02 7.763310538669872252e-02 4.683246690510463328e-03 1.054878083862123700e-01
