2.621356244954934911e-01 6.991377787534751309e-02 4.004581985887634143e-02 9.253389320648375271e-02 1.190010537482993069e-01 6.968858103794955960e-02 9.006962401089457781e-02 9.270541025107255362e-02 5.729128769653966946e-02 8.473416725197471799e-02 6.024416237053073497e-02 1.017573340687567829e-01 5.765289889601678264e-02 8.672020372901274865e-02 1.427530347570952207e-01 8.865197051861664623e-02 1.338030777510847980e-01 1.426342734599417572e-01 9.472906687331142384e-02 8.279081739524891959e-02
8.509894306581089474e-02 3.021497590815067774e-02 8.577277088753750001e-02 9.569309755379008797e-02 3.206774373566234626e-02 7.112807058682761585e-02 9.073129336709616355e-02 2.535262065293465705e-02 6.982281141641700009e-03 2.424214301987992481e-02 9.505429453514950555e-02 5.575485897433149485e-02 4.494417598874046738e-02 5.268153667265162293e-02 4.693206892898085791e-02 3.696577584251613952e-02 2.938340304327387298e-02 2.174917135010151492e-02 9.454608610104633937e-02 2.298049237495047858e-03
8.574968388449207002e-02 4.204925670066261834e-02 9.283895389454122071e-02 3.867895071288940390e-02 5.397136847636685442e-02 4.684279048986290939e-02 4.071023239419507139e-02 3.950770837711062994e-02 2.858724032049017247e-02 2.166855791454056629e-02 4.582828844906475935e-02 7.029354228021712780e-02 5.425616728628491169e-03 1.269211612096511448e-02 8.946627593875334725e-03 4.482997165735969070e-03 3.053707545012537480e-02 9.531236229480839761e-02 2.011150541722656060e-02 1.388196607278898743e-02
4.505520488505141558e-02 3.566839079731317502e-02 2.658023194939505146e-02 8.992685620524664900e-03 9.834836489902883117e-02 4.817162942359100308e-02 7.807480145672608673e-02 9.950845204530524291e-03 5.807551412076034092e-02 8.746366347041900635e-02 6.315203014305105500e-02 6.937566144627824172e-02 4.656361495067057321e-02 9.747886592732735167e-02 9.950970923279010838e-02 3.647693073725033486e-04 2.898758502947992519e-02 6.187220163007874085e-02 4.334814006619515381e-02 7.844440399555405175e-02
6.363596651949517125e-02 5.962550905244650562e-02 3.158271938771810977e-02 3.573418844094971430e-02 4.276861605268109795e-02 3.213733198520683093e-02 1.179550671578498758e-02 7.504862232270567701e-02 3.926517566673785181e-02 9.986282897549204202e-03 5.295347124219347557e-02 2.538666208769211480e-02 8.544589253589791877e-02 2.534063582054966318e-02 1.600013663969259911e-02 6.617073204228202110e-02 8.867578813505372359e-02 3.129891807546893862e-02 3.683609982324204113e-02 8.583159476476115435e-02
2.439640909996674406e-02 5.676108558013126526e-02 5.416934758003519312e-02 7.439853460922955797e-02 6.674040987023943661e-02 7.976009608416487207e-02 9.189554768942123641e-02 1.924836849430855423e-02 6.200674528882175324e-02 6.040335239853605875e-02 8.000744251721443601e-02 6.367940980428436759e-02 5.340593871539511123e-02 9.039933336087674354e-02 2.494844478605947810e-02 4.246963231730650767e-02 4.111080885639803451e-02 4.496295562695738074e-02 3.668447172873209178e-02 3.780082913750607704e-02
3.906008734842736450e-03 6.678659330772440672e-03 6.596560118422917229e-02 2.542518870644032772e-02 5.932653428438311449e-02 7.412848305680799776e-02 4.215818758721767701e-02 9.871837188151660891e-02 6.092815722215461603e-03 4.534548243118619211e-03 5.556450640562687199e-02 2.504125763234426108e-02 6.478413579657393839e-02 2.652451937394859766e-02 2.886326998506380179e-02 6.491069756227013654e-02 2.042346030925103195e-02 6.415096981395664033e-02 7.254375351294110874e-02 2.166667710452071724e-02
6.862150628719872192e-02 8.816562913789051381e-02 3.542328579965070556e-02 5.569355845290802076e-02 1.594483280970968725e-02 3.423221778189768083e-02 6.723318149412507716e-02 8.824012558778132620e-02 5.922859497963009479e-02 7.597664932980269237e-02 7.795325019734271332e-02 8.297437085533687640e-02 5.666176355206165027e-03 3.322485483088658681e-02 6.335920735432913620e-02 4.890518579919467430e-03 5.449961077879772464e-02 6.852452945968626197e-02 1.266250079773777529e-02 7.380501243552976820e-02
7.594696723856181331e-02 4.859335235023024002e-02 6.497267055853847562e-02 3.741466736316552411e-02 6.126036053509118645e-02 3.980591544718498076e-02 4.662429763005412897e-02 8.921675494142999874e-02 3.117292629039070118e-02 8.790484638777217030e-02 2.993292618482037634e-02 8.996105760383849015e-02 1.411356148539548785e-02 8.502858261175499921e-02 6.869169091498641966e-02 9.531553761135014725e-04 8.337123653201206075e-02 5.596130782243369239e-02 6.773890334654956991e-02 9.473128692561200159e-02
3.991194864845055978e-02 8.954473774211615944e-02 2.215785833480778122e-02 4.859120257560500811e-02 5.404106406675891761e-02 3.397980545355418214e-02 8.077985809420337726e-02 2.497060989491031377e-02 9.458641921421437337e-02 3.760062276847442320e-04 3.233602964466027879e-02 6.996905577333356607e-02 2.307881372689837493e-02 4.865438237729357435e-02 4.841362811556282342e-03 3.286145508384147318e-02 1.932838846474560501e-02 9.059286130568651452e-02 4.899888315349337081e-02 6.877268355579663206e-02
1.239982905969817632e-02 4.638015350817206728e-02 9.247706230634261670e-02 1.832140759478379996e-02 2.109637721160725551e-02 2.873849925656875304e-02 9.564734395688374857e-02 2.064489585319311329e-02 5.786229945329039032e-02 5.841485164510863692e-02 9.292729373064811949e-02 7.527173432296190014e-02 3.147398648070422883e-02 6.319910197532346841e-02 4.656662231135938468e-02 1.810227003326587633e-02 9.220457820462352183e-02 9.713120012894198296e-02 5.049139759280676931e-02 1.551734497305757958e-02
7.997904934303909363e-02 7.226572956778741508e-02 3.568216290824444137e-02 7.017456189556105228e-02 9.522497600784322891e-02 7.078905194874988982e-02 5.471650216400291561e-02 4.083623315169244983e-02 2.474948340795744134e-02 2.920337164833794116e-02 9.748086447338644850e-03 3.739302913568832987e-02 4.878881203154242924e-02 4.776933153050683112e-02 6.685687027223984058e-02 8.258656109053012784e-02 4.839032061932494605e-02 8.533048355538742219e-03 8.131840473986298723e-02 3.335353964410681105e-02
1.629190200549959430e-02 4.776508209461884091e-02 3.234663454274951805e-02 2.159403294947081012e-02 1.730652143830447784e-02 3.257313498165517046e-02 9.689188406008564236e-02 6.044714449496851882e-02 1.466906545167497890e-02 2.294202091236073951e-02 2.695727652043031913e-02 3.562156193895973239e-02 8.530918384859809134e-02 4.541326289681804629e-02 3.569249129683913641e-02 7.437676169011941951e-02 7.758426525631856308e-02 3.916522684296616652e-02 1.234825855581077672e-02 8.568618215082435263e-02
4.913375268998773637e-02 2.045342338809951269e-02 5.204520330969741176e-02 6.242607808620464355e-02 2.768694561157793166e-02 2.561186511201200139e-02 7.385033401276715204e-02 8.535848843169846489e-02 4.273189286393597359e-03 9.062701473807077690e-02 7.509133723515803993e-02 1.946088865090181072e-02 9.751072520941732324e-02 7.490138611511047706e-02 5.779793587859229087e-02 9.592587955638148811e-02 3.810497332945525506e-02 4.560214876701246256e-02 8.940916773654720984e-02 2.087550847496241410e-02
1.123442387625524057e-02 4.867648123027300960e-02 5.363018814321110495e-02 7.424363087473251528e-03 3.519983162160904983e-02 9.446736555773180277e-02 4.917519398122092295e-02 1.771570581419733628e-02 6.192954082406543909e-03 8.783418117650377156e-04 7.862619371163617754e-02 5.575368721890729129e-02 6.779021295961144833e-02 5.970852174317123340e-02 4.804377977315645032e-02 1.025356395677260585e-02 9.178314239312335143e-02 9.300477217005491404e-02 7.104120443633222398e-03 8.139269730203157679e-03
3.698423362329002206e-02 6.613987076411109722e-02 5.321034017873763761e-02 4.582186280684139024e-02 4.609071904521139240e-02 8.244633664087205882e-02 3.085560872324545623e-02 6.957975107979945395e-02 2.113202971217775696e-03 2.837449270202485607e-02 3.312597527260542629e-02 1.376575647962885495e-03 7.879460193254674005e-02 8.000748122376134808e-02 4.539226832273079298e-02 7.179190269066569596e-02 4.469571187681332936e-02 7.495644526564970711e-02 6.939385580112973628e-02 2.554204159281991959e-02
8.746717793463822110e-02 4.530439754493094384e-02 5.907589681756812011e-02 2.517638616861720552e-02 2.135556071985528215e-02 2.091733771196013867e-03 9.098391360584051624e-02 4.526215904963290515e-02 9.602689960842709926e-02 7.675579572863777678e-02 6.436519741101386083e-02 3.982931100306907196e-02 1.525812637145834705e-02 7.852995029545883909e-02 8.046108216680458725e-02 4.601995845643225280e-02 8.427497816037526901e-02 7.658598349645662218e-03 6.821058316845328429e-02 2.248342003516600254e-02
4.275541024259504191e-02 4.945216075125977856e-02 9.065755947770327838e-02 2.977975258472294329e-02 8.463543969960156399e-02 9.354519642618787378e-02 5.153470093542522959e-03 6.000241358076675857e-02 2.397808144877311420e-02 6.185356040925360510e-02 9.441500230985150344e-02 2.479674684949512153e-02 3.668392054008991904e-02 5.468799966679110947e-02 3.466756232685053174e-02 4.922652124669874008e-02 5.496653555419184385e-03 8.931686170561647584e-03 4.167721599939067101e-02 1.412254546664870603e-02
7.949834036736079523e-02 9.427706134044323491e-03 1.683646351085502785e-02 4.395734362733172418e-02 1.998188489521013269e-03 6.194984520532531742e-03 4.664506883171026796e-02 1.303131209815435766e-02 7.148036787616225685e-02 2.691506626060215235e-02 8.781015502904515602e-02 4.097297037373731632e-02 3.201045791363885812e-02 1.540939743958801358e-02 7.335719776856791663e-02 6.126456443296426913e-02 1.341254745921517492e-02 6.357782351310331537e-02 5.685927078815852798e-02 5.521331465153041240e-02
4.531740886433752169e-02 7.703799986282977574e-02 6.349731262570822155e-02 5.443351207160019092e-03 2.656726356720684554e-03 5.186015895624782740e-02 8.515879032647874491e-02 4.732001736530788705e-02 2.673093847355339017e-02 7.298625214445862708e-02 3.213549068556218608e-02 7.840804731040078301e-02 8.172409425896019763e-02 2.130535879516564160e-02 9.208988047110319708e-02 6.737173791782966048e-02 2.330825065606514576e-02 9.263340367050026947e-02 8.643164198495706385e-02 5.225508952281628094e-02
