2.430408600584556267e-01 1.480305425803217223e-01 8.732502389866969583e-02 8.800266533538991798e-02 1.426229668632823244e-01 5.598573303013124752e-02 1.329204228977567959e-01 8.169110058901411786e-02 2.670015526254338953e-02 8.594698044524365366e-02 9.185347106044441934e-02 8.996887107079158674e-02 1.036681006709858632e-01 7.167097261357738280e-02 6.821409377736070700e-02 4.375608936180762354e-02 3.865778730831193749e-02 9.442811921441947309e-02 4.131682260185683131e-02 9.244129567166571582e-02
8.301548961633617441e-02 7.524042001152621284e-02 6.302755536160413452e-02 9.586250783011623922e-02 6.561915235313413308e-02 3.360957377141654545e-02 1.274008320642816636e-03 6.242986049156114270e-02 5.100247793759905834e-02 1.433250197791779978e-02 7.873226729882561170e-02 2.904529684386355712e-02 4.615116497253929362e-02 9.216888993776095607e-02 4.550578940591464699e-02 1.209162809596668955e-02 7.151252350418893511e-02 1.876296270417240550e-02 2.822452081774005223e-02 6.907654957431537401e-02
3.136135697087157753e-02 6.924066907891111844e-02 8.450785480620610912e-02 5.311387573134876416e-02 2.861743319991013820e-02 9.330627939114127800e-02 2.075232297433245165e-02 7.514911077280496399e-02 7.786919689695670499e-02 4.118085463323060275e-02 9.274552837712962683e-02 5.766107458060124036e-02 5.254518394231489156e-03 8.095557242736277359e-02 1.622179053170191951e-04 4.500019137195010455e-02 2.059312417712607854e-02 9.177230911765309196e-02 3.153843012680131175e-02 9.010272100731721301e-02
1.677748724739248562e-02 7.242352674577366700e-02 8.322854811051676183e-02 3.435166215500584652e-02 4.323158365223640776e-02 9.109621275522961081e-02 4.085602122140183368e-02 7.846110617774627871e-02 3.702118560385686541e-02 5.331853265000589120e-02 5.045367385021166939e-02 5.904561534145779528e-02 7.322691080175792316e-03 9.011774821157847448e-02 3.098775840636758348e-03 2.721475103296288126e-02 5.346895020579265495e-02 4.638118795347562218e-02 2.747682584694639829e-02 9.544315217896418013e-02
4.112510245042133930e-03 1.605208371573960818e-02 5.747888998796622101e-02 1.875500605262793441e-02 7.847755468845614424e-02 5.111505296314890201e-02 5.235874848037197493e-02 7.094891413522495804e-02 2.689812570452168247e-02 2.306122276474502700e-02 8.425938088151570249e-02 4.342810171934002872e-02 9.652069616093507040e-03 5.924383597099312088e-02 1.366108913107094702e-02 1.724300004564327526e-02 4.828034318512794409e-02 2.509695263334460469e-02 5.286855317433208912e-02 2.691789393437889200e-02
5.766586275166463160e-02 2.154812811978346065e-02 9.683091380982551677e-02 9.788575484943910776e-02 3.262544752586549537e-03 5.347500436253335709e-02 6.828448581986666654e-02 8.868720313313149806e-02 2.897172150110921551e-02 5.562906215586769371e-02 6.829870505564954175e-02 7.150947469247868893e-02 4.318720975933149075e-02 3.427500807564564517e-02 8.491446279452175006e-02 4.289681887569133517e-02 4.037211689210279397e-02 2.359788403505436172e-02 5.416189654593614455e-02 1.989125304355354837e-04
5.530193703407997735e-02 5.001754810261139182e-03 2.587700445776376645e-02 7.872702376316106920e-02 4.126391493234549124e-02 6.685430181603790878e-02 7.570560145264856877e-02 8.904747787811315152e-02 3.644008602224058178e-03 7.541111987887777479e-02 8.644449457697067629e-02 9.616432808565981982e-02 8.811641768469616331e-02 6.923301434687505196e-02 2.874670309065368093e-02 9.159291651561918268e-02 2.147907041886914017e-02 6.661674191022924629e-02 9.411737398097626273e-02 1.719181832339258462e-02
8.257389266738963951e-02 9.430312273144147994e-02 9.490210886425060055e-02 1.299032117147703828e-02 9.490253809771365123e-02 3.116813954867231340e-02 7.128136315912596277e-02 4.788567425382046772e-02 3.423611006684802727e-02 6.664067537276186295e-03 6.624134850504377614e-02 6.608734465570623162e-02 6.242679438602236758e-02 7.725155421544085965e-02 3.962033614090670203e-02 8.000674530072542090e-02 9.295925685209917300e-02 1.014017546940100371e-02 2.097097018732485638e-03 3.636575523675783517e-02
3.190095084446430834e-02 2.593501958884406738e-02 9.213465840740528434e-02 7.156743394832837390e-02 5.616696425706235035e-02 2.126313622281546245e-02 7.839924837737151375e-02 8.612750543518182811e-02 1.735544714687102877e-02 3.827484196705716046e-02 1.308297411004371094e-02 3.598984513569549598e-02 9.995206837517937870e-02 9.836024586900624089e-02 9.292881193996366251e-02 7.886140107832760593e-02 5.829318628648845479e-02 2.728772668933933387e-02 3.669136342411848800e-02 1.394595213442829766e-02
7.329981035233343323e-02 6.676433051240712735e-02 4.570577745693127185e-03 5.699206113826987830e-02 2.833617104715889859e-02 9.670508752342588804e-03 4.268822499097760237e-02 9.382713594645753635e-03 8.513607671776357577e-02 8.688637928445300251e-02 6.916025206657210045e-02 4.569377473032562587e-02 3.423143321441496356e-02 1.994539470653924548e-02 6.565076764681224142e-02 9.670063010802780468e-02 9.182748437212284731e-03 4.513447396872860562e-02 8.764055436681800204e-02 4.704849130388342321e-02
5.631779170575517551e-02 2.106900287604818092e-03 6.341605985560561098e-02 3.775598102706143738e-02 5.601850648313719955e-02 7.355715288508844762e-02 9.587050535342803159e-02 8.392516413326134295e-02 1.996730894475942306e-02 9.630908471928323333e-03 9.570946446269339158e-02 2.847570069065795753e-02 4.768299114917340376e-02 4.648911485513314290e-02 4.854906251958873709e-02 7.299332325178579939e-02 5.288062310525089293e-02 1.055044954486584856e-02 3.002207154099434394e-03 1.628218647907679964e-02
4.256578388357778325e-02 7.974244047331584262e-02 7.158219374829837001e-02 9.388677699123071721e-03 9.525078074462803301e-02 7.395217571785660249e-02 5.107691628806849959e-02 9.847647214183397751e-03 1.281622384615793697e-02 9.484020030091551423e-02 1.858001320435192019e-02 2.854681072414765389e-02 4.851105786904942596e-02 6.318580256133352058e-02 2.087809601748480404e-02 3.885657530272390581e-02 8.465493901399001597e-03 7.247653654903350728e-02 9.301890451850440555e-02 5.982408311011310625e-02
7.152077079526061865e-02 8.122288170376102193e-03 7.452443529861689508e-02 7.698190259592554985e-02 3.382881489226814697e-02 6.255558796599756943e-02 8.776249427464018205e-02 1.323619973880890699e-02 9.639689801861678342e-02 4.907349382786423825e-02 3.364390235605210083e-02 6.736671659736398476e-02 3.708284967730594156e-02 8.028470835028521380e-02 5.455515157060338016e-02 4.008621180464262690e-02 4.411380952604419120e-02 1.270956205253915942e-02 8.209005271401182899e-03 1.736778095660972479e-02
6.191390528038351326e-02 7.273905479732417634e-02 6.618663272931396557e-02 2.100762980320627568e-02 6.139564379086433210e-02 9.580865382219667936e-02 7.171581647889101185e-02 9.018387696037029333e-02 3.250703638173055993e-02 8.754554127735880709e-02 3.645092117326381720e-02 1.854957323307570086e-02 1.940690954647705802e-02 2.967878259731246068e-02 9.513269926243801689e-02 9.453277529150770631e-02 7.660739616839334909e-02 1.711394246338103844e-02 5.713304000261948401e-02 4.651732822408314455e-02
5.228019660823946327e-03 4.082697889492919313e-02 8.315407313958245172e-03 6.494587323649017585e-02 7.435500148116648556e-02 7.756894296732463889e-02 7.862268200194028056e-02 8.620575297794039193e-02 4.110867606839860994e-02 3.320096652979823842e-02 1.779013495116859092e-02 3.576599034959471179e-02 9.528501541370414107e-02 6.195245370944130192e-02 3.801408010797834719e-02 9.667776087872559376e-02 6.584782814927846173e-02 9.995875651100435966e-02 9.395229690641553055e-02 8.138866482557217952e-02
3.236185066262536880e-02 3.253762421702795921e-02 3.336322972628963379e-02 5.431017961192982635e-02 5.048589658711286066e-02 3.115770571787529475e-02 4.057651868579550958e-02 2.633214152145241238e-02 5.229462147922599169e-02 7.663090984415747708e-02 8.935002775305422862e-02 3.510981460658956638e-02 3.051984429115926073e-02 9.982791432167271994e-03 3.689107963556335218e-02 3.591668285696706514e-02 4.199165073653542829e-02 2.059261134751794176e-02 4.197010342455231857e-03 5.392018317594909904e-02
9.270147065405241749e-02 3.343789172610302923e-02 5.213423673175215933e-02 8.427495982972264821e-02 9.181686199005195670e-02 5.062524907203669322e-02 1.574336428990277467e-02 5.982568181533577667e-02 9.123541914810667786e-02 5.818403302855854747e-02 5.911798585230898691e-03 7.686413023384995602e-02 5.366296880884872250e-02 2.788215873562790645e-02 2.066445901302452898e-02 5.404359107454118072e-02 2.079890560929144316e-02 2.188760359391102306e-02 5.040728468877928026e-02 6.803638375977114072e-02
5.141435893719799310e-02 1.713282284116315543e-02 4.900392414155960163e-02 2.445122228303752213e-02 5.207124103198101234e-02 4.620943970327179295e-02 1.177128835961470735e-02 9.209388332226110807e-02 4.952809381224910004e-03 7.725523538211262475e-02 5.294757502125185117e-02 3.595305299929076048e-02 6.232676339438496943e-02 1.612537510054467063e-02 2.960479169926540088e-02 8.365194156110444812e-02 5.371280560019858763e-02 8.050464695712238050e-02 4.362320078894602049e-02 1.086459074357690874e-02
5.086666608546366874e-02 7.478374115742524031e-02 8.274919396047809850e-02 5.892821713228998948e-02 2.918940173766693385e-03 1.837874843602331845e-02 8.969734856496541786e-02 7.641518036956540527e-02 6.188696367416041122e-02 2.358097040081670592e-02 2.597954451508457593e-02 3.750618211304425353e-02 4.774543489814098152e-02 9.779375719667034172e-02 7.963692575270182872e-02 5.884954949077136899e-02 7.579224435093900869e-02 2.330227426225955911e-02 1.420726333141864028e-02 3.295168019556018318e-02
4.354064280357729244e-02 9.657389631282994880e-02 8.280868482812281384e-02 2.353286179388104637e-02 4.283514559931214660e-02 6.318930221856056129e-02 3.175892919728840001e-03 1.988098408450098692e-02 1.221567792817325297e-02 2.275794072267547583e-02 1.687151686826193807e-03 3.634960531805737916e-02 6.143004831774717678e-02 5.993991831924343899e-02 6.750527650488541420e-02 5.788288027797329482e-02 8.043114591800581969e-02 7.269083235818331323e-02 3.036778264865339777e-02 9.271635761362313766e-02
