2.534058601997692950e-01 1.141576732099146424e-01 9.597463285233959196e-02 1.369694032811538398e-01 1.274724874612566117e-01 4.592431103220116079e-02 9.306721160430958539e-02 9.564440544570235181e-02 1.143309380658858176e-01 6.893399507319047936e-02 6.866232098425360808e-02 3.877780021154209056e-02 4.984890089599885998e-02 8.397981831116475837e-02 5.217319337842706711e-02 4.484787476113619858e-02 1.091898104713453083e-01 1.091136093396372631e-01 1.086938475285197103e-01 7.171612031288088218e-02
4.907405724004677838e-02 9.921852833137186078e-02 7.755485115314475486e-02 5.693459826135321283e-02 7.432009124112878840e-02 3.982268113419577121e-02 5.368164734292401458e-02 2.349167471016646788e-02 2.607577372873642885e-02 6.387814693402035782e-02 2.669643218522917139e-02 6.555823241581559824e-02 4.124062906237111609e-02 4.821538789243641487e-02 5.202105546163785649e-02 4.813561392295260394e-02 5.561336483878601827e-02 1.338107037564871885e-02 5.551943473721993039e-02 3.753600522028120029e-02
9.449157091802290465e-02 5.018142606082943123e-03 7.810598932796087093e-03 7.264019348826721012e-02 7.602625689450062674e-02 8.187075899624433883e-02 7.118986678319587369e-02 5.610245379551716260e-02 1.351742281775196799e-02 1.612452807136159974e-02 8.140364365384757106e-02 6.505651616825072758e-02 1.790929726025522126e-02 1.713246315112360117e-03 7.012195899764402107e-02 4.931894265108924952e-02 2.429848674295020938e-02 2.491421151939554601e-02 5.331151987053618646e-02 9.814809359125514776e-02
7.121056343073935146e-02 9.530536686572081695e-02 3.686146888741635014e-02 2.926713563202030383e-02 1.867992247531290520e-02 8.638430343197489591e-02 4.221291420800808020e-02 3.071569631385062844e-03 4.003643806176715447e-02 3.804174294497312397e-02 3.136669818540448879e-02 4.179051799266930885e-03 5.551808185218956582e-02 9.103876649016918662e-03 4.149527631708783970e-02 8.904084748866261667e-02 4.183750173370029413e-02 8.088519768007015887e-02 2.275928433242566801e-02 3.198742660654452230e-03
9.549897109309701815e-02 1.960873233062043806e-04 9.010390221449371406e-02 7.738596157530561181e-02 5.741550564395205003e-02 6.197303399559313253e-02 9.235762518540235888e-02 9.653365877469712031e-02 2.013257738117382387e-02 2.639779394704918833e-02 9.556271678392941338e-02 5.630257877346456392e-03 9.300233891824075116e-02 5.577001225131111850e-02 7.280687426808729948e-03 8.490048549109545373e-02 7.126863814401189490e-02 8.526073678371191844e-02 1.017129283193661873e-02 8.905957705683691106e-02
5.256850207006812797e-02 2.901576582937760718e-02 3.280854176500967029e-02 8.360242100681296307e-02 4.982981509865747061e-02 5.063672132695196115e-02 8.247411018381596570e-02 5.945083618846765117e-02 9.426974721899282483e-02 3.832321708436549346e-02 7.598010323466496130e-02 4.855381530478294905e-02 4.364430834897751327e-02 5.646695271088409069e-04 5.040838016663562633e-03 7.827623739573469352e-02 7.133575941409296683e-02 2.809253787501837796e-02 6.696662030772054797e-02 2.350562375120115663e-02
5.447710136101636957e-02 2.579539104339730049e-02 2.102658794944045791e-03 8.628766024403328183e-02 6.779895846808783877e-02 9.773506548769962665e-02 2.285862777557765707e-02 9.696929749005182841e-02 5.845604493644834809e-02 9.788908809385338250e-02 9.800634741813441311e-03 7.578661454666960062e-02 7.183191231379082789e-03 4.207067369282746841e-03 5.664482873248478934e-02 7.419972828301887868e-02 7.553083066476207197e-02 1.078120532056641226e-02 1.431464019574032499e-02 5.053809797518579727e-02
1.316269660856171989e-02 9.068396734296078898e-02 3.472443407361062301e-02 1.605423003695788386e-02 6.196798274807230333e-02 5.994217641963481280e-02 8.555161762239323064e-02 7.098152731303801477e-02 4.683830554733858786e-02 4.882922970537596774e-02 6.330230867795176575e-02 4.835685475256837340e-02 2.521563819961984004e-02 1.629421725366935261e-02 2.034824487548266003e-02 5.989508339369713913e-02 9.705661092872168438e-02 4.112389997865030511e-02 4.494810370683926387e-02 5.981613142898172669e-02
6.875618463897485710e-02 6.069807921120831673e-02 2.286967683062584092e-02 8.361902706087472048e-02 1.237672731273229548e-02 7.822010850605490284e-02 4.552715132627771326e-03 7.720915679087222983e-02 9.713940225988655641e-02 1.647323609286543977e-02 6.522526023084700142e-02 8.052039974785624166e-02 5.957126971567942159e-02 3.671546914043721799e-02 8.548632963254276795e-02 8.871669944261652285e-02 1.893544389779917847e-02 2.861358235655716772e-02 8.188416435896135603e-02 9.861267287815893290e-02
8.316170460993599356e-02 4.932207319774506438e-02 5.952414665009034267e-02 8.157981233152922229e-02 5.689766244991946442e-02 7.865043852448116990e-02 2.931411901814733392e-02 1.748031761327412115e-02 3.243439136058341721e-02 3.619993103441826454e-02 9.264783720510767762e-02 6.735610645055614687e-02 6.667704388887407685e-02 8.228787061029238514e-02 2.702363789890121007e-02 2.632042505014199618e-02 9.457902435693777300e-04 3.633796113154611623e-02 6.170916800844492012e-02 7.447472553292688868e-02
9.042992608566069457e-02 6.954131103064829789e-02 9.914486667053758195e-02 2.694849587379333222e-02 4.767155851542503875e-02 6.095887936592592204e-02 2.591639059911975476e-02 7.698941127968884912e-02 4.867366995552958875e-02 8.371327273721750062e-02 3.930152488533134036e-02 1.319255230049678519e-02 5.899465546218183448e-02 8.950262397317203245e-02 5.989915393328829052e-02 9.096286465903796747e-02 8.245350249624644468e-02 5.012350764548637733e-02 4.508112267368354076e-02 9.835436613816950224e-02
2.221079620684707125e-03 6.961803539832266130e-02 4.550761082396464347e-02 8.216330227558273080e-02 4.717729135398227025e-02 3.377913784867625935e-04 9.943985080937542409e-02 7.428794210338195148e-02 6.533173352657140054e-02 4.578457211491331752e-02 3.785630115084617775e-02 2.079528092923110805e-04 8.317498986992735710e-02 4.973260151850786986e-02 9.070815569983237125e-03 6.365533641684718857e-02 3.013246338334915272e-02 2.624161630581146876e-02 2.607348213805813636e-02 2.303884253052650502e-02
9.348087187138189036e-02 6.365914890218968281e-02 8.049660861244274657e-02 9.856780175598039984e-02 7.468088325820389228e-02 7.985231469368175850e-02 8.183058987611496748e-02 8.466499424792128803e-02 3.924417787260653379e-02 3.817781912941131672e-02 7.372958674062118911e-02 4.904203650691766475e-02 8.071451658503135673e-02 3.416286617882744597e-02 6.383817871926814047e-02 9.373219263374188426e-02 8.969373961346749358e-02 3.537298831427409390e-02 5.466849045566966186e-02 5.779729365756861026e-02
2.196133784251892707e-02 9.402691043296079743e-02 8.449809593086038406e-02 4.872521393119948890e-02 9.992890710454711833e-02 2.574645388318905909e-02 9.084892332739952225e-02 6.229395369143609328e-03 9.165852855618134010e-02 3.560748611069375347e-02 7.103153680635240774e-02 8.305316460762975084e-02 2.339455867091470159e-02 3.432462566712140423e-02 3.960987048197266852e-02 4.958437097726125370e-02 2.401796296672353836e-02 3.536247762183727245e-02 9.564666299500659830e-02 6.165125284182665366e-02
8.613159089975208627e-02 7.175735973628301345e-02 7.068499536304470587e-02 5.831022131552977827e-02 7.215349134916559937e-03 9.788006598441778561e-02 6.355010836662275397e-02 3.946200839619837947e-02 1.093051888065205146e-02 6.026748793875063431e-02 5.126532432698558545e-02 8.575976545572741583e-02 3.909636546722630723e-02 5.254849247859726818e-02 7.630643350454548168e-02 9.296160489589969100e-02 1.267634726675598289e-02 5.626699126293682046e-02 9.723828995997746416e-02 4.846265010301149812e-02
7.974554586006299059e-03 8.406611329057375737e-02 2.378993168630520044e-02 6.191705918501955522e-03 4.523265315261753433e-02 5.565489907645518319e-02 4.030242708791880596e-02 2.637838301803751076e-02 8.041781337818076913e-02 2.675068733586764141e-02 4.561772312959520154e-02 4.986722376962365172e-02 3.147304678643868953e-02 6.719209438832400572e-02 8.041681496806679652e-02 6.456699944637132871e-02 7.081233899735610293e-02 8.440644483635494078e-02 3.610024507614928435e-02 7.974597104648466217e-02
8.384581720816036698e-02 4.716572819717721604e-02 3.221900322068216305e-02 6.518130686960810216e-02 7.711708468182230936e-02 3.465379010731528542e-02 9.860362405121131379e-02 1.720310718290194579e-02 6.601444652504798172e-02 8.898044657641332456e-02 5.031917486078474333e-02 6.673232988503575991e-02 7.372230609541645385e-02 2.652196524730554908e-03 6.504140493888900532e-02 3.713214313669044569e-03 4.726513824467235697e-02 2.968491948460979732e-02 6.495796337316739333e-02 8.156674336113065027e-02
4.999466829012660235e-02 9.152327113692558525e-02 5.282441284992013542e-02 2.582999566839896607e-02 3.932406982920708116e-02 4.549167243385058429e-02 3.015927069389553669e-02 4.593968660953423599e-02 3.515554532194953286e-02 5.722426823295766879e-02 1.955122604458045185e-02 9.757725528488239708e-02 2.771093615816974318e-02 5.934883698416361375e-02 4.061483073110036535e-02 2.660325552724899373e-02 4.028108790847914622e-02 1.466285346631740483e-02 5.256663565857803283e-02 4.938930112835529518e-02
8.294234154078233834e-02 5.714158976907068171e-02 5.262277988111644517e-02 1.516055053224333454e-02 8.570444786823121219e-02 9.728734950822846839e-02 7.148069271176192563e-02 8.433648800331797202e-02 7.460630232969443776e-02 3.056147197714207536e-02 6.636157072343415453e-02 2.428887115469734528e-02 4.987434752272146277e-04 8.219247862338996055e-03 7.779869549256093753e-02 6.565437131995428832e-02 8.249576967822130902e-02 1.461635407325938621e-02 7.242239430773543540e-02 5.304690457769375977e-02
9.707081519324300967e-02 4.565573781880239226e-03 2.918967815968976157e-03 6.891407356473971957e-02 9.440599585388192994e-02 1.354966762313527563e-02 1.781282492135798437e-02 1.223679388347234144e-02 3.103864566841675610e-02 2.105539167638816045e-02 3.494897611065435339e-02 9.445674060349938672e-02 8.994588693127769652e-02 9.867308160703980313e-02 2.233587293497074720e-03 4.566439927306501639e-02 4.942947712396126431e-02 1.745709631590520658e-02 5.509730925618656905e-02 8.427969544755573028e-02
