1.737338009256152727e-01 8.518217649995031560e-02 1.143072400571803343e-01 1.127387217533246389e-01 8.775908487947607639e-02 1.283622686229864418e-01 9.814917900658527705e-02 1.799598172414649255e-01 6.590600684516131902e-02 1.040985006869250690e-01 7.118900708606126781e-02 9.292141665477417212e-02 8.928310049345346278e-02 1.384601203346777498e-01 8.666148572964404995e-02 5.886000874490646129e-02 5.733603247441865225e-02 3.689192239684717378e-02 8.058678609533734272e-02 7.872201590838356910e-02
5.704929539007147499e-02 7.663603615338297759e-02 7.571605696577482503e-02 1.241295872894931755e-02 1.885813837888927411e-02 6.267771212692924143e-02 7.332140995861194388e-02 2.051702457357772527e-02 8.834180459837999433e-02 7.514080124425394358e-02 7.312505241352013075e-02 3.943917988318947077e-02 3.449584588194503504e-02 5.830826152517852405e-03 6.331909154127234041e-02 5.641256792808235082e-02 6.966152554079357677e-03 1.012974030723723107e-01 1.027893651064798464e-01 8.901827799124246987e-02
3.399717316585491866e-02 9.597615327736538915e-02 7.422852496990095528e-02 7.247835135741701081e-03 8.922086797353295795e-02 1.050605935916557737e-02 3.281345865094847936e-02 4.610489720204175544e-03 1.819490350830064648e-02 9.142652120749220068e-02 1.019342844649429730e-01 2.428915849399363933e-02 5.268025722378752440e-02 3.719319163321789523e-02 8.042275500623519147e-02 1.063164739506162505e-02 4.518958448159584446e-02 1.032176381398289544e-01 6.913623909570565385e-02 6.021256950399220265e-02
3.432881332389065964e-03 6.055595412248088866e-02 1.680082791081145832e-02 3.599503802682259973e-02 2.026691190614742476e-03 7.178204688482921376e-03 2.461874904054038582e-02 5.808796765013835885e-03 3.435030006860387980e-02 8.945175527586000930e-02 9.306683453523688365e-02 6.648733343471283086e-02 7.580281158788566842e-02 6.796647357557879243e-02 9.759287421301644783e-02 7.393301758557420389e-02 3.277049374325841091e-02 6.999448638304385517e-02 2.880706055531804741e-02 9.910586327118160732e-02
3.627657933933946949e-02 6.812176668984666617e-02 1.019335093492094862e-01 4.008736336464892996e-02 7.977222837420316903e-02 1.404204830211795534e-02 4.073193382115103400e-02 3.073865057259220560e-02 6.144861229481801343e-03 3.196804514421092841e-02 9.270279603305693616e-02 7.365249408015328569e-02 7.289220130241914897e-02 1.551078226356775516e-02 6.885307177581395655e-02 7.589127967748655890e-02 5.048885779528081846e-02 5.258401778202209664e-02 5.394206366784803919e-02 1.990978042641718473e-02
2.641835000541654932e-02 9.262218192815302453e-02 1.136208188077172249e-02 7.439463117905124878e-02 4.775834297915706322e-02 3.136194228022481933e-02 3.585075525427582066e-02 7.850183431619127405e-02 7.019523807153225936e-02 3.772823981575459257e-02 5.933611451981008617e-02 8.018871395514623468e-02 4.143331199877844234e-02 1.184770468329429324e-02 2.353940999769716172e-02 8.391972312094175823e-02 1.112923111383538888e-02 8.589356238581798142e-02 3.329079656315988428e-02 5.090634112219946661e-02
6.673942452105134648e-02 1.332348644365953169e-02 9.217706169985097342e-02 6.756051358883156943e-02 6.020762107994447054e-02 7.251734045344988833e-02 3.527052678988148310e-02 6.500068134755689064e-02 3.388960296291206736e-02 1.705503393991545519e-02 5.074080544975721752e-02 5.845028741790016941e-03 4.696964782224766211e-02 9.896606142051235511e-02 2.163498955707188545e-02 3.227034198006414195e-02 9.086035885571989990e-03 7.597457824429697248e-02 2.129021478397558412e-02 9.115543218785766844e-02
1.049648874479792819e-02 2.557197468238300506e-02 4.403727979815726806e-02 2.192127926029357327e-02 3.414463469949065993e-02 9.344856004303662977e-02 2.650404072159628921e-02 8.982768506582299028e-02 9.099296007256456320e-02 6.623357302931801027e-02 7.464246490976322868e-02 8.273914100935179927e-02 9.450172441811750812e-02 1.718267511307607423e-02 3.698742420199529232e-04 6.287273811383647937e-02 4.088286426172464683e-02 7.036690245375868021e-03 5.924905205348802301e-02 6.300388294541500733e-02
3.059730215928566782e-02 9.926034463415990550e-02 2.363414551900522992e-02 6.634401603542973425e-02 2.437828114223177661e-02 2.753176789375191141e-02 1.440277963051628946e-02 5.772534705454326204e-02 4.703429882229550468e-02 4.065121843426729858e-02 8.600270568639460655e-02 2.106315087582651818e-02 2.836439378709562642e-02 8.853310800413236037e-02 8.119805090610676679e-02 6.754350793683940035e-02 3.353563035303781109e-02 1.374232133622182127e-02 2.893343759567683360e-02 5.052271158280283864e-02
8.471003254031481133e-02 3.274462368820304364e-02 2.791580291977603309e-02 7.126710587232858163e-02 2.720989852850250190e-02 8.628988935437680204e-04 9.201103395765534987e-02 6.691866171355477511e-02 1.022668117781738856e-01 4.925128989618204195e-02 4.678019341980906021e-02 8.378544223281875203e-02 3.554130557219506437e-02 3.750662256627768087e-02 4.630026458260301514e-02 6.363249343035813806e-03 7.911626031736831988e-02 1.868110132815800975e-02 9.871951574070027269e-02 4.571885003950496712e-02
6.351553842034327046e-02 5.001270175710544053e-02 1.746478540406348062e-02 6.660986730146740975e-02 6.318149978335778350e-02 6.227161179435609234e-02 4.591825300224581380e-02 7.506248083658997872e-02 4.559810892143600219e-02 2.858234394043242949e-02 9.260516671686173928e-02 8.370471116611233331e-02 4.444941999331112475e-02 4.515552760440873226e-02 7.710513954788965341e-02 9.295845095394844604e-02 7.562323208349985837e-02 5.180584817639286715e-02 3.097791360516484460e-02 9.862570614493407217e-02
6.637805961279670541e-02 2.019606455916580015e-02 2.044745979453184512e-03 9.449967835973724362e-03 3.526256857120003974e-02 7.664745441057693731e-02 1.778649986682817943e-02 5.668970377498348812e-02 9.450154761383984525e-02 7.726124248857856036e-02 9.019096609244887930e-02 4.860054159307655025e-02 8.544466880916931628e-02 2.601003217281073684e-02 4.855586439203322252e-02 9.735360828251246601e-02 2.437466201816285497e-02 7.470847323496672410e-02 3.952403930987784253e-02 9.063429595118102644e-02
3.399068748620657360e-02 4.635977197931562960e-03 1.018195510727421954e-01 9.705648128493635229e-02 4.946036074469280230e-02 1.181000660933647327e-02 2.785695638196585694e-02 2.536163381068282444e-02 6.119846823840990185e-02 1.023386901596407550e-01 7.981123012178480136e-02 1.184277380010526374e-03 5.267954042667204184e-02 6.589270103916718482e-03 3.187487245924760376e-02 5.302740734452868893e-02 8.323011919296423311e-02 5.260337135820351145e-02 3.741470946777417789e-02 8.945384329007725899e-02
7.025824250118474501e-02 6.695667232754179410e-02 6.669627123096553978e-02 9.273645367683597263e-02 9.477328458286132795e-02 2.730766727213179007e-02 6.109921687815794700e-02 5.273829157711943522e-02 3.962027746634178699e-02 6.495825750959878693e-03 4.921433439356210499e-02 3.830787915650535336e-02 5.446907149961155437e-02 1.006048505835102636e-01 7.243238436612435549e-02 1.302820799828977028e-02 7.113559212639596063e-02 5.443167172838991874e-02 2.412606578821328146e-02 5.355214602900758292e-02
2.511129830608231639e-02 2.949125133346685440e-02 6.366540608056243944e-02 5.603345733620769542e-02 6.907474564844807985e-02 4.813398711971436650e-03 3.719558481044119014e-02 2.483586397324855435e-02 4.412346200187292067e-02 6.248654143335919536e-02 7.573356443467997579e-02 9.533394033432338044e-02 9.657649682466044536e-03 1.031847234429741633e-01 5.568262140915217207e-02 1.181955427580054854e-02 4.702069350085882199e-02 6.616527465062232993e-02 9.705090079019403071e-02 5.000316158205696943e-02
4.857284140196164307e-02 5.829557101799948821e-02 1.400188433766071799e-02 1.645014139476490278e-02 1.597350651979836250e-02 7.124973966327349459e-03 8.612775897564793615e-02 4.296050409292440087e-02 9.299434641764577070e-02 4.876398294103800185e-02 6.155253598129776377e-02 5.235052503805272262e-02 7.374155355079045626e-02 3.999299161308490086e-02 7.070473836964831504e-02 1.338800650189859998e-02 1.437005024595200756e-02 4.540840489264794111e-02 6.683197892555524378e-02 1.024435085311022897e-01
7.380911067100488776e-02 6.670794430433700517e-02 6.837887112793006317e-02 4.638346862829982598e-02 4.759164092315986555e-02 2.058608356347033097e-02 1.028662539290970818e-01 7.697475804129100263e-02 3.680886302616682981e-02 1.607842147394277291e-02 6.677300179047405970e-02 4.168718617296951479e-02 7.811399472241735420e-02 5.874840702943684434e-02 7.270016770125169170e-02 3.074673375804555867e-02 1.995851944908132863e-02 5.102780195786743578e-02 5.928046807359791531e-02 4.624766302133204166e-02
2.855681123248638223e-02 7.231745079899944140e-02 7.123015501925729354e-02 2.363579620999131312e-02 1.357074156311226069e-02 2.808485515830965243e-02 5.627983299032855713e-02 7.156755424860032633e-02 5.302784914784426651e-02 1.824889839886813421e-03 7.459476222784906796e-02 4.999050969058949079e-02 9.697028895163889439e-02 7.513238972960137319e-02 3.095466043400280434e-02 7.650182076765450756e-02 3.823521264058037800e-02 4.035788543266168732e-02 1.302129668612110255e-02 3.028656270914324364e-02
8.272147419911278152e-03 3.999720821748384975e-02 8.522063364508586369e-02 1.789775282597374367e-02 3.509566581475615649e-02 8.300202970130197977e-02 1.070051957807801202e-03 3.413415671315411098e-02 1.248960694249859164e-02 5.141643406007972289e-02 6.259259423228931418e-02 8.545966995312842540e-02 5.905081055031764087e-02 3.817533124361512792e-02 2.371995629166327984e-03 5.176878709114351301e-02 8.176848385570961719e-02 6.026689511143274586e-02 2.902046967735208080e-02 5.336183242363035095e-02
2.205157396104338516e-02 5.219279647395949628e-02 9.980557472792465912e-02 1.096465051269501431e-02 3.217855846062221518e-03 1.181968270991212017e-02 8.929463555031920408e-02 1.007205066120673009e-01 4.724757399603507491e-02 5.832553999188559019e-02 2.281641438393438095e-02 8.534919151583866825e-02 5.643030901573932445e-02 4.387592222107591054e-03 1.876570000723475030e-03 1.417134440133503356e-02 2.257015923908563260e-02 9.534516647415731960e-02 9.667527259278822782e-03 9.473401745726979517e-03
