2.988491242388418012e-01 4.804077944778269854e-02 1.973770420539558076e-02 1.124119403691210828e-01 1.089187206456578155e-01 8.843916624374277557e-02 1.050172727297545884e-02 8.510447748388375033e-02 9.551666315723045253e-02 1.392712568367852066e-01 4.925134741125885424e-02 1.110596803459311666e-01 7.124558823448025324e-02 1.166512328960164768e-01 1.437345670586084867e-01 8.271332843113163302e-02 3.032737665517482029e-02 9.206975822167030865e-02 8.619337007096478098e-02 1.097143925886043259e-01
6.292410367524621517e-02 2.542302837892190803e-02 8.795768017077963685e-02 7.891924891235546982e-03 1.171336932846112023e-03 8.626188478267522719e-02 3.458197228955633279e-02 7.755624815501044322e-02 9.158965881586926538e-02 4.094338239101152910e-02 3.529652169268423373e-02 3.238439708597255079e-02 8.228142568371504817e-02 8.204650624042086893e-02 8.888635578981557428e-02 8.888925643387184106e-02 9.413162537113770045e-02 9.853560788668364046e-02 9.869737003174464118e-02 2.109928412868149541e-02
7.918725092638546903e-02 1.697264341343274197e-02 8.584290379057769871e-02 7.675204054242480700e-02 2.456085222167775362e-02 6.822488974503167214e-02 1.781665299911173658e-02 7.583404471770426036e-02 7.388538086047244380e-02 8.240622589115201291e-02 6.735554137999123780e-02 6.734670583160863588e-02 7.637466232942524691e-02 6.072542285446374394e-02 3.208931651471265412e-02 3.959462600715112773e-02 2.684613411557168743e-03 5.953576551060707489e-02 4.845006234685124424e-02 3.382223255501216885e-02
1.350556923265813260e-02 9.962588617930617785e-02 6.680111684061618149e-02 3.748975865180468464e-02 9.637600072223286019e-02 3.539219336125788706e-02 7.052628655148580894e-02 2.599244578317782065e-02 2.641572567538101948e-02 3.162261435543377991e-02 5.019499890137362613e-02 9.850072930580533459e-02 1.764724842010625613e-02 1.622234434909786312e-03 6.470595022816370834e-02 2.875199019175858281e-02 1.207709796429941133e-02 5.214912931583801786e-02 5.054227270771371322e-02 7.729469026126133124e-02
2.493253904059933648e-03 5.476088262959402653e-02 8.028691933899063937e-02 3.720198654337576738e-02 8.812911217372991490e-02 8.949914631011750277e-02 7.669075714190841386e-02 7.408591815450089879e-02 2.257978271849647722e-03 2.597262083297514901e-02 6.467923936765582194e-02 5.432844881433188111e-02 1.953157791022246473e-02 3.971049890229808726e-02 4.043290599884163949e-02 6.991973009904917449e-03 5.487932930009921384e-02 8.488330836199362017e-02 1.036024804677872051e-02 7.567014222777616872e-02
9.154743725544517430e-02 5.106570285034839340e-02 7.687970208221869828e-02 7.962262072729442419e-02 5.793915907667434445e-02 9.087243408867022587e-02 8.566649047515033366e-02 2.221400432522155008e-02 1.674064831310977455e-02 8.001680392550328258e-02 6.005401502071253811e-02 3.888403365668019473e-02 4.247320088814605932e-02 5.833267021843191458e-02 1.633986744444231379e-02 7.892129759865343375e-02 9.039808912120905759e-02 8.774949035884832549e-02 9.406718196773269924e-02 2.006738306278296399e-02
8.620229939027361510e-02 9.738895066009384260e-02 1.060022505783824245e-02 9.195251400619149085e-02 1.046505585811191574e-02 9.236755482499962866e-02 5.356399363891754112e-02 1.486697235806300199e-04 5.323136448284507272e-02 2.546666904634377337e-02 1.751907099089766717e-02 6.013224087392757267e-02 4.084398455657321098e-02 6.995999029272070846e-02 4.440199091679761928e-02 9.670131487432559458e-02 6.893208740108475174e-02 3.742764139446552729e-02 7.297916360354135545e-02 1.102557325871544869e-02
8.776840040640472573e-02 8.872008402955534889e-02 2.519344471149922646e-02 8.088398656890606608e-02 4.072708786204403547e-02 4.837537829719795734e-03 4.903982775291323981e-02 4.451863469373260052e-02 3.084849810463056313e-02 2.690187988585857060e-02 9.360858623676004964e-02 8.387164393799111106e-02 1.830412503037381943e-03 3.437982945372978355e-02 5.004322544844868464e-02 4.278128180010973974e-02 3.087170790881189897e-02 9.829712905151078220e-03 5.991511742740005669e-02 5.625402008458438297e-02
4.633421179810207069e-02 7.892995357052140504e-02 7.239847812410396544e-02 4.622631929448627747e-02 8.011756752384857844e-04 9.007802260937962380e-02 2.555802472204180692e-02 1.932239328583162941e-03 1.728993983224261927e-02 8.292604631447149377e-02 1.561922539368448826e-02 3.094639471599891674e-03 4.950636043970196853e-02 4.600023670681319468e-03 2.197764655856247057e-02 2.164788382833628122e-02 3.512804346011210582e-02 9.169675076730186836e-02 2.706133425244526894e-02 9.030761099500644873e-02
9.080563304966676741e-02 5.448933869872995888e-04 1.154248327319589221e-02 7.389033563434316276e-02 2.384497839859661683e-02 9.536896059899284406e-02 8.799076589281729088e-02 8.266467068378635652e-02 1.123189739378401865e-02 7.358680172281914511e-02 3.755817184359881017e-02 6.951476908943535205e-02 9.950840105439393013e-02 2.510751729678453378e-02 1.070297715850609911e-03 6.714165738730136501e-02 8.334387875031502857e-02 1.901837526032799236e-02 3.310338385286200336e-02 2.766300299680915162e-02
2.638734775934592838e-03 2.341826640710076290e-02 9.604951905033404236e-02 9.611312497449664427e-02 1.110470778179557631e-02 2.097912749619683728e-02 6.400750506030325471e-02 3.895161340185298443e-02 2.063101398480116089e-02 5.164107892024355495e-02 8.901737311817674303e-02 2.342905596424551748e-02 6.350639994652766684e-02 1.827314506649749953e-02 3.169023776331503228e-02 6.867250699391233559e-02 5.919055063321318477e-02 6.205961492143064438e-03 3.211900784754730814e-02 4.397629622376633685e-02
1.448626290525425499e-02 9.531505427554209930e-03 4.483520493323934174e-03 4.862195898572560515e-02 7.906489759090962188e-02 9.977065424740697019e-02 8.434488480430123170e-02 2.702209131057255187e-02 4.229988261877897643e-02 4.806985430987375379e-02 7.482300723664010722e-02 6.043221303546505996e-02 3.854507427461890956e-02 1.442832391790286467e-02 5.966730912576612145e-02 3.109320429456785551e-02 8.320924563881632041e-02 7.755624345621417448e-02 3.654912384118243207e-02 2.600451130475015665e-02
1.708720016187978072e-02 9.855111573962750324e-03 9.762399175705538824e-04 5.550968297684542169e-02 3.638555604098703267e-03 2.896605532064078573e-03 9.230141283282797260e-02 5.335755625211714703e-02 5.402382138700524000e-03 1.344952580035192573e-02 4.616093673350952185e-03 3.616210828889576678e-02 4.927572691292639306e-02 8.848058425534431615e-02 9.990598556079084702e-02 7.831926952816459231e-02 2.248820645576021793e-03 1.098959343298261393e-02 1.972958526991023392e-02 3.491446940136844288e-03
6.841022052669615272e-02 2.520473000599881067e-02 1.890200587413778596e-02 4.977185408314089426e-03 1.780823767697005053e-02 8.345391279113348326e-02 4.622917929272452216e-03 9.786548475524919910e-02 6.096295064499654415e-02 5.406413213004612750e-03 4.532290578803783998e-02 3.996830775832509869e-02 3.785236406441405688e-03 5.477191416764476406e-02 1.381978569495100409e-02 2.930370450414143766e-03 4.254029821145644420e-04 9.196536822652338905e-02 5.897078002425291260e-02 9.703305366408176980e-02
6.411764451699625278e-02 2.014922430386271307e-02 3.473590124892398517e-02 3.011931918498622889e-03 7.097254474381811673e-02 6.370720456575412749e-02 4.797093813222539499e-02 7.882996274225206879e-02 4.655057268729764774e-02 2.142391982958532712e-02 7.613947607855209299e-02 2.594308660556146270e-02 7.559581554978944684e-02 8.511170329506280094e-03 7.805787527761308409e-02 8.452444383924541393e-02 5.260536390776017479e-02 9.301673498897149173e-02 7.216875877450820709e-02 4.955934364641620404e-02
9.559739278821643982e-02 3.858190912851289407e-03 8.764471454121411376e-02 9.148895048777228034e-02 8.695155679834720708e-02 9.577745866341291769e-02 6.727501612321702684e-02 9.746504719381182680e-02 3.700924242572386363e-02 2.156108160793699519e-02 9.336111635281377219e-02 6.959953618427910937e-02 6.116798382067365619e-02 7.914051872077240701e-02 2.499927122279925820e-02 2.798270065599858455e-02 1.767312066403751297e-02 8.039392375602150143e-02 6.832653993185367446e-03 3.628961619887562107e-02
9.170306579653386692e-02 5.666869963104603086e-02 3.714542234982505520e-02 1.109757820416490447e-03 6.699690508428922386e-02 6.474813695637183218e-05 9.445033744128886188e-02 2.341690722876314107e-02 1.388282670050756777e-02 7.144133554691907417e-02 8.569424778036299761e-02 1.245623810314593419e-02 4.665529642089571993e-02 7.001063585854531979e-02 1.908438175845383975e-03 6.289683675993283651e-02 6.567306462898338248e-02 4.903680630976584021e-02 7.293811207232586691e-02 6.294654498153395839e-02
8.898884029484978309e-02 9.758929789925331263e-03 1.870149715471369854e-03 5.669653566188544158e-02 1.445281544251142414e-02 2.039283664999039930e-02 4.734156508315743445e-02 6.029959374958063917e-02 8.498645711911059775e-02 5.713595539022704728e-02 5.866806873043385606e-02 7.270617211235111399e-02 4.342151027902164950e-02 4.880586019611543591e-02 1.295830121542307454e-03 9.935194334650349068e-02 1.772775997327296141e-02 9.017695491877647518e-02 7.925189961935612259e-02 8.588323923622166733e-02
8.230871542263287766e-02 9.471801520415107367e-02 6.436578152438419964e-02 5.306833732182000829e-02 3.087851778726795685e-02 8.636959550535686092e-02 3.530770063294732392e-02 1.318204222928955928e-02 4.849376928158588909e-03 9.189997155666668194e-02 3.739253984376521983e-02 6.468649161857598084e-02 9.175362368818162917e-03 6.046116627269002702e-02 9.671409533303319817e-02 6.836439252884958517e-02 8.021466739883232472e-03 6.336763019242079575e-02 3.153307814143491497e-03 2.073655348320790903e-02
5.935585720409074922e-02 2.899765709392966573e-02 1.836161820335553349e-02 2.960975802397801740e-02 8.373174708506109232e-02 9.014743944958666932e-02 3.477282872923503215e-02 3.329170923503920604e-02 2.243465334427060739e-02 4.700994603958218859e-02 6.911917537066196437e-02 9.900957532224272106e-02 1.911699651786510565e-02 2.900354132132753129e-02 5.559323064847770945e-02 3.445271343107442208e-02 5.717666596602902912e-02 5.164827716141948133e-02 7.482183859833821393e-02 4.705522903300495691e-02
