2.617202512726276020e-01 9.099053196575371261e-02 9.994818959486068133e-02 1.038142569931047726e-01 1.222989099331359963e-01 7.611219265021398894e-02 7.611915025943276347e-02 1.369624495051201540e-01 1.114591983983568291e-01 1.165922878191122114e-01 1.014494547625271748e-01 7.883231001152037065e-02 3.834053099726290187e-02 6.017495841894049402e-02 1.211042587455140596e-01 3.675854594215771654e-02 7.777205800340461495e-02 4.990836942783003632e-02 1.048969784729763544e-01 1.295481806850455261e-02
5.483153602089352492e-03 5.668654247336191859e-03 6.677279701533983536e-02 4.551703849038838540e-02 2.226607326118347496e-02 8.125217305072540697e-02 7.991955861317000254e-02 2.410486984504483024e-02 2.449883968436146475e-02 9.302662314520046549e-02 5.477865595802281634e-02 5.084271338803511564e-02 1.928809783693580249e-02 1.359189251316214077e-02 8.616192997604332771e-02 6.230529131700553169e-02 7.211142773755048474e-02 7.561478836234485079e-02 4.983704638059128361e-03 5.668261721221923288e-03
7.799471296947438348e-02 2.464163424948799877e-02 6.219298684766937785e-02 9.028071033853835026e-02 2.686299906120881431e-02 8.820231818726720352e-02 8.604673379304822456e-02 7.596041196576247545e-02 5.086817551222240497e-02 3.760455620457414661e-02 1.403070337041079085e-02 3.626996115292491327e-04 4.407823807107267428e-02 5.175060194429292187e-02 7.965330510627827154e-02 9.594530233559044052e-02 3.210257954327016411e-02 2.365541778612592280e-02 3.943417526226566244e-02 2.316709783871814463e-02
2.937244477904867035e-02 4.677626920190154636e-02 3.603623984913907619e-02 6.420070477499129069e-02 8.282154398677119000e-02 3.420644451936313141e-02 1.316510555191156145e-02 2.017536655296857731e-02 9.125587272400778605e-02 8.009979399684022394e-02 2.568268423686148952e-03 7.162626932261054180e-02 1.310534585691695147e-02 7.821036822611186767e-02 7.792641687823616270e-02 2.380769980449319936e-02 2.141527489716418473e-02 3.703068195733751067e-02 6.542895369156356833e-02 4.766713911345217547e-02
9.389263971827885302e-02 5.510099315559124217e-02 8.073215965653773862e-02 4.651716475187180067e-02 7.949846615703211328e-02 4.794196765098307500e-02 9.009914357950248032e-02 3.335895604946358811e-02 8.118025532679941370e-02 9.295335553196698575e-02 1.758049921897052517e-02 9.016963164591279556e-02 5.096750348049322588e-02 6.960848870284427892e-02 4.841774807937139491e-02 4.799324624680339352e-02 6.083387314301547458e-03 9.042797371113610316e-02 6.640673905196026183e-02 3.379190470448234507e-02
7.391038760994531054e-02 1.219537499898385585e-02 8.212128664479853568e-02 5.920040113983585789e-02 9.777287303450570011e-02 9.059670902291078187e-02 2.989101099435037545e-02 8.655057977403118885e-02 3.175519786610088435e-02 3.379400712824826014e-02 9.836893307684399512e-02 9.835183418954902834e-02 5.030754902558032260e-02 8.538291232395750496e-02 5.046903593484208111e-02 5.643340084625669134e-02 5.783794322619062456e-02 2.324660542758818713e-02 6.031935889701609682e-02 4.178575897796255219e-03
1.982271395317669518e-03 6.470475171392098268e-02 1.963703259536149492e-02 7.922630549397434441e-02 5.676451964144466761e-02 4.727840706849778529e-02 9.170072514703059285e-02 5.165898274166330628e-02 7.567736593889984320e-02 2.019457081136666506e-03 4.882527451736406315e-02 8.357233187797630247e-03 5.003624967722084677e-02 6.792369375608112159e-02 2.683034289469896777e-02 5.126745562950329321e-02 9.558077428401429154e-02 6.377836655309540581e-02 1.009346057636700822e-02 9.918432141484619102e-02
6.019074316860757723e-02 2.831325563784366228e-02 8.967680122083986072e-02 8.082902925455155707e-02 7.117449967631153673e-02 7.445013303271756644e-02 3.353833686688290506e-04 9.067413016204643739e-02 4.901238785864216185e-02 8.849046193867736443e-02 3.629559723214361572e-02 1.528671069194664778e-02 6.849809701007569807e-03 4.568626684872957588e-02 2.844829431104460918e-02 3.909615351792099930e-02 7.160043391308813093e-03 5.656992613765962630e-02 8.316965547286582494e-02 7.552386367377018038e-03
3.082225510131365864e-02 8.709604745868063103e-02 9.299148503434645496e-02 7.486212156256204231e-02 5.025868329840810222e-03 5.512206287498744826e-03 9.892563654356581471e-02 1.282585648713751095e-02 3.315796042722287534e-02 2.516069574544369664e-02 1.537605225617400028e-03 3.259550499298479592e-02 8.665438522230019258e-02 8.615496833961650003e-02 1.279717154207967757e-02 3.581847886914103773e-02 7.787452865788041523e-02 1.639128441689892066e-02 1.112304291859597151e-02 5.764789133041393204e-03
2.535013907976951808e-02 9.343688981393549753e-02 8.705474097335029471e-02 9.041173624541987142e-03 1.504035027566526066e-02 9.763020597704469283e-02 3.173043258120011867e-02 3.530853493500475671e-02 3.070545108120523864e-02 6.049301082659635370e-02 2.597120869719107480e-02 6.279466138310428602e-02 7.358707747696073553e-02 6.405104569102561263e-02 3.083552084681627850e-02 3.940395354383247062e-02 2.949569325017559196e-02 2.178565133282954827e-02 7.165995039932900046e-02 2.418391267903157241e-02
7.467123660935583163e-02 2.168865504457493515e-02 1.578938819011858202e-02 3.574197012440012700e-02 1.691419401800069514e-02 5.788950256099467673e-02 3.242832416761590869e-02 5.359437165798511954e-02 8.897944408977342956e-02 2.915432756991464050e-02 5.481310365157704423e-02 2.076353672426436633e-02 2.551597286984052040e-02 5.910199409299409651e-02 7.815846702327736151e-02 6.561567214307759133e-02 9.703187064912412174e-02 3.487195542965176170e-02 1.424704002135202116e-03 9.491052886922127230e-02
1.141153800918489648e-02 7.173120485650040512e-02 1.023922134991651738e-02 8.526120994989479229e-02 9.711671033686102017e-02 1.968112557554804395e-02 7.836145740908696464e-03 1.330628420661119672e-02 2.464346272297681870e-02 2.466587493771648168e-02 6.965673852991376147e-02 8.347175130719081126e-02 8.530816436968013949e-03 5.717782651390206777e-02 6.304981559676528513e-02 4.766053407893176136e-02 7.149776681532227403e-03 6.328366743437928432e-02 5.172494480907119385e-02 9.614620640478320490e-02
5.509216969347139475e-02 9.132280619209171002e-02 5.429535148684725560e-02 8.589624370950192656e-02 8.421632520953797885e-02 8.997818059628891196e-02 6.483578834828938875e-02 9.177524190953796623e-02 1.010656099646746291e-02 4.511417705749651286e-02 3.210548273085156619e-03 6.956480358486920312e-02 7.247115830221216581e-02 6.091560580842281594e-03 9.653808173341889287e-02 2.507409359220091893e-02 2.017974302422310962e-02 4.792541949874019880e-02 1.312551868533428159e-02 8.222435790987062121e-02
1.160865214066794139e-02 7.150548392216957150e-02 9.704872222225278955e-02 5.088403770502915313e-02 9.370777527233269122e-02 5.198935354821221377e-02 1.269907768229873272e-02 8.189094237752689298e-02 8.329664028948294274e-02 2.708029974561651163e-02 4.955954871760426261e-02 6.948443499007706144e-03 4.538243289177684020e-02 2.632880162088636899e-02 7.946298060704197475e-02 8.908782551323027321e-02 1.724851574335176801e-02 2.431558515373505314e-02 4.589967701879130169e-02 6.989717225851686810e-02
8.866744081152991286e-02 3.170433049878370463e-02 4.567057578406772539e-02 5.275003382416299479e-03 8.107838802687451774e-02 5.497622312476561218e-02 7.368519799713608986e-02 2.662058716009324533e-02 3.048122378149002026e-02 8.396347887139259114e-02 1.450012599886526567e-02 8.700501540968792746e-02 2.045214042048061620e-02 5.387235469642042557e-02 8.049396513219103655e-02 2.625421971177077651e-02 2.699585650217135868e-02 8.414726764286130020e-03 2.423192400998519513e-02 3.205715774081263625e-02
7.099203840115174413e-02 6.696465749425484747e-03 4.223938707522576635e-02 6.359781384556207305e-03 3.824317619718525796e-02 5.994800083744253327e-02 8.830695041713775006e-02 9.903873549842934221e-02 9.036975054315933564e-02 1.382400207912811742e-02 1.724502117857875869e-02 6.657815911434027123e-02 1.157554698754082031e-03 7.837024405293049889e-02 7.783522140490446717e-02 1.436214627113999859e-02 5.181482255328498376e-02 2.333394346445748571e-02 7.508478853463559921e-02 8.557616268612253108e-02
6.939146657549362385e-02 2.246003363009257958e-02 2.024152403803534256e-02 6.728620060769580080e-02 9.204692386857606101e-02 3.700470206603028583e-02 9.746130619116451232e-02 9.527090882888657186e-02 7.391187899523174454e-02 9.560911236111850620e-02 2.505059547433790071e-02 4.926752596213038876e-02 5.251055399745974128e-02 2.065080200408739991e-02 7.253621699566215053e-02 6.422574819341574093e-02 8.567584134114411554e-02 1.132092666950658237e-02 5.556924143066698657e-02 6.081230114027022515e-02
5.539794973370110176e-02 1.369857430383528835e-02 6.412348259659125804e-02 6.660204008709345869e-02 8.631621226442620642e-03 8.168721419450974963e-02 6.985243676354890852e-03 9.491105886890315035e-02 2.218722510713733165e-02 4.003675542643245905e-02 6.586851204030501339e-02 3.588095007699054068e-02 2.264967925254365508e-02 4.557672352586249892e-02 1.825549620076176785e-02 7.114336583372871461e-03 8.644636384522454142e-02 3.720147203792661256e-02 6.999505692252329381e-02 6.744564088761478837e-02
7.427899354391014064e-02 3.428627506248748541e-02 1.653585934284220946e-02 2.330326960299053049e-02 1.927668298343235970e-02 6.562727689999722780e-02 4.693369737801764835e-02 8.392667930146670285e-02 1.743597146558323319e-02 1.015353731228962886e-02 7.256915846845711504e-02 9.973615168251039054e-02 6.272054317227737999e-03 5.906437538449809538e-02 9.913687669013422632e-02 6.504020769821455827e-02 7.994798928083694800e-02 2.374974073572633237e-02 7.441970302997473474e-02 9.282096507049665546e-02
7.273569848296178308e-02 7.062513133698909706e-02 3.257492435968863120e-02 3.130849296126363840e-02 3.895693446940685922e-02 6.488350253789514077e-02 3.408882447148999656e-02 9.412302698510791044e-02 3.905533896474555622e-02 5.747045576191170402e-02 7.461900842866857342e-02 6.465968067790696383e-02 9.619309445232351874e-02 3.197103371860260390e-02 4.942192372639588049e-02 4.017980942403633071e-02 3.150833847317662667e-02 6.798393453876740156e-02 8.340779722877378344e-02 5.990639277182398248e-02
