2.777087573846989121e-01 2.084937370934336967e-02 3.260557865642988579e-02 1.181677307785403974e-01 9.861608197524872332e-02 8.038417028959866928e-02 1.103259862011243264e-01 7.784219726562156827e-02 1.375482478085088556e-01 8.514365349739258515e-02 6.042138535570594493e-02 1.076874079404395446e-01 8.727418046808790852e-02 9.549064726062993919e-03 9.403475875142075502e-02 3.109713908293249701e-02 6.368546235497470065e-02 1.125703846969886845e-01 1.283315882742027680e-01 3.301943570647495468e-02
2.394323599376657966e-03 6.605753234947984998e-02 4.748574621134608181e-02 6.016291364673882758e-02 5.894212804951720619e-02 5.668174026374132174e-02 6.806452530163008274e-02 9.536844443984662800e-02 5.585478947607522282e-02 9.397259025178628100e-02 5.898900936271159884e-02 9.748720954019013396e-02 2.655523134700863569e-02 7.164903368896750890e-02 3.430183249666148709e-02 4.473391777265011554e-02 4.467772613110734814e-02 1.012019176352656549e-02 1.041989542417403117e-02 8.290742309954612574e-03
3.501447759222808820e-02 8.705488419591886351e-02 2.399103398145229285e-02 7.049043628097238778e-02 7.750324792100385385e-02 3.872110195892645296e-02 4.722487734320140323e-02 5.630586600270799658e-02 4.660085613333564414e-02 2.274679604064266947e-02 2.970651574240307236e-02 4.039386256602256475e-02 2.014084927500121858e-02 9.877646380050569830e-02 6.690335040180717639e-03 9.994304208235163522e-02 2.177977391687430098e-02 8.070289876215398436e-03 7.765620624510398418e-02 7.840056754011762163e-02
9.606875567930976689e-02 1.077451548532103523e-02 1.378689257814986850e-02 5.809225061689056446e-02 7.708356846108813110e-02 7.487995327857209504e-02 3.469298312024478304e-02 4.959318120953215558e-02 1.685177716800921946e-02 5.246992678364092305e-02 4.310950718009002453e-02 1.200329602691911982e-02 1.847806235474192026e-03 3.489432160484427087e-02 9.339762021044312190e-02 1.470762706111938822e-02 4.518543300438056243e-02 8.803557489445197615e-02 2.756027160311400742e-02 3.103122717507313111e-02
9.375292678885478737e-02 8.843380253864208812e-03 3.254278357770713781e-02 6.534631633402739059e-02 1.756798275149224972e-02 3.758735601767970030e-02 1.332816553831417394e-02 9.516183255707444388e-02 3.010155722905940787e-02 1.427073048185212387e-03 3.817894778398209232e-02 2.280590917856219202e-02 3.652854636428706087e-02 8.890235357010217720e-02 1.471107164543258329e-02 4.168481013563838516e-02 3.105727751310360940e-02 6.547963467913089919e-02 8.271983543325572841e-02 5.945617527165256849e-02
8.612091609881082632e-02 5.340477127194800944e-02 5.978390092278371148e-02 6.638324206850830522e-02 2.777700625016754632e-03 5.334711097118735590e-02 9.331668490425692672e-03 4.689947180535075644e-02 3.333946010054628095e-02 1.381950014583255455e-03 8.767724218583772267e-02 3.946390334949852197e-02 6.294781981879282902e-03 8.573227193065203686e-03 1.971446193628225915e-02 6.906515988590654354e-02 6.039618178953697764e-02 1.959222615217539806e-02 1.915673824096334604e-02 5.700651784999593435e-02
9.166146065184328784e-02 4.348307172912631302e-02 5.475696328860138462e-02 9.527746038622823821e-02 2.575392998782373433e-02 9.919000862728438728e-02 8.426315692980071437e-02 1.026494842058313199e-02 8.047979593275222943e-02 2.883035149934018090e-02 5.344575970470034909e-02 7.229741565327101049e-02 6.744771146576993004e-02 8.882517926699708133e-02 8.911691385395331677e-02 9.050450513293362143e-02 3.823367465665150622e-02 9.381619948608718729e-02 2.512993676379468230e-02 6.188452412056525548e-02
6.141281257407865679e-02 2.962685579185873191e-02 8.421983032518443740e-03 7.954981131496996483e-02 6.537270057783567401e-02 3.103593596894605225e-04 9.189995004429798997e-02 1.415432821007213231e-02 8.042452380829679271e-04 5.318417090338228154e-02 8.211443430422793672e-04 5.510083042005762405e-02 7.434308504940233264e-02 5.917837246139984186e-02 6.227750329429748884e-03 7.771280853930273569e-02 6.992589177535175893e-02 4.666188651638905616e-02 1.636754184389300690e-02 5.939777626027600843e-02
8.046637753524346626e-02 8.098606208703000575e-02 9.612029829483074994e-02 3.643536693413769456e-02 7.068129805689996048e-02 1.714733715862627392e-02 5.708841128405180154e-02 1.629447472473635403e-02 2.383236774256728557e-02 5.710044248949697199e-02 5.425509945076396889e-02 4.822200958750816335e-02 3.963935661499422974e-02 4.602305150168574388e-02 3.450391515725337570e-03 4.340796281763873582e-02 3.150842828530266843e-02 8.219105472039905935e-02 2.141749791203995199e-03 5.905821272132755206e-02
8.318814338438751399e-02 9.516839862536097261e-02 2.442164876880924609e-02 4.884175914908137767e-02 4.179196955700736904e-02 9.940082159767672440e-03 1.179447988561468409e-02 4.606966843202067730e-02 5.760888905039929231e-02 2.469197566590163387e-02 7.506717763303205788e-03 9.080109992181402412e-02 6.122836036878143151e-02 1.864651182272277982e-02 5.302234416061621380e-02 1.776289101640240661e-02 5.792507502731007035e-02 9.370522140881221151e-02 9.812700630279186376e-02 4.339531777630750708e-02
5.098580246217510048e-02 2.071367557018271091e-02 8.342665280025766961e-02 6.168508103750908189e-02 7.659551921121361684e-02 6.153213731900919470e-04 3.122850910139831834e-02 1.830638634299117801e-02 3.189978386644961444e-02 5.401410162725323039e-02 3.312821823315083292e-02 5.455455423178592889e-02 7.573007696519101772e-02 1.037563859039621929e-02 2.371202044662621550e-02 9.258037722151303550e-02 2.881164722746552137e-02 9.367754135556916051e-02 6.749158325069178066e-02 1.448021620156590000e-02
1.921334661611051597e-02 3.408230259835709746e-03 5.862534993203741968e-02 8.383298775805582415e-02 4.335648060405081217e-02 6.022407659930621021e-02 7.321291230233678560e-02 6.572780575628570099e-02 6.579738103394915105e-02 8.897583824827653975e-02 7.477425925333795742e-02 1.414646620668186250e-02 9.005221690791814781e-02 7.156086857088791997e-02 4.245790543442119758e-02 8.948905352838436300e-02 8.127109578346990160e-02 1.576789875033940413e-02 4.389945482471703520e-02 7.048669403418643398e-02
8.574429120827764539e-02 2.421505186533624843e-02 8.058186389450935905e-02 3.300399883408371843e-02 6.001974619110238968e-02 8.126143886608089284e-02 2.907561241118297377e-02 5.522297739665724819e-02 3.376323271386061364e-02 2.091815893881436919e-02 9.834281216211104848e-03 4.034763493647366972e-02 3.634485394598341648e-03 1.265500811791282591e-02 7.289480485123776832e-02 2.501033266628849370e-03 6.833106349741255303e-02 7.723014353212310362e-03 4.418141054172434329e-02 2.753163101773036317e-02
7.706101126108086397e-02 4.979899360074763193e-02 4.315187182094799845e-02 1.534884141307416711e-02 6.992021172758050573e-02 3.921420452167981296e-02 3.273570792382240330e-02 9.991073249485166174e-02 2.841900438050982969e-02 3.792528916660048433e-02 8.331011520007436388e-02 7.030916382619488425e-02 9.553438081507126256e-02 4.696386332439872816e-03 5.618265744705242676e-03 7.971627267480101142e-02 6.681554899146996407e-02 3.002669636987694013e-02 1.859873064511926785e-02 9.023099341946517679e-03
8.496431251820246722e-02 2.272325520784525266e-02 8.430310685998212983e-02 6.483096489047945887e-02 4.671280835007948773e-02 5.000013750581769334e-02 2.161695118346918139e-03 4.253071182867988048e-02 5.910868865413512752e-02 6.385400371080893200e-02 3.915235564626039916e-02 9.146680920278585369e-02 9.825334331022859968e-02 7.875139370291084004e-03 6.116866205677451429e-02 7.139566244371993442e-02 3.561154870335980771e-02 8.796715754166729850e-02 3.566094433590794033e-04 9.404483974389127310e-02
2.898569418997798408e-03 3.536829477266654337e-02 7.458865193167273089e-02 4.127051375772394608e-03 8.432930718741918352e-02 6.010686297070369499e-02 2.193163634793725628e-02 5.630403281295710827e-02 2.937995753323970061e-02 4.121930456637739465e-02 9.001177130274448657e-02 8.156979363228041013e-02 4.993245195596083402e-02 7.070564250823690999e-02 9.141008615450568753e-02 7.242399166781661457e-02 4.768458045594244077e-02 5.359805655034395599e-02 9.046202626143529102e-03 5.264704475243598206e-03
2.418910435921741917e-02 3.747331902479890398e-02 4.054197241313283601e-02 3.533954559130121631e-02 2.906992580675443749e-02 5.622250640194816074e-02 7.982110933972760836e-02 4.914495386854307590e-02 2.621727057497680313e-02 9.229214843537802970e-02 7.847090555840202653e-02 9.342347937663685042e-02 8.706505387733909362e-02 1.140880095606818835e-02 6.776955888704853936e-02 8.142449789317243725e-02 5.040461400569642980e-02 9.156191245760014752e-02 1.415621767663607401e-02 1.170417527213386648e-02
2.591654942116973503e-02 5.771424852397928629e-02 1.759490434486956842e-02 4.908169307259111630e-02 5.601958434723674357e-02 2.532991732783948166e-02 3.383041437621588793e-02 8.257697455773016504e-02 4.777761692232214419e-02 1.702734536762274750e-02 4.133739646182164190e-02 7.024207354292300552e-03 2.766802458083628385e-03 2.819707125433730532e-02 2.262036373972058437e-02 8.147032768943904268e-02 1.097604443751303352e-02 5.322186449698673716e-02 5.865697019851243144e-02 5.993275975767327346e-02
2.283449728829642020e-02 4.692030737125227335e-02 4.342466340567185945e-02 6.836451134319547485e-02 8.180813850804746420e-03 7.552990723812591511e-02 3.751548663089381702e-02 2.464759313394843110e-02 7.799286826088167035e-02 1.553075174530173068e-02 5.321678438199448774e-02 7.201115018534846868e-02 1.357263965888958618e-02 3.216969643458413713e-02 5.630805624736649057e-02 1.551490799291786044e-02 6.831181062913761759e-02 2.110083980004358317e-02 8.816337903017307243e-02 8.183156073286868004e-02
2.413913422811127252e-02 6.264574430483292600e-02 1.508036823003928821e-02 6.657101854856305179e-02 9.114901135456721093e-02 2.153798976992758046e-02 8.342006528379344865e-02 6.032755033549023344e-02 6.431339968107153970e-02 9.062378884227277609e-02 6.351245600946635317e-02 4.065237075457595051e-02 4.924986279551968500e-03 1.961341140568299141e-02 6.635854427893016216e-02 4.631602155403461568e-02 8.814235862682198719e-02 9.239085733750659890e-02 5.978932620752989285e-02 4.730364174033893643e-02
