2.820039664073160091e-01 1.675499826978683049e-01 1.046742041949992874e-01 9.526053630229899816e-02 9.200810006259907414e-02 5.612432880895252413e-02 5.143186290141313344e-02 1.109409130289226580e-01 1.192963141398494104e-01 1.563667772489246433e-01 5.732416682361229920e-02 1.688990334929572207e-02 2.727512509609342911e-02 7.480542169064187397e-02 1.093194678951530940e-01 8.337386618850553544e-02 9.851234474089280713e-02 4.317883111252369954e-02 4.474977550755328271e-02 1.252772056521822552e-01
9.491880932889819322e-02 1.776387644674068053e-02 3.209326106510897170e-02 7.301207665811554337e-02 9.539364593898910782e-02 5.957168407067259773e-03 3.284183529191541523e-02 2.140873955587859964e-02 3.914210348568874370e-02 3.998685251671138530e-02 1.022949474197152459e-02 9.769644381909645126e-02 1.752845550428510160e-02 1.720774830636439059e-02 4.809556941938963187e-02 8.737850792647265663e-02 2.745641091707644657e-02 1.250549908581528695e-02 7.215609018702484612e-02 1.741092913342449228e-02
7.083576842438436827e-02 9.625938082629459380e-03 8.205748903078674550e-02 6.752987743989777303e-02 5.012151614248198245e-02 3.306258412562788213e-02 9.710683900490142684e-02 5.735889699823309984e-02 2.516170208433836722e-02 2.369090741454813603e-02 5.151191438825693247e-02 8.628222524257081472e-02 8.411922383726140595e-02 4.437900978248477280e-04 2.577292031052372950e-02 8.176734422369090483e-02 8.546409914965402699e-02 3.755936285894036220e-02 9.293489474662931793e-02 7.794937076526364805e-02
2.643153676259862861e-02 1.794265830137008536e-02 8.449764103941463655e-02 6.379058991149960667e-02 8.179109594916594839e-02 4.365300867343742397e-02 7.283238630200135344e-02 1.158426978557362125e-02 2.653906575178721855e-04 6.229500398269782052e-02 9.504845754732928198e-02 9.228579152373454775e-02 9.829877942481626829e-02 3.954226965538011618e-02 4.930538445154669658e-02 9.834351377565007934e-02 9.832105476661417987e-02 4.740418473280255673e-02 3.483212993999706270e-02 4.426247141372583599e-02
5.034502910304317763e-03 9.481916837330151004e-02 1.441971525874268314e-02 7.009120403703317237e-02 5.269574888089967324e-02 8.052050095529302010e-02 8.400965019749701002e-02 2.404425032025349351e-02 9.309394127622810933e-02 7.881843655647713387e-02 9.293946359755864139e-02 9.643978928758761837e-02 8.687254789268418487e-02 6.835657182201222704e-02 1.850633552913888424e-02 3.273798323243263392e-02 7.988247066298098664e-02 6.902736496325546922e-02 2.883063236306268248e-02 2.273194080796504812e-02
6.179628666810565996e-02 5.278091522900787980e-02 6.764426065794763854e-02 7.188123070227510347e-02 2.915193910019322696e-02 9.242943117706488299e-02 2.235675861649287846e-02 3.822105431823629579e-02 3.683246151547869829e-02 9.996868541202727498e-02 5.072310620730124259e-02 3.593231599404916876e-02 7.286664874391284019e-02 4.620303093893327051e-02 9.025134952176928210e-03 2.505341934715360486e-02 8.469488032962214918e-02 6.123684360675657468e-02 4.213250130117179859e-02 9.207010436552209853e-02
8.889316649489521771e-02 3.139948502215506206e-03 7.027371214017827383e-02 9.862699656480437838e-02 6.776323804535819284e-02 6.252288852830213683e-02 4.670108713916022725e-02 9.900853984392522789e-02 3.430875417249941439e-02 3.015876471369294265e-02 9.966500879249751144e-02 7.381337919421653015e-02 7.770487164050632854e-03 1.198076007919246597e-03 9.584613669899891275e-02 8.080965592917831175e-02 3.302841372507866330e-02 8.180756833901436931e-02 5.246597383340515647e-02 5.899497414712906451e-02
4.415826118899598973e-02 1.269624207769715074e-02 8.259563106483519546e-02 5.738152495391249386e-02 9.413659621895158203e-02 7.630657243094533804e-02 3.455852209261811581e-03 8.818067462297130010e-02 5.523077785102803450e-03 3.964536167325424798e-02 5.951942935261248652e-02 8.653734363831205867e-02 9.645455067924792181e-02 2.535852842820818243e-03 9.079426310259303134e-02 8.717934661992858547e-02 5.169214331617323632e-02 7.593970634161308075e-02 9.977503802265480504e-02 9.993963442287458199e-03
3.714634057151196267e-02 3.730459204578843307e-02 4.568214604329312416e-03 7.344956579767289440e-02 8.268124302537294135e-02 5.111209892174012337e-02 4.382415214270050235e-02 1.961068739845309855e-02 4.297584891310207711e-02 7.340770151389350295e-02 7.850674178458827424e-02 8.539845405892294850e-02 3.842917413531937026e-02 5.117904986207921086e-02 5.915276880282988037e-02 7.530877440487662722e-02 6.079288994942675523e-02 2.241368452085432811e-02 7.416039676757379961e-02 9.066060037353140810e-02
1.949831458666495543e-02 1.568248486652872378e-02 3.579338745600142702e-02 7.798844753150026288e-02 3.612873160255924976e-02 1.368076058638077047e-02 6.713792227414877578e-02 8.418947371901813748e-02 1.651751341548189991e-02 5.502967934253588655e-02 8.954609040070743431e-02 5.859213226545046012e-03 2.187115908485998128e-02 3.507245999996422454e-03 6.317291596366844675e-02 7.280561214666803060e-03 7.715787721664368881e-02 2.265921935089119238e-02 7.110175555013960313e-02 3.972105966267820698e-02
3.265636882802294000e-02 6.056913249358386597e-02 4.665331520970416451e-02 2.596045733940398684e-02 7.116610012588031609e-02 8.097345795084405495e-02 8.026901099329847300e-02 6.978884402598451407e-03 6.227535756925862975e-02 3.609214330495234130e-02 9.165100600490895533e-02 5.769909384799819935e-02 3.933440207443825165e-02 2.738313736449670202e-02 4.551247427186327910e-02 4.230176933503156100e-02 5.751037513098422593e-02 9.461223177777416948e-02 5.416213292942450436e-02 7.141394972669165564e-02
6.100902740719452155e-02 4.825105174251668322e-02 9.963885797486085605e-02 9.760490004370320216e-02 4.048308129411296030e-02 7.721835304470861527e-02 3.083750496628223647e-02 5.845978874368071981e-02 8.933625888217275324e-02 9.655744196298328419e-02 7.764916172861714705e-02 9.285094388721884529e-02 1.607892219181370624e-02 7.582182396890380614e-03 3.531586904452393288e-02 1.204930687940781835e-02 6.253463390180578896e-02 1.128310485891747053e-02 8.470602512785324611e-02 3.351616927234556814e-02
6.435831909101780157e-02 8.618998862611088052e-02 2.177187901861545039e-02 4.954771252452982305e-02 9.966167116351348776e-02 2.415174024948927439e-02 9.261771824805549447e-02 6.188530203086668735e-02 2.505706759497811076e-02 7.819272216630303307e-02 5.160950799008645791e-03 8.052570131426163569e-02 6.086409108704975840e-02 8.854931575004833244e-02 3.734447908620286763e-03 2.936501275830168123e-02 9.951412920585588073e-02 2.286406906257184776e-02 7.200808212016511500e-02 8.293473432310416449e-02
7.252218930177235096e-03 6.232876594047354751e-03 2.754711275336861956e-02 1.077674794891114772e-03 5.888390558369310801e-02 3.062327693581357382e-03 3.142570226627378061e-02 7.798608112439468776e-02 8.875640085489529263e-02 7.184904618840695645e-02 5.926853687204513416e-02 4.234089928729053987e-02 7.799019965330800108e-02 9.611338212397704805e-02 7.020346192919903194e-02 2.260851798083891862e-02 7.944339060372979100e-02 6.472579564277276820e-02 1.775341297817234487e-02 7.029034897273787885e-02
4.158665356469219004e-02 1.324252140354339503e-02 1.542634284702586525e-02 9.143913441596930071e-04 1.479307119162887041e-02 2.704352010021583708e-02 2.785722206351084682e-02 1.590975621664045964e-02 4.178200566265047322e-02 4.305901405920964375e-03 8.555617122830101728e-02 4.015902338879442923e-02 5.693040722932946052e-02 4.541104330987067415e-03 9.997103552284838934e-02 4.936439091191462819e-02 7.744555124520979827e-02 3.099875801025289354e-02 4.643933073851598536e-02 2.113468718196243046e-02
7.641667640933606787e-02 2.052919685597806229e-02 8.361427100880407248e-02 1.933955825345734514e-02 1.207419808032002100e-02 4.054369760374636894e-02 2.944294810498649176e-03 3.760748511106887237e-02 4.450205936333539829e-03 2.709356535190762458e-02 1.443243300989006765e-02 5.779101358747447403e-02 5.433644215415134315e-02 3.981603584014003355e-02 6.850439263349782093e-02 1.424936694561016598e-02 1.269752623124506020e-02 7.092648404040756416e-02 7.652554431241499755e-02 7.025975051990041020e-02
5.199557048373093515e-02 4.410674066180791941e-02 9.299485758560405158e-02 2.783510171499237445e-03 6.666318246248874313e-02 1.647893590204904321e-02 4.300865230989048271e-02 4.052782937599900409e-02 7.063224174900960273e-02 1.871551524800427885e-02 3.941339390918272706e-02 1.231410675965226645e-02 7.738563089805911011e-02 7.919383969965310133e-02 1.860169366102728747e-02 6.713857509183004946e-02 1.414796309237165237e-03 7.229024037273102483e-04 3.296904371654527793e-02 2.556761264968843150e-02
7.531022242083568186e-02 6.105686019881484405e-03 7.658167468046417348e-02 9.275992707869296083e-02 2.419581401174714097e-02 9.240826113365253544e-03 2.081236599782394781e-02 6.064743164901769540e-02 2.576349068646513127e-02 9.718623654353961139e-02 9.839556052593446261e-03 1.070359994837832840e-02 7.101020448488148951e-03 5.138584384295059870e-02 1.664281561172281654e-02 7.846206034483992064e-02 3.937224813769979806e-03 5.343986681189948768e-02 9.937712795493473805e-02 8.633025706687569301e-02
3.967061560188472891e-02 9.837482028262299616e-02 3.332334894200106312e-02 9.352895072234242158e-02 9.915606185428782471e-02 9.540058146995345281e-03 1.731314148247870000e-02 3.788283360568592273e-02 3.977714902815043807e-02 7.661025735003207382e-02 8.402027783544260831e-02 3.097762908437248427e-02 9.488034412561355269e-02 1.085042577848833838e-02 8.067081813663746007e-03 2.622978046050685949e-02 5.364280450278744589e-02 1.309211922790998184e-02 7.498421571815458431e-02 4.247753012111141896e-02
9.916280300097718436e-02 5.795923349664398178e-02 5.596863268587048967e-03 9.440266389933180124e-02 1.056671462018610131e-03 6.682846957006208233e-02 9.528921795059064337e-02 3.735616310382441213e-02 7.209663130536074493e-02 6.517557882022696758e-02 4.850801464111409445e-02 4.573795670983920453e-02 5.150062260703270126e-03 6.497143053986301209e-02 6.341103217780443002e-02 4.145891626437310518e-02 3.423586698145175949e-03 7.210141583671927923e-02 8.922370991102479554e-02 9.263595889246184489e-02
