3.392977706958415496e-01 1.240954738864784163e-01 1.150611791691451835e-01 7.429992639130449106e-02 1.513104375384637101e-01 1.693209569644201218e-01 2.375910815534520298e-02 8.903828989732012755e-02 9.626513596991606581e-02 1.143847856960585607e-01 5.093108803932353684e-02 1.619478713194293928e-01 1.457946687377587036e-01 8.154600363560099430e-02 1.275292744872903727e-01 1.011364494357374494e-01 8.261330248935178089e-02 1.195295267801440159e-01 1.660081292197027047e-01 4.731724186573938590e-02
7.807816864323255390e-02 1.067131393269788592e-02 6.195218335037343260e-02 7.278994312636760666e-02 1.821126414778509797e-02 4.673282610946452587e-02 2.648693391499685676e-02 9.210696414954985811e-02 5.662071290747695135e-02 9.924690957581509820e-02 3.506289007558211629e-02 1.514059905109664018e-02 6.985760000610956311e-02 4.196775762045469593e-02 1.597599917328593536e-02 9.710748436011714529e-03 4.427741020293605306e-02 1.112465062705240114e-02 1.589897721617546458e-02 6.308708437658322454e-03
8.994744665112293369e-02 8.794928649220823402e-02 5.780998827995470490e-02 1.505326737224699230e-03 6.599345975997317204e-03 5.277703912164986161e-02 7.449999109987250068e-02 8.975392440126487778e-03 5.896185311579478505e-02 4.894195474543681923e-02 9.332352818406557116e-02 4.619983968905239796e-02 4.371098922283322974e-02 4.779628711872262181e-02 5.410079277826895100e-02 5.145252184520353322e-02 3.287946538320588030e-02 6.366650461994758162e-03 4.220405559048887728e-02 3.522878308979032758e-02
7.762517626034164120e-02 1.072768579588854977e-03 7.414144931073265998e-02 1.286135939484589832e-02 8.781073751079765399e-02 9.324126333482724016e-02 4.093717883434940669e-02 7.262966885216284862e-02 7.650801572435228515e-02 1.028865759793813894e-01 2.764356752337919498e-02 4.857841668639612670e-02 3.948364618278042693e-03 9.893757790962480828e-03 2.204182264302615227e-02 7.012643783109993867e-02 6.235766948335221688e-02 7.449460733531100554e-02 2.619092701258859523e-03 1.060217736277313701e-02
1.034173820071655620e-01 5.552356806914633680e-02 1.004293590590756846e-01 4.133347476741717347e-02 9.158516251265447217e-02 4.476328062348581410e-02 4.318618359691589643e-03 7.805516596256890927e-02 7.031627366631594545e-02 1.195103621688325957e-02 6.686118392429284130e-02 3.358588545265593639e-02 1.003577720699762588e-01 7.671128220212317106e-02 7.458399480740276685e-03 9.589525305763442475e-02 9.429957604637062563e-02 3.478296556785398508e-02 5.939933246802953787e-02 1.847100534074331765e-02
8.601112509932398731e-02 5.501975934584769912e-02 9.265474436256079804e-02 4.158040296689191444e-03 1.951082951219625106e-02 2.948221909511567190e-03 5.722376032602845275e-03 1.830811495034085495e-02 2.366508317140584433e-02 8.332766301328931036e-02 4.195674326829445383e-02 7.211584494700103154e-02 1.335195812940233664e-02 2.374845721684515354e-02 1.027089009102915423e-02 5.836818695439399685e-02 5.440130886334256649e-02 6.821491852617554696e-02 3.997523811078521755e-02 1.312771352917879546e-02
8.534788199562531874e-02 3.884153337934349165e-02 7.949733269469834440e-02 3.605317099086650934e-02 7.203637431490467202e-02 6.128175026444953460e-02 8.109717624939447034e-02 7.765961166582616149e-02 1.713754539595214923e-03 8.198517628848310534e-02 9.911241411371049526e-02 7.159392597939148728e-02 9.348891934902286982e-02 1.026277481404771347e-01 2.347683242150300567e-02 8.257728685554223402e-02 1.110658643091732081e-02 5.974662655358161517e-02 1.182146678618556900e-02 5.142087683938225545e-02
9.298158195764605338e-02 3.147705631941643406e-02 4.060211986028097048e-02 1.004260050154217321e-01 9.407669905429340285e-02 9.185481625999943056e-02 9.985193547007419068e-02 6.369845997738757259e-02 8.407884706594795365e-02 3.904085737673872875e-02 7.532617155587559288e-02 7.188112614583022641e-02 6.635240605690674587e-02 4.688918450190809883e-02 1.708360033658636382e-02 9.160531513804666404e-02 2.125175037176968082e-02 9.389986588737189721e-02 2.968627227893613427e-02 4.136241244588958490e-04
8.014690840547540607e-02 1.030395788095568171e-01 6.093272393406164167e-02 8.105628446004867205e-02 9.853381933381037683e-02 4.465574221743982830e-02 1.712011512883078804e-02 8.362473439464028491e-02 8.653948580980146132e-02 8.331626312809368995e-02 2.266431797961500003e-02 9.265529024747418130e-02 6.965139191089340931e-02 4.800105959838541630e-02 1.868575326900767317e-02 9.158780832307197861e-02 3.551200723653565906e-03 8.774678345424925807e-02 1.778600940773993749e-02 1.770419664506103080e-02
8.426141537341323706e-02 8.376253550804298176e-02 9.122760206783697701e-02 4.375847903834703678e-02 2.689519700792810091e-03 2.867360242491423516e-02 1.706918852772236136e-02 8.586236418090084643e-02 2.542704629878959899e-02 7.413639575793513903e-02 8.040194886476971503e-02 3.110509538186983017e-02 7.472867995451318301e-02 8.936923740163775498e-02 9.360158850501158756e-02 6.238964925108583109e-02 7.828180463876462103e-02 9.842200585538120328e-02 1.011274118380923598e-01 6.676686223962131905e-02
2.223613061670047866e-02 5.870257960302990158e-02 3.746228878350707503e-02 4.138619878327830237e-02 9.171440600214653127e-02 4.539379532120524363e-02 4.428595184153510944e-02 8.963892690780085604e-02 2.383554224387148673e-02 3.541228574605701646e-02 5.533397677847615853e-02 1.724245743757215135e-02 1.029678185793788114e-01 5.867780638829786337e-03 2.447889008901374050e-02 2.352343703799093452e-02 4.808212969591138530e-02 5.479810274165039519e-02 7.718815577389186167e-02 2.047879370643263322e-03
7.103228792058452479e-02 8.610234848621352299e-02 9.873124125280555163e-02 4.436711278416854282e-02 4.432519470288605323e-02 4.424931016939698952e-02 7.300281075249663749e-03 1.011277533385285254e-01 8.955298957589753750e-02 3.113860783983735461e-02 2.429955824164568845e-02 9.580236704940671422e-02 4.077562815664316498e-02 8.028023920826188320e-03 3.607516319155798512e-02 1.013019369036888689e-01 2.567217871297662948e-02 4.866238220238620210e-02 1.645482943576594441e-03 8.293522118797877485e-02
8.470643754448008156e-02 2.173875829070789217e-02 1.359733579654072259e-02 7.780766510355842380e-02 2.024277268363445029e-02 4.899614023273724667e-02 4.844030559841285694e-02 2.231476991927821771e-02 1.294503466426111249e-02 1.002095363025269081e-01 8.524368881916150401e-03 9.063049478526953584e-02 8.440174719806990689e-02 6.703602433627778301e-02 4.995801045087382847e-02 5.064528137615875725e-02 3.802083433020066877e-02 6.100394551903864926e-03 1.702378473904720899e-02 2.757958018821150825e-02
3.912251038637602069e-02 9.381292849315145399e-02 1.030829232788644245e-01 7.963550976044762864e-02 2.519843349297663793e-02 5.655371776398401829e-02 4.931560940903813306e-02 9.569921909072841293e-02 4.787575738511729018e-02 2.620131290319878056e-02 1.201093406784720444e-02 8.696062826219511099e-02 2.449065057578739615e-02 7.949939661233162980e-02 8.957387454686949191e-02 2.913965371859943490e-02 6.820903229991560901e-02 9.862588464892030338e-02 7.690552118584750851e-02 7.060028951365944494e-02
3.954640804962195749e-02 7.086449856996723806e-02 7.827483696764728910e-03 4.888575862652371623e-02 7.647376763688172596e-02 8.209322442125827068e-02 3.437235418166727924e-02 5.964880718634196777e-02 8.006456051851584821e-02 1.932593494240130577e-02 5.991441856835852398e-02 1.747383299056656791e-02 8.035223562532693362e-03 1.334279806432076519e-02 1.630711584725879444e-03 1.578299386982374986e-02 7.726054908480180228e-02 2.542618432969950826e-02 5.950419915194628956e-02 5.799011233593824588e-02
6.482092205659435724e-02 3.950867982897628139e-02 4.436138397654562637e-02 1.512117947937764717e-02 5.866215279082748202e-02 5.803174270170100187e-03 8.177502333997019313e-02 1.665837606964381060e-02 4.848184161378877449e-02 7.638076916127906069e-02 7.992244140065936364e-02 3.959179210961472767e-02 6.578240159209984561e-02 7.383873678838751009e-02 6.146983616259422273e-02 3.144410935520221967e-02 6.819866825191885085e-02 8.422546551821699645e-02 6.330726830597740995e-02 4.535030302153505999e-02
7.166527387170422425e-02 6.979715364788380283e-02 6.783816970888939535e-02 8.056688097579457752e-02 3.716828082905824365e-02 9.243649026484618281e-02 4.668555473138624734e-02 6.687442366314802489e-02 4.848844205968960014e-02 2.636837061869413273e-02 3.667353657381900583e-02 5.683791440203475771e-03 9.868865797692312480e-02 3.949427145276616924e-02 2.230299339690357263e-02 9.856625555982595488e-02 6.501194116397510103e-02 7.465145755054244936e-02 6.860881051155680310e-02 5.337744882601398039e-02
3.659614638635525635e-02 2.618226126125897460e-02 3.300964182130613350e-02 1.772145415459238510e-02 3.157875293948791268e-02 4.318006942722960560e-03 1.927732514059661909e-02 5.291483018356365337e-02 3.259486360786388592e-02 9.082783719205715645e-02 1.011434408824551795e-01 8.872362127393072784e-02 4.075393527687180481e-04 5.949344034231690559e-02 8.773639327707292990e-02 3.905571870359163950e-02 1.028423735608217926e-01 2.251047565162498862e-02 9.151286244755689470e-03 7.601140205599678235e-02
9.539739810621980509e-02 7.741178244082509707e-02 1.021839735435091934e-01 3.343316065136942104e-03 7.658746643762905093e-02 9.108599104578506134e-02 7.089359634674946217e-03 7.874457413975333164e-02 5.027112597265620542e-02 5.806919361530715057e-02 1.006329855075610014e-01 9.287429514320129711e-03 4.647287104030128208e-02 4.265433594994993277e-02 4.204674600710685273e-02 7.896324098070676978e-02 9.108855955456311715e-02 3.942560711761923520e-02 1.924088860932508110e-02 1.005201614805261157e-01
6.489869682795679912e-03 3.106159924047640838e-02 1.682365518462788879e-03 1.886752204958312348e-02 1.833597201312565234e-02 5.421702203169988243e-02 4.812485822545668757e-02 1.976875328288238767e-02 1.015776556597693808e-02 6.179799008020143980e-02 1.221517323689131490e-02 8.565571683515453560e-02 9.218675877563033139e-02 8.322404701879128341e-02 6.608515209341359053e-02 1.020891282282253426e-01 8.764314190166438978e-02 4.178720799582349987e-02 3.111582354053714361e-02 6.070350349013309971e-02
