2.324594970441599406e-01 8.568062012322033572e-02 9.847711987364174413e-02 8.053302784028024131e-02 4.265060470525271208e-02 6.351277692573771561e-02 1.302567834258182844e-01 1.368353047913322407e-01 1.000212230583969741e-01 1.036281249173285901e-01 9.650135030423921678e-02 2.592719135987274492e-02 1.387158168012954940e-01 1.286300171385041380e-01 1.758944352165609515e-01 4.384192936163251730e-02 8.283500190351554548e-02 6.970655639001580028e-02 1.319469565449883919e-01 5.174121467938608970e-02
2.825028588697291523e-02 8.631686205209043727e-02 8.363228155443770684e-02 2.720617403712676310e-02 9.177191029178864701e-02 2.468748927829309686e-02 8.302397224259135122e-02 7.753442402898871877e-02 9.305709063052362839e-02 1.650641360487958929e-03 3.075839017482878690e-02 4.629897294857812651e-02 6.272805774268573609e-02 8.752829419500558761e-02 7.864035331996273304e-02 8.706305878759089401e-02 3.731399876406976679e-02 8.479304877578742322e-03 7.028036377879445795e-02 5.377873230141379246e-02
1.616583376357616508e-02 3.418005688524785451e-02 6.690028951721474493e-02 6.736548421038354717e-02 7.196200612028706700e-02 8.639608342081961379e-02 9.107397873962115586e-02 3.052563589142847159e-02 6.344489382427409563e-02 7.376160521476075871e-02 4.997705949727371689e-04 4.714868241845067420e-02 3.298126798874822380e-02 9.089098411343760064e-02 8.265803870000998366e-02 8.057959088895108590e-02 8.354094275222457081e-03 7.243721018514815389e-03 5.275030713875525357e-02 4.057619268069397045e-02
8.626898928012730061e-02 2.797064494113255233e-03 3.745574857950595762e-03 7.572627242471223485e-02 9.319999333527408114e-02 9.332530346913006647e-02 2.729204256141775156e-02 1.947707042642448164e-02 8.538943587642608413e-02 8.839934265723548013e-02 4.661398655174822658e-02 2.991343870278906358e-02 4.439791649403349721e-02 6.017112836210319893e-02 4.549360429251958320e-03 9.423323200815848788e-02 5.129409044785246397e-02 4.646806173057561884e-02 8.431466889168370837e-02 3.922454701017161205e-02
9.942674867465653432e-02 7.496327849497055884e-02 2.468349698049933372e-02 5.240853672797893270e-02 6.091553707797069811e-02 2.248833388696187818e-02 8.761319493503956501e-02 9.514807133050895427e-02 6.199663831754355370e-02 9.101481058714282202e-02 1.348459345450227047e-02 7.383633432773015204e-02 9.342321778575077285e-02 3.208575148374496339e-02 2.863586043294469308e-02 4.740517412971080591e-02 6.750592282353860829e-02 3.515284180235263289e-02 5.201460826308462043e-02 4.904527610427848044e-02
2.833925703396721410e-02 2.385110264806363997e-02 7.843141583683541085e-02 4.323765421777100992e-02 8.711722591143600258e-02 2.743157615782697636e-02 4.549976450548866291e-02 9.250818699119381372e-02 3.920378787005775190e-02 5.518541141466151712e-02 4.150491619693608462e-04 6.594088524654512229e-02 6.078357225996292024e-02 1.881961035146705388e-02 3.424548078331939721e-02 5.112978222458136601e-02 1.814258310833463325e-02 8.102217462053920571e-02 1.681748312478635946e-02 7.899082167197019055e-02
2.379809065110163532e-02 5.726063819259347154e-02 2.074973156371333685e-02 3.765173127559118260e-02 3.700482632096398911e-02 1.865872154281866813e-02 2.096790689996399712e-02 6.387593671819237484e-02 4.806489133464800917e-02 6.750334642840956356e-02 1.501413864235368045e-02 6.645478964967151125e-02 1.233999472959157462e-02 5.122674710985809787e-02 4.608918549556918764e-02 4.310124936127814055e-02 6.861997698438457305e-02 8.770986847032255507e-02 6.554040297986449271e-02 8.112508735994072850e-02
1.040027827227341106e-03 8.695580921734995250e-02 7.944245281333678355e-02 8.210625507009830515e-02 7.868949817626044729e-02 4.566470259441943180e-02 6.850589948615744273e-02 6.890570019084313325e-02 9.831046463559875437e-02 4.947069899962114325e-02 7.065690178227823637e-02 2.024425611767562139e-02 1.673689080832699988e-02 9.450242843045877916e-02 8.201439669642390795e-02 4.063805848243110669e-02 6.435456156438172648e-02 4.554363679346589561e-02 6.928054204288168483e-02 6.013519767455652310e-02
5.340027587177565045e-03 4.465567250269885519e-02 6.086432566794534177e-02 9.079567565784635308e-02 6.513541188530397319e-02 2.678802391576545761e-02 2.747602213785586139e-02 4.740074608518534544e-02 5.094172377301599275e-02 1.855254591793231798e-03 7.077385232449577568e-02 6.551203750508824419e-02 1.752559496859918894e-02 3.801652659932441836e-02 4.324008877825580733e-04 6.336801381365114727e-02 2.560330762103642244e-02 8.443486790294629785e-02 5.506063269349660561e-02 3.568222794101021805e-02
2.231758275481341564e-02 6.426352242005915760e-02 6.645595214412124141e-02 2.112631172140781027e-02 5.763353548182270983e-03 8.337668715927101792e-02 6.044878711079466893e-02 6.418577145485332425e-02 2.429661318007113671e-02 8.045340379401616504e-02 8.185698480551073519e-02 3.905122619247231031e-02 5.842443159969722827e-02 1.563841815964073277e-03 6.164309083437873732e-02 7.178539554290554181e-02 5.228034626271212126e-02 7.502989251047748054e-02 2.939734823258433050e-02 1.552666034381133819e-02
4.484975750097517505e-02 4.153501490645133964e-02 2.858426329669520177e-02 3.084758233987204903e-02 6.003840628101118210e-02 2.512416234104131174e-02 3.991843689920833438e-02 4.983522451066483422e-02 6.977491758344132877e-02 7.931358019666023482e-03 8.371540152724371575e-02 4.365890784180789796e-02 3.355904264810540688e-02 1.433872352546960993e-02 9.195303235223947769e-02 5.015206308628163134e-02 4.605672908542003674e-02 1.462799643685437460e-02 2.458031627819858012e-02 1.656726010987200765e-02
4.644991117615970139e-02 4.791725537664247997e-02 4.968400316360477298e-02 2.620699492595556304e-02 7.864385456690281551e-02 2.168845832815992358e-02 6.415924019625639241e-02 5.997374414392105113e-02 5.393068385633925828e-03 4.381941996642851195e-02 3.261285729609503248e-02 4.018490330588231699e-03 2.250577022725727336e-02 8.646160643746755858e-02 3.625001032810487578e-02 1.322884467992592288e-02 7.185997737320726220e-02 5.500683840219800121e-03 3.519459384323464501e-02 2.725322262197868092e-02
2.347286244588107224e-02 2.558088611087743283e-02 8.122698581618399694e-02 6.982939559941891701e-05 3.937555997888708866e-03 7.327360479814874761e-02 4.863700762423504159e-02 9.602009957830853759e-02 9.796297167180539889e-02 6.577234060964869122e-02 4.479745017498744375e-02 7.464800127210831360e-02 7.619794137131684353e-02 4.444950699419034090e-02 6.103223390540888499e-02 9.638615299394266700e-02 9.507861037218805211e-02 5.858879532917405514e-03 8.662627339660620984e-02 1.371142528112832132e-02
9.072480154484119375e-02 6.822854955662487064e-02 5.955241825395775346e-02 7.043889966498638466e-02 9.246988027574667979e-02 4.321993041561988241e-02 2.452027145624924298e-03 4.216289184575521681e-02 2.142080285760063207e-02 7.107161261387655304e-02 2.770247851933338445e-02 8.864365893101308624e-02 8.226255107429958358e-02 3.803275151241334445e-02 3.564352889160309762e-02 9.269946247315696830e-02 6.204256189573927049e-02 7.467398675806334596e-02 1.274978253888261505e-02 6.945845191702525179e-02
8.587656203609693450e-02 5.719869034583505846e-02 8.781056079564496242e-02 4.594045755287337607e-02 1.841204009059114327e-02 2.797805110989437689e-03 3.730266692826840480e-02 4.622443464610620500e-02 4.967511825231721995e-02 7.775212792396875294e-02 7.044798535101663706e-02 8.796196126627325862e-02 7.018365237225347719e-02 5.128028488943334184e-02 4.650197997962543517e-02 6.674051039420747511e-02 2.007505551130325458e-02 9.945280848796202167e-02 3.142703515472685533e-02 1.817104201199106969e-02
3.269065948625358292e-02 9.717795660668543389e-02 5.654064795946212030e-02 3.136844953406350139e-02 9.126897189749649808e-02 3.501961500842001168e-02 1.612620666614433818e-02 4.298357162856719649e-02 6.508715761050853921e-02 9.317086189180484590e-02 7.545731977383508815e-02 5.715166287105293702e-02 8.282383411796007122e-02 5.194656561151513030e-02 4.957407405497694063e-03 1.604605998627937208e-02 8.826297389016535266e-02 9.326622265369290121e-02 4.275469699667705514e-02 1.329047565715912871e-02
4.326187815254631946e-02 5.965128268996601479e-02 1.393517494201027690e-02 1.667242816880297809e-02 6.438798876180122643e-02 1.771136191537796625e-02 9.640943076230168440e-02 8.849297528832104909e-02 5.512563897077205760e-03 4.838273646086006796e-02 9.522593947928192915e-02 7.914582984096178719e-02 8.516826793265329376e-02 7.714520085571947849e-02 1.025104332475973434e-02 2.201515658498785083e-02 7.123876940152594484e-02 4.874156894790596106e-02 2.015653726666586515e-02 7.018349343671369256e-02
3.477874669782139716e-02 1.024985572632403086e-02 2.319476805559184118e-02 6.008024317513994961e-02 6.760135875099483604e-02 5.495163293511404895e-02 6.444940491781540881e-02 5.251900631406752895e-02 6.964889220877057419e-02 2.057281674530521409e-02 2.327869454182120157e-02 1.979888274606959181e-02 3.182746610571819679e-02 6.575676499461449720e-02 6.655095273245723031e-02 4.115454742123966780e-02 1.986795475728190402e-02 3.010684080366794746e-02 3.600186520655088845e-02 1.474425181420221422e-02
6.519759591282676958e-02 1.908577786959285774e-02 4.059629307134720450e-02 7.407132962937627851e-02 3.371510581833283421e-02 5.648672476402738854e-03 8.515400946550466532e-02 4.025350567510364158e-02 2.358782194323853082e-02 9.204162667389426816e-03 3.054325972018751001e-02 5.094930225535956869e-02 2.746076552446854654e-02 8.852069623651756536e-02 8.821498792008986012e-02 3.028611808170861286e-02 4.855440979829157844e-02 9.145601422275617676e-02 2.556590180176229396e-02 5.115138652351081117e-03
8.791554486049696360e-02 3.847661326850358027e-02 8.085949510848532140e-02 1.056545614398829436e-03 8.912470911156342157e-02 3.953074240761438735e-02 1.109042859343679736e-02 9.312278548745292484e-02 9.118309373037496168e-02 1.550009041260075326e-02 4.800175236592999634e-02 7.037581299963575898e-02 6.831063426848589526e-02 1.757935588075565424e-03 5.965488672233683343e-02 2.439065466593422216e-02 6.594369489743824586e-02 9.561446806242633600e-02 3.741468399107230475e-02 1.958328945758475159e-02
