3.486681917932246133e-01 1.343604963808013586e-01 1.545461654071635382e-01 5.837300850572731126e-02 1.289139326496808180e-01 5.138506568458769269e-02 8.742154631011356258e-02 8.130383005538178998e-02 1.375031394811994379e-01 7.798457785809582987e-02 8.261682246912210870e-02 1.279284359763619427e-01 7.907856355111367308e-02 1.397034549317086316e-01 1.006344632926255700e-01 3.804755930402759639e-02 6.823858371746011064e-02 1.255069178159382848e-01 7.044770136301281571e-02 1.180146551719654657e-01
3.402024194630253601e-02 2.789549465284533319e-02 2.096966072234859521e-02 7.133573219617275751e-02 7.389497120627508929e-03 1.758652251435766176e-03 1.152490022110592809e-02 9.559092043412609208e-02 6.878123858500427568e-02 3.037223404607124547e-02 7.514574653685401895e-02 4.991478844602912496e-02 8.190989514804824720e-03 4.167626818868851862e-02 9.937940784761922774e-02 3.196406278831716991e-02 2.378480369087714388e-02 2.097850215876382457e-02 3.832037927104083030e-02 9.348157659756348159e-02
4.623653051959009282e-03 7.357942450948999624e-02 9.556890140753103446e-02 7.036728239469253188e-02 9.981387901016780528e-02 2.581694211983045703e-02 3.343008463452921269e-02 5.942879897628398217e-02 6.934989560737910008e-02 7.630699077977795564e-02 6.419207463707946038e-02 3.179155265388281665e-02 2.787172521091574491e-03 7.799074699658489762e-02 9.411728602731252169e-02 7.743402491135667476e-02 2.834032427291113473e-02 2.642523285669753572e-02 7.260488612373790229e-02 9.728585760779601133e-02
1.067225762081704978e-02 4.441255810397512493e-02 2.759571820399941977e-02 4.561334393518421543e-02 2.212727568648522811e-02 3.713473982727383271e-02 6.140837794682196815e-02 3.834367641678676497e-02 2.319480726104482596e-02 6.167206729311455748e-02 2.883872154779676400e-02 2.655226600349766194e-02 6.210828351556287041e-02 1.176974007100140040e-03 8.249086111505474217e-02 1.657741688019733969e-02 9.330022455934236514e-02 9.588416226572209211e-02 5.602509618808513420e-02 5.601365788678178831e-02
6.747347172729054043e-02 1.798420934508114868e-02 9.854075708033625813e-02 7.463194041405542267e-02 9.735006010814956090e-02 4.900437606966854404e-02 2.717549144210132037e-02 3.661231778901245099e-02 1.215310473606852175e-02 6.321823845798404951e-02 5.641661054879232307e-02 1.334459926758743177e-02 8.109374332870683544e-02 3.827594579628127575e-02 6.043101544135977277e-02 6.780911617000848213e-02 4.045987008851958250e-02 9.972332163483466072e-02 2.782970747841140638e-03 9.370855797929839026e-02
3.598508867152588886e-02 4.108624208498543734e-02 7.488615641691313829e-02 1.285909115494886581e-02 2.029460408364602896e-04 8.549822123791790685e-02 3.168072917655239545e-02 5.965653565581002099e-02 5.505890136071800792e-03 6.800868795864800642e-02 7.820940211508874140e-02 1.991438787253900847e-02 1.170408097965123378e-02 4.055808555904205637e-02 2.277244008703327438e-03 5.388595493735753167e-02 6.297143901514076769e-02 4.661804555243377612e-02 1.802917340945631337e-03 3.536130731867730831e-02
8.767218997557664484e-02 5.913848791504803387e-02 3.568677725448730215e-02 7.013207187873872483e-02 3.613076670383278538e-02 8.799982844823478478e-02 6.117119777021687993e-02 6.190889945985789122e-02 5.015353404827854050e-02 2.014081891094783583e-02 5.033020023677989979e-02 3.506413575964529000e-03 4.817292345995794443e-03 2.962756775909801757e-02 7.600526674316410158e-02 6.737423684423007875e-02 7.638978253152020614e-02 4.087472697943631689e-02 2.601210102599001150e-02 4.405538587018459351e-02
3.123838831678715788e-02 7.971344322878602673e-02 6.815314388818165259e-02 8.092838383360208276e-02 9.513063075290845161e-02 3.635225811083377806e-02 8.005041102669065156e-02 7.145787608509772404e-02 1.919124376538230634e-02 9.026994046408153005e-02 8.436853671041755209e-02 6.625378072841336952e-02 8.542968682954138471e-02 7.362920329730127111e-03 5.159178382708554805e-02 9.563481040043475892e-03 9.775969940271442282e-02 5.087858034430112891e-02 5.972194797602031757e-02 2.750301970972120202e-02
5.381164396365622354e-02 9.958465444522474064e-02 9.342195202945156873e-02 3.049438743704501256e-02 5.878703058633434619e-02 4.354348749060678314e-02 2.488663040472502072e-02 1.112633804905449608e-03 3.591287565120443448e-02 3.318772839845662848e-03 3.394061882560491655e-02 9.938517546227032540e-02 3.428334523083369917e-02 2.816649959959846225e-02 5.157894500652254743e-02 9.392905145285695978e-02 9.261794032156780987e-02 1.542068427080960438e-02 5.284220590951943519e-02 8.102403428125215176e-03
4.144958853654245878e-02 9.838736153859095612e-02 5.513445113733070335e-02 1.520721436057974676e-02 3.448266154839304404e-02 1.838143600400776820e-03 6.692641516392307255e-02 8.614385309302763361e-02 3.295087368538612838e-02 3.081126069413843427e-02 7.479694669575025212e-02 6.377098394796565546e-03 6.861704267226765609e-04 3.689096040743006233e-02 3.355728740935753907e-02 1.829426781238323654e-02 1.101133588750918824e-02 6.153394316257288117e-03 7.461557401323537508e-03 7.919506933203700194e-02
3.294189250075644365e-02 4.717589684087139523e-02 3.409933403284751835e-02 1.261648225885133624e-02 1.664861197618334662e-02 1.263087082186429427e-02 2.444259429222828128e-03 4.103547531361378953e-02 4.833834233537015468e-02 8.653574680683074824e-03 7.432214266311634732e-02 3.495722736407735898e-02 5.740576008394816798e-02 4.295233957039368278e-02 3.716860831262658316e-04 1.261822637234271197e-02 5.612472281332822610e-02 1.319906425345116624e-02 9.246345584644256183e-03 7.245578991625915843e-02
2.601718483142820976e-02 7.334004940040753096e-02 8.739291014511305078e-02 3.218284955283360477e-02 4.711315884549216633e-03 5.343014173683588441e-02 6.263121027550998254e-02 4.230623557269469481e-02 3.608858509991137720e-02 6.538937391048790793e-02 1.096731626579894314e-02 5.006601127996904849e-02 2.666729433362111795e-02 5.969280965804035777e-02 4.187105408387025579e-02 1.136436414067694238e-02 7.399262931703852464e-02 7.791344982017067884e-03 7.427014605113470280e-02 6.314979066664019869e-02
8.334485614032932643e-02 6.885758040365048960e-02 7.834043971256526850e-02 1.412152597372319345e-02 1.073391954460529811e-02 8.069138026409256037e-02 1.574578316166030945e-02 6.886747863056824626e-02 1.788776186249527861e-02 8.160820136553875725e-02 2.212802259813521216e-02 1.284277697082676466e-02 9.398005686546555271e-02 3.295910516234288462e-02 8.800293570486129868e-02 9.792112943696837379e-02 1.915992701469857590e-02 5.415125807594775575e-02 7.274202226645221266e-03 6.235737665052970558e-02
8.411793149224293387e-02 3.758370428759028308e-03 6.550191471030153423e-02 7.180194745221701869e-02 8.136386869140478650e-02 2.978679098786838481e-02 4.391105056653763633e-02 2.884476320747585490e-02 2.243216967647843063e-03 9.021735185567571202e-02 9.641700070729107563e-02 7.702490401424355766e-03 8.116266535946542460e-02 9.458111027424047357e-02 5.465762039295422176e-02 8.817473080120606654e-02 9.206223517094361264e-02 5.317058308644230513e-02 4.444471238167557910e-03 8.486208047644328012e-03
6.613901723090383211e-02 1.238387366968440872e-02 9.893166693212419871e-03 5.035931680247197895e-02 3.183338136197999546e-02 2.096637659037114965e-02 7.946526211816135055e-02 6.780239136516438836e-02 5.323503719698387260e-02 2.205378142310054825e-03 5.265057682470294931e-02 3.449697527683758674e-02 3.654586990005111863e-02 3.449763580214222636e-02 5.116109745368235817e-02 9.167706687159818402e-02 2.042997819913703467e-02 5.053345510637641258e-02 6.697596043160111701e-02 1.678070816214690883e-02
6.986391229241233070e-02 4.396700912438636366e-02 3.899223039584680944e-02 5.386184027884326903e-02 4.031005993699816881e-02 1.456491561165751533e-03 7.760699727966696715e-02 2.093302030190279453e-02 1.673930811819859463e-02 2.120531482140512042e-02 9.498797459992259357e-03 7.314646122251487748e-02 1.965663915300258635e-02 2.467511942118429114e-02 5.755184403067797883e-02 1.800098796144081886e-02 6.965720225442950664e-03 8.803069794846470064e-02 7.891309428526076253e-02 7.887023868766394885e-02
5.907320269481296932e-02 7.714219887821231747e-02 4.323504139997234180e-02 3.852980302157793784e-03 4.811350493616305818e-02 1.719921593157222248e-02 6.706236342290321228e-02 7.864770831981572272e-03 9.934140949532377363e-04 4.334658811645827892e-02 2.369710252361913183e-02 6.785731122837947160e-02 3.171752719894754824e-02 6.568030559686915959e-02 6.588812239130389936e-02 7.652717325593116904e-02 5.375821671244179062e-02 2.217405615443834854e-02 8.153744626853404176e-02 7.187134738101355613e-02
9.633379591701256295e-02 8.365868118049703261e-02 5.380197074708359395e-02 5.598837891283451468e-02 3.544809504630064279e-02 8.663279132870449484e-02 5.644322990766336562e-02 4.564834740402513857e-02 7.654779990906621090e-02 3.855135418016088222e-02 8.330254572200150587e-02 6.887039333852915113e-02 2.658396130831252105e-02 7.353205260531188447e-02 9.700141137895862409e-02 9.461832513322256111e-02 8.901094611680053503e-02 3.354600492366240777e-02 2.813600272564745902e-02 3.814086373447572731e-02
3.463326150750032500e-02 8.057788685839950560e-02 2.367042204472339512e-02 6.592939346086849894e-02 9.953531980167054649e-02 2.254034052028179927e-02 4.201463351901654764e-02 2.590490715481976944e-02 1.791064530052012202e-02 4.465078674501628264e-02 2.981093830506814646e-02 4.059041435739688813e-02 2.223477681404219253e-02 4.845830642189054294e-02 6.278108204616697496e-02 1.055740754838148214e-02 4.420125241922645554e-03 2.297118811231143795e-02 8.199405532080690506e-02 8.203457489849139139e-02
5.619708368841326573e-02 6.688434231278943265e-02 2.951033024123772899e-03 8.609528272278245409e-02 6.312460841007862256e-02 1.084482314143724382e-02 2.253295205994093608e-02 4.197445057573520599e-02 6.887088996198119373e-02 1.130728526065473243e-02 7.450826542513101086e-03 1.091154427603646671e-02 1.912927389025237401e-02 5.644597602264648378e-02 6.083043058902887212e-02 1.523131612304573501e-02 9.430109819649239167e-02 6.962580572196448714e-02 2.706306423939852657e-02 4.544676289102181355e-02
