2.762174578275864989e-01 1.387387864916503344e-01 1.356206910906412599e-01 9.637116863102963837e-02 4.099476315545234895e-02 6.138273638798678183e-02 1.124961563576914736e-01 1.909146409019864266e-02 2.133245520081787291e-02 3.053939760140208723e-02 8.253909047131811894e-02 5.775726141583564094e-02 6.871718587274167067e-02 4.564752513051489879e-02 6.250350678191760045e-02 1.066455110855777932e-01 1.123904510776382697e-02 1.938327173801457359e-02 1.209772794974636190e-01 1.184442590955275543e-01
9.282730934730869243e-02 2.426894112212568677e-02 7.754622660025081715e-02 8.655695717187888993e-02 2.120587603192042314e-02 1.404320003717228829e-02 9.905659665252998514e-02 7.664213284750993893e-02 9.591648209007674897e-02 8.248496969519812649e-02 3.784234681893480778e-02 6.257887160493280643e-02 5.979382549527332419e-02 2.079789502410416338e-02 1.514388331404328304e-02 2.789468834027986066e-02 4.525447908748939790e-02 3.322999745105166547e-02 3.810460174956336460e-02 3.173986236793607113e-02
1.178467840242194455e-02 5.680800265708123992e-02 3.756091503338518378e-02 5.586761092204048373e-02 8.778805040070558890e-05 4.038964859314543576e-02 2.695605076671081513e-02 5.064442212113177272e-02 6.878050340078438463e-02 2.611652957616668325e-02 8.765512036810611807e-02 3.777594337429368739e-03 3.143029305382275679e-02 1.980363161032714509e-02 6.493049976488075858e-02 4.871383199136987419e-02 6.240227261091980948e-02 4.996471510298425289e-02 9.961540408567060023e-02 6.374916113571788001e-02
4.814084191557205239e-02 7.128961445025390475e-02 4.552078716129145941e-02 7.507527602749731153e-03 7.298960342372814991e-02 9.559459037451363550e-02 9.697493552157508689e-02 2.487990199776491176e-03 4.401257263858809193e-02 3.015130556101153388e-03 9.442837488050533079e-02 7.404375307306607090e-02 5.665077160392770206e-02 4.489411986203130367e-02 3.467497303585308915e-02 4.192456093018138118e-03 5.485506592562488376e-02 5.119094916541914314e-02 7.969865886240791453e-02 9.287936398629439982e-02
2.197458261648580630e-02 1.399403115722652746e-02 1.078248964926644717e-02 8.185782828689351642e-02 4.390066994342110146e-02 8.540902814741424542e-02 1.492908220953228539e-02 1.314638254684073054e-02 8.849676650267626621e-02 3.639092818069469132e-02 1.895411617515968539e-02 2.585387237149561462e-03 2.645940996432192410e-02 4.467881337290660615e-02 1.301090945685856636e-03 2.022446364692867191e-02 1.093291302457578655e-02 8.104297381918740273e-02 9.460834904397381895e-02 2.825130556567068130e-02
2.675860556261583367e-02 7.249968571263369632e-02 8.754377866948187537e-02 5.160647499501613833e-02 3.659688295937133656e-02 3.159538808486255651e-02 6.827456594517249122e-02 5.810464738328727924e-02 6.836573267701187562e-02 4.026757802937112191e-02 5.900218247405502464e-02 3.848517418908738164e-02 7.531031660425768770e-02 4.544663193897113644e-03 4.230288835236148404e-02 8.729781022750969510e-02 6.943388343246696681e-02 1.537209257421833300e-02 8.132595911102245834e-02 5.178821582153315950e-02
7.080940786320233382e-02 1.496197912555652463e-03 6.903915732528856375e-02 7.074077943877805918e-02 4.062819285516160867e-02 5.193577351162799449e-02 7.415438331623647183e-02 6.599627636327269620e-02 4.594923434260448497e-02 8.232589282408608877e-03 9.272442605340908139e-02 7.407903335276000423e-02 3.510527162310635163e-02 6.847498575015646682e-02 6.987962638728749398e-02 4.495686181778196094e-02 5.441688447936374878e-02 9.985531507881740751e-03 2.928853750143478943e-03 3.962954787427622888e-02
5.250830494644925794e-02 9.738990566598032528e-02 8.616900802704612061e-02 6.469510523368907084e-02 6.674868601420595737e-02 6.719253938964141193e-02 6.799781574571336917e-02 3.028860949332712674e-03 6.388544837569264112e-02 5.633200684629363630e-02 8.528851109987778054e-03 8.364869872288820118e-02 8.348249667382218187e-02 8.409755615462764788e-02 7.058565980393878558e-02 7.180867192850171228e-03 1.705936749696339641e-02 2.490732417915069233e-02 1.215419213468593718e-02 7.697793836973564063e-02
5.830678887449674414e-02 3.737831652650225323e-02 9.464320209580399934e-02 1.584954106315389355e-02 8.187894180441389336e-02 2.128369775844337827e-02 5.066157766390211314e-02 1.430884187973134949e-02 1.063581160062939714e-02 7.922546308882402744e-02 1.324205463462657748e-03 3.464819248116925154e-02 3.185039307313991541e-02 1.296678899348026152e-02 3.194359961899795319e-02 5.460051394494284255e-02 3.255685860048640468e-02 2.478213113847954618e-02 8.668499440889876340e-02 7.417069187357461235e-02
6.263816156777148036e-02 8.327289974795711036e-02 2.850198928986058620e-03 7.273647758600336466e-02 5.283635267927481310e-02 9.539823727010404708e-02 9.922581070494029820e-02 4.556114453584140384e-02 2.778996201229625568e-02 2.306054491613819535e-02 9.373310012700880600e-02 4.487998629497678277e-02 7.253064503831915810e-02 6.124492769720295965e-02 2.012799601107564604e-02 3.222258924415549730e-02 5.789331203240710710e-02 5.158079973194713841e-02 8.417537356860582687e-02 2.066812410775424949e-02
8.877090510707885684e-02 9.387529184961425355e-02 8.191283765555884555e-02 8.337481096081011955e-02 9.637728948259763340e-02 7.851594756365681826e-02 3.336660247394891698e-02 5.362377538650080905e-02 6.170090578357285971e-02 2.498600634455994118e-02 5.394053689827198877e-02 6.277769229607792212e-02 1.650453208179533324e-02 2.228565437863213802e-02 4.359850403575937609e-03 9.850476489972848082e-02 3.754029005479387325e-05 7.122047887338993355e-02 5.835434403197367614e-02 7.802544691384349917e-02
1.120231501364861264e-02 8.465312829992524546e-02 4.802247894320620797e-02 5.296826418553105681e-02 1.116276635319399940e-02 2.592930698455284816e-02 6.457772736045279405e-02 3.362352793947054330e-02 4.026532415451099939e-02 7.059771476254972367e-03 1.289113525204373979e-02 2.573964868008690385e-02 3.614744647509841174e-02 1.142628278085526874e-02 9.633756495122086649e-02 2.750113165149947747e-02 5.511659903304179375e-02 8.405712475478112344e-02 4.187332052706965735e-02 9.586268266226957713e-02
9.786378074669759008e-02 1.895111240555045345e-02 5.235958924418732119e-02 8.979503455861062577e-02 1.937246209219293386e-02 4.534951336240376080e-02 2.821369542156485638e-02 7.594181631751513450e-02 3.813236027455511185e-02 6.467486302366952378e-02 6.362617715752033609e-02 5.877150682085771627e-02 7.942249114950211686e-02 2.965268059301688977e-02 8.529441978400165159e-02 8.638253873497082208e-03 7.956692809952314871e-03 8.318284851650015188e-02 6.281005448434828775e-02 2.824567391942822865e-03
8.644484890621344231e-02 2.733636075038083091e-02 1.660663945551028517e-02 8.381214721305825510e-02 1.649260887707171275e-02 3.567348226484874651e-02 3.060079000441732339e-02 9.793731486137902467e-03 9.876296678554551123e-02 6.212486874852484603e-02 5.711816771839883788e-02 1.049700178031579695e-02 5.039090452738202025e-02 4.438454919478382332e-02 6.373840500970302803e-02 5.822680712081698684e-02 2.569988939637452008e-02 4.933856539789230333e-02 7.636666763445015826e-02 3.152624439848229765e-02
5.747062663136980748e-02 6.381962620797880514e-02 2.177646193409532582e-02 5.556908215652213434e-02 3.008821747565289251e-02 4.064376476654300158e-02 4.365871218771888440e-02 8.980615602926993180e-02 6.607579620952397717e-03 4.655207195260753494e-02 8.981718955458595569e-03 5.311680569143363562e-02 9.010367745242203741e-02 4.109625087750179949e-03 7.590539269030660910e-03 5.808076304589446237e-02 5.695640052899449135e-02 9.586087807123580551e-02 2.591148772807331385e-02 1.193922246285063042e-02
6.581566849412551212e-02 6.306390989309695883e-02 3.400004657286962578e-02 7.104458749617618973e-02 7.311528138151746417e-03 7.466178701102599985e-03 1.638768898900905269e-02 6.285466128234658278e-02 7.774286975744162942e-02 8.654810720521955228e-03 4.476754653184300374e-03 6.133545967273343336e-02 5.177877445948220192e-02 4.815723846977293388e-02 4.329790354316059159e-02 5.982636248487354508e-02 4.623681497557596831e-03 1.377156216100896592e-02 3.181073709045791759e-02 2.458945913992215473e-02
9.185025487284759205e-02 7.723012190289702851e-04 3.481210334905038284e-02 9.951877248169470336e-02 8.766649213855998157e-02 2.053649426046597753e-02 4.265943141591260063e-02 7.440396498197898723e-02 1.015302949987936278e-02 1.560375468380779257e-02 6.165488501781967584e-02 3.465847163075941317e-02 6.120902307818718718e-02 1.221994164234471193e-02 9.237993118565843154e-02 7.721337036219395877e-02 5.023741290577848906e-02 1.701443076364106519e-04 4.587205479898014832e-02 4.217585995412053562e-02
5.563183944912693246e-02 3.566053760129496430e-02 4.555137478737750212e-02 2.675873516939169042e-02 1.888643233174114311e-03 3.074602455643882237e-02 9.554266898131247299e-02 7.312453307699000316e-02 8.404574744152192023e-02 6.371440861684063428e-03 4.587677739256436349e-02 2.659348976600850716e-03 1.256730562147145847e-03 9.151077424991628517e-02 6.784471416420934445e-03 8.169637268913072792e-02 9.893355388965625885e-02 2.902178185569770363e-02 7.773128196596031103e-02 5.402959741711000491e-03
9.825645425698906199e-02 9.027547884965481106e-02 9.939821829320645563e-02 9.022538730298462761e-02 8.067548062892669625e-02 2.471541404773193451e-02 8.382389456560111751e-02 5.781945826111048459e-02 4.297192684735800378e-02 9.305200576584626848e-03 4.999113357473803504e-02 1.358226138198148636e-02 6.990128282685964534e-02 2.658138379807241380e-02 4.973550822107628694e-02 2.634036108682779112e-02 9.140237648259921799e-02 1.849194642595757346e-02 7.470069515595294252e-02 5.372041927215184809e-02
7.392475336504181205e-02 4.482277710467337528e-02 9.522045424091889199e-02 4.545821781754774693e-02 4.571794781566031196e-02 6.545224461539170258e-02 4.437235130766825630e-02 5.390309604538146351e-03 6.671653949825616381e-02 3.229056771470282389e-02 1.560430018006334768e-02 1.056501174185028348e-02 1.165143016728159564e-02 3.215683190015385801e-02 9.996638721940086236e-02 4.038466525378098249e-02 8.291007453595246324e-02 4.924637098232307469e-02 5.119171564909624772e-02 8.419955915101200172e-02
