2.904649555128496763e-01 9.640309750078916717e-02 1.018995547134393526e-01 5.688152638243992865e-02 1.190864940690108398e-01 1.337797574936599732e-01 8.888763704511337682e-02 1.328582859575425101e-01 5.265402661188819250e-02 6.855493475272324277e-02 3.681039431946199481e-02 1.377529659065826473e-01 6.938664433030537759e-02 1.117874104608843067e-01 1.672519759819479368e-01 1.651208273682642225e-01 9.592651019130610246e-02 1.065061130998749828e-01 6.339045726248528079e-02 1.441735474186738308e-01
5.729534343805680469e-02 5.815549758079527343e-02 3.165695490193245337e-02 8.597718779922257359e-02 1.059642446835140639e-02 6.227874211558973028e-02 1.046856948287840962e-02 4.486922992141777894e-02 2.071963110355579119e-02 5.062993575220576040e-03 5.685962141052772201e-02 9.858636848237635128e-03 1.973098462909781553e-02 2.830376370559386720e-02 8.218555710887265331e-02 3.821855584456722993e-02 3.037463259058184248e-02 5.246644960694546445e-03 1.493815243386666970e-02 8.294843407868328355e-02
3.948301986705561595e-02 2.799235305559832909e-02 2.435071338953298525e-02 1.939730177436749248e-02 8.126456404503583364e-02 6.832440651266923071e-02 4.953400972300447958e-02 3.837001356170238048e-02 5.532335119688594482e-02 2.912733893114436562e-02 9.343608194016685131e-02 3.523312049682403389e-03 5.955099487260922392e-02 8.886423849491549565e-02 1.320341487847928076e-02 1.036991297177136673e-02 7.030763458137033461e-02 1.018023305417568164e-02 9.524617532529450203e-02 6.196195091821293105e-02
2.110737404402559733e-02 5.659640888188070124e-02 9.381026344274423501e-02 5.818773231027840609e-02 8.126059367080268325e-02 3.621356755071970801e-02 4.153022073314274754e-02 2.629854110911276216e-02 5.181712377073299097e-02 3.663341606174924658e-02 5.907357791105375538e-02 7.416688407417382873e-04 5.478008094069258122e-02 5.153234772049319901e-02 1.941934067626027802e-03 1.759710727244863035e-02 6.257280246406873858e-02 4.958046753374995008e-02 9.715868575548347597e-02 5.791559825835264352e-02
7.155883402681585681e-02 7.164169285257136754e-02 9.548072652950817529e-02 7.599723820840890987e-02 6.420721469495054012e-02 7.076957012059950647e-02 2.091770550588908581e-02 3.997510266632356424e-02 9.755288082943303074e-02 1.400209594802263174e-02 8.196641912650069750e-02 3.062772798930956178e-02 8.764626042359152658e-02 6.578281696810850399e-02 9.468759621581655794e-02 1.245762007991657767e-03 5.812045330323339226e-02 6.290298896539731066e-02 6.252825054093595625e-02 4.635125465432287512e-02
6.272241963169669643e-02 2.817601019754505456e-02 8.432571140435295154e-02 9.797294963450652039e-02 7.935424931802445569e-02 3.777979831894210522e-02 1.299982124547694080e-03 6.428939020277896210e-02 3.839351843447476320e-02 7.852112092190162429e-02 3.020066539029903074e-02 4.227872857854270139e-02 8.968019628298251611e-02 1.597874831906378676e-02 2.547647544671029218e-02 8.874348377319959957e-02 9.970592851214343799e-02 2.687334788860464008e-02 1.789573283042739105e-02 1.232906002850574570e-02
5.490584402891326987e-02 5.803559265271127782e-02 7.014961948795085667e-02 7.307810740466975929e-02 8.746039167825175875e-02 7.470999989988516554e-02 9.275334393161382973e-02 3.290602534023649023e-02 3.935320395326882825e-02 9.244493177797885597e-02 3.447355576693663520e-02 7.074444048395301700e-04 1.385302387618961989e-02 3.350143877484771521e-02 9.259939282486395404e-03 9.018204301029518477e-02 7.095854557065135737e-02 4.654473849059517776e-02 4.984832107817183805e-03 2.733932332933314280e-02
8.631799773345587290e-02 5.768300877446938535e-02 8.852256267589564409e-02 7.049987459810234947e-02 8.619809700715924672e-02 3.205752968387088047e-03 1.764421136380070129e-02 3.256477122202489083e-02 1.473934101336991237e-02 5.644547476135358677e-02 1.164652299756849946e-02 5.304601903229575616e-02 8.593772025208884502e-02 4.168393138564300410e-02 4.860649178930126491e-02 9.272028361130105201e-02 1.107608509269526580e-02 4.701316860200536324e-02 6.322600720156168475e-03 8.106362860539073623e-02
2.954078912295836704e-02 1.451087725057427329e-02 1.812132726078439365e-02 2.316051701173859126e-02 9.954780446768152213e-02 9.739666455808232426e-02 5.078578878444300893e-02 7.625952828634556535e-02 6.959932088092911362e-02 9.970983998948555749e-02 1.443070456004207427e-02 3.518980497793296192e-02 8.714141457973978433e-02 4.500524413517781319e-03 3.041009440773554534e-02 3.478096795086922655e-02 8.244300915943171548e-02 2.806746549652840150e-02 4.152691655233458484e-02 7.649061820649775967e-02
7.337849439507888871e-02 5.425812240569144462e-02 3.442272953615799300e-03 4.976252323149660262e-02 3.864264197618661086e-03 8.247083400258699293e-02 1.761166131097279333e-02 5.312305671472853513e-02 4.606718552274213785e-02 5.599565712253284228e-02 3.449858086732433826e-02 5.072809999027871192e-02 9.166176973962783525e-02 5.422103794435404606e-02 5.708141179049856101e-02 5.316714938406866958e-02 6.351459566877298846e-02 2.085887914952264804e-02 5.617482706479320909e-02 8.097284355617129226e-02
9.853900828098617615e-02 9.132003231655802522e-02 2.435504384723317234e-02 8.386843023576687206e-02 3.536842244994694434e-02 7.771692577525209089e-02 7.160006827001613727e-02 1.496086023954741433e-02 4.253656844614667198e-02 5.287050937278559015e-02 3.213542812416399219e-02 4.794419640676274297e-02 5.528519120510164142e-02 6.669538304002146922e-02 1.614537174060937108e-02 5.960403945484027410e-03 3.522688163025823604e-02 8.727487447138158883e-02 5.114759591483586387e-02 3.568370103294852408e-02
1.257490495832903725e-02 9.805317392351520223e-02 9.214167250122765052e-02 4.266934733608110375e-02 1.745850221997956656e-02 3.223175351203733194e-03 3.887712051776984895e-02 4.545320581860257288e-03 5.770826256531864928e-02 4.267079268755128579e-02 6.186462054262762550e-02 1.024371044205230064e-02 2.687152760486697517e-02 3.096271982577856324e-02 1.394146571066956497e-02 8.794170312170657838e-03 2.120098031624340074e-02 7.888104624608675841e-02 5.666226957807743436e-02 6.222019250517388245e-02
2.185374217180335865e-02 8.003808174893557378e-03 6.921646503170691966e-02 1.051157300040440716e-02 5.645157041017528216e-02 3.597144132719031634e-02 2.044733933941271856e-02 9.817926761402236135e-02 5.477715374163142498e-02 3.058385504556397974e-02 5.296819349168435838e-03 4.914757937182093195e-02 4.010803498151782609e-02 1.811109122709088012e-02 6.512360351751153575e-02 5.163206645341511525e-02 9.889501823497677535e-02 7.405303050590082703e-02 2.659864125685540426e-02 8.742919282997532737e-02
6.934813363494427008e-02 5.855565970728696806e-02 3.908667707662118185e-02 2.735946282447764347e-02 7.942664654654990608e-02 6.755099625013298581e-02 1.262411884949786803e-02 6.514354651779993843e-02 4.620404688010531363e-02 4.841666922163280484e-02 7.070662149269858754e-02 2.238014847082837877e-02 8.070853165916387628e-02 4.417198743434313894e-03 5.698796580301201259e-02 6.370089003038244269e-02 5.391606701204433583e-02 5.764995043315157552e-02 9.735186271375934064e-02 4.748146752605281185e-02
9.468015503771555486e-03 2.839003894116467683e-02 9.993420391269415559e-03 1.628349332537573288e-02 2.690670875686665062e-02 9.193743572609633374e-02 9.173772050799661182e-02 5.533731543020582733e-02 1.543311321731877369e-03 7.995895426046138732e-02 1.277968374286277999e-02 7.562852302259323589e-02 4.014383632460245821e-02 6.388222834652555748e-02 7.162799052235040154e-02 2.820987194433885112e-02 4.919340699638064191e-04 4.414527682523240737e-02 4.221174565277531487e-02 2.935315865608864247e-02
7.499796519944400275e-02 3.911252507491450731e-02 4.356942831822407762e-03 7.905577594357700300e-02 6.241017351839200228e-02 8.700477202467896132e-02 8.250426697500901074e-02 1.117017574851696463e-02 5.142581488409862095e-02 8.632437373856594043e-02 3.387572029028369791e-02 8.309505061061894793e-02 3.481936861208004969e-02 5.014104052894181873e-02 4.447712184137108532e-02 7.862375618608252736e-02 1.744439385577615381e-02 4.882925177331281369e-02 7.175519619670518712e-02 1.566805863003118901e-02
7.509590270876996543e-02 8.473915553016080071e-02 2.360168837807161829e-02 4.311085347720357286e-02 8.623836089797681792e-02 5.772864686536643281e-02 6.918445141346037108e-02 9.091354581357097286e-02 1.938022685049889393e-03 5.600872094980841043e-02 7.304344495715013597e-02 1.431179318945831162e-02 6.960768672661277363e-03 7.781721783962686212e-02 1.400046081885598752e-02 9.973039648644699967e-03 5.173731558481312054e-02 1.025868599019939126e-02 6.528472479962628416e-02 4.827652399509357178e-02
9.201988591756969649e-02 8.317697488447760301e-02 9.171412592241015571e-02 3.825553733103434495e-02 6.061875944134803573e-02 1.830333015692639162e-02 7.941688501649049603e-02 5.087055555035800009e-02 9.561775743012333739e-02 7.470833436606076627e-02 5.083100414476424134e-02 1.688776595277912199e-02 3.007571564103371856e-02 6.275260107463545567e-02 9.778883537062452169e-02 3.041714039514969992e-02 1.574163141984136205e-02 5.599792975292199743e-02 9.567809424225758030e-02 3.153901834921834374e-02
7.887441628598347576e-02 5.533985581915124539e-03 1.379150584234891709e-02 5.219326267753570531e-02 8.713295826384202802e-02 1.429512638186462153e-02 7.539200640913695795e-02 1.459803554069564330e-02 1.746663294259299601e-02 5.849960938795861765e-03 9.416398379802816410e-02 2.608089819676439117e-02 6.333684600060011938e-02 5.555951673718981937e-02 9.535344575425790115e-02 3.304288067663348899e-02 8.118202118699556491e-02 4.829005976978820169e-02 5.370317966582233149e-02 7.452469766867973744e-02
2.948943647119946221e-02 6.285512088581354795e-02 5.071643438501251266e-02 2.364299112604587721e-02 3.822148040588199680e-02 6.312328578788861666e-02 2.569811178365585466e-02 4.389674178320937536e-02 4.278752169150093487e-02 2.390993866514125321e-02 6.003129860761480599e-03 3.578320255394928234e-02 9.367775528567118259e-02 2.921735244444748775e-02 6.770027115619393042e-03 5.949646327649297378e-02 3.275113769327003821e-02 2.298843985333330966e-02 2.755508875076444555e-02 2.816088594158401570e-02
