3.303220173464114229e-01 3.274864052274482906e-02 7.155064187223268701e-02 1.136112055019944805e-01 1.132366863147911962e-01 1.528439386067986447e-02 8.520316270898352362e-02 1.258555937681756220e-01 1.242190459999964330e-01 7.744815882171240951e-02 1.270582730721152298e-01 1.041658512730776337e-01 9.176123160657728706e-02 9.893214070515125858e-02 6.258973334763859309e-02 7.267600165728886619e-02 1.686331101105439101e-01 2.994874086519098630e-02 1.522104548491130527e-01 5.491158765557625776e-02
8.585050707259206382e-02 9.507492692824177916e-02 7.940792991332033812e-02 1.110040231337626818e-02 9.753722052093150019e-02 9.020000108852717358e-02 1.490478598750612053e-02 1.783221307359897020e-02 8.259586136236957143e-02 4.874403076924645195e-02 9.249617356362538345e-02 3.472983903100008984e-02 4.659034246235600751e-02 9.720065166750595231e-02 5.594616585361466415e-02 2.009677154835623133e-02 8.371810217116459896e-02 3.805420859482559065e-02 2.543343224003281888e-02 4.825175800165108081e-02
8.164057811681693644e-02 1.543446477076603277e-02 1.774635115725875598e-03 9.273217612723144709e-02 1.896891582761752945e-02 9.400710729749388317e-02 9.680932353117921788e-03 6.507558405654510769e-02 2.797022454981956761e-03 1.169137000024058660e-02 7.506429859892005396e-02 3.886445081514353778e-02 7.049587576400093147e-02 2.872468405497898003e-02 8.978675350689067913e-02 6.213160857803774750e-02 5.864060217702860012e-02 8.842975531228422503e-02 6.539171117398960564e-02 1.030496840603049163e-02
5.649480831195625996e-02 9.199184061998860740e-02 8.679016916212435248e-03 3.054748972269039076e-03 5.396702996781358591e-02 3.829007937280010099e-02 1.666900326309101940e-02 7.040137323565713590e-02 2.129675374562201278e-03 6.337297681949553840e-02 1.260227420725541607e-02 8.953288767506090151e-02 8.637689375269134995e-02 7.291980933858130398e-02 4.241610778909983559e-02 1.774956551742789060e-02 6.945158978347182321e-02 2.243127295828784007e-02 3.444904537960293694e-02 2.386145670959836235e-02
4.971846603607205095e-02 3.093276539217239274e-02 9.096505543811179983e-02 7.674418501762531042e-02 5.572954034748433400e-02 1.937456019363683821e-02 9.025603741463467111e-02 3.679181762050278554e-02 5.326848039534316792e-02 1.144075819924254139e-02 4.225587056639139999e-02 3.954398706049949003e-02 1.919295536912762890e-02 9.027590248081117374e-02 1.522122460560779850e-02 6.926614919892780387e-02 8.796520924762163060e-03 1.841816007305086033e-03 8.796524421885654199e-02 9.553290175942412421e-02
5.514449541539850203e-02 4.051627056996359028e-02 7.732589540013490303e-02 9.157319732532551160e-02 3.170135049980321584e-02 8.769088946736464107e-02 1.720090135972662890e-03 6.792311334465143957e-02 6.105457965563945710e-02 8.057171205840650552e-02 9.223795318551170075e-02 7.373884641510405902e-02 5.046287225804033105e-02 4.986065755227514495e-02 3.375489915399104007e-02 4.024758546448951174e-02 6.355149991513503460e-02 2.978156447159081843e-02 9.392698520261505424e-02 1.099012519166110528e-02
6.009719739433348057e-02 5.662285303263837888e-02 5.778977034806296459e-02 7.159974897288479134e-03 2.763576435846409884e-02 5.816453447813026145e-02 2.814195844703397745e-02 1.805151128296104274e-02 8.413723805909713305e-02 1.000426561272874798e-02 2.565352800092268824e-03 1.725901238026005327e-02 5.724597524931729353e-02 3.224192217360843937e-02 2.686408757096198086e-02 4.291925228440579554e-02 4.950917257280778444e-02 2.187824660578390271e-02 2.450608197487563755e-02 4.969245279407108473e-02
3.662494803880186195e-02 7.073186768564125593e-02 1.352200005340271731e-02 4.345136126094331641e-02 8.741596048816657749e-02 6.273788112648204240e-02 8.723990695864627942e-02 4.929423213201836185e-02 7.636343188276384364e-03 3.904713645757498797e-02 6.730408540978583334e-03 7.086119630994767993e-02 4.010235787425146109e-02 5.939644587088086652e-02 5.805634911943424042e-02 8.870065636089929928e-02 8.381127043353707451e-02 1.127369755485833208e-02 6.449387279178941945e-02 5.792228701828378012e-02
6.859658337061401434e-02 5.306225948465997933e-02 1.306845252908449620e-02 2.123712833214324094e-02 9.603068013611121279e-02 5.428419322622471399e-02 5.917065748411748372e-02 7.296324549520570579e-02 2.497074081135660858e-02 7.649170440058432330e-02 9.736054291898013635e-02 9.390818835248411489e-02 3.566672829169029862e-02 2.521073606399483469e-02 6.643321327366001616e-02 8.778504418386598451e-02 9.991458673820265146e-03 9.184367084641137380e-02 6.591278269847178350e-02 6.744940629058808479e-02
9.055266473493367441e-02 3.122525725214554682e-02 3.089463630115324433e-02 1.994555309432387638e-02 3.963043077708217066e-02 4.987938148487506412e-02 4.877444450098752937e-02 7.221296508952624281e-03 1.437256531798217912e-02 1.963014475137514741e-03 9.985551583621754546e-02 9.821968126991237336e-02 6.011940073287438957e-02 5.303404879759196500e-02 7.677814676926913995e-02 3.809339710275159302e-02 4.228007188911508951e-02 2.570596668408152777e-02 9.747750209982676550e-03 1.866883965794101721e-02
8.704967483912690041e-02 9.544898793398805259e-02 1.236250249103743037e-02 5.139440643286196514e-02 5.838701124254370989e-02 8.751686084647903111e-03 7.240004804121577542e-02 8.881869684186848024e-02 1.816212045221690316e-02 9.468810047956589815e-02 7.153061123226134646e-03 4.936539403683748439e-02 5.812704778144304335e-02 1.977326503890769471e-02 9.482875811233872076e-02 8.969629566571460377e-02 6.915806303322223625e-02 7.586647100810867128e-02 5.784893722664916776e-02 1.724698126838106887e-02
8.093553511993346883e-02 2.265044399378401963e-02 7.540103225297185852e-02 4.180115728467575370e-02 1.329541545140187214e-02 2.125068337859814700e-03 8.422052616115593970e-02 9.451503706857523890e-03 3.080725973844668231e-02 2.309521124324043391e-03 7.632901430104592488e-02 8.359167900958322517e-02 4.508600233057344364e-02 6.326579011234827188e-02 2.175622999298373536e-02 5.932730966944178147e-03 9.019536507072790921e-02 5.694800239190062063e-02 8.558515898061544447e-02 4.824491630500148814e-02
1.244788963600873544e-02 4.070605985690650686e-02 5.436647843686779474e-02 1.350665228777052709e-02 6.012698269835986542e-02 1.774793472118426849e-02 4.571536480935635416e-02 9.720772053163719006e-03 4.723590963491589023e-02 5.220808311999006190e-02 8.771312803710513972e-02 7.757691430476433558e-02 6.223508587146167614e-02 1.463464984559294073e-02 3.421227350574176235e-02 2.559181603873732572e-02 3.382437046380713103e-02 4.549889791458350784e-03 5.771313170247871494e-02 3.934949582965004133e-02
6.597479782791020042e-02 8.281341532517694226e-02 1.025288537855675343e-02 1.871346349326452607e-02 3.528564745922412732e-02 8.764656483334997902e-03 7.873874922882542760e-02 7.700833210388831340e-02 5.231088861010624834e-03 5.310048249404050735e-02 4.529107187858527617e-02 5.045159706787481074e-02 6.767737458662191619e-02 4.040093403347534695e-02 6.705186776061949905e-02 5.203602078921155082e-03 1.469066306507567192e-02 6.363824245914882771e-02 1.069413875062254042e-02 8.639911211323342277e-02
2.063652660464198110e-02 4.941100442165979878e-02 8.274087403664970308e-02 1.932715348487491769e-02 1.850281018519836160e-02 9.393862535159282212e-02 7.264236670502237370e-02 1.812418837802827129e-02 6.577567075043155853e-02 7.682107386930929482e-02 1.778641883151406075e-02 6.201850794991129595e-02 2.048610948895260991e-02 6.474741809206795151e-02 8.897275699466251908e-02 9.144698802023981665e-02 6.386968779912853555e-02 2.072731382346957446e-02 1.890157991891672218e-02 1.736536746935738590e-02
1.357135782024365689e-02 2.100956761504779724e-02 3.507149448502749900e-02 4.906019320011546780e-02 6.325406630112492823e-02 6.467870453886873094e-02 7.316857454702124786e-02 8.754349723130844252e-02 2.631596451305669160e-02 7.449298937682517774e-02 8.255339723145249664e-02 1.822122994531061302e-02 8.503886613982167275e-02 1.921560136213553913e-02 5.646627215660469240e-02 6.543983738774324099e-02 3.523755982364931011e-02 6.571829625824311683e-02 4.284799419181162250e-02 4.480043250339971368e-03
4.503400959220917044e-02 7.696469847317556623e-02 5.199113332343733435e-02 4.256680676204412095e-02 1.367947047336835059e-02 3.900168054000063833e-03 7.305089067718663343e-02 2.640677960418094314e-02 1.551984157840980046e-03 5.371404323743003695e-02 2.334944382174544350e-02 7.216818065819719311e-03 7.972290740967037659e-02 7.375995146568130323e-02 5.343345675190646488e-02 7.322714374787159253e-02 3.681711596239529982e-02 9.170603695857650062e-02 4.374651693137249220e-02 8.397212084775133867e-02
3.911466272232433372e-02 8.890305940548601238e-02 6.539975179388114734e-02 3.417695145018270070e-02 6.672754825584363558e-02 7.406221238535586060e-02 8.067500510874930919e-02 7.227321709725546828e-02 8.306131664041276064e-02 6.888963670169449827e-02 3.552975704668418638e-02 1.083695754011607809e-02 4.142592248376071595e-02 1.778266955401434229e-02 1.924818465477539167e-02 7.201760818580210666e-02 6.696652686395021536e-02 9.148365613285613929e-02 1.774845957608806035e-02 2.076646442702867468e-02
2.380191768346361439e-02 6.773736582063964728e-02 2.718956084015504773e-02 1.037636223449606154e-02 8.688521004023941341e-02 6.553198612088144415e-02 7.424163028761164573e-02 4.258388645852621140e-02 6.749811950506706681e-02 4.955235164522978769e-02 7.349123006238519884e-02 1.139678029553381532e-03 3.382786886207059945e-02 5.206282931658096080e-02 7.863196282455520159e-03 2.872149761094762443e-02 1.872917119527881674e-02 6.248259823353485842e-02 2.098652933904743279e-02 8.964743951034390146e-02
5.876923824495947773e-02 1.745971900929059809e-02 1.918923275188535657e-02 4.919206526262483170e-02 1.844100930636505264e-02 2.157492223028267819e-02 1.043759565357779175e-02 5.590697533229663924e-02 3.644240244202432560e-02 9.297593677552189184e-02 2.944274580692667412e-02 8.279120726041690193e-02 7.490599835339444013e-02 3.234303161587304132e-02 4.786836510683498136e-02 8.488377138498384711e-02 1.641808509821101117e-02 1.035227583019441427e-02 7.047463645094283191e-02 6.516696653010163598e-02
