2.715572931519112387e-01 3.778026077730580606e-02 1.062646925915570056e-01 1.000081031334427162e-01 6.516400076367166727e-02 3.206507338867308626e-02 3.439439222468370499e-02 8.521006479197380801e-02 9.179017442671019711e-02 8.411092423298940912e-02 8.214084751772485204e-02 1.061734261551720016e-01 6.668918674631593713e-02 6.591072572401636409e-02 1.076065129763343481e-01 7.436047751933068384e-02 1.172559144072610054e-01 1.356067487826677354e-01 9.133498368887055241e-02 5.151566457852752023e-02
5.921055064816841546e-02 2.183996174810418772e-02 1.899620098445347141e-02 6.648055453253773339e-02 1.702969772424756112e-02 9.971746736236904163e-02 9.796518935105771875e-02 2.343698160076380932e-02 2.865885531135359526e-03 8.738172296553879670e-02 2.120917341037469386e-02 2.424536193032581638e-02 9.510433844566391209e-03 7.036521493555703000e-02 6.061672759411145667e-02 9.506127967090417796e-03 3.416522926898744178e-02 5.333577339887697610e-02 7.895410925780507738e-02 3.875296985006711215e-02
6.882879540342200231e-02 5.646203887756859330e-02 9.413904907554043744e-02 2.076413813942482728e-02 1.799386122183754821e-02 4.004503491325500653e-02 6.763826909766988693e-02 5.142434930012872857e-02 7.320874589874633298e-02 6.561853954224827930e-03 3.905606428935970778e-03 3.870902592135758852e-02 9.478160167604844297e-03 8.754389883616583989e-02 3.710632277225769243e-02 4.732889033131609108e-02 4.869601233142907548e-02 1.207795920526832933e-02 7.265610965581377478e-02 9.498182522563310137e-02
7.228693827923056425e-02 4.335648773007514528e-02 6.788004713710003857e-02 1.174542047516546949e-04 5.722299245669962980e-02 4.189416635122782812e-02 9.909197603746711103e-02 9.516767429583285198e-02 2.429850285524903959e-03 7.525858632366427825e-02 2.177643596514516888e-02 6.380469053675162650e-02 4.045849207135875786e-02 1.057916569142144415e-02 5.143296527241903240e-03 6.011202444684593527e-02 8.224189545194161843e-02 9.196323461629514473e-02 7.724961828561277555e-02 9.954767072440778852e-02
7.810830341603547909e-03 6.894870021456797615e-02 8.358101285086286247e-02 8.234068052596885123e-02 9.356269835601593865e-02 3.652490231652028019e-02 6.410945325403470674e-02 4.392135573279992017e-02 6.891843495947501397e-02 3.683136572563682626e-02 7.979100936317136405e-02 5.871645500641895637e-02 8.977376278489263006e-02 5.300135473266707337e-02 2.163535347716076876e-02 1.748707475121052957e-02 7.515940320402884900e-02 4.740998461703197636e-02 4.447579257079181843e-03 2.309133601547420922e-02
5.643461732452177693e-02 8.851323021410645309e-02 4.349725505032682460e-02 8.599471437489225600e-02 5.352198904029314974e-02 6.560822857114793905e-02 2.412003498143198282e-02 6.755744138268600374e-02 7.675307873597370101e-02 4.834251174017964447e-02 3.006493108998945646e-02 2.716308812980349277e-02 6.372527584827294977e-02 2.750569654810092191e-02 5.866616091114103260e-02 8.244944435241256808e-02 3.430607163430852286e-02 9.677755013983867227e-02 2.615959132433522127e-02 2.487838498211510097e-02
4.490548820154269261e-02 3.121237810057846465e-02 2.576188570389227606e-02 6.999711316710319209e-02 1.969468251642968529e-02 8.175101619931605945e-02 8.057351352873948214e-02 3.038389707104826101e-02 3.081714008262982640e-02 1.315481876955536603e-02 9.279695947458485583e-02 2.858902790714834725e-03 2.822607881715102560e-02 8.864951035449675221e-02 4.885666270628979957e-02 3.973477582484913340e-02 7.346854167964807225e-02 4.273996115556764203e-02 8.264494374075034844e-02 8.412034629852288559e-02
9.748467739608646099e-02 6.154417490616970361e-03 7.850451645545585000e-02 7.938803331539309727e-02 2.207835466682444084e-02 8.074374436365375218e-02 6.683295849097796448e-02 6.792267245993033505e-03 8.184077028259113817e-02 9.420220724609043583e-02 8.869093139143292837e-02 6.881641549930705981e-02 6.510075029929596191e-02 9.580748632653772467e-02 8.622383975359447505e-02 8.328627298946016111e-02 9.615849353656080734e-02 8.125369917669466799e-03 4.929634303634539139e-02 1.543763879153680144e-02
5.685908681418352928e-02 4.399068505816364216e-02 1.988448809918234167e-02 5.131521432034985564e-02 3.241845620118575383e-02 9.313802306007518128e-02 8.976599161739352850e-02 3.330878506264390009e-03 5.380864049915972530e-02 2.588238111854678294e-02 6.903259556751975556e-02 1.800293941016148022e-02 3.297866901246406662e-02 2.951243194150469235e-02 7.159875552639539953e-02 7.376497690679099939e-02 5.113980434302167061e-02 1.731229412615595958e-02 8.900301728561507697e-02 3.495089152650599027e-03
3.365014004477744763e-02 1.746538101224185541e-02 1.791371569443742789e-02 5.613608673826991913e-02 2.238104708335269047e-02 2.577809882146527010e-02 2.465266274863120444e-02 7.549421331478345376e-02 8.067750512692375975e-02 2.185107069992786588e-02 1.245968050071833040e-03 1.174760413739053301e-02 2.778340533007981478e-02 5.487374069007275312e-02 8.521660804451880455e-02 5.962587568308361924e-02 5.576435431817381577e-02 8.053619780013854257e-02 7.886144619764728914e-02 1.745142599351893337e-02
9.108078653554339821e-02 8.176409335313630788e-02 3.240496752278124865e-02 7.996419616842684319e-02 4.639581528378740327e-02 4.160212349624400896e-02 4.466331504528421592e-02 7.397412556477631074e-02 4.138658541878967312e-02 2.280249762343262987e-02 5.891205814341372166e-03 8.631029673169177130e-02 6.536058548290456238e-02 1.742413351536058544e-02 1.332175755645843666e-02 8.816446899345767307e-02 9.678306358570681889e-02 9.546918699790567231e-02 1.909704530320176577e-02 5.948777160163296746e-02
4.791152499828267575e-02 5.530301395194359496e-03 8.628337094827048803e-02 8.165774477040388390e-02 9.004556790513039422e-02 8.409333823804821841e-04 3.234244142462528154e-03 2.404639423995740335e-02 3.483835328645939339e-02 7.385279834870975280e-02 7.995659190914980452e-02 7.347638540255066464e-02 9.072320119971462316e-02 3.867599122993908151e-02 5.272488834944366598e-02 2.092358989838683132e-03 9.160136843880620217e-02 6.107513042081744170e-02 9.145837872502039778e-02 3.370687705504272005e-03
9.653188458266472038e-02 9.034061408613246191e-02 8.474751104175809457e-02 7.811568852667138962e-02 8.889918823448511587e-02 4.661548152203801726e-02 1.357010082549182754e-02 7.341644377414680012e-02 2.603908610498643222e-02 5.552670611340815646e-03 7.816480040316098332e-02 9.126593549526862414e-02 6.078575829753635196e-02 8.880275732097615837e-02 5.488365850492178677e-02 1.752024738317881081e-02 1.457960924851336992e-02 5.148513853079179914e-02 9.871231930952906186e-03 2.657508235793820672e-02
1.860161117126711908e-02 7.548377153981243592e-02 5.461443542686476166e-02 6.909136845463215160e-02 7.098488942980686611e-02 1.587206527058172487e-02 2.229537485997323820e-02 2.321552589961241309e-02 7.385812968544321067e-02 6.648211731620197462e-02 7.075008398624642314e-02 8.550890772502003911e-02 5.216320471648801249e-02 4.647735618196041640e-02 9.845284623887629039e-02 5.232335424053752293e-02 1.061551832099759743e-02 6.458670142620215673e-03 8.431585841410574322e-02 4.068219650438710533e-02
3.905463349039428600e-02 2.865521264617091474e-02 9.557177896890532709e-02 2.008712561081545112e-02 7.459048160123560312e-02 6.080456074517758686e-02 8.826489703758461092e-02 3.691016194048853116e-02 3.548094428012096152e-02 5.527869705811611079e-02 6.458831529718016273e-02 6.114102399671866167e-02 6.422458620922236183e-02 9.006967610072019736e-02 5.177688934760731748e-02 6.124312861317574019e-02 4.230065142129347221e-03 9.556264133511160885e-02 7.999965965669544876e-02 4.553484586297182335e-02
4.891430917537820111e-02 4.255442937110553991e-02 2.516267087619819195e-02 7.294907105629389044e-02 7.729362020650427934e-02 6.986722399429377839e-02 9.608358140430030281e-02 5.930093110307189941e-02 5.496989351147830299e-03 7.725816193347651017e-02 9.788544684810274177e-02 6.612727822283209766e-02 5.317416807736490697e-02 3.684364972403687821e-02 6.192712794671145077e-02 8.090441165643023902e-02 2.768212105353028488e-02 9.490192287980801777e-02 3.254451591374560998e-02 5.197751080595378048e-02
9.794415511981938161e-02 4.553516264585888429e-02 7.442085694286025566e-02 9.369473143317945396e-02 3.952518350076061893e-02 6.034867114721309891e-03 3.856765433046417668e-02 2.934347114947498739e-02 8.107237330584515789e-02 6.222513652404013801e-02 3.792902250757224352e-03 3.058184979743615653e-02 5.194491603957077097e-02 3.454852049633994060e-02 2.260269667282245598e-02 9.918956890976887708e-02 7.689473204275099061e-03 1.054953252918510234e-02 4.139990804833965088e-02 6.793139993513545860e-02
8.771228396432691199e-02 5.793769727644102613e-02 5.694291154669788718e-02 9.205427803382301710e-02 5.949545647353660094e-02 9.085673368910003600e-02 3.067036108835931307e-02 9.379512273330989358e-02 1.201178190668391633e-02 7.095789251500407568e-02 1.677648158280415844e-02 7.274519893146885741e-02 2.295671676073081369e-02 3.913524940353685366e-03 4.243295246462559789e-02 8.397579455764232759e-02 1.671223130442284210e-02 8.033548173256277458e-02 5.479479674162637814e-02 5.037031018912161567e-02
4.653211065402956120e-02 4.609569263974493819e-02 7.226833006974398010e-02 4.248743653904815676e-02 4.739066130283697831e-02 1.669948226942097325e-02 8.780814664416181428e-03 3.137259358198821874e-02 4.795780594453605966e-02 8.150808585423968688e-02 1.869678401928094244e-02 4.830857617215952859e-02 9.284999955308156916e-02 9.389384563639080472e-02 5.419246984388083332e-02 6.928113930970664081e-02 7.489970574573931450e-02 8.096437721889591932e-02 5.859663880840237926e-02 6.384714918862753608e-02
1.314322035553118322e-02 5.844394243702238229e-02 5.346203693627410436e-02 7.362444180751151479e-02 7.509907918744229693e-02 5.067219369982298161e-02 3.447260999190452507e-02 5.637923704257574720e-02 9.351119501897163511e-02 3.878348055404579053e-02 3.630064599221746041e-02 2.287745629221190832e-02 3.073234688383024230e-02 5.575773394448255149e-02 6.620678307887493952e-02 8.096796686117452291e-02 5.024669418844677354e-02 3.474696075665072853e-02 7.905455377177734999e-02 5.713175558653982473e-03
