2.760879213844117941e-01 4.921877994401362144e-02 8.207622655831184333e-02 3.942627773756297860e-02 9.786208072637465893e-02 1.013975899199116432e-01 9.577151850482626405e-02 1.515900435197145013e-01 1.612210941845608203e-01 7.109879777428639025e-02 6.300956232662681400e-02 1.257447653493433681e-01 6.566515267781930509e-02 1.042404699902225312e-01 1.007971248532138764e-01 1.205640747051111294e-01 2.415006767150501554e-02 1.038068798386270475e-01 1.468288465365150675e-01 1.051787305570228981e-01
8.246634813253285110e-03 6.635912037748162295e-02 1.273921608460421018e-02 7.464602376455943544e-02 4.223158284033885768e-02 2.948172363778482977e-02 3.963059360085368493e-02 3.762893849163119475e-02 5.836527841047879639e-02 5.251915765081217879e-02 8.132993847210152893e-02 5.327648411341299323e-02 2.497892788393704308e-02 7.313159615251577095e-02 7.770876529390596810e-02 9.725140247896477130e-02 8.087908913902713826e-02 6.639153335593428462e-02 6.787765265611095389e-02 2.345034812147793815e-02
7.099762148825772279e-02 3.165487166347400599e-02 5.373128281622866625e-02 4.931008605644759957e-02 7.985916235411912034e-02 8.227563159283635564e-04 2.579627150223829171e-03 6.033749352945413924e-02 4.144136893519399095e-02 4.804735313633080873e-02 4.655863980133811281e-02 7.791701401247511094e-02 6.333822627963424379e-02 6.891270504977187357e-03 2.769831599212804404e-02 2.191335891411214792e-02 9.752512341912626670e-02 7.743521258479815761e-02 2.997559034894814803e-03 8.640453344139963077e-02
8.517910982406473597e-02 8.620766016160541501e-02 4.462773808054783242e-02 8.348008605207674071e-02 5.768014192901137899e-02 9.695163621789737451e-02 1.826068766636463822e-02 3.340774238385825490e-02 8.479594060597761551e-02 5.239961219840633122e-02 7.332933406699754242e-02 6.335711908480010091e-02 7.645564443261500254e-02 7.173024773420998146e-02 2.760412874927614668e-02 1.247441562899677218e-02 7.198064613901111741e-02 3.499414293634014322e-02 3.610053954253301944e-02 6.221671476352581831e-02
6.606118141986584702e-02 3.076115595028594898e-03 6.428195600235987739e-02 2.753935127172726580e-02 4.133063257293678738e-02 1.507599682545917100e-02 3.111179620000978016e-02 5.287221125398641752e-02 4.011239987711420762e-02 3.353497880746580256e-02 5.665690754532759499e-02 8.958838677297484288e-02 4.401751510717310384e-02 9.458385840607361206e-02 8.924900582271337590e-02 3.991723691599854962e-02 5.421741266125765235e-02 4.098985787520308816e-02 8.608215954945527826e-02 2.678552569747642137e-02
6.542533283880495876e-02 7.534386211400571909e-02 7.344397794036407190e-02 7.051189046992731302e-02 2.084281753173065216e-02 7.096128784615550467e-02 1.060227589023791245e-02 3.516092323372004697e-02 3.995907602214102128e-02 7.970861163577454278e-02 9.926020343043362448e-02 2.291771665226451093e-02 1.113244619055127164e-02 5.383684150856898193e-02 3.409923236434608818e-02 2.073200506969510512e-02 4.946824534139548923e-02 1.074218196532015362e-02 5.963586456653061779e-02 1.388876191637201767e-02
5.273770332891891677e-03 6.478278932999637085e-02 9.541877364987202959e-02 1.103566485244560427e-02 3.099820606161928296e-02 9.852539827647331661e-02 8.730880817807806782e-02 2.549259552165277290e-02 6.290989186248198417e-02 3.816422944402622641e-02 3.870457926121610021e-02 6.961133916401875121e-02 7.678324009523712634e-02 7.108846425054757279e-02 9.623675180638735505e-02 5.940761806255173000e-02 6.937614508831434212e-02 5.538561625162075064e-02 2.990133334094787973e-02 6.711863550766800079e-02
7.561880307456261829e-02 4.044798535008944929e-02 1.927453111579829903e-02 2.786939971143398420e-02 3.726542010008171597e-03 9.577172651090249539e-03 3.910610584461205255e-03 2.828058967065384677e-02 6.689238809593310575e-02 5.888264774438473070e-02 7.599583765786652179e-02 7.175828748943190172e-02 3.770547038694131020e-02 7.969548033412631946e-03 8.361228754386992867e-02 7.440712764772718091e-02 1.600611635694308005e-02 8.517984567945413588e-02 9.498961251601872879e-02 2.745543216813245424e-02
2.282578518103547602e-02 5.226060352704690187e-02 4.799811785644291645e-02 9.163867863106690825e-02 6.042781856154921805e-03 5.306634588222015891e-02 2.280764970412012607e-02 6.254528324285891193e-03 8.175179732804647992e-02 2.785243322555372089e-02 7.599801135748163183e-02 5.191451003068241893e-02 6.276121451440562493e-02 3.817059530133873335e-02 3.909112375016764868e-02 8.598544576861923139e-02 4.752481511462058189e-02 5.885611809651747621e-05 5.177651023985185147e-02 1.036278067754175039e-02
5.759115369331051920e-02 9.459831440537759192e-03 4.116765112670585369e-02 1.112044914186616218e-02 5.840282113151155224e-02 4.244189561036156022e-02 8.266018921365314576e-02 8.065909860228552553e-02 7.803925125443261779e-02 1.816705105399739686e-02 9.018970084898011996e-02 9.672514502221885024e-02 7.178109786087454036e-02 3.721850641004764964e-03 1.118653785603227618e-02 6.501399414206152083e-02 7.903908809859544471e-02 9.986121557964412754e-02 4.083294883557720377e-03 3.160758890271016253e-02
1.421412482044426447e-03 3.311486547962127353e-02 9.827074840218047447e-02 9.810333311577813103e-03 7.096067576894281304e-02 6.696793102821702037e-02 3.334255425282276614e-02 1.732609318006855803e-02 2.645147618522649888e-02 2.960911003802865413e-02 3.911333290737228907e-03 8.573279139198727861e-02 7.037725862922424025e-02 5.809335521171928030e-02 8.068011542026067018e-02 9.596131813521829867e-02 3.376945238766549187e-03 7.982937816300053613e-02 6.193872260518467482e-02 4.858386584844742728e-02
7.790699176287400884e-02 4.821884750003822134e-02 4.629520235388841221e-02 3.883787779253083938e-02 9.722662441378426834e-03 8.189841652324753030e-02 9.523034804945409992e-02 5.845131533925075618e-02 4.896598660293728644e-02 1.849714171308045746e-02 2.540147535901492518e-02 1.364909620854725184e-02 4.979255179524319508e-02 9.368668693506314316e-02 3.288671815611166060e-02 4.936060313155594959e-02 9.053197340132485005e-02 8.225836604848951739e-02 3.873858071326576058e-02 9.784556308431509308e-02
4.034163480655801604e-02 5.012886130363058967e-02 4.428112689059041096e-02 6.614225558538332217e-02 6.330346427269249732e-02 4.961137450714641489e-02 1.088172154555172577e-02 1.891254684281160753e-02 6.028686466009802736e-02 2.496346706091552570e-02 6.917771817912767018e-02 7.970744968309735612e-02 3.424303590134186726e-02 5.315065568269403129e-02 3.992826632862017666e-02 7.534770635776845416e-02 9.050985888323509476e-02 3.749196175753673199e-02 2.825084849397252571e-04 3.765640308445283965e-04
5.978499100469323452e-02 6.392262002160502277e-02 9.101095124989072582e-02 1.745505742962430093e-02 7.342467415193179581e-02 4.082256126692505177e-02 2.975528601033705645e-02 4.866724265972208197e-02 2.626978162921747226e-02 3.719008742568435250e-02 1.424361824792307399e-02 2.205824144597176226e-02 3.401245348116911649e-02 1.525439461065123542e-02 3.699145257976504952e-02 8.072223997305977283e-02 7.882693431269638396e-02 2.223354182199500928e-02 8.480372057406387887e-02 7.189279793687956832e-02
6.830135105710648247e-02 1.449886443815959908e-02 2.636395473947850121e-02 6.821454097278555062e-02 1.946628842483145994e-02 3.147883453646702773e-02 2.095130451579940711e-02 3.429714468371169306e-02 9.199525059600542620e-02 4.299821189181174744e-03 3.836633877240587520e-02 4.711014823877324349e-03 5.350748480136413576e-02 4.676178614328112965e-02 9.055274597599076436e-02 2.332667008135795930e-02 2.104724556561271553e-02 2.579622056282357065e-02 5.193954890785942857e-02 7.597749210221119154e-02
5.014733000589245704e-02 1.488612493612200341e-02 2.788705773479002378e-02 3.812452914471647913e-02 7.393643639036555359e-02 5.608539810266641168e-02 3.273108704571241895e-02 3.581908319671879559e-02 4.294053519209949793e-02 4.003358126349104013e-02 1.611801524302014510e-03 5.485855873238443779e-03 5.269674698606530150e-02 4.167689755769982130e-02 9.528109535697312782e-02 1.745726270766534589e-03 5.116423491875954355e-02 3.231755071270819846e-02 4.489236619506983827e-02 1.486597147452473067e-02
1.215907208648991976e-03 3.537280183136218975e-02 7.798713585555344663e-02 7.799785734609875065e-02 8.832284720562927349e-02 3.659163145781148957e-02 7.147131635397266369e-02 1.374471158339921756e-02 4.882528533066839149e-02 3.212475207279805872e-02 4.253980849790753999e-02 1.131105718333874632e-02 8.265022493752360866e-02 5.169531707951824546e-03 7.333074210737383636e-02 7.350853385151297215e-02 3.461488556103697184e-02 5.039807207390947785e-02 5.020673759407040526e-02 4.714341834427675931e-02
1.549776659302898318e-02 3.365263766350045510e-02 5.558225867575875695e-02 2.723963013395884827e-02 5.382991459437358982e-03 2.126720858923760935e-02 1.791918182921837729e-02 1.041200605378430656e-02 2.696225453195111310e-02 5.765788771071431174e-02 3.026239687726436575e-02 8.371990325031725133e-02 6.904466454195201663e-02 7.050615334982617000e-02 7.368203257564445718e-02 1.020553360757346997e-02 8.598017470969855636e-02 1.228314032314455941e-02 7.925383627317232615e-02 9.584894346131107856e-02
2.404183411496994133e-02 7.011712445129106297e-02 3.317076881253241266e-02 1.024559938708057352e-02 7.869264506241116508e-02 9.916531559686955766e-02 2.961301745781708475e-03 5.819969888940991487e-02 9.101403776954333780e-02 7.580079894949080799e-02 4.461820549884762399e-02 5.031282245754296195e-02 7.864516941917511217e-02 6.929460949888947841e-02 3.705155584882269260e-03 6.445564095878039690e-02 9.533148725077948693e-02 1.598630914024891034e-02 5.731185130525225102e-02 6.598924793807287026e-02
3.482524099045230387e-02 3.126205566182554269e-02 5.127524549689130989e-02 4.861117293626568414e-02 4.625415481051763783e-02 9.511183817756291292e-02 5.885162448016076353e-02 5.836563510747538180e-02 4.350746358460307051e-02 8.205014697028584214e-02 8.439143231260687328e-02 7.923047134068746111e-02 2.212575588784165825e-02 7.198941089504163129e-03 1.568343735109851630e-02 5.137753336432891033e-02 8.103890114941253442e-02 2.537271448216128766e-02 3.291229887282545036e-02 6.808335871083164015e-02
