3.161189021817271128e-01 1.467732505608428384e-01 1.147317979258785231e-01 1.365090693081482953e-01 4.963826648651282342e-02 4.179613729677909145e-02 9.524374375943686633e-02 6.711786170003058993e-02 1.306517075237492165e-01 7.914949539954072022e-02 6.243639395445731155e-02 9.807208376054372956e-02 7.014205366356228433e-02 1.559107757441794695e-01 7.703081410435377863e-02 6.656728023873441369e-02 8.397565981359980669e-02 1.183091541232611926e-01 1.133513426672194332e-02 6.651197983476930808e-02
2.365019353420299772e-02 1.680854296086544200e-02 9.241643742133026640e-02 3.965873984238989236e-02 1.005130382033563169e-01 7.592057916328255607e-02 7.435060125024349660e-04 4.308934651521975634e-02 8.313536746628896745e-02 4.611574417608465398e-02 2.602841167770748951e-03 1.008093070255615398e-01 9.784338932428264524e-02 9.059937355239398860e-02 6.340421476882494856e-02 1.025179901355626894e-01 2.774008317312745206e-02 6.624402085970487394e-03 1.715777278564406885e-02 6.961583332949075609e-02
3.919126826854302248e-02 4.915397205113655743e-02 9.572024432218281809e-02 5.692607207759995541e-02 1.003756093439839153e-01 8.405161951910973539e-02 5.313702095509105494e-02 7.106992045672411162e-02 9.364070858938436381e-02 8.261700306252155179e-02 5.390359146411868169e-02 1.035970984854804322e-01 2.802826708983895479e-03 1.002935991704757418e-01 7.928504977987310687e-02 6.461813110637688873e-02 5.876905954301982898e-02 6.082620672680862095e-02 5.619888938600683947e-02 4.093441163798817312e-02
3.179379562291990979e-02 5.930250918382998920e-02 6.610076672196626979e-02 1.240603511287486586e-03 7.051551483514073571e-02 9.987441112489651995e-02 3.761170977879680494e-02 9.826185894604512472e-02 1.903902609496828380e-02 7.075392225516785594e-02 4.740761317432231475e-02 2.873879502374522381e-03 1.689347409514975820e-02 8.490386019150318597e-02 4.220205998019560534e-02 9.708367513464738474e-02 3.540155020848321371e-02 7.426242553750236897e-02 3.485776416547657630e-02 2.477195060672015420e-02
6.896695156727283837e-02 8.591200256451256290e-02 5.961270562698253034e-02 1.254596949759418170e-02 1.106064380897152886e-02 7.061512153237904654e-02 1.174639171212258325e-02 8.813664472522565740e-02 4.772705354532614380e-02 9.814376951319279951e-02 6.885493637186673732e-02 7.300752340731352097e-02 6.552626058798395603e-02 4.668508513852972358e-02 1.355326383951031355e-03 1.030073224353496714e-01 1.305869259694739104e-02 2.858726383811708086e-02 7.659346304837434671e-02 8.969290629339388143e-02
3.059842292584758275e-02 9.372430533532993824e-02 4.906998125895008916e-02 3.104105133291687468e-02 3.443236594178616938e-02 8.847450529803613239e-02 7.088726611143349177e-02 6.742484861821672337e-02 4.278467245325968255e-02 8.509990547447592035e-02 7.255491568502397959e-02 9.279168946366846138e-02 7.218152845851980026e-02 3.980122355609117674e-02 6.969149505074861278e-03 5.243931493271615507e-02 1.272717626081644807e-02 3.785252387550902629e-03 2.553963101460372809e-02 1.731358147456756036e-02
6.653574972209166938e-02 4.654531410393042412e-02 7.848015310763488406e-02 7.240430838989705964e-02 4.054290379122409138e-02 1.448148264411199156e-02 6.076624480289131991e-02 6.989814840534941572e-03 8.926764439546856778e-02 8.261053966223336209e-02 9.820696347192113887e-03 7.831632818725797751e-02 6.526094707531318595e-02 5.183774572761101068e-02 9.753359397533313546e-02 7.358260665897353725e-02 8.819669820750988820e-02 4.660247070080334592e-02 2.226263822936176001e-02 9.624657160608833528e-03
3.725702049063855936e-02 9.392894004916553519e-02 1.524460829564474240e-03 4.709198546349609160e-02 2.115567526895971440e-02 3.001598399607455919e-02 1.825690457107042100e-02 6.497335603211464028e-02 6.056862448659459247e-02 8.398984658012990934e-02 6.138956109383432447e-02 7.654322859143250501e-02 8.689807139597334473e-02 2.802171452120348107e-04 1.540567467377633448e-02 9.243041016110736807e-02 6.668385942935389776e-02 9.743756682461439389e-02 1.023322941352969445e-01 9.961270282115952668e-02
6.485357071404969365e-02 8.067893406816835367e-02 6.134446486405915888e-02 6.378123322692461072e-02 4.984155386692063622e-02 5.795733195806852117e-02 6.364469056420159199e-02 5.300480629950863470e-02 5.074465512145019674e-02 7.220502447054878703e-02 1.158847069365600939e-02 5.014154143878448572e-02 1.028990115763026847e-01 4.626831383757514134e-03 6.638097448143177870e-02 6.233549023619924107e-02 3.891142737693741721e-02 7.532374882188780374e-02 6.358460468119912432e-03 2.078395673989189701e-02
4.666929174508984562e-02 8.924841924174729824e-02 8.912654064515643237e-02 2.289225233666709446e-03 9.193993997920225925e-02 6.918350070453851974e-02 7.609442675865091266e-02 9.090786090120316814e-04 3.096400558313865126e-02 1.437663068704835533e-02 5.179109106831779330e-02 1.004918864450865812e-01 6.568731339748966336e-02 1.726663805826689907e-02 1.376408527378928694e-02 8.447278250138490208e-02 1.265504776986996552e-02 5.951983488412174172e-02 9.086805666427377748e-02 4.877970165674973269e-02
1.376200877732095158e-02 9.290662295045226671e-02 3.224535054552098851e-02 9.057061951124283083e-02 6.109788604213016450e-02 1.013007515358417265e-01 9.620543498284053405e-03 2.122719224163360091e-02 1.799024207121478758e-02 9.458273650757825779e-02 6.608164199941424233e-02 7.874710141769414307e-02 6.240706230006419497e-02 7.427504298973346131e-02 4.015268918733499309e-02 3.608239560266180302e-03 7.955197175011352595e-02 6.210454806970509833e-02 6.240276769942756929e-02 7.676732170432143398e-02
5.745592777838734455e-02 4.126677376264713260e-02 5.484722995985106403e-02 9.303328700241325633e-02 6.259412117678464504e-02 1.313752759934506270e-02 2.242399887999893884e-02 2.035783900334826174e-02 1.767669513307030399e-02 7.936188190429173395e-02 4.630722780049164461e-02 2.060911217393476477e-02 4.305779261678710501e-02 5.609224274667175963e-02 4.117144520018573006e-02 5.575482781240395820e-04 2.330850654785724101e-03 5.600798451942145401e-02 4.980958179750620551e-02 1.152734340147048078e-02
6.086865813544678136e-03 4.086974074306376492e-02 5.037097829953233324e-02 7.143220468133788803e-02 3.249692049965742513e-02 7.022332380020332443e-02 8.092754542224397940e-02 2.023582188127994591e-02 5.121401211641727486e-02 1.016153452876848162e-01 2.569403601057624123e-02 9.327669759927947890e-02 3.648843671428720487e-02 7.076386565375060445e-02 5.732204152970520744e-02 8.784497847655457770e-02 2.056647180802805355e-02 5.862604014939550717e-02 8.361770268869653244e-02 6.991599407512044673e-02
8.540664878722505071e-02 1.838224525240951882e-02 6.245800632560726678e-02 2.404185877610418021e-02 4.472142406938615922e-02 5.899675418480907624e-02 2.137023907500605960e-02 6.400244949159558661e-02 3.416714761553519414e-02 7.992591787872420361e-02 3.115627069107429134e-02 7.455132279568617293e-02 9.958107684633894785e-02 5.053781919255242311e-02 9.915571251199727099e-02 8.752599723216293592e-02 1.692339662108427109e-02 7.328546354459217205e-03 5.189390852353117228e-03 6.694301598597464376e-02
8.485675368659313655e-02 7.281210740637845957e-02 5.509562848529950263e-02 4.342368365764383287e-02 9.833501674741911003e-02 7.666363115593682886e-02 4.359446799787682070e-02 3.206583762437915236e-02 6.749639515446878568e-02 2.397005565470704952e-02 9.177745404086934400e-02 9.991273995163635346e-02 4.206059101144234147e-02 5.519737975462040563e-02 3.408586624211626392e-02 4.473182429174418079e-02 3.088433599457561171e-02 1.956981133913255136e-02 4.293534482296888777e-02 3.091524702680496263e-03
1.033207276123871143e-01 5.304079288255293678e-02 3.521447934498861398e-02 1.779941132682220234e-02 3.802509993032870267e-03 8.678358310699108014e-02 3.093999634575215693e-02 4.786774642053647638e-02 3.914802171570898326e-02 9.389021149695966906e-02 1.026442686361550838e-01 1.664508993404964499e-02 7.385352457841523610e-02 3.169542043674411329e-03 8.387156189094145675e-02 9.799908276047160360e-02 6.031954426469568475e-02 4.156673149530414578e-03 9.424042188119030605e-02 4.334177860278670691e-02
8.374747054287974557e-02 5.282213616425787683e-02 1.381309251293175513e-02 7.743543229629253413e-03 3.874343593004662967e-02 6.333545959008965442e-02 9.484298151128088550e-02 3.375013877401888181e-03 1.649404536999637960e-02 2.817707401447229476e-02 1.900311571995023192e-03 7.220610166459220935e-02 1.257426460642533349e-02 1.024431240994899683e-01 9.604075739901353492e-02 2.918577545057974426e-02 7.714040087758801401e-02 4.443726201552237326e-02 5.659179320808813141e-02 4.134586296032599639e-02
2.010202093631226899e-02 5.352309373195376918e-02 1.192436623383884287e-02 1.569994666750744797e-02 5.538882253097060504e-02 9.834763437751128587e-03 6.883878775108849546e-02 3.531430405261653388e-02 3.838189371392546068e-02 3.653472776847724313e-02 4.996748766217329329e-02 2.358984553250489599e-02 7.435590068928352170e-02 2.518600461264492232e-02 2.014037703227447573e-02 5.563348109045723050e-02 6.644469054654759954e-03 3.816978484743462074e-02 4.986874043347064300e-02 3.875659920580941387e-02
6.529754693196604398e-02 7.649443879580587746e-02 2.654627938211189669e-02 1.165255881683257763e-02 8.778156196810822653e-02 9.681216963796759889e-02 4.653279800745244860e-02 5.986576340241649141e-02 1.981674040139443094e-03 7.896821663957792614e-02 5.212502307127723361e-03 4.290653653141510843e-02 3.150223954754188815e-02 2.535260031787379617e-02 2.218022716393101140e-02 5.004165673831536404e-02 1.973957453689787964e-02 7.362366211903766111e-02 6.825019172659010924e-02 3.281379432114122502e-02
6.958830403706287027e-02 6.346921009684693138e-02 2.669366194149790187e-05 9.415448347805809026e-02 8.770987404163002599e-02 3.220856632012834148e-02 4.203947450260163421e-02 2.979822853346453942e-02 9.841713072075687629e-02 8.200820988011799095e-02 2.287364764931530681e-02 8.656443576625565128e-02 6.670698712537678765e-02 9.209454458065474691e-02 8.431240171017757856e-02 5.265825479086072569e-02 6.145398656139547389e-02 9.613633386404972503e-02 9.018407688474858186e-02 7.720899366871644687e-02
