2.668041948861605284e-01 7.980918406410927868e-02 3.104939053293997997e-02 1.105661268868263769e-01 3.449541514050004365e-02 1.279183338245281631e-01 7.390934278285460346e-02 6.359882575243586134e-02 4.038200081914091605e-02 1.178828305478455546e-01 1.012936532113146298e-01 7.635445529081487381e-02 1.229496727475932472e-01 1.622693659306441993e-01 8.009488075329160295e-02 9.636155254093792255e-02 1.462426495847973518e-01 4.816120704550298087e-02 6.666523942738557251e-02 1.112065536128135079e-01
3.700448573821785159e-02 2.418241176167459580e-02 1.980511046310515916e-02 9.407754798034692612e-02 7.077829868919459366e-02 6.210084597421007546e-02 6.654787946711934743e-02 9.462717268353020017e-02 8.442261423327446224e-02 9.042715191594316582e-02 1.152466272777061956e-02 5.916216770049620606e-03 3.766099575419323137e-02 6.072136209062892892e-02 8.210515322827460771e-02 3.905167383565610884e-02 4.856061860584423573e-02 8.697846099023331945e-02 8.230397927183275009e-02 7.074194501577081573e-02
5.068549614354034977e-03 6.553782495829769961e-02 9.710342996628074097e-02 3.707012047468183358e-02 7.847994800552368644e-02 2.075290613622230579e-02 7.385001653723646808e-02 4.709692933069076562e-03 3.993720469266384687e-02 5.085767608371502546e-02 7.524848038465418998e-02 3.394212848441503783e-02 1.747411121368557321e-02 1.866683370665644937e-02 1.284991020921878550e-02 8.949118399759928288e-02 3.160245438818769931e-02 8.713989522001266974e-02 6.874620428719009635e-02 8.034257611903045104e-02
1.244634496620107382e-02 6.393132601897733198e-03 8.228967693433281161e-02 5.323542725743667797e-02 1.221625830551403835e-02 2.344603625506224212e-02 6.721793438785128583e-02 6.875846870963346624e-02 9.111124153154076533e-02 8.015929860749182456e-02 4.118052269964293105e-02 1.666948446748998253e-02 1.141424939211965750e-02 6.067614090812852023e-02 1.800732696981586362e-02 5.722204307512872984e-02 6.516615717109124073e-02 6.776886893189869310e-02 5.139299256509149288e-02 3.396831674822344688e-02
2.250591496819265291e-02 1.717052602031288178e-02 3.837311900995155067e-02 4.685434584512448292e-02 6.572717211039476315e-02 3.452511921420525765e-02 6.002590101646822218e-02 9.541645243307977919e-02 4.357257648719612547e-02 2.474822684757449747e-03 3.220899489330619064e-02 3.283231255653339814e-02 1.448758693141151237e-02 7.580953532493606151e-02 4.823367663715715653e-02 8.585449905068416598e-02 8.659450003371509108e-02 6.503363634375340652e-02 5.566938261063939658e-02 3.328159185852737345e-02
9.995860135575125593e-02 3.554493532612214290e-02 9.711821958624609896e-02 8.868765523217753133e-02 5.078609399256535373e-02 6.266381178465767199e-02 3.830227298453162815e-02 6.941741732692459366e-02 6.939750307343857394e-02 2.871887353780702354e-02 2.633612602181185924e-02 4.858653906091071201e-03 4.622154992864876966e-02 5.778820449782440249e-02 2.962500374535056644e-02 9.257143892245744965e-03 4.158577273447660455e-02 4.692215961806332075e-02 4.187218899667954214e-02 8.309024863298893060e-02
2.524039429314207938e-02 9.128646690398475871e-02 4.899430673451095342e-02 9.760703144398083508e-02 6.042165237285557905e-03 2.427136134387034710e-02 2.090960870641911645e-03 8.225246457807422473e-02 5.738199019569165810e-02 2.529654714312639177e-02 5.859883659375753062e-02 4.057386257407372132e-02 7.943894043028976171e-02 2.581241100250988504e-02 3.427247784696241598e-03 9.172001529418687127e-02 3.351899138205906292e-02 9.714913894543796002e-02 4.155589803961168283e-02 4.216256657316280743e-02
1.425352727963670289e-02 9.603581859405864105e-03 6.824828627237023403e-03 9.254064231788185213e-02 7.791346258887599241e-02 1.710535319208130942e-02 1.912529873103239325e-02 6.492127402620410936e-02 2.074026202847494352e-02 9.750135786574654073e-02 3.445446395876501644e-02 2.684881733500177337e-03 7.201757252824325661e-02 9.432472193419277895e-02 5.236452549616214119e-02 6.851844323694837591e-02 4.090081875899261032e-02 7.555558387208449744e-03 2.700638782122653098e-02 8.460917255126021441e-02
9.215167636439132448e-02 4.902700456445094335e-02 5.096291794320513546e-02 9.880188965297703740e-02 8.909364736969541121e-02 3.390054202213931694e-02 6.350546854107373684e-02 6.049898749982099422e-02 3.022123419074517273e-02 3.103846587421320649e-02 9.239261653813478359e-02 8.367661066224899025e-02 7.916512809834748421e-02 5.242065999111840402e-02 7.512746566605178755e-02 1.913816454225679767e-02 5.138412465872637530e-02 9.226177562013958278e-02 8.998606397527957046e-02 1.490679617361923047e-03
4.784929548264171828e-02 5.892688801889880978e-02 1.212986050888049776e-02 7.421796205449673889e-02 2.096917028633626945e-02 8.036849861595951605e-02 5.500364282944519151e-02 1.671173028988356610e-02 5.842337769753974674e-02 7.794752936483163863e-02 1.681649592868905696e-02 8.794267872137015440e-02 4.736045126100745656e-02 5.180766056611699893e-02 3.126019103744799577e-02 9.276177133598752234e-02 5.540138555091011358e-02 2.919153424404126451e-02 1.451400489704835102e-03 2.107795640958879529e-02
9.241405093623128453e-02 3.931421105200771926e-02 3.794571409794860600e-02 7.792980138490689102e-02 6.861649557676523237e-02 3.739879505347613181e-02 8.216433428774652659e-02 6.122002532741896430e-02 7.157318139417000180e-02 3.855002874265675561e-02 6.938166240918421102e-02 2.902903793197364642e-03 6.807346205408237871e-03 6.300889481284119298e-02 8.562087534669926558e-02 4.306198706776075830e-02 9.065302919983393715e-02 2.771608220105524836e-02 9.632844203966262064e-02 9.825473873674563097e-02
1.590837463908233509e-02 2.369218539688536934e-02 2.116191472857797962e-03 5.151618442140181581e-02 8.675601384633037025e-03 5.299176073335942067e-02 7.275784750583406957e-02 2.659424815113808991e-03 2.943711802051779403e-02 8.302658842758280089e-02 9.961168065030273633e-02 5.374921265200816034e-02 1.293683993461693972e-02 3.786410668104724098e-02 7.226734257613723345e-02 7.009746676369039975e-02 4.154617214152156283e-03 4.496534742245349853e-02 4.540958271597134166e-02 3.065856694981958924e-02
9.730279951085100965e-02 6.810390367578311732e-02 8.707199568462437034e-02 8.781580019522197689e-02 5.508373363700947399e-03 1.565204691256536634e-02 2.732897931601895383e-02 1.284445819598282329e-02 6.822623890203535768e-02 5.224391701635214269e-02 4.241436021724052235e-02 3.205823925335345853e-02 2.799796301372445978e-02 1.967191323397578240e-02 1.577039039642358365e-02 8.628407070267882228e-02 8.764421995021715039e-02 2.693063829818087562e-02 9.932593776491675797e-02 7.553057046340916521e-03
8.072113885713649850e-02 4.534053937651756627e-02 1.615533414197298928e-02 1.767221323463164049e-03 7.494312186830630329e-02 7.249890579595436035e-02 2.196141590332400997e-03 3.968057711782504993e-02 2.170300234331841438e-02 8.522473039337435941e-02 7.699375407445302466e-02 8.747267288316917799e-02 8.185115634403383744e-02 5.921905491922446058e-02 3.573331689081717111e-02 1.242695447584086892e-02 5.850621497024660611e-02 7.327011618363599155e-02 1.966860182707418428e-02 3.771611076482808689e-02
8.993512434432711367e-02 2.663630691152843108e-02 5.871275473761761827e-04 4.471861512158244178e-02 8.022196397284629688e-02 4.794428065582528875e-02 4.394996696443084772e-02 9.127284695239562540e-02 6.370587837867389136e-02 2.822602781751340148e-02 2.690714094029679482e-02 4.391953521288449735e-02 8.463007718097204785e-03 2.766880367088718831e-02 9.844727459219534960e-02 8.665067474193645369e-02 5.512499625070643727e-02 5.377795225009767560e-02 8.128210305971894645e-02 1.646375746734878368e-02
4.280705619283932395e-02 2.291836034406855710e-02 6.667165472144193084e-02 4.038648223207481902e-02 4.476158356790760351e-02 2.839196937865015244e-02 1.224589979992161265e-02 4.610647419687166626e-02 1.810145395763218621e-03 8.793794944419253481e-03 2.819155728595904714e-02 4.069438917079418877e-02 9.789177956727154739e-02 2.464009087013959917e-02 9.647724892156595011e-02 4.297711908163770467e-02 1.723427270949077356e-02 4.748458593999982554e-03 5.098196197944280389e-02 2.665551556396632618e-02
8.755927097596338804e-02 8.060112634096938677e-02 4.328084194832805542e-02 8.972268047665482582e-02 2.661083805862375640e-02 9.331823298390351865e-03 3.284968408169575138e-02 8.187969107913041153e-03 6.813426617342338565e-02 6.358594645774451326e-02 5.396238348817203323e-02 6.640589733462141930e-02 8.454731349965910470e-02 9.890458378669149397e-02 8.395479526582333429e-02 9.131797911681893698e-02 7.159793609574376105e-02 7.999923788312735332e-03 3.616635757476118623e-02 4.741682325184341101e-02
1.206991587578532085e-04 8.065656389185849040e-02 6.905886006739548125e-03 8.611960488558965954e-02 3.574749747660718041e-02 2.523840232692767943e-02 5.507704368912435394e-02 1.191587859194986887e-02 3.801214852721364335e-02 3.902317266439029458e-02 9.366078213482273429e-02 6.812099498213895765e-02 9.401521224887882111e-02 2.587823884572877653e-02 4.109294393133344075e-02 2.018020791349659643e-02 3.995448325902822839e-02 7.105960734385655120e-02 1.336298220088799615e-02 9.600879088978997444e-02
2.766403441885049302e-02 4.478657742101947031e-02 9.353279350447235574e-02 9.224094571446522783e-02 4.371581573526525655e-02 1.579619854828144890e-02 2.384183566160246251e-02 6.046393663084037931e-03 2.926265314616486451e-02 3.411196827985040619e-02 3.274931712005823420e-02 2.084571883727786082e-02 4.137974561637396825e-02 4.924866131174487904e-02 4.149361507453889347e-02 6.523872672791966587e-02 9.465057906389129361e-02 7.445255740334411412e-03 8.502867945237686798e-02 4.069772062956081293e-02
2.233619896183051262e-02 6.874153817318781612e-02 3.599756785676840737e-02 2.799014722724511156e-02 2.083136213870111567e-02 7.204724799516695755e-02 3.032378716124195604e-03 3.948812067713092407e-03 9.612313430570150474e-02 5.595175794594991342e-02 4.440993114825356192e-02 4.092942306940773600e-02 1.129608314127870244e-02 2.507614984517074833e-02 1.814357073119304831e-02 9.717803217130090154e-02 5.038862576733115634e-02 3.128197489123219020e-03 4.163286760400225495e-02 2.884201453057268216e-02
